   5.9888700e+00  -1.8394300e+00   6.0206100e+00   2.7960200e+00   5.5009400e+00   2.4833300e+00  -5.3799300e+03
   5.9893800e+00  -1.8394200e+00   6.0213500e+00   2.7937200e+00   5.5001300e+00   2.4837100e+00  -5.3820400e+03
   5.9890700e+00  -1.8399500e+00   6.0205400e+00   2.7968900e+00   5.4976800e+00   2.4836700e+00  -5.3837700e+03
   5.9886800e+00  -1.8411400e+00   6.0209800e+00   2.7947800e+00   5.5012400e+00   2.4836500e+00  -5.3809100e+03
   5.9889800e+00  -1.8408600e+00   6.0212600e+00   2.7959800e+00   5.5021100e+00   2.4836400e+00  -5.3812100e+03
   5.9893900e+00  -1.8404400e+00   6.0209900e+00   2.7975200e+00   5.5001800e+00   2.4837800e+00  -5.3800600e+03
   5.9890800e+00  -1.8411300e+00   6.0207600e+00   2.7956700e+00   5.5009800e+00   2.4840400e+00  -5.3794900e+03
   5.9891700e+00  -1.8418500e+00   6.0207400e+00   2.7984500e+00   5.4999800e+00   2.4839000e+00  -5.3796800e+03
   5.9890600e+00  -1.8426500e+00   6.0206800e+00   2.7992900e+00   5.5009000e+00   2.4841200e+00  -5.3803800e+03
   5.9890200e+00  -1.8414100e+00   6.0201200e+00   2.7997700e+00   5.4982600e+00   2.4840500e+00  -5.3808100e+03
   5.9888700e+00  -1.8421700e+00   6.0205400e+00   2.7990500e+00   5.4997300e+00   2.4839600e+00  -5.3799600e+03
   5.9895000e+00  -1.8432000e+00   6.0204600e+00   2.7988700e+00   5.4995000e+00   2.4839700e+00  -5.3809600e+03
   5.9886600e+00  -1.8431400e+00   6.0202800e+00   2.7998500e+00   5.4993600e+00   2.4839900e+00  -5.3805200e+03
   5.9897000e+00  -1.8416200e+00   6.0207500e+00   2.8027800e+00   5.5001500e+00   2.4841400e+00  -5.3827300e+03
   5.9889700e+00  -1.8426100e+00   6.0196500e+00   2.8048200e+00   5.4972100e+00   2.4839700e+00  -5.3820900e+03
   5.9896700e+00  -1.8411900e+00   6.0205200e+00   2.8052000e+00   5.4983300e+00   2.4838500e+00  -5.3816200e+03
   5.9893500e+00  -1.8424300e+00   6.0203600e+00   2.8067100e+00   5.4977600e+00   2.4837700e+00  -5.3814300e+03
   5.9893600e+00  -1.8435300e+00   6.0206700e+00   2.8054700e+00   5.4984900e+00   2.4837000e+00  -5.3822900e+03
   5.9893900e+00  -1.8448800e+00   6.0200700e+00   2.8054900e+00   5.4970000e+00   2.4837100e+00  -5.3810400e+03
   5.9888600e+00  -1.8435000e+00   6.0200000e+00   2.8056000e+00   5.4979800e+00   2.4837200e+00  -5.3812800e+03
   5.9890900e+00  -1.8451300e+00   6.0204300e+00   2.8068700e+00   5.4990400e+00   2.4836200e+00  -5.3830300e+03
   5.9894300e+00  -1.8455400e+00   6.0201400e+00   2.8077900e+00   5.4979100e+00   2.4834100e+00  -5.3822800e+03
   5.9896400e+00  -1.8428700e+00   6.0201300e+00   2.8037100e+00   5.4979700e+00   2.4833500e+00  -5.3824400e+03
   5.9894000e+00  -1.8449300e+00   6.0203700e+00   2.8014000e+00   5.4986000e+00   2.4832300e+00  -5.3804300e+03
   5.9893500e+00  -1.8446900e+00   6.0204700e+00   2.8068900e+00   5.4976500e+00   2.4831300e+00  -5.3825600e+03
   5.9894500e+00  -1.8439400e+00   6.0201700e+00   2.8095500e+00   5.4956100e+00   2.4833200e+00  -5.3838000e+03
   5.9890800e+00  -1.8450200e+00   6.0200100e+00   2.8075700e+00   5.4976000e+00   2.4833500e+00  -5.3816100e+03
   5.9888700e+00  -1.8451300e+00   6.0195600e+00   2.8055100e+00   5.4967500e+00   2.4832600e+00  -5.3818400e+03
   5.9892300e+00  -1.8469300e+00   6.0202200e+00   2.8051900e+00   5.4981000e+00   2.4832800e+00  -5.3812500e+03
   5.9898100e+00  -1.8474100e+00   6.0201700e+00   2.8039600e+00   5.4968500e+00   2.4833100e+00  -5.3827000e+03
   5.9887400e+00  -1.8479400e+00   6.0199800e+00   2.8057500e+00   5.4978400e+00   2.4832200e+00  -5.3822300e+03
   5.9891100e+00  -1.8472900e+00   6.0199900e+00   2.8034700e+00   5.4981100e+00   2.4831900e+00  -5.3805800e+03
   5.9886600e+00  -1.8488400e+00   6.0191100e+00   2.8074200e+00   5.4962400e+00   2.4831100e+00  -5.3832600e+03
   5.9890200e+00  -1.8495800e+00   6.0201300e+00   2.8056000e+00   5.4973700e+00   2.4832400e+00  -5.3823200e+03
   5.9882700e+00  -1.8498000e+00   6.0194200e+00   2.8043800e+00   5.4978800e+00   2.4832700e+00  -5.3832500e+03
   5.9896200e+00  -1.8486600e+00   6.0201600e+00   2.8044200e+00   5.4974800e+00   2.4833700e+00  -5.3820400e+03
   5.9886300e+00  -1.8469900e+00   6.0193600e+00   2.8037100e+00   5.4973500e+00   2.4834600e+00  -5.3823900e+03
   5.9889500e+00  -1.8457500e+00   6.0201500e+00   2.8047100e+00   5.4986200e+00   2.4835600e+00  -5.3811000e+03
   5.9897500e+00  -1.8444200e+00   6.0201900e+00   2.8057800e+00   5.4961100e+00   2.4836100e+00  -5.3826800e+03
   5.9896900e+00  -1.8462800e+00   6.0203300e+00   2.8052600e+00   5.4980700e+00   2.4836200e+00  -5.3824400e+03
   5.9895800e+00  -1.8448800e+00   6.0205700e+00   2.8046900e+00   5.4980100e+00   2.4836600e+00  -5.3818200e+03
   5.9890800e+00  -1.8447200e+00   6.0201600e+00   2.8063900e+00   5.4986200e+00   2.4836300e+00  -5.3816300e+03
   5.9898600e+00  -1.8445000e+00   6.0203100e+00   2.8054800e+00   5.4970100e+00   2.4836700e+00  -5.3826400e+03
   5.9892700e+00  -1.8461200e+00   6.0197900e+00   2.8053300e+00   5.4953200e+00   2.4834900e+00  -5.3827000e+03
   5.9892700e+00  -1.8448600e+00   6.0199100e+00   2.8014200e+00   5.4978300e+00   2.4834500e+00  -5.3811700e+03
   5.9894200e+00  -1.8456200e+00   6.0201400e+00   2.8009500e+00   5.4979500e+00   2.4832500e+00  -5.3808100e+03
   5.9895900e+00  -1.8447100e+00   6.0207900e+00   2.7984800e+00   5.5002600e+00   2.4831500e+00  -5.3816300e+03
   5.9888500e+00  -1.8432100e+00   6.0203300e+00   2.7976300e+00   5.4980100e+00   2.4829000e+00  -5.3817200e+03
   5.9886600e+00  -1.8424900e+00   6.0205500e+00   2.7964100e+00   5.5000700e+00   2.4825900e+00  -5.3803500e+03
   5.9886000e+00  -1.8421600e+00   6.0205100e+00   2.7961300e+00   5.5010800e+00   2.4824300e+00  -5.3803500e+03
   5.9886900e+00  -1.8433200e+00   6.0204300e+00   2.7978000e+00   5.5005200e+00   2.4824400e+00  -5.3802300e+03
   5.9893100e+00  -1.8409100e+00   6.0207100e+00   2.7968100e+00   5.4993900e+00   2.4823800e+00  -5.3802000e+03
   5.9892000e+00  -1.8403900e+00   6.0210200e+00   2.7974600e+00   5.4996100e+00   2.4823300e+00  -5.3812300e+03
   5.9888500e+00  -1.8400100e+00   6.0210400e+00   2.7984300e+00   5.5021300e+00   2.4824200e+00  -5.3819300e+03
   5.9891800e+00  -1.8404900e+00   6.0203600e+00   2.8006400e+00   5.4992000e+00   2.4824200e+00  -5.3803800e+03
   5.9884800e+00  -1.8407200e+00   6.0200700e+00   2.8010100e+00   5.5005000e+00   2.4824000e+00  -5.3826300e+03
   5.9882400e+00  -1.8413500e+00   6.0205800e+00   2.7980000e+00   5.5017400e+00   2.4824600e+00  -5.3833100e+03
   5.9890600e+00  -1.8399300e+00   6.0202600e+00   2.7954100e+00   5.4996100e+00   2.4826200e+00  -5.3816600e+03
   5.9885500e+00  -1.8378700e+00   6.0209300e+00   2.7947000e+00   5.5020200e+00   2.4826500e+00  -5.3810300e+03
   5.9891300e+00  -1.8366600e+00   6.0212200e+00   2.7955900e+00   5.5017500e+00   2.4826900e+00  -5.3801400e+03
   5.9889100e+00  -1.8356900e+00   6.0208200e+00   2.7930400e+00   5.5027800e+00   2.4825700e+00  -5.3819100e+03
   5.9882100e+00  -1.8351500e+00   6.0207600e+00   2.7915200e+00   5.5005100e+00   2.4824200e+00  -5.3867000e+03
   5.9892000e+00  -1.8374100e+00   6.0206000e+00   2.7939500e+00   5.5011300e+00   2.4822700e+00  -5.3820500e+03
   5.9889400e+00  -1.8370400e+00   6.0211900e+00   2.7945400e+00   5.5020900e+00   2.4823700e+00  -5.3802100e+03
   5.9895900e+00  -1.8380700e+00   6.0215000e+00   2.7936800e+00   5.5015300e+00   2.4822200e+00  -5.3813200e+03
   5.9889500e+00  -1.8391300e+00   6.0209300e+00   2.7944400e+00   5.5017600e+00   2.4821700e+00  -5.3798500e+03
   5.9890900e+00  -1.8390300e+00   6.0205200e+00   2.7944700e+00   5.4999800e+00   2.4821900e+00  -5.3808600e+03
   5.9888700e+00  -1.8371700e+00   6.0211900e+00   2.7956600e+00   5.5035800e+00   2.4822800e+00  -5.3823000e+03
   5.9900000e+00  -1.8358500e+00   6.0214300e+00   2.7979600e+00   5.5009200e+00   2.4822900e+00  -5.3832600e+03
   5.9891500e+00  -1.8371500e+00   6.0209500e+00   2.7966200e+00   5.5007800e+00   2.4823900e+00  -5.3799800e+03
   5.9889400e+00  -1.8365100e+00   6.0212900e+00   2.7947700e+00   5.5029800e+00   2.4825200e+00  -5.3808600e+03
   5.9884900e+00  -1.8354200e+00   6.0212000e+00   2.7936200e+00   5.5040700e+00   2.4823700e+00  -5.3826800e+03
   5.9894700e+00  -1.8363900e+00   6.0213200e+00   2.7902600e+00   5.5023500e+00   2.4822700e+00  -5.3814000e+03
   5.9886800e+00  -1.8373900e+00   6.0213100e+00   2.7904300e+00   5.5030800e+00   2.4822500e+00  -5.3806300e+03
   5.9889600e+00  -1.8380600e+00   6.0213100e+00   2.7899500e+00   5.5030900e+00   2.4821600e+00  -5.3801000e+03
   5.9884600e+00  -1.8385100e+00   6.0207600e+00   2.7878300e+00   5.5021500e+00   2.4822100e+00  -5.3816200e+03
   5.9883000e+00  -1.8384800e+00   6.0208500e+00   2.7844900e+00   5.5024400e+00   2.4822800e+00  -5.3832600e+03
   5.9888400e+00  -1.8390700e+00   6.0214900e+00   2.7818400e+00   5.5027900e+00   2.4821000e+00  -5.3827000e+03
   5.9888000e+00  -1.8386500e+00   6.0209700e+00   2.7811400e+00   5.5043200e+00   2.4822300e+00  -5.3852300e+03
   5.9884600e+00  -1.8372600e+00   6.0212800e+00   2.7826100e+00   5.5035000e+00   2.4821200e+00  -5.3824700e+03
   5.9891700e+00  -1.8385600e+00   6.0213000e+00   2.7829700e+00   5.5015300e+00   2.4821700e+00  -5.3841500e+03
   5.9894100e+00  -1.8388800e+00   6.0216900e+00   2.7838200e+00   5.5032600e+00   2.4822600e+00  -5.3822500e+03
   5.9886600e+00  -1.8356300e+00   6.0212600e+00   2.7864200e+00   5.5027100e+00   2.4821400e+00  -5.3816700e+03
   5.9882500e+00  -1.8367400e+00   6.0211400e+00   2.7859400e+00   5.5023900e+00   2.4820000e+00  -5.3843100e+03
   5.9893800e+00  -1.8373700e+00   6.0215400e+00   2.7874900e+00   5.5024300e+00   2.4820800e+00  -5.3812600e+03
   5.9886100e+00  -1.8383500e+00   6.0212100e+00   2.7883400e+00   5.5033400e+00   2.4820200e+00  -5.3805300e+03
   5.9887500e+00  -1.8401700e+00   6.0209200e+00   2.7898000e+00   5.5015400e+00   2.4821400e+00  -5.3802200e+03
   5.9885700e+00  -1.8404200e+00   6.0213600e+00   2.7925500e+00   5.5039000e+00   2.4821000e+00  -5.3828900e+03
   5.9891500e+00  -1.8398500e+00   6.0207500e+00   2.7936600e+00   5.4998200e+00   2.4822200e+00  -5.3805400e+03
   5.9892400e+00  -1.8404600e+00   6.0214500e+00   2.7917000e+00   5.5007200e+00   2.4821300e+00  -5.3824500e+03
   5.9888600e+00  -1.8424500e+00   6.0213800e+00   2.7910800e+00   5.5027300e+00   2.4821000e+00  -5.3812600e+03
   5.9888100e+00  -1.8438900e+00   6.0203600e+00   2.7879700e+00   5.5016900e+00   2.4818800e+00  -5.3826200e+03
   5.9892800e+00  -1.8460500e+00   6.0209700e+00   2.7889100e+00   5.5013800e+00   2.4818800e+00  -5.3809000e+03
   5.9891800e+00  -1.8444400e+00   6.0205700e+00   2.7923400e+00   5.5007000e+00   2.4818900e+00  -5.3806200e+03
   5.9890300e+00  -1.8454700e+00   6.0207800e+00   2.7907200e+00   5.5006900e+00   2.4817500e+00  -5.3799300e+03
   5.9889600e+00  -1.8459900e+00   6.0203900e+00   2.7924600e+00   5.4998200e+00   2.4817500e+00  -5.3801000e+03
   5.9891700e+00  -1.8452300e+00   6.0204000e+00   2.7952500e+00   5.4982500e+00   2.4819100e+00  -5.3809900e+03
   5.9882300e+00  -1.8445200e+00   6.0197400e+00   2.7960900e+00   5.4982700e+00   2.4818300e+00  -5.3837900e+03
   5.9892200e+00  -1.8443900e+00   6.0206600e+00   2.7966500e+00   5.5010800e+00   2.4820300e+00  -5.3810600e+03
   5.9891400e+00  -1.8460900e+00   6.0206400e+00   2.7963800e+00   5.4987300e+00   2.4819400e+00  -5.3808900e+03
   5.9891100e+00  -1.8453700e+00   6.0206100e+00   2.7980300e+00   5.4989800e+00   2.4819100e+00  -5.3804200e+03
   5.9884800e+00  -1.8474100e+00   6.0208600e+00   2.7963800e+00   5.5017500e+00   2.4819400e+00  -5.3840100e+03
   5.9886000e+00  -1.8481800e+00   6.0202400e+00   2.7969000e+00   5.5012100e+00   2.4820600e+00  -5.3818300e+03
   5.9884900e+00  -1.8498300e+00   6.0199400e+00   2.7973700e+00   5.4967600e+00   2.4820300e+00  -5.3845200e+03
   5.9892500e+00  -1.8515300e+00   6.0202200e+00   2.7958700e+00   5.4976300e+00   2.4821300e+00  -5.3813000e+03
   5.9891000e+00  -1.8503000e+00   6.0204700e+00   2.7975600e+00   5.4994400e+00   2.4821400e+00  -5.3807600e+03
   5.9896000e+00  -1.8511900e+00   6.0206500e+00   2.7967300e+00   5.4996500e+00   2.4822100e+00  -5.3830700e+03
   5.9890900e+00  -1.8508000e+00   6.0201300e+00   2.7957300e+00   5.4982400e+00   2.4821900e+00  -5.3804000e+03
   5.9891000e+00  -1.8501800e+00   6.0203600e+00   2.7993600e+00   5.4976400e+00   2.4821100e+00  -5.3817100e+03
   5.9887700e+00  -1.8490200e+00   6.0195000e+00   2.8021100e+00   5.4961300e+00   2.4820600e+00  -5.3820400e+03
   5.9885900e+00  -1.8495700e+00   6.0193900e+00   2.8040600e+00   5.4975000e+00   2.4819600e+00  -5.3821300e+03
   5.9885100e+00  -1.8504000e+00   6.0196400e+00   2.8053500e+00   5.4973400e+00   2.4820600e+00  -5.3827600e+03
   5.9896300e+00  -1.8509900e+00   6.0197200e+00   2.8044000e+00   5.4952200e+00   2.4820300e+00  -5.3833200e+03
   5.9891300e+00  -1.8505900e+00   6.0198000e+00   2.8026200e+00   5.4988300e+00   2.4820500e+00  -5.3830100e+03
   5.9891000e+00  -1.8499800e+00   6.0201700e+00   2.7999200e+00   5.4974500e+00   2.4819700e+00  -5.3809700e+03
   5.9890900e+00  -1.8484900e+00   6.0200200e+00   2.7956700e+00   5.4992800e+00   2.4819700e+00  -5.3812500e+03
   5.9894200e+00  -1.8492400e+00   6.0204900e+00   2.7923400e+00   5.4990600e+00   2.4818200e+00  -5.3816500e+03
   5.9886600e+00  -1.8488500e+00   6.0202100e+00   2.7931500e+00   5.5003200e+00   2.4818200e+00  -5.3800900e+03
   5.9887100e+00  -1.8486100e+00   6.0209200e+00   2.7958800e+00   5.5029600e+00   2.4819300e+00  -5.3854200e+03
   5.9883500e+00  -1.8503200e+00   6.0205200e+00   2.7931800e+00   5.5008200e+00   2.4818900e+00  -5.3819600e+03
   5.9883300e+00  -1.8498100e+00   6.0202700e+00   2.7941300e+00   5.4993100e+00   2.4817700e+00  -5.3821600e+03
   5.9891200e+00  -1.8497600e+00   6.0202300e+00   2.7911800e+00   5.4983000e+00   2.4817700e+00  -5.3819500e+03
   5.9893600e+00  -1.8485600e+00   6.0209900e+00   2.7902300e+00   5.5024500e+00   2.4817300e+00  -5.3835200e+03
   5.9883800e+00  -1.8506500e+00   6.0203700e+00   2.7897500e+00   5.5017800e+00   2.4816800e+00  -5.3811300e+03
   5.9883900e+00  -1.8507900e+00   6.0205400e+00   2.7899500e+00   5.5010000e+00   2.4815600e+00  -5.3812600e+03
   5.9884600e+00  -1.8495000e+00   6.0201900e+00   2.7882000e+00   5.5010000e+00   2.4816700e+00  -5.3810700e+03
   5.9884500e+00  -1.8491300e+00   6.0204200e+00   2.7904200e+00   5.5018500e+00   2.4817500e+00  -5.3808900e+03
   5.9888400e+00  -1.8496000e+00   6.0201800e+00   2.7918300e+00   5.5004000e+00   2.4816200e+00  -5.3807900e+03
   5.9887700e+00  -1.8500600e+00   6.0206600e+00   2.7909300e+00   5.5011200e+00   2.4816200e+00  -5.3804400e+03
   5.9893800e+00  -1.8490500e+00   6.0203800e+00   2.7911100e+00   5.4991900e+00   2.4816400e+00  -5.3822600e+03
   5.9882600e+00  -1.8502500e+00   6.0204800e+00   2.7937000e+00   5.5013000e+00   2.4816200e+00  -5.3826000e+03
   5.9888100e+00  -1.8514800e+00   6.0205200e+00   2.7936200e+00   5.5008300e+00   2.4815600e+00  -5.3810500e+03
   5.9887500e+00  -1.8515300e+00   6.0198100e+00   2.7925300e+00   5.4997900e+00   2.4816000e+00  -5.3820500e+03
   5.9877400e+00  -1.8522300e+00   6.0201800e+00   2.7899900e+00   5.5019000e+00   2.4816200e+00  -5.3846600e+03
   5.9894000e+00  -1.8519900e+00   6.0204400e+00   2.7915000e+00   5.4992000e+00   2.4817400e+00  -5.3821500e+03
   5.9892200e+00  -1.8502600e+00   6.0206400e+00   2.7913900e+00   5.4995800e+00   2.4817300e+00  -5.3810200e+03
   5.9894800e+00  -1.8524300e+00   6.0206600e+00   2.7918200e+00   5.4981800e+00   2.4817400e+00  -5.3837200e+03
   5.9889000e+00  -1.8509900e+00   6.0200900e+00   2.7907000e+00   5.4992800e+00   2.4818400e+00  -5.3810800e+03
   5.9891700e+00  -1.8505500e+00   6.0205500e+00   2.7909000e+00   5.5005100e+00   2.4818700e+00  -5.3810300e+03
   5.9886200e+00  -1.8504600e+00   6.0202900e+00   2.7917400e+00   5.5001900e+00   2.4819100e+00  -5.3801200e+03
   5.9883400e+00  -1.8519900e+00   6.0200300e+00   2.7906000e+00   5.4997400e+00   2.4819800e+00  -5.3810600e+03
   5.9893300e+00  -1.8541700e+00   6.0211000e+00   2.7886000e+00   5.5010900e+00   2.4820300e+00  -5.3840800e+03
   5.9888200e+00  -1.8521700e+00   6.0205000e+00   2.7867000e+00   5.5014200e+00   2.4820900e+00  -5.3812000e+03
   5.9885200e+00  -1.8519900e+00   6.0201200e+00   2.7867700e+00   5.4999900e+00   2.4820600e+00  -5.3816300e+03
   5.9883400e+00  -1.8525100e+00   6.0203900e+00   2.7876600e+00   5.4994000e+00   2.4819600e+00  -5.3837700e+03
   5.9883800e+00  -1.8505500e+00   6.0206300e+00   2.7851300e+00   5.5004900e+00   2.4819400e+00  -5.3830300e+03
   5.9888000e+00  -1.8502800e+00   6.0203200e+00   2.7852100e+00   5.5009800e+00   2.4819300e+00  -5.3822200e+03
   5.9888600e+00  -1.8499900e+00   6.0204400e+00   2.7840000e+00   5.5004800e+00   2.4818800e+00  -5.3826300e+03
   5.9878300e+00  -1.8491300e+00   6.0207400e+00   2.7798000e+00   5.5027200e+00   2.4818400e+00  -5.3853100e+03
   5.9887800e+00  -1.8504400e+00   6.0209200e+00   2.7823000e+00   5.5007800e+00   2.4818200e+00  -5.3834900e+03
   5.9886600e+00  -1.8491000e+00   6.0211600e+00   2.7818600e+00   5.5035600e+00   2.4818600e+00  -5.3818100e+03
   5.9888100e+00  -1.8460000e+00   6.0208800e+00   2.7848900e+00   5.5014900e+00   2.4818800e+00  -5.3810100e+03
   5.9886200e+00  -1.8459300e+00   6.0209900e+00   2.7832600e+00   5.5035800e+00   2.4820300e+00  -5.3812100e+03
   5.9886700e+00  -1.8452000e+00   6.0206900e+00   2.7830800e+00   5.5019000e+00   2.4821500e+00  -5.3819900e+03
   5.9886200e+00  -1.8452900e+00   6.0206700e+00   2.7860500e+00   5.5023700e+00   2.4821500e+00  -5.3807800e+03
   5.9888400e+00  -1.8472300e+00   6.0207900e+00   2.7867800e+00   5.5028900e+00   2.4820700e+00  -5.3814200e+03
   5.9891500e+00  -1.8463100e+00   6.0211200e+00   2.7863500e+00   5.5021700e+00   2.4820400e+00  -5.3809500e+03
   5.9883500e+00  -1.8457700e+00   6.0214200e+00   2.7844400e+00   5.5049700e+00   2.4819800e+00  -5.3834600e+03
   5.9889800e+00  -1.8454800e+00   6.0215200e+00   2.7819800e+00   5.5036200e+00   2.4819700e+00  -5.3818700e+03
   5.9887200e+00  -1.8463800e+00   6.0207700e+00   2.7807200e+00   5.5020700e+00   2.4820000e+00  -5.3829200e+03
   5.9881300e+00  -1.8456700e+00   6.0211500e+00   2.7791200e+00   5.5054700e+00   2.4818200e+00  -5.3835500e+03
   5.9889000e+00  -1.8443400e+00   6.0223500e+00   2.7787900e+00   5.5059100e+00   2.4817600e+00  -5.3865900e+03
   5.9894200e+00  -1.8448600e+00   6.0219900e+00   2.7815000e+00   5.5044600e+00   2.4817900e+00  -5.3847400e+03
   5.9879300e+00  -1.8464100e+00   6.0210800e+00   2.7794600e+00   5.5054000e+00   2.4818000e+00  -5.3842200e+03
   5.9883900e+00  -1.8458900e+00   6.0217300e+00   2.7790900e+00   5.5055200e+00   2.4817900e+00  -5.3841100e+03
   5.9884600e+00  -1.8433300e+00   6.0218600e+00   2.7774400e+00   5.5056400e+00   2.4817300e+00  -5.3837800e+03
   5.9885200e+00  -1.8430500e+00   6.0214800e+00   2.7777600e+00   5.5050100e+00   2.4817400e+00  -5.3825500e+03
   5.9881000e+00  -1.8426100e+00   6.0211600e+00   2.7764400e+00   5.5056000e+00   2.4817600e+00  -5.3844400e+03
   5.9884400e+00  -1.8420100e+00   6.0214200e+00   2.7755000e+00   5.5049000e+00   2.4817800e+00  -5.3838100e+03
   5.9883900e+00  -1.8423200e+00   6.0214700e+00   2.7749000e+00   5.5045900e+00   2.4817100e+00  -5.3844400e+03
   5.9889600e+00  -1.8435700e+00   6.0226400e+00   2.7734600e+00   5.5077800e+00   2.4817000e+00  -5.3883800e+03
   5.9885600e+00  -1.8433300e+00   6.0219000e+00   2.7748100e+00   5.5057300e+00   2.4817300e+00  -5.3841400e+03
   5.9890000e+00  -1.8437300e+00   6.0217200e+00   2.7758100e+00   5.5055700e+00   2.4818600e+00  -5.3844900e+03
   5.9879800e+00  -1.8435800e+00   6.0206600e+00   2.7764800e+00   5.5044300e+00   2.4818300e+00  -5.3866600e+03
   5.9894400e+00  -1.8437200e+00   6.0219300e+00   2.7785200e+00   5.5051900e+00   2.4818000e+00  -5.3856900e+03
   5.9878000e+00  -1.8443300e+00   6.0210200e+00   2.7800300e+00   5.5046300e+00   2.4817500e+00  -5.3846100e+03
   5.9883600e+00  -1.8450100e+00   6.0215000e+00   2.7813000e+00   5.5042800e+00   2.4816600e+00  -5.3830400e+03
   5.9893000e+00  -1.8459700e+00   6.0213700e+00   2.7816200e+00   5.5023500e+00   2.4817300e+00  -5.3831800e+03
   5.9892400e+00  -1.8471400e+00   6.0215100e+00   2.7839700e+00   5.5032400e+00   2.4816300e+00  -5.3827400e+03
   5.9891100e+00  -1.8471000e+00   6.0211000e+00   2.7849300e+00   5.5038400e+00   2.4816500e+00  -5.3835600e+03
   5.9886600e+00  -1.8463300e+00   6.0212000e+00   2.7835400e+00   5.5025500e+00   2.4816200e+00  -5.3814600e+03
   5.9888400e+00  -1.8479600e+00   6.0211200e+00   2.7840700e+00   5.5016900e+00   2.4816100e+00  -5.3817600e+03
   5.9886300e+00  -1.8479800e+00   6.0204500e+00   2.7868700e+00   5.5015700e+00   2.4815800e+00  -5.3808700e+03
   5.9889500e+00  -1.8483600e+00   6.0206500e+00   2.7874200e+00   5.5012800e+00   2.4814700e+00  -5.3807500e+03
   5.9888100e+00  -1.8468800e+00   6.0211200e+00   2.7871900e+00   5.5006900e+00   2.4814200e+00  -5.3829100e+03
   5.9891200e+00  -1.8493900e+00   6.0207100e+00   2.7890200e+00   5.5020800e+00   2.4814900e+00  -5.3823200e+03
   5.9885200e+00  -1.8494700e+00   6.0204500e+00   2.7895100e+00   5.5000500e+00   2.4814700e+00  -5.3810700e+03
   5.9885600e+00  -1.8475200e+00   6.0205500e+00   2.7897600e+00   5.5016300e+00   2.4814600e+00  -5.3802500e+03
   5.9883800e+00  -1.8472100e+00   6.0209000e+00   2.7883500e+00   5.5033900e+00   2.4814300e+00  -5.3819300e+03
   5.9888000e+00  -1.8464300e+00   6.0207900e+00   2.7895700e+00   5.5012600e+00   2.4814900e+00  -5.3799800e+03
   5.9886000e+00  -1.8471600e+00   6.0203000e+00   2.7883400e+00   5.5002700e+00   2.4815000e+00  -5.3811000e+03
   5.9887300e+00  -1.8488600e+00   6.0206300e+00   2.7873700e+00   5.5004900e+00   2.4815500e+00  -5.3808900e+03
   5.9884600e+00  -1.8518400e+00   6.0209700e+00   2.7845100e+00   5.5022200e+00   2.4816000e+00  -5.3825100e+03
   5.9890600e+00  -1.8527100e+00   6.0206500e+00   2.7842600e+00   5.5007300e+00   2.4816400e+00  -5.3825200e+03
   5.9877200e+00  -1.8512000e+00   6.0202900e+00   2.7846000e+00   5.5019800e+00   2.4816900e+00  -5.3845100e+03
   5.9882100e+00  -1.8526500e+00   6.0200800e+00   2.7838400e+00   5.5001600e+00   2.4816000e+00  -5.3835400e+03
   5.9884400e+00  -1.8524800e+00   6.0205500e+00   2.7817200e+00   5.5016100e+00   2.4816900e+00  -5.3823200e+03
   5.9874100e+00  -1.8548600e+00   6.0204400e+00   2.7815500e+00   5.5039500e+00   2.4817700e+00  -5.3879000e+03
   5.9886900e+00  -1.8547400e+00   6.0209300e+00   2.7806800e+00   5.5034900e+00   2.4818100e+00  -5.3837200e+03
   5.9888800e+00  -1.8537600e+00   6.0208100e+00   2.7819600e+00   5.5014200e+00   2.4817700e+00  -5.3827700e+03
   5.9883000e+00  -1.8505800e+00   6.0204500e+00   2.7819400e+00   5.5016900e+00   2.4817500e+00  -5.3825200e+03
   5.9886600e+00  -1.8503800e+00   6.0209400e+00   2.7847000e+00   5.5028800e+00   2.4816900e+00  -5.3814300e+03
   5.9885300e+00  -1.8506400e+00   6.0213000e+00   2.7839100e+00   5.5029300e+00   2.4817300e+00  -5.3836200e+03
   5.9890200e+00  -1.8523100e+00   6.0210900e+00   2.7851800e+00   5.5009400e+00   2.4817500e+00  -5.3831300e+03
   5.9879000e+00  -1.8508000e+00   6.0206900e+00   2.7830400e+00   5.5038000e+00   2.4818200e+00  -5.3837700e+03
   5.9891700e+00  -1.8533300e+00   6.0214700e+00   2.7857600e+00   5.5025000e+00   2.4818400e+00  -5.3855300e+03
   5.9890600e+00  -1.8543400e+00   6.0206400e+00   2.7880100e+00   5.5009400e+00   2.4818700e+00  -5.3819600e+03
   5.9888200e+00  -1.8534600e+00   6.0205200e+00   2.7885800e+00   5.5009100e+00   2.4818100e+00  -5.3810100e+03
   5.9888600e+00  -1.8526000e+00   6.0197300e+00   2.7875600e+00   5.5010400e+00   2.4817100e+00  -5.3883900e+03
   5.9883100e+00  -1.8505400e+00   6.0202400e+00   2.7862100e+00   5.5011800e+00   2.4816700e+00  -5.3814600e+03
   5.9882200e+00  -1.8487200e+00   6.0202900e+00   2.7880600e+00   5.5019000e+00   2.4816400e+00  -5.3814800e+03
   5.9886800e+00  -1.8473500e+00   6.0206000e+00   2.7858100e+00   5.5018300e+00   2.4816200e+00  -5.3808600e+03
   5.9884300e+00  -1.8467500e+00   6.0209100e+00   2.7856100e+00   5.5036500e+00   2.4815800e+00  -5.3814500e+03
   5.9883000e+00  -1.8434200e+00   6.0210500e+00   2.7854200e+00   5.5029200e+00   2.4815700e+00  -5.3816500e+03
   5.9888300e+00  -1.8450100e+00   6.0207200e+00   2.7845600e+00   5.5027800e+00   2.4816000e+00  -5.3822200e+03
   5.9883300e+00  -1.8445900e+00   6.0212900e+00   2.7826300e+00   5.5046700e+00   2.4816200e+00  -5.3821700e+03
   5.9883700e+00  -1.8461000e+00   6.0203000e+00   2.7847400e+00   5.5022900e+00   2.4815700e+00  -5.3830000e+03
   5.9889100e+00  -1.8450800e+00   6.0208800e+00   2.7866600e+00   5.5030600e+00   2.4815700e+00  -5.3815000e+03
   5.9885400e+00  -1.8445600e+00   6.0210900e+00   2.7901000e+00   5.5026400e+00   2.4816300e+00  -5.3812600e+03
   5.9890600e+00  -1.8457500e+00   6.0210200e+00   2.7909300e+00   5.5015300e+00   2.4816000e+00  -5.3802900e+03
   5.9891700e+00  -1.8467600e+00   6.0206700e+00   2.7880600e+00   5.5000200e+00   2.4815300e+00  -5.3815500e+03
   5.9885500e+00  -1.8465300e+00   6.0209100e+00   2.7876000e+00   5.5016100e+00   2.4816000e+00  -5.3809700e+03
   5.9877800e+00  -1.8469400e+00   6.0204500e+00   2.7867200e+00   5.5026600e+00   2.4815600e+00  -5.3838500e+03
   5.9889900e+00  -1.8452600e+00   6.0206100e+00   2.7891100e+00   5.5014500e+00   2.4815200e+00  -5.3808000e+03
   5.9883000e+00  -1.8452000e+00   6.0207700e+00   2.7899800e+00   5.5023100e+00   2.4815200e+00  -5.3812900e+03
   5.9884700e+00  -1.8455700e+00   6.0210400e+00   2.7916400e+00   5.5013100e+00   2.4815400e+00  -5.3832200e+03
   5.9897500e+00  -1.8459000e+00   6.0214900e+00   2.7905500e+00   5.5014800e+00   2.4816600e+00  -5.3839500e+03
   5.9895600e+00  -1.8458000e+00   6.0210700e+00   2.7904500e+00   5.5004000e+00   2.4817500e+00  -5.3819500e+03
   5.9892000e+00  -1.8467000e+00   6.0209500e+00   2.7909700e+00   5.5011200e+00   2.4816700e+00  -5.3805000e+03
   5.9888100e+00  -1.8479700e+00   6.0207500e+00   2.7902400e+00   5.5021200e+00   2.4817500e+00  -5.3806300e+03
   5.9888600e+00  -1.8469100e+00   6.0204100e+00   2.7958700e+00   5.5004300e+00   2.4817100e+00  -5.3800300e+03
   5.9889100e+00  -1.8478900e+00   6.0200900e+00   2.7963600e+00   5.4992900e+00   2.4817100e+00  -5.3801500e+03
   5.9893500e+00  -1.8484500e+00   6.0212200e+00   2.7967400e+00   5.4996100e+00   2.4817000e+00  -5.3851500e+03
   5.9892600e+00  -1.8487700e+00   6.0201900e+00   2.7973800e+00   5.4977900e+00   2.4817500e+00  -5.3808000e+03
   5.9890500e+00  -1.8487600e+00   6.0205400e+00   2.7975100e+00   5.4986600e+00   2.4817300e+00  -5.3811600e+03
   5.9883400e+00  -1.8491800e+00   6.0196700e+00   2.7995800e+00   5.4982600e+00   2.4817600e+00  -5.3817500e+03
   5.9889500e+00  -1.8505500e+00   6.0198100e+00   2.7996000e+00   5.4981400e+00   2.4818800e+00  -5.3805800e+03
   5.9887100e+00  -1.8498400e+00   6.0197300e+00   2.8010600e+00   5.4972400e+00   2.4818700e+00  -5.3810000e+03
   5.9887900e+00  -1.8482800e+00   6.0201200e+00   2.7997600e+00   5.4982100e+00   2.4818800e+00  -5.3805900e+03
   5.9884600e+00  -1.8488100e+00   6.0199400e+00   2.7981700e+00   5.5004100e+00   2.4819300e+00  -5.3819500e+03
   5.9888400e+00  -1.8477200e+00   6.0203600e+00   2.7980600e+00   5.4991800e+00   2.4819100e+00  -5.3802200e+03
   5.9891400e+00  -1.8473400e+00   6.0206100e+00   2.7950600e+00   5.4995300e+00   2.4818900e+00  -5.3801000e+03
   5.9888200e+00  -1.8472000e+00   6.0198200e+00   2.7967300e+00   5.4975000e+00   2.4819300e+00  -5.3815300e+03
   5.9894000e+00  -1.8488800e+00   6.0209600e+00   2.7964700e+00   5.4988400e+00   2.4819400e+00  -5.3834000e+03
   5.9888200e+00  -1.8473600e+00   6.0204200e+00   2.7979700e+00   5.5005200e+00   2.4819000e+00  -5.3807700e+03
   5.9890600e+00  -1.8484500e+00   6.0206200e+00   2.7991800e+00   5.4992200e+00   2.4819000e+00  -5.3815100e+03
   5.9885600e+00  -1.8480400e+00   6.0201200e+00   2.7985700e+00   5.4995300e+00   2.4819700e+00  -5.3806800e+03
   5.9888800e+00  -1.8486200e+00   6.0195300e+00   2.7981700e+00   5.4970600e+00   2.4820100e+00  -5.3821800e+03
   5.9889200e+00  -1.8497700e+00   6.0201700e+00   2.7985600e+00   5.4996300e+00   2.4819700e+00  -5.3806900e+03
   5.9887400e+00  -1.8502800e+00   6.0199100e+00   2.7988600e+00   5.4987300e+00   2.4819500e+00  -5.3803600e+03
   5.9897500e+00  -1.8492900e+00   6.0206300e+00   2.8013400e+00   5.4965800e+00   2.4819600e+00  -5.3849500e+03
   5.9893400e+00  -1.8458000e+00   6.0202700e+00   2.7995500e+00   5.4997000e+00   2.4819600e+00  -5.3818400e+03
   5.9881100e+00  -1.8449100e+00   6.0204800e+00   2.7978300e+00   5.5004000e+00   2.4819900e+00  -5.3848500e+03
   5.9890000e+00  -1.8449700e+00   6.0204400e+00   2.7994500e+00   5.4991300e+00   2.4820000e+00  -5.3800600e+03
   5.9888800e+00  -1.8435900e+00   6.0204100e+00   2.8004900e+00   5.4991900e+00   2.4819800e+00  -5.3803700e+03
   5.9886100e+00  -1.8430800e+00   6.0199100e+00   2.7999500e+00   5.4997500e+00   2.4820100e+00  -5.3817800e+03
   5.9890900e+00  -1.8444000e+00   6.0206200e+00   2.7970500e+00   5.4984700e+00   2.4819700e+00  -5.3811900e+03
   5.9888100e+00  -1.8458000e+00   6.0202400e+00   2.7994200e+00   5.5003000e+00   2.4819900e+00  -5.3809300e+03
   5.9892300e+00  -1.8458300e+00   6.0204800e+00   2.7984900e+00   5.5003400e+00   2.4819800e+00  -5.3811300e+03
   5.9892000e+00  -1.8458300e+00   6.0204000e+00   2.8011500e+00   5.4993400e+00   2.4819600e+00  -5.3806900e+03
   5.9891600e+00  -1.8462900e+00   6.0201500e+00   2.8013000e+00   5.4970300e+00   2.4820200e+00  -5.3811900e+03
   5.9880200e+00  -1.8452800e+00   6.0195500e+00   2.8032300e+00   5.4997600e+00   2.4820600e+00  -5.3858300e+03
   5.9896000e+00  -1.8451200e+00   6.0203700e+00   2.8039800e+00   5.4983400e+00   2.4821200e+00  -5.3819500e+03
   5.9889700e+00  -1.8430300e+00   6.0205000e+00   2.8024400e+00   5.4966800e+00   2.4820300e+00  -5.3860800e+03
   5.9890600e+00  -1.8425200e+00   6.0198600e+00   2.8019000e+00   5.4967900e+00   2.4819500e+00  -5.3821900e+03
   5.9891200e+00  -1.8438200e+00   6.0199800e+00   2.8041400e+00   5.4976600e+00   2.4819500e+00  -5.3808700e+03
   5.9897200e+00  -1.8436300e+00   6.0205000e+00   2.8058400e+00   5.4974100e+00   2.4819100e+00  -5.3825700e+03
   5.9888800e+00  -1.8429000e+00   6.0197400e+00   2.8059500e+00   5.4975800e+00   2.4818200e+00  -5.3818900e+03
   5.9891900e+00  -1.8432200e+00   6.0201400e+00   2.8042800e+00   5.4976600e+00   2.4818000e+00  -5.3808400e+03
   5.9894000e+00  -1.8438300e+00   6.0199000e+00   2.8040400e+00   5.4967600e+00   2.4818000e+00  -5.3818800e+03
   5.9889200e+00  -1.8433900e+00   6.0204800e+00   2.8061000e+00   5.5002400e+00   2.4818100e+00  -5.3842500e+03
   5.9896900e+00  -1.8429700e+00   6.0202900e+00   2.8077100e+00   5.4976100e+00   2.4818300e+00  -5.3828600e+03
   5.9885400e+00  -1.8429800e+00   6.0202100e+00   2.8064500e+00   5.4984900e+00   2.4818300e+00  -5.3844500e+03
   5.9887700e+00  -1.8444700e+00   6.0195700e+00   2.8065200e+00   5.4975400e+00   2.4818200e+00  -5.3824400e+03
   5.9896400e+00  -1.8439800e+00   6.0203700e+00   2.8066900e+00   5.4970200e+00   2.4817900e+00  -5.3824400e+03
   5.9893600e+00  -1.8429700e+00   6.0204500e+00   2.8045600e+00   5.4988300e+00   2.4818100e+00  -5.3813900e+03
   5.9888700e+00  -1.8433500e+00   6.0203700e+00   2.8025200e+00   5.4977000e+00   2.4818900e+00  -5.3825300e+03
   5.9888700e+00  -1.8425500e+00   6.0202000e+00   2.8027900e+00   5.4972100e+00   2.4818200e+00  -5.3825600e+03
   5.9892500e+00  -1.8427400e+00   6.0203900e+00   2.8007100e+00   5.4985100e+00   2.4817500e+00  -5.3803000e+03
   5.9885900e+00  -1.8439400e+00   6.0199600e+00   2.8009000e+00   5.4982600e+00   2.4817000e+00  -5.3813700e+03
   5.9891400e+00  -1.8431300e+00   6.0202300e+00   2.8003900e+00   5.4980800e+00   2.4817600e+00  -5.3804500e+03
   5.9890000e+00  -1.8415800e+00   6.0200400e+00   2.8008200e+00   5.4985800e+00   2.4817800e+00  -5.3809600e+03
   5.9894400e+00  -1.8405800e+00   6.0207700e+00   2.8009000e+00   5.4987000e+00   2.4818200e+00  -5.3810400e+03
   5.9896000e+00  -1.8392900e+00   6.0203100e+00   2.8015000e+00   5.4970800e+00   2.4817800e+00  -5.3830400e+03
   5.9887500e+00  -1.8384200e+00   6.0209100e+00   2.8002700e+00   5.5023300e+00   2.4817100e+00  -5.3831200e+03
   5.9892000e+00  -1.8373700e+00   6.0211400e+00   2.8007800e+00   5.4991900e+00   2.4816800e+00  -5.3834600e+03
   5.9894400e+00  -1.8360300e+00   6.0210500e+00   2.7981100e+00   5.5020200e+00   2.4817000e+00  -5.3822400e+03
   5.9884100e+00  -1.8354200e+00   6.0209800e+00   2.7986900e+00   5.5020600e+00   2.4817100e+00  -5.3837400e+03
   5.9892300e+00  -1.8350800e+00   6.0209800e+00   2.7989700e+00   5.5000000e+00   2.4816500e+00  -5.3808600e+03
   5.9888000e+00  -1.8339900e+00   6.0205200e+00   2.7999400e+00   5.5009900e+00   2.4816500e+00  -5.3821200e+03
   5.9889100e+00  -1.8335400e+00   6.0214400e+00   2.7991100e+00   5.5022900e+00   2.4816600e+00  -5.3830600e+03
   5.9888400e+00  -1.8339300e+00   6.0207100e+00   2.7985400e+00   5.5012600e+00   2.4816700e+00  -5.3813500e+03
   5.9898400e+00  -1.8342800e+00   6.0210200e+00   2.7987100e+00   5.5004200e+00   2.4816700e+00  -5.3831700e+03
   5.9893900e+00  -1.8335800e+00   6.0207600e+00   2.7968800e+00   5.5006900e+00   2.4817100e+00  -5.3823300e+03
   5.9896600e+00  -1.8352100e+00   6.0210200e+00   2.7977300e+00   5.5008800e+00   2.4817200e+00  -5.3820000e+03
   5.9889400e+00  -1.8363300e+00   6.0208900e+00   2.7988200e+00   5.5021700e+00   2.4817800e+00  -5.3816500e+03
   5.9897100e+00  -1.8363400e+00   6.0212100e+00   2.8000800e+00   5.5016200e+00   2.4817800e+00  -5.3832400e+03
   5.9890400e+00  -1.8373200e+00   6.0211600e+00   2.7955700e+00   5.4996900e+00   2.4817600e+00  -5.3831100e+03
   5.9887000e+00  -1.8361500e+00   6.0207100e+00   2.7974300e+00   5.5009700e+00   2.4817400e+00  -5.3809300e+03
   5.9893400e+00  -1.8371300e+00   6.0205400e+00   2.7959300e+00   5.4989700e+00   2.4817400e+00  -5.3823900e+03
   5.9891100e+00  -1.8390600e+00   6.0209500e+00   2.7950600e+00   5.5022000e+00   2.4817500e+00  -5.3807400e+03
   5.9889100e+00  -1.8390300e+00   6.0206100e+00   2.7940300e+00   5.5010800e+00   2.4817200e+00  -5.3803400e+03
   5.9887600e+00  -1.8403600e+00   6.0212200e+00   2.7927700e+00   5.5034300e+00   2.4817500e+00  -5.3814300e+03
   5.9891800e+00  -1.8402800e+00   6.0211700e+00   2.7923000e+00   5.5021700e+00   2.4818100e+00  -5.3801500e+03
   5.9884500e+00  -1.8394300e+00   6.0213200e+00   2.7939900e+00   5.5028800e+00   2.4817800e+00  -5.3837300e+03
   5.9888200e+00  -1.8397800e+00   6.0208200e+00   2.7938300e+00   5.5003200e+00   2.4817800e+00  -5.3806300e+03
   5.9893200e+00  -1.8401300e+00   6.0209800e+00   2.7961000e+00   5.5004000e+00   2.4818000e+00  -5.3801100e+03
   5.9892600e+00  -1.8397400e+00   6.0202500e+00   2.7986400e+00   5.4987100e+00   2.4818200e+00  -5.3815500e+03
   5.9888800e+00  -1.8410300e+00   6.0210200e+00   2.7955300e+00   5.5016800e+00   2.4818800e+00  -5.3804200e+03
   5.9887800e+00  -1.8402300e+00   6.0204800e+00   2.7944700e+00   5.5016400e+00   2.4818300e+00  -5.3811200e+03
   5.9887600e+00  -1.8384900e+00   6.0200300e+00   2.7968900e+00   5.4986900e+00   2.4818600e+00  -5.3831500e+03
   5.9885200e+00  -1.8365100e+00   6.0204800e+00   2.7964300e+00   5.5005700e+00   2.4818500e+00  -5.3818400e+03
   5.9891100e+00  -1.8366800e+00   6.0210100e+00   2.7966900e+00   5.4996700e+00   2.4818500e+00  -5.3816000e+03
   5.9887600e+00  -1.8369000e+00   6.0208000e+00   2.7969300e+00   5.5003100e+00   2.4818800e+00  -5.3811800e+03
   5.9893300e+00  -1.8380300e+00   6.0208500e+00   2.7983500e+00   5.4998400e+00   2.4818900e+00  -5.3803100e+03
   5.9887700e+00  -1.8368200e+00   6.0210400e+00   2.7985100e+00   5.5012000e+00   2.4819200e+00  -5.3817200e+03
   5.9893600e+00  -1.8383800e+00   6.0207200e+00   2.7982600e+00   5.5000600e+00   2.4819600e+00  -5.3804800e+03
   5.9886000e+00  -1.8376000e+00   6.0204800e+00   2.7961500e+00   5.5020100e+00   2.4820600e+00  -5.3820700e+03
   5.9897800e+00  -1.8364000e+00   6.0215900e+00   2.7964700e+00   5.5005400e+00   2.4819900e+00  -5.3827900e+03
   5.9897100e+00  -1.8376400e+00   6.0215700e+00   2.7965900e+00   5.5013400e+00   2.4819600e+00  -5.3823100e+03
   5.9887700e+00  -1.8366900e+00   6.0211700e+00   2.7966300e+00   5.5016400e+00   2.4819800e+00  -5.3815600e+03
   5.9890200e+00  -1.8378700e+00   6.0206900e+00   2.7977200e+00   5.5012500e+00   2.4819600e+00  -5.3806200e+03
   5.9896800e+00  -1.8380500e+00   6.0208900e+00   2.7980600e+00   5.4992200e+00   2.4819300e+00  -5.3816300e+03
   5.9894200e+00  -1.8382200e+00   6.0212200e+00   2.7960500e+00   5.4997300e+00   2.4819600e+00  -5.3818000e+03
   5.9885000e+00  -1.8370100e+00   6.0208100e+00   2.7963500e+00   5.5004700e+00   2.4819500e+00  -5.3827800e+03
   5.9888500e+00  -1.8377500e+00   6.0207000e+00   2.7961800e+00   5.5001500e+00   2.4819500e+00  -5.3805800e+03
   5.9883400e+00  -1.8385300e+00   6.0204100e+00   2.7942100e+00   5.5013100e+00   2.4819500e+00  -5.3819200e+03
   5.9889200e+00  -1.8390100e+00   6.0210700e+00   2.7971600e+00   5.5023900e+00   2.4819400e+00  -5.3813400e+03
   5.9888500e+00  -1.8411900e+00   6.0209400e+00   2.7981100e+00   5.4994500e+00   2.4819200e+00  -5.3830800e+03
   5.9898900e+00  -1.8379600e+00   6.0210600e+00   2.7987400e+00   5.5006500e+00   2.4819700e+00  -5.3832900e+03
   5.9891400e+00  -1.8340700e+00   6.0210900e+00   2.7991200e+00   5.5008600e+00   2.4819900e+00  -5.3808500e+03
   5.9890400e+00  -1.8354800e+00   6.0206900e+00   2.7969600e+00   5.5014500e+00   2.4820700e+00  -5.3812700e+03
   5.9890200e+00  -1.8346600e+00   6.0213500e+00   2.7971400e+00   5.5018500e+00   2.4820200e+00  -5.3812700e+03
   5.9891300e+00  -1.8351700e+00   6.0213200e+00   2.7951000e+00   5.5026900e+00   2.4820200e+00  -5.3806700e+03
   5.9891500e+00  -1.8332900e+00   6.0216200e+00   2.7966100e+00   5.5025700e+00   2.4819500e+00  -5.3818700e+03
   5.9891100e+00  -1.8337500e+00   6.0211500e+00   2.7971600e+00   5.5019100e+00   2.4819200e+00  -5.3806600e+03
   5.9886600e+00  -1.8342300e+00   6.0207700e+00   2.7965200e+00   5.5016900e+00   2.4819200e+00  -5.3814200e+03
   5.9888500e+00  -1.8356200e+00   6.0204900e+00   2.7990900e+00   5.5000300e+00   2.4819300e+00  -5.3812500e+03
   5.9890600e+00  -1.8342000e+00   6.0213000e+00   2.7960800e+00   5.5025200e+00   2.4819300e+00  -5.3807900e+03
   5.9883400e+00  -1.8331200e+00   6.0211300e+00   2.7926700e+00   5.5026200e+00   2.4818600e+00  -5.3831600e+03
   5.9887000e+00  -1.8338600e+00   6.0212500e+00   2.7931900e+00   5.5023900e+00   2.4818500e+00  -5.3812600e+03
   5.9892200e+00  -1.8355200e+00   6.0211600e+00   2.7956100e+00   5.5013400e+00   2.4818000e+00  -5.3802200e+03
   5.9895100e+00  -1.8351600e+00   6.0212100e+00   2.7976200e+00   5.5007300e+00   2.4817500e+00  -5.3808800e+03
   5.9894800e+00  -1.8357400e+00   6.0214200e+00   2.7957900e+00   5.5023100e+00   2.4817100e+00  -5.3813600e+03
   5.9890300e+00  -1.8321100e+00   6.0216100e+00   2.7945500e+00   5.5027000e+00   2.4816800e+00  -5.3815000e+03
   5.9890600e+00  -1.8309400e+00   6.0212800e+00   2.7941300e+00   5.5020100e+00   2.4816900e+00  -5.3811000e+03
   5.9888000e+00  -1.8291200e+00   6.0215200e+00   2.7952900e+00   5.5032200e+00   2.4816700e+00  -5.3823400e+03
   5.9893200e+00  -1.8288100e+00   6.0216600e+00   2.7960600e+00   5.5031600e+00   2.4816300e+00  -5.3818400e+03
   5.9894200e+00  -1.8291600e+00   6.0209900e+00   2.7976800e+00   5.5015400e+00   2.4816800e+00  -5.3832800e+03
   5.9900400e+00  -1.8311500e+00   6.0214900e+00   2.7967400e+00   5.5019700e+00   2.4816900e+00  -5.3849400e+03
   5.9896400e+00  -1.8316200e+00   6.0215800e+00   2.7976900e+00   5.5012900e+00   2.4816800e+00  -5.3819400e+03
   5.9890200e+00  -1.8329400e+00   6.0204400e+00   2.8007500e+00   5.4995900e+00   2.4817200e+00  -5.3824100e+03
   5.9887600e+00  -1.8324300e+00   6.0206300e+00   2.8020600e+00   5.5015000e+00   2.4817300e+00  -5.3832200e+03
   5.9884700e+00  -1.8311400e+00   6.0209400e+00   2.7985500e+00   5.5019900e+00   2.4818200e+00  -5.3835800e+03
   5.9892700e+00  -1.8309900e+00   6.0220300e+00   2.7966600e+00   5.5045400e+00   2.4817800e+00  -5.3848300e+03
   5.9892400e+00  -1.8299000e+00   6.0214100e+00   2.7972000e+00   5.4994300e+00   2.4817700e+00  -5.3863600e+03
   5.9889800e+00  -1.8313500e+00   6.0208400e+00   2.7987800e+00   5.5024800e+00   2.4818200e+00  -5.3832600e+03
   5.9888500e+00  -1.8313600e+00   6.0207900e+00   2.8011200e+00   5.4998700e+00   2.4818200e+00  -5.3829500e+03
   5.9896300e+00  -1.8322300e+00   6.0217400e+00   2.7992400e+00   5.5024000e+00   2.4818300e+00  -5.3831600e+03
   5.9895400e+00  -1.8320900e+00   6.0211200e+00   2.8004600e+00   5.5011300e+00   2.4818800e+00  -5.3818500e+03
   5.9892700e+00  -1.8314300e+00   6.0210900e+00   2.7999300e+00   5.5006300e+00   2.4818700e+00  -5.3813400e+03
   5.9887000e+00  -1.8317500e+00   6.0209800e+00   2.7989200e+00   5.5018900e+00   2.4819500e+00  -5.3822900e+03
   5.9890300e+00  -1.8323200e+00   6.0213100e+00   2.7981700e+00   5.5022000e+00   2.4819400e+00  -5.3814200e+03
   5.9897100e+00  -1.8302900e+00   6.0210700e+00   2.7997500e+00   5.5024200e+00   2.4819200e+00  -5.3864500e+03
   5.9891300e+00  -1.8292200e+00   6.0217400e+00   2.7983200e+00   5.5032000e+00   2.4818900e+00  -5.3831100e+03
   5.9892100e+00  -1.8284900e+00   6.0209000e+00   2.7965700e+00   5.5004500e+00   2.4818900e+00  -5.3836200e+03
   5.9889100e+00  -1.8281400e+00   6.0213800e+00   2.7961800e+00   5.5019500e+00   2.4818900e+00  -5.3826200e+03
   5.9891300e+00  -1.8259600e+00   6.0214300e+00   2.7982300e+00   5.5029400e+00   2.4818400e+00  -5.3828000e+03
   5.9894800e+00  -1.8264500e+00   6.0212800e+00   2.8030500e+00   5.5002100e+00   2.4818500e+00  -5.3834400e+03
   5.9892800e+00  -1.8271000e+00   6.0213200e+00   2.8032500e+00   5.5015200e+00   2.4818600e+00  -5.3832100e+03
   5.9887900e+00  -1.8276200e+00   6.0211300e+00   2.8015200e+00   5.5019100e+00   2.4818800e+00  -5.3838600e+03
   5.9898000e+00  -1.8272700e+00   6.0214100e+00   2.8013200e+00   5.5018200e+00   2.4819000e+00  -5.3840800e+03
   5.9893600e+00  -1.8275500e+00   6.0209100e+00   2.8022900e+00   5.5015400e+00   2.4818600e+00  -5.3842900e+03
   5.9895900e+00  -1.8262500e+00   6.0211800e+00   2.8014500e+00   5.5011100e+00   2.4818000e+00  -5.3835700e+03
   5.9890400e+00  -1.8269500e+00   6.0216100e+00   2.8009600e+00   5.5021000e+00   2.4818000e+00  -5.3843100e+03
   5.9889300e+00  -1.8278700e+00   6.0216900e+00   2.8024100e+00   5.5020700e+00   2.4818000e+00  -5.3867600e+03
   5.9897200e+00  -1.8265600e+00   6.0218500e+00   2.8014300e+00   5.5024300e+00   2.4818000e+00  -5.3841500e+03
   5.9890000e+00  -1.8259000e+00   6.0205200e+00   2.8009000e+00   5.5001100e+00   2.4818200e+00  -5.3863400e+03
   5.9888400e+00  -1.8281400e+00   6.0213600e+00   2.7996000e+00   5.5022800e+00   2.4818100e+00  -5.3833300e+03
   5.9897100e+00  -1.8250400e+00   6.0219300e+00   2.7978500e+00   5.5013000e+00   2.4818000e+00  -5.3845600e+03
   5.9896900e+00  -1.8266800e+00   6.0221900e+00   2.7973100e+00   5.5028500e+00   2.4818200e+00  -5.3842100e+03
   5.9893300e+00  -1.8261300e+00   6.0220500e+00   2.7940100e+00   5.5035900e+00   2.4818400e+00  -5.3826800e+03
   5.9900600e+00  -1.8253200e+00   6.0224100e+00   2.7938200e+00   5.5040300e+00   2.4818300e+00  -5.3855600e+03
   5.9895600e+00  -1.8234200e+00   6.0221600e+00   2.7930700e+00   5.5031600e+00   2.4818500e+00  -5.3838000e+03
   5.9894700e+00  -1.8215700e+00   6.0225100e+00   2.7953400e+00   5.5040400e+00   2.4818800e+00  -5.3857100e+03
   5.9893300e+00  -1.8219600e+00   6.0217400e+00   2.7974700e+00   5.5023100e+00   2.4819100e+00  -5.3840600e+03
   5.9895100e+00  -1.8228600e+00   6.0217400e+00   2.7982200e+00   5.5042700e+00   2.4818900e+00  -5.3856700e+03
   5.9890200e+00  -1.8253800e+00   6.0215200e+00   2.8000100e+00   5.5035800e+00   2.4819300e+00  -5.3842500e+03
   5.9889200e+00  -1.8275100e+00   6.0214100e+00   2.7995200e+00   5.5018500e+00   2.4819300e+00  -5.3834800e+03
   5.9891100e+00  -1.8269100e+00   6.0213700e+00   2.8023100e+00   5.5015800e+00   2.4819500e+00  -5.3835200e+03
   5.9896300e+00  -1.8265700e+00   6.0216300e+00   2.7987300e+00   5.5006200e+00   2.4819100e+00  -5.3838300e+03
   5.9897700e+00  -1.8272200e+00   6.0211600e+00   2.7988900e+00   5.5031200e+00   2.4819300e+00  -5.3893400e+03
   5.9893800e+00  -1.8291600e+00   6.0216200e+00   2.7966500e+00   5.5027200e+00   2.4819700e+00  -5.3817000e+03
   5.9892200e+00  -1.8284400e+00   6.0209900e+00   2.7943200e+00   5.5013300e+00   2.4819700e+00  -5.3836100e+03
   5.9894500e+00  -1.8289200e+00   6.0217900e+00   2.7928300e+00   5.5019800e+00   2.4819900e+00  -5.3825500e+03
   5.9895700e+00  -1.8297700e+00   6.0222500e+00   2.7924100e+00   5.5038100e+00   2.4820200e+00  -5.3831900e+03
   5.9885700e+00  -1.8303700e+00   6.0210600e+00   2.7912100e+00   5.5015600e+00   2.4820400e+00  -5.3843800e+03
   5.9893900e+00  -1.8278700e+00   6.0221200e+00   2.7918900e+00   5.5036300e+00   2.4820700e+00  -5.3824900e+03
   5.9897000e+00  -1.8265600e+00   6.0219100e+00   2.7899000e+00   5.5039200e+00   2.4820300e+00  -5.3840100e+03
   5.9888400e+00  -1.8277500e+00   6.0220000e+00   2.7884700e+00   5.5043000e+00   2.4819800e+00  -5.3829400e+03
   5.9889000e+00  -1.8266500e+00   6.0218700e+00   2.7851700e+00   5.5062200e+00   2.4820300e+00  -5.3839600e+03
   5.9892300e+00  -1.8250200e+00   6.0218500e+00   2.7847600e+00   5.5040500e+00   2.4820700e+00  -5.3850100e+03
   5.9893900e+00  -1.8240300e+00   6.0223100e+00   2.7845100e+00   5.5068000e+00   2.4820500e+00  -5.3856000e+03
   5.9893200e+00  -1.8249900e+00   6.0229300e+00   2.7856900e+00   5.5073300e+00   2.4820300e+00  -5.3856700e+03
   5.9892400e+00  -1.8247300e+00   6.0225000e+00   2.7817400e+00   5.5051500e+00   2.4820000e+00  -5.3853800e+03
   5.9888900e+00  -1.8241600e+00   6.0227300e+00   2.7832600e+00   5.5068000e+00   2.4819900e+00  -5.3852900e+03
   5.9887100e+00  -1.8230900e+00   6.0223100e+00   2.7812700e+00   5.5073800e+00   2.4819800e+00  -5.3852200e+03
   5.9889000e+00  -1.8217400e+00   6.0227400e+00   2.7811300e+00   5.5078300e+00   2.4820400e+00  -5.3854400e+03
   5.9887700e+00  -1.8226100e+00   6.0223600e+00   2.7805900e+00   5.5064200e+00   2.4819800e+00  -5.3857600e+03
   5.9886600e+00  -1.8235700e+00   6.0220200e+00   2.7811800e+00   5.5066100e+00   2.4820000e+00  -5.3857800e+03
   5.9891000e+00  -1.8236500e+00   6.0218200e+00   2.7802500e+00   5.5048600e+00   2.4820000e+00  -5.3888500e+03
   5.9893600e+00  -1.8219600e+00   6.0225700e+00   2.7806700e+00   5.5063100e+00   2.4820500e+00  -5.3860500e+03
   5.9898300e+00  -1.8218900e+00   6.0233900e+00   2.7810700e+00   5.5085100e+00   2.4820900e+00  -5.3891100e+03
   5.9884900e+00  -1.8207100e+00   6.0225600e+00   2.7846200e+00   5.5068800e+00   2.4820800e+00  -5.3876700e+03
   5.9891400e+00  -1.8230700e+00   6.0226900e+00   2.7859100e+00   5.5056500e+00   2.4821200e+00  -5.3852000e+03
   5.9887900e+00  -1.8240400e+00   6.0226600e+00   2.7815000e+00   5.5076200e+00   2.4821100e+00  -5.3850000e+03
   5.9890700e+00  -1.8250500e+00   6.0222200e+00   2.7790000e+00   5.5072200e+00   2.4821100e+00  -5.3863400e+03
   5.9888600e+00  -1.8256000e+00   6.0219000e+00   2.7813000e+00   5.5054000e+00   2.4821000e+00  -5.3852100e+03
   5.9884100e+00  -1.8266900e+00   6.0225800e+00   2.7825800e+00   5.5086200e+00   2.4820700e+00  -5.3870700e+03
   5.9884500e+00  -1.8251300e+00   6.0217000e+00   2.7810100e+00   5.5071200e+00   2.4820100e+00  -5.3875400e+03
   5.9891700e+00  -1.8243400e+00   6.0229200e+00   2.7794600e+00   5.5061100e+00   2.4820000e+00  -5.3872300e+03
   5.9890300e+00  -1.8243200e+00   6.0229200e+00   2.7789000e+00   5.5075400e+00   2.4819400e+00  -5.3856500e+03
   5.9888700e+00  -1.8255400e+00   6.0225900e+00   2.7766200e+00   5.5089500e+00   2.4819500e+00  -5.3865400e+03
   5.9892100e+00  -1.8270100e+00   6.0222400e+00   2.7778300e+00   5.5057400e+00   2.4819600e+00  -5.3861000e+03
   5.9883300e+00  -1.8263500e+00   6.0224200e+00   2.7773700e+00   5.5088800e+00   2.4819500e+00  -5.3866200e+03
   5.9887400e+00  -1.8263900e+00   6.0223400e+00   2.7785900e+00   5.5080400e+00   2.4819300e+00  -5.3852000e+03
   5.9888400e+00  -1.8262000e+00   6.0228100e+00   2.7764900e+00   5.5089000e+00   2.4819500e+00  -5.3858600e+03
   5.9895000e+00  -1.8270100e+00   6.0225900e+00   2.7777600e+00   5.5075300e+00   2.4819600e+00  -5.3872600e+03
   5.9888600e+00  -1.8277700e+00   6.0225600e+00   2.7769600e+00   5.5066400e+00   2.4819900e+00  -5.3853600e+03
   5.9885900e+00  -1.8285200e+00   6.0217300e+00   2.7804000e+00   5.5053400e+00   2.4820100e+00  -5.3847900e+03
   5.9891700e+00  -1.8283300e+00   6.0225200e+00   2.7794000e+00   5.5064100e+00   2.4820000e+00  -5.3840600e+03
   5.9890300e+00  -1.8257400e+00   6.0227800e+00   2.7826500e+00   5.5080400e+00   2.4820700e+00  -5.3851300e+03
   5.9891700e+00  -1.8269700e+00   6.0227000e+00   2.7850100e+00   5.5055700e+00   2.4820600e+00  -5.3849200e+03
   5.9891500e+00  -1.8263000e+00   6.0225500e+00   2.7827500e+00   5.5067500e+00   2.4820400e+00  -5.3836800e+03
   5.9888800e+00  -1.8257100e+00   6.0227400e+00   2.7816000e+00   5.5081600e+00   2.4820900e+00  -5.3851100e+03
   5.9888000e+00  -1.8271900e+00   6.0217000e+00   2.7831000e+00   5.5052000e+00   2.4821100e+00  -5.3842400e+03
   5.9889000e+00  -1.8309900e+00   6.0217500e+00   2.7852200e+00   5.5048200e+00   2.4821300e+00  -5.3817400e+03
   5.9890300e+00  -1.8323400e+00   6.0222600e+00   2.7853400e+00   5.5068500e+00   2.4821100e+00  -5.3838200e+03
   5.9895800e+00  -1.8347600e+00   6.0216900e+00   2.7847000e+00   5.5032000e+00   2.4820900e+00  -5.3835000e+03
   5.9884000e+00  -1.8342100e+00   6.0215200e+00   2.7833300e+00   5.5037800e+00   2.4820600e+00  -5.3835700e+03
   5.9884500e+00  -1.8342900e+00   6.0222400e+00   2.7821500e+00   5.5067700e+00   2.4820600e+00  -5.3845600e+03
   5.9883200e+00  -1.8341100e+00   6.0218800e+00   2.7843500e+00   5.5047100e+00   2.4821000e+00  -5.3848600e+03
   5.9884300e+00  -1.8340500e+00   6.0212700e+00   2.7844600e+00   5.5057300e+00   2.4821200e+00  -5.3839300e+03
   5.9883200e+00  -1.8341900e+00   6.0214500e+00   2.7850700e+00   5.5043300e+00   2.4821100e+00  -5.3827300e+03
   5.9889500e+00  -1.8348300e+00   6.0219100e+00   2.7846800e+00   5.5040300e+00   2.4820800e+00  -5.3818200e+03
   5.9884400e+00  -1.8331100e+00   6.0222400e+00   2.7806200e+00   5.5072300e+00   2.4821100e+00  -5.3842700e+03
   5.9882900e+00  -1.8325400e+00   6.0213100e+00   2.7806800e+00   5.5044400e+00   2.4821200e+00  -5.3851700e+03
   5.9884400e+00  -1.8331900e+00   6.0213400e+00   2.7804500e+00   5.5056800e+00   2.4821300e+00  -5.3847100e+03
   5.9897100e+00  -1.8326100e+00   6.0218000e+00   2.7805900e+00   5.5043100e+00   2.4821100e+00  -5.3879000e+03
   5.9883100e+00  -1.8326000e+00   6.0220300e+00   2.7809600e+00   5.5057700e+00   2.4820700e+00  -5.3847300e+03
   5.9884500e+00  -1.8312900e+00   6.0212000e+00   2.7794500e+00   5.5039500e+00   2.4820900e+00  -5.3876300e+03
   5.9891500e+00  -1.8302200e+00   6.0226900e+00   2.7806600e+00   5.5068900e+00   2.4820600e+00  -5.3841900e+03
   5.9887300e+00  -1.8285300e+00   6.0222600e+00   2.7809800e+00   5.5072900e+00   2.4820700e+00  -5.3837200e+03
   5.9893100e+00  -1.8285600e+00   6.0225000e+00   2.7808100e+00   5.5065100e+00   2.4821000e+00  -5.3839100e+03
   5.9882400e+00  -1.8290600e+00   6.0223400e+00   2.7820800e+00   5.5069900e+00   2.4820700e+00  -5.3866200e+03
   5.9886300e+00  -1.8297200e+00   6.0218000e+00   2.7839800e+00   5.5056500e+00   2.4820200e+00  -5.3826900e+03
   5.9888200e+00  -1.8309300e+00   6.0221900e+00   2.7818300e+00   5.5073000e+00   2.4820200e+00  -5.3836400e+03
   5.9896200e+00  -1.8327000e+00   6.0219300e+00   2.7836400e+00   5.5041900e+00   2.4820100e+00  -5.3841200e+03
   5.9885800e+00  -1.8334000e+00   6.0216700e+00   2.7835700e+00   5.5039800e+00   2.4819900e+00  -5.3828300e+03
   5.9891500e+00  -1.8323300e+00   6.0215600e+00   2.7853000e+00   5.5039300e+00   2.4820100e+00  -5.3822100e+03
   5.9885700e+00  -1.8315000e+00   6.0219100e+00   2.7873800e+00   5.5056700e+00   2.4819900e+00  -5.3829400e+03
   5.9886900e+00  -1.8322800e+00   6.0217600e+00   2.7887000e+00   5.5057000e+00   2.4820000e+00  -5.3827000e+03
   5.9892700e+00  -1.8328000e+00   6.0215200e+00   2.7901600e+00   5.5021200e+00   2.4819500e+00  -5.3813200e+03
   5.9894800e+00  -1.8329800e+00   6.0218900e+00   2.7890700e+00   5.5031500e+00   2.4819400e+00  -5.3817000e+03
   5.9888500e+00  -1.8323800e+00   6.0213100e+00   2.7876900e+00   5.5041500e+00   2.4819100e+00  -5.3819800e+03
   5.9896900e+00  -1.8330800e+00   6.0218300e+00   2.7880200e+00   5.5029200e+00   2.4819000e+00  -5.3828000e+03
   5.9890300e+00  -1.8325100e+00   6.0214300e+00   2.7899800e+00   5.5036500e+00   2.4818600e+00  -5.3810100e+03
   5.9891800e+00  -1.8317600e+00   6.0215500e+00   2.7902500e+00   5.5033400e+00   2.4819000e+00  -5.3809800e+03
   5.9889500e+00  -1.8319400e+00   6.0218600e+00   2.7896900e+00   5.5045000e+00   2.4819000e+00  -5.3815300e+03
   5.9885200e+00  -1.8318100e+00   6.0212100e+00   2.7885100e+00   5.5027400e+00   2.4818300e+00  -5.3829500e+03
   5.9892000e+00  -1.8302100e+00   6.0219800e+00   2.7888000e+00   5.5037900e+00   2.4818200e+00  -5.3817700e+03
   5.9895800e+00  -1.8302400e+00   6.0223100e+00   2.7894000e+00   5.5053300e+00   2.4818100e+00  -5.3838100e+03
   5.9888600e+00  -1.8299600e+00   6.0216100e+00   2.7888300e+00   5.5041300e+00   2.4818000e+00  -5.3815400e+03
   5.9898800e+00  -1.8289800e+00   6.0224700e+00   2.7896200e+00   5.5034500e+00   2.4818300e+00  -5.3849700e+03
   5.9898300e+00  -1.8279200e+00   6.0221700e+00   2.7895000e+00   5.5033400e+00   2.4818200e+00  -5.3839200e+03
   5.9890500e+00  -1.8294500e+00   6.0219400e+00   2.7885500e+00   5.5044200e+00   2.4818100e+00  -5.3816600e+03
   5.9894100e+00  -1.8304200e+00   6.0210000e+00   2.7922200e+00   5.5008100e+00   2.4818000e+00  -5.3843800e+03
   5.9889500e+00  -1.8307300e+00   6.0206000e+00   2.7955200e+00   5.5001100e+00   2.4818100e+00  -5.3842200e+03
   5.9893100e+00  -1.8327200e+00   6.0210300e+00   2.7936200e+00   5.5009600e+00   2.4818000e+00  -5.3817900e+03
   5.9894900e+00  -1.8328000e+00   6.0212300e+00   2.7932400e+00   5.5025200e+00   2.4818100e+00  -5.3825100e+03
   5.9897300e+00  -1.8337800e+00   6.0220300e+00   2.7901700e+00   5.5041200e+00   2.4818000e+00  -5.3834700e+03
   5.9890300e+00  -1.8359200e+00   6.0210000e+00   2.7893500e+00   5.5027100e+00   2.4818100e+00  -5.3815000e+03
   5.9889600e+00  -1.8356700e+00   6.0210800e+00   2.7916300e+00   5.5039200e+00   2.4817900e+00  -5.3826100e+03
   5.9892900e+00  -1.8368900e+00   6.0215800e+00   2.7905000e+00   5.5019600e+00   2.4818100e+00  -5.3811200e+03
   5.9894500e+00  -1.8362800e+00   6.0217500e+00   2.7922600e+00   5.5025800e+00   2.4817900e+00  -5.3815400e+03
   5.9885500e+00  -1.8372900e+00   6.0209800e+00   2.7928100e+00   5.5039600e+00   2.4817700e+00  -5.3825000e+03
   5.9896800e+00  -1.8379400e+00   6.0214900e+00   2.7918600e+00   5.5009300e+00   2.4817800e+00  -5.3821800e+03
   5.9892400e+00  -1.8379600e+00   6.0213300e+00   2.7899900e+00   5.5025900e+00   2.4817800e+00  -5.3804000e+03
