   5.9891100e+00  -1.8128100e+00   6.0221000e+00   2.7831700e+00   5.5052900e+00   2.4309000e+00  -1.7986300e+03
   5.9869800e+00  -1.8075600e+00   6.0218900e+00   2.7826200e+00   5.5046000e+00   2.4316900e+00  -1.8004600e+03
   5.9882500e+00  -1.8104300e+00   6.0215800e+00   2.7851700e+00   5.5030800e+00   2.4311600e+00  -1.7972300e+03
   5.9870100e+00  -1.8088300e+00   6.0213800e+00   2.7841200e+00   5.5029200e+00   2.4297700e+00  -1.8006800e+03
   5.9890900e+00  -1.8080800e+00   6.0239400e+00   2.7790500e+00   5.5086600e+00   2.4292200e+00  -1.7998100e+03
   5.9876100e+00  -1.8074400e+00   6.0218800e+00   2.7771700e+00   5.5046700e+00   2.4292700e+00  -1.7990500e+03
   5.9877800e+00  -1.8079800e+00   6.0214200e+00   2.7790600e+00   5.5044600e+00   2.4291900e+00  -1.7991500e+03
   5.9879900e+00  -1.8068500e+00   6.0224600e+00   2.7811000e+00   5.5042800e+00   2.4282600e+00  -1.7984800e+03
   5.9889200e+00  -1.8069800e+00   6.0228400e+00   2.7816300e+00   5.5076600e+00   2.4281000e+00  -1.7982600e+03
   5.9889000e+00  -1.8080800e+00   6.0224500e+00   2.7799700e+00   5.5072100e+00   2.4281100e+00  -1.7990500e+03
   5.9874100e+00  -1.8079300e+00   6.0220800e+00   2.7806100e+00   5.5067900e+00   2.4273300e+00  -1.7972700e+03
   5.9874600e+00  -1.8083700e+00   6.0222600e+00   2.7839700e+00   5.5057200e+00   2.4265300e+00  -1.7976600e+03
   5.9877400e+00  -1.8130900e+00   6.0229200e+00   2.7824500e+00   5.5082400e+00   2.4264700e+00  -1.7985300e+03
   5.9880100e+00  -1.8164000e+00   6.0213800e+00   2.7808000e+00   5.5051700e+00   2.4263400e+00  -1.7976300e+03
   5.9882500e+00  -1.8140400e+00   6.0220600e+00   2.7836000e+00   5.5073900e+00   2.4258200e+00  -1.7980900e+03
   5.9887400e+00  -1.8126900e+00   6.0219100e+00   2.7820300e+00   5.5055000e+00   2.4267100e+00  -1.7984300e+03
   5.9875000e+00  -1.8116200e+00   6.0226600e+00   2.7817600e+00   5.5070200e+00   2.4262600e+00  -1.7980700e+03
   5.9879800e+00  -1.8100500e+00   6.0221900e+00   2.7830100e+00   5.5088400e+00   2.4253700e+00  -1.7988000e+03
   5.9889600e+00  -1.8069500e+00   6.0216700e+00   2.7856900e+00   5.5014700e+00   2.4236600e+00  -1.7997600e+03
   5.9885300e+00  -1.8070400e+00   6.0224900e+00   2.7838200e+00   5.5079600e+00   2.4239800e+00  -1.7984900e+03
   5.9877000e+00  -1.8061900e+00   6.0220800e+00   2.7816600e+00   5.5059600e+00   2.4235000e+00  -1.7971000e+03
   5.9884500e+00  -1.8073900e+00   6.0225500e+00   2.7830100e+00   5.5068800e+00   2.4242600e+00  -1.7972000e+03
   5.9878700e+00  -1.8085500e+00   6.0221100e+00   2.7807600e+00   5.5060300e+00   2.4251600e+00  -1.7968600e+03
   5.9870200e+00  -1.8079000e+00   6.0223800e+00   2.7801900e+00   5.5076900e+00   2.4249300e+00  -1.7984200e+03
   5.9883100e+00  -1.8088500e+00   6.0235500e+00   2.7780300e+00   5.5106200e+00   2.4244400e+00  -1.7995800e+03
   5.9877000e+00  -1.8095400e+00   6.0234500e+00   2.7758600e+00   5.5110200e+00   2.4234300e+00  -1.7994600e+03
   5.9868800e+00  -1.8080400e+00   6.0213900e+00   2.7753300e+00   5.5085800e+00   2.4234000e+00  -1.8005100e+03
   5.9879800e+00  -1.8084800e+00   6.0227100e+00   2.7764800e+00   5.5062700e+00   2.4222000e+00  -1.7977000e+03
   5.9874000e+00  -1.8072700e+00   6.0227800e+00   2.7747700e+00   5.5114000e+00   2.4210000e+00  -1.7992300e+03
   5.9868200e+00  -1.8099800e+00   6.0219200e+00   2.7760200e+00   5.5068500e+00   2.4207700e+00  -1.7985900e+03
   5.9878400e+00  -1.8092000e+00   6.0221100e+00   2.7762600e+00   5.5045100e+00   2.4199400e+00  -1.7984700e+03
   5.9871400e+00  -1.8121200e+00   6.0215300e+00   2.7775400e+00   5.5057500e+00   2.4206400e+00  -1.7979300e+03
   5.9874900e+00  -1.8168700e+00   6.0229500e+00   2.7761900e+00   5.5106200e+00   2.4211100e+00  -1.8002400e+03
   5.9886600e+00  -1.8201800e+00   6.0219900e+00   2.7797800e+00   5.5037200e+00   2.4209400e+00  -1.7982200e+03
   5.9881000e+00  -1.8201700e+00   6.0216100e+00   2.7813400e+00   5.5041000e+00   2.4217000e+00  -1.7970000e+03
   5.9875400e+00  -1.8200000e+00   6.0212900e+00   2.7773000e+00   5.5038700e+00   2.4217300e+00  -1.7976400e+03
   5.9873400e+00  -1.8196400e+00   6.0209600e+00   2.7783400e+00   5.5039300e+00   2.4211900e+00  -1.7980100e+03
   5.9874900e+00  -1.8163500e+00   6.0221000e+00   2.7787300e+00   5.5037600e+00   2.4201900e+00  -1.7990000e+03
   5.9860400e+00  -1.8187500e+00   6.0220400e+00   2.7790200e+00   5.5105600e+00   2.4200800e+00  -1.8033900e+03
   5.9869600e+00  -1.8198700e+00   6.0213000e+00   2.7790700e+00   5.5094300e+00   2.4206400e+00  -1.8016500e+03
   5.9874700e+00  -1.8193700e+00   6.0217000e+00   2.7795200e+00   5.5051800e+00   2.4210000e+00  -1.7970300e+03
   5.9876300e+00  -1.8193700e+00   6.0219500e+00   2.7752200e+00   5.5082400e+00   2.4194600e+00  -1.7986800e+03
   5.9875300e+00  -1.8192700e+00   6.0205500e+00   2.7761600e+00   5.5029600e+00   2.4204500e+00  -1.8006200e+03
   5.9872500e+00  -1.8168400e+00   6.0216300e+00   2.7754700e+00   5.5070600e+00   2.4192200e+00  -1.7978700e+03
   5.9875600e+00  -1.8176800e+00   6.0211000e+00   2.7780000e+00   5.5074400e+00   2.4196900e+00  -1.8010500e+03
   5.9871600e+00  -1.8168100e+00   6.0211300e+00   2.7784100e+00   5.5073100e+00   2.4198400e+00  -1.7994500e+03
   5.9874100e+00  -1.8155000e+00   6.0218800e+00   2.7778100e+00   5.5076700e+00   2.4199000e+00  -1.7977100e+03
   5.9870400e+00  -1.8180300e+00   6.0214300e+00   2.7779500e+00   5.5026600e+00   2.4197300e+00  -1.7999100e+03
   5.9883500e+00  -1.8176700e+00   6.0218400e+00   2.7815400e+00   5.5030400e+00   2.4188600e+00  -1.7976300e+03
   5.9868400e+00  -1.8142300e+00   6.0215200e+00   2.7791700e+00   5.5038900e+00   2.4181200e+00  -1.7994000e+03
   5.9873300e+00  -1.8116400e+00   6.0224900e+00   2.7774600e+00   5.5063100e+00   2.4196100e+00  -1.7983500e+03
   5.9877000e+00  -1.8123700e+00   6.0224600e+00   2.7775900e+00   5.5082900e+00   2.4198800e+00  -1.7975900e+03
   5.9861700e+00  -1.8135700e+00   6.0215500e+00   2.7781900e+00   5.5072600e+00   2.4207800e+00  -1.8003400e+03
   5.9874400e+00  -1.8139900e+00   6.0219700e+00   2.7806900e+00   5.5070000e+00   2.4218000e+00  -1.7971400e+03
   5.9871300e+00  -1.8175800e+00   6.0214700e+00   2.7770800e+00   5.5026000e+00   2.4201100e+00  -1.8000500e+03
   5.9877600e+00  -1.8211500e+00   6.0210400e+00   2.7764600e+00   5.5052000e+00   2.4205600e+00  -1.7992500e+03
   5.9872300e+00  -1.8182700e+00   6.0220800e+00   2.7789400e+00   5.5073400e+00   2.4205400e+00  -1.7978300e+03
   5.9877300e+00  -1.8194400e+00   6.0219300e+00   2.7775700e+00   5.5040000e+00   2.4199700e+00  -1.7978100e+03
   5.9872700e+00  -1.8210300e+00   6.0215700e+00   2.7802900e+00   5.5039700e+00   2.4212600e+00  -1.7976500e+03
   5.9885000e+00  -1.8205000e+00   6.0216100e+00   2.7797600e+00   5.5012900e+00   2.4216000e+00  -1.7990200e+03
   5.9873500e+00  -1.8257300e+00   6.0202800e+00   2.7833200e+00   5.5012900e+00   2.4212200e+00  -1.7981300e+03
   5.9871100e+00  -1.8220100e+00   6.0206200e+00   2.7808100e+00   5.5031500e+00   2.4205900e+00  -1.7980800e+03
   5.9874200e+00  -1.8205200e+00   6.0219700e+00   2.7797200e+00   5.5027900e+00   2.4203500e+00  -1.8000600e+03
   5.9868200e+00  -1.8196400e+00   6.0214000e+00   2.7778300e+00   5.5046500e+00   2.4205500e+00  -1.7984300e+03
   5.9884500e+00  -1.8203100e+00   6.0216400e+00   2.7763200e+00   5.5062300e+00   2.4205300e+00  -1.8004300e+03
   5.9877500e+00  -1.8188400e+00   6.0218700e+00   2.7733200e+00   5.5060600e+00   2.4200000e+00  -1.7978200e+03
   5.9874000e+00  -1.8221300e+00   6.0224200e+00   2.7683900e+00   5.5085300e+00   2.4202100e+00  -1.7986500e+03
   5.9873400e+00  -1.8190700e+00   6.0225600e+00   2.7667500e+00   5.5051100e+00   2.4189000e+00  -1.8021000e+03
   5.9869800e+00  -1.8201800e+00   6.0215000e+00   2.7682800e+00   5.5078200e+00   2.4190200e+00  -1.7993200e+03
   5.9867400e+00  -1.8215100e+00   6.0219700e+00   2.7668300e+00   5.5070600e+00   2.4173200e+00  -1.7996100e+03
   5.9867300e+00  -1.8211500e+00   6.0214100e+00   2.7667400e+00   5.5072400e+00   2.4184400e+00  -1.7996900e+03
   5.9876900e+00  -1.8211600e+00   6.0217700e+00   2.7613200e+00   5.5066400e+00   2.4188600e+00  -1.8018500e+03
   5.9873700e+00  -1.8192600e+00   6.0228300e+00   2.7584700e+00   5.5113600e+00   2.4202300e+00  -1.8006200e+03
   5.9869600e+00  -1.8188100e+00   6.0228300e+00   2.7541600e+00   5.5113800e+00   2.4200800e+00  -1.8013400e+03
   5.9870000e+00  -1.8121200e+00   6.0235400e+00   2.7531900e+00   5.5156700e+00   2.4198500e+00  -1.8029300e+03
   5.9881200e+00  -1.8096000e+00   6.0235900e+00   2.7507800e+00   5.5120300e+00   2.4203300e+00  -1.8041400e+03
   5.9871600e+00  -1.8115800e+00   6.0234300e+00   2.7532200e+00   5.5126000e+00   2.4225600e+00  -1.8014000e+03
   5.9853200e+00  -1.8139700e+00   6.0240700e+00   2.7540500e+00   5.5163300e+00   2.4233300e+00  -1.8111200e+03
   5.9870000e+00  -1.8148000e+00   6.0232200e+00   2.7567500e+00   5.5137500e+00   2.4239700e+00  -1.8010400e+03
   5.9887000e+00  -1.8139500e+00   6.0243100e+00   2.7597100e+00   5.5106600e+00   2.4237900e+00  -1.8028900e+03
   5.9869500e+00  -1.8163500e+00   6.0225500e+00   2.7635300e+00   5.5109100e+00   2.4245100e+00  -1.7993100e+03
   5.9871700e+00  -1.8174400e+00   6.0223100e+00   2.7658900e+00   5.5094500e+00   2.4247100e+00  -1.7986400e+03
   5.9871400e+00  -1.8208300e+00   6.0227500e+00   2.7646300e+00   5.5101500e+00   2.4252100e+00  -1.7991800e+03
   5.9883600e+00  -1.8192300e+00   6.0222200e+00   2.7660000e+00   5.5089500e+00   2.4261000e+00  -1.8016900e+03
   5.9868100e+00  -1.8195800e+00   6.0226000e+00   2.7668200e+00   5.5094600e+00   2.4262400e+00  -1.7994600e+03
   5.9865200e+00  -1.8206800e+00   6.0217300e+00   2.7659200e+00   5.5072400e+00   2.4253600e+00  -1.8002600e+03
   5.9877700e+00  -1.8217800e+00   6.0229100e+00   2.7700200e+00   5.5090600e+00   2.4254300e+00  -1.7988200e+03
   5.9870000e+00  -1.8253000e+00   6.0215000e+00   2.7729400e+00   5.5046500e+00   2.4254600e+00  -1.7986800e+03
   5.9876700e+00  -1.8263200e+00   6.0215500e+00   2.7712500e+00   5.5042400e+00   2.4235800e+00  -1.7984800e+03
   5.9877800e+00  -1.8283800e+00   6.0207500e+00   2.7721500e+00   5.5030400e+00   2.4244500e+00  -1.8000200e+03
   5.9874500e+00  -1.8304900e+00   6.0208100e+00   2.7746700e+00   5.5036500e+00   2.4264900e+00  -1.7981300e+03
   5.9869300e+00  -1.8313600e+00   6.0203000e+00   2.7772200e+00   5.5027900e+00   2.4272500e+00  -1.7986300e+03
   5.9877400e+00  -1.8339500e+00   6.0212800e+00   2.7767600e+00   5.5041300e+00   2.4268300e+00  -1.7976200e+03
   5.9880800e+00  -1.8315400e+00   6.0213200e+00   2.7796000e+00   5.5039500e+00   2.4273000e+00  -1.7974200e+03
   5.9876300e+00  -1.8288900e+00   6.0212400e+00   2.7798600e+00   5.5031500e+00   2.4272600e+00  -1.7969700e+03
   5.9873100e+00  -1.8295600e+00   6.0212800e+00   2.7797200e+00   5.5042700e+00   2.4273900e+00  -1.7972200e+03
   5.9876100e+00  -1.8272000e+00   6.0212900e+00   2.7753700e+00   5.5038300e+00   2.4279300e+00  -1.7974400e+03
   5.9882100e+00  -1.8242600e+00   6.0224500e+00   2.7741100e+00   5.5056000e+00   2.4272600e+00  -1.7980400e+03
   5.9881100e+00  -1.8260100e+00   6.0217800e+00   2.7740600e+00   5.5054100e+00   2.4264900e+00  -1.7977800e+03
   5.9882900e+00  -1.8239600e+00   6.0215500e+00   2.7762000e+00   5.5055100e+00   2.4283400e+00  -1.7982600e+03
   5.9872600e+00  -1.8228600e+00   6.0211700e+00   2.7741600e+00   5.5074500e+00   2.4290200e+00  -1.7989800e+03
   5.9865400e+00  -1.8261100e+00   6.0216300e+00   2.7754200e+00   5.5064400e+00   2.4285300e+00  -1.7994000e+03
   5.9886500e+00  -1.8236500e+00   6.0222400e+00   2.7782100e+00   5.5055400e+00   2.4282100e+00  -1.7979000e+03
   5.9872500e+00  -1.8261100e+00   6.0209000e+00   2.7782100e+00   5.5035900e+00   2.4279000e+00  -1.7974700e+03
   5.9883200e+00  -1.8260100e+00   6.0219100e+00   2.7776900e+00   5.5051500e+00   2.4267400e+00  -1.7975700e+03
   5.9870800e+00  -1.8241900e+00   6.0214500e+00   2.7804400e+00   5.5058700e+00   2.4264200e+00  -1.7974600e+03
   5.9889600e+00  -1.8229500e+00   6.0217400e+00   2.7815700e+00   5.5023100e+00   2.4264600e+00  -1.7984400e+03
   5.9876200e+00  -1.8242900e+00   6.0207000e+00   2.7818700e+00   5.5041100e+00   2.4256700e+00  -1.7979500e+03
   5.9876600e+00  -1.8232800e+00   6.0221400e+00   2.7817600e+00   5.5036200e+00   2.4252000e+00  -1.7989700e+03
   5.9880400e+00  -1.8211700e+00   6.0217000e+00   2.7810700e+00   5.5034600e+00   2.4246300e+00  -1.7968800e+03
   5.9885800e+00  -1.8232400e+00   6.0222500e+00   2.7820600e+00   5.5050800e+00   2.4255400e+00  -1.7978600e+03
   5.9878400e+00  -1.8226800e+00   6.0216400e+00   2.7818000e+00   5.5041600e+00   2.4252100e+00  -1.7966400e+03
   5.9879100e+00  -1.8232800e+00   6.0217400e+00   2.7823400e+00   5.5056000e+00   2.4253400e+00  -1.7970600e+03
   5.9872900e+00  -1.8267200e+00   6.0208300e+00   2.7835400e+00   5.5026600e+00   2.4248000e+00  -1.7970400e+03
   5.9885700e+00  -1.8274200e+00   6.0211000e+00   2.7820900e+00   5.5004800e+00   2.4239200e+00  -1.7985300e+03
   5.9872200e+00  -1.8247300e+00   6.0207000e+00   2.7826400e+00   5.5040100e+00   2.4230900e+00  -1.7975300e+03
   5.9870700e+00  -1.8235500e+00   6.0219300e+00   2.7824000e+00   5.5083200e+00   2.4235200e+00  -1.7999000e+03
   5.9872000e+00  -1.8188700e+00   6.0209600e+00   2.7799700e+00   5.5004200e+00   2.4233700e+00  -1.8014000e+03
   5.9878400e+00  -1.8166000e+00   6.0216100e+00   2.7779300e+00   5.5030600e+00   2.4238400e+00  -1.7981200e+03
   5.9888800e+00  -1.8187500e+00   6.0219700e+00   2.7766100e+00   5.5047000e+00   2.4248900e+00  -1.7994100e+03
   5.9867300e+00  -1.8198800e+00   6.0211400e+00   2.7789000e+00   5.5039300e+00   2.4253100e+00  -1.7989700e+03
   5.9878400e+00  -1.8230000e+00   6.0221100e+00   2.7821000e+00   5.5022500e+00   2.4251700e+00  -1.7998600e+03
   5.9886700e+00  -1.8230600e+00   6.0220100e+00   2.7842800e+00   5.5044400e+00   2.4260900e+00  -1.7976200e+03
   5.9876800e+00  -1.8240300e+00   6.0222600e+00   2.7860900e+00   5.5040800e+00   2.4268300e+00  -1.7996600e+03
   5.9885500e+00  -1.8270800e+00   6.0212900e+00   2.7889900e+00   5.4976900e+00   2.4277700e+00  -1.8002600e+03
   5.9882600e+00  -1.8266700e+00   6.0201000e+00   2.7901600e+00   5.4954100e+00   2.4278300e+00  -1.8014400e+03
   5.9870500e+00  -1.8246500e+00   6.0201200e+00   2.7867500e+00   5.4994100e+00   2.4276900e+00  -1.7995900e+03
   5.9880700e+00  -1.8272800e+00   6.0203900e+00   2.7852500e+00   5.5011300e+00   2.4276000e+00  -1.7978100e+03
   5.9887400e+00  -1.8301200e+00   6.0211800e+00   2.7857900e+00   5.5022300e+00   2.4292600e+00  -1.7977200e+03
   5.9878400e+00  -1.8316600e+00   6.0206900e+00   2.7854100e+00   5.5029400e+00   2.4294700e+00  -1.7969300e+03
   5.9869500e+00  -1.8320800e+00   6.0218300e+00   2.7836900e+00   5.5067200e+00   2.4308500e+00  -1.8009800e+03
   5.9886400e+00  -1.8331700e+00   6.0210500e+00   2.7843400e+00   5.5014800e+00   2.4309900e+00  -1.7974500e+03
   5.9879700e+00  -1.8294400e+00   6.0214700e+00   2.7871200e+00   5.5035400e+00   2.4326100e+00  -1.7966000e+03
   5.9873500e+00  -1.8303900e+00   6.0198100e+00   2.7860100e+00   5.4976800e+00   2.4329200e+00  -1.8003200e+03
   5.9881700e+00  -1.8298800e+00   6.0221800e+00   2.7866000e+00   5.5050300e+00   2.4340500e+00  -1.7985200e+03
   5.9880200e+00  -1.8311600e+00   6.0211600e+00   2.7864000e+00   5.5024800e+00   2.4330600e+00  -1.7962200e+03
   5.9883000e+00  -1.8313600e+00   6.0207300e+00   2.7906100e+00   5.4989100e+00   2.4339900e+00  -1.7967400e+03
   5.9887900e+00  -1.8309500e+00   6.0218700e+00   2.7917500e+00   5.5040100e+00   2.4327600e+00  -1.7991200e+03
   5.9884500e+00  -1.8320200e+00   6.0208700e+00   2.7880900e+00   5.5027300e+00   2.4326000e+00  -1.7973500e+03
   5.9882500e+00  -1.8322800e+00   6.0212900e+00   2.7887800e+00   5.5002800e+00   2.4331000e+00  -1.7974000e+03
   5.9877300e+00  -1.8357100e+00   6.0196900e+00   2.7908800e+00   5.4984400e+00   2.4334000e+00  -1.7971900e+03
   5.9875500e+00  -1.8349300e+00   6.0195600e+00   2.7887700e+00   5.5003000e+00   2.4334100e+00  -1.7980500e+03
   5.9869900e+00  -1.8362500e+00   6.0207800e+00   2.7878900e+00   5.5032200e+00   2.4328000e+00  -1.7984500e+03
   5.9874500e+00  -1.8338900e+00   6.0206200e+00   2.7888700e+00   5.5021400e+00   2.4333700e+00  -1.7966600e+03
   5.9884300e+00  -1.8334100e+00   6.0212600e+00   2.7899000e+00   5.5027000e+00   2.4345200e+00  -1.7969400e+03
   5.9879700e+00  -1.8331800e+00   6.0205300e+00   2.7877900e+00   5.4982300e+00   2.4351000e+00  -1.7979600e+03
   5.9871200e+00  -1.8350700e+00   6.0207500e+00   2.7858400e+00   5.5008400e+00   2.4343300e+00  -1.7987000e+03
   5.9877200e+00  -1.8310500e+00   6.0209900e+00   2.7855100e+00   5.5022800e+00   2.4325300e+00  -1.7963300e+03
   5.9874400e+00  -1.8307100e+00   6.0211900e+00   2.7842600e+00   5.5019800e+00   2.4318300e+00  -1.7976400e+03
   5.9885200e+00  -1.8319700e+00   6.0208900e+00   2.7838200e+00   5.4991600e+00   2.4320100e+00  -1.7981600e+03
   5.9878600e+00  -1.8323900e+00   6.0210200e+00   2.7828200e+00   5.4988800e+00   2.4308600e+00  -1.8000100e+03
   5.9879700e+00  -1.8303100e+00   6.0201700e+00   2.7840500e+00   5.4999600e+00   2.4320500e+00  -1.7980500e+03
   5.9880500e+00  -1.8317600e+00   6.0199100e+00   2.7866500e+00   5.5000500e+00   2.4318900e+00  -1.7983100e+03
   5.9876100e+00  -1.8297400e+00   6.0204300e+00   2.7842700e+00   5.5022200e+00   2.4308300e+00  -1.7969600e+03
   5.9870500e+00  -1.8273400e+00   6.0199400e+00   2.7867800e+00   5.5015800e+00   2.4305100e+00  -1.7982000e+03
   5.9877700e+00  -1.8315300e+00   6.0203400e+00   2.7855600e+00   5.5024100e+00   2.4322900e+00  -1.7971900e+03
   5.9883600e+00  -1.8326500e+00   6.0210400e+00   2.7845500e+00   5.5042500e+00   2.4322400e+00  -1.7982600e+03
   5.9878800e+00  -1.8349500e+00   6.0205700e+00   2.7839100e+00   5.5015300e+00   2.4326300e+00  -1.7966300e+03
   5.9890600e+00  -1.8321300e+00   6.0219400e+00   2.7843500e+00   5.5016300e+00   2.4329400e+00  -1.7986400e+03
   5.9883600e+00  -1.8329300e+00   6.0209500e+00   2.7850700e+00   5.5022900e+00   2.4327500e+00  -1.7968100e+03
   5.9870100e+00  -1.8348200e+00   6.0203000e+00   2.7813600e+00   5.4988600e+00   2.4324400e+00  -1.8011100e+03
   5.9871400e+00  -1.8359300e+00   6.0204800e+00   2.7806900e+00   5.5031700e+00   2.4322900e+00  -1.7973400e+03
   5.9886000e+00  -1.8357500e+00   6.0212400e+00   2.7801800e+00   5.5016200e+00   2.4316800e+00  -1.7979800e+03
   5.9877900e+00  -1.8360700e+00   6.0214800e+00   2.7797100e+00   5.5028400e+00   2.4320500e+00  -1.7978400e+03
   5.9874800e+00  -1.8371300e+00   6.0202700e+00   2.7778800e+00   5.5020100e+00   2.4309000e+00  -1.7980400e+03
   5.9883700e+00  -1.8357200e+00   6.0219500e+00   2.7780000e+00   5.5052500e+00   2.4302100e+00  -1.7989800e+03
   5.9883200e+00  -1.8355900e+00   6.0214200e+00   2.7769900e+00   5.5060600e+00   2.4302100e+00  -1.8000400e+03
   5.9871800e+00  -1.8357800e+00   6.0207400e+00   2.7778300e+00   5.5031400e+00   2.4289800e+00  -1.7976400e+03
   5.9877900e+00  -1.8348300e+00   6.0216800e+00   2.7776400e+00   5.5018700e+00   2.4291200e+00  -1.7998100e+03
   5.9882300e+00  -1.8348200e+00   6.0211900e+00   2.7769100e+00   5.5038500e+00   2.4278100e+00  -1.7984500e+03
   5.9874900e+00  -1.8385300e+00   6.0201300e+00   2.7770100e+00   5.5018100e+00   2.4275200e+00  -1.7988700e+03
   5.9865500e+00  -1.8412500e+00   6.0201000e+00   2.7786600e+00   5.5028500e+00   2.4275800e+00  -1.7991700e+03
   5.9885600e+00  -1.8402700e+00   6.0212800e+00   2.7815100e+00   5.5017600e+00   2.4269500e+00  -1.7992700e+03
   5.9863500e+00  -1.8382700e+00   6.0202000e+00   2.7821500e+00   5.5036100e+00   2.4263000e+00  -1.7996900e+03
   5.9863800e+00  -1.8374200e+00   6.0201100e+00   2.7784800e+00   5.5044400e+00   2.4278700e+00  -1.7996800e+03
   5.9876300e+00  -1.8316000e+00   6.0220300e+00   2.7775900e+00   5.5052000e+00   2.4271300e+00  -1.7986700e+03
   5.9870900e+00  -1.8295600e+00   6.0207800e+00   2.7774900e+00   5.5043300e+00   2.4283300e+00  -1.7976300e+03
   5.9877100e+00  -1.8299000e+00   6.0213600e+00   2.7775000e+00   5.5051000e+00   2.4278200e+00  -1.7972500e+03
   5.9871400e+00  -1.8289300e+00   6.0212900e+00   2.7770200e+00   5.5091500e+00   2.4271200e+00  -1.8013600e+03
   5.9866400e+00  -1.8308200e+00   6.0204000e+00   2.7778400e+00   5.5038600e+00   2.4270700e+00  -1.7986900e+03
   5.9893400e+00  -1.8312700e+00   6.0215900e+00   2.7781100e+00   5.5008000e+00   2.4272900e+00  -1.8014300e+03
   5.9861500e+00  -1.8342000e+00   6.0207000e+00   2.7832600e+00   5.5022000e+00   2.4266900e+00  -1.8025800e+03
   5.9872800e+00  -1.8328300e+00   6.0202800e+00   2.7807500e+00   5.5004700e+00   2.4277100e+00  -1.7983600e+03
   5.9879100e+00  -1.8353100e+00   6.0211900e+00   2.7784000e+00   5.5048600e+00   2.4267500e+00  -1.7984400e+03
   5.9858900e+00  -1.8327000e+00   6.0208400e+00   2.7783300e+00   5.5042100e+00   2.4271400e+00  -1.8026000e+03
   5.9866400e+00  -1.8320300e+00   6.0209400e+00   2.7780600e+00   5.5080200e+00   2.4271100e+00  -1.8007200e+03
   5.9862500e+00  -1.8318500e+00   6.0210700e+00   2.7777300e+00   5.5076200e+00   2.4269300e+00  -1.8007300e+03
   5.9868200e+00  -1.8303300e+00   6.0205200e+00   2.7780200e+00   5.5037900e+00   2.4259600e+00  -1.7982400e+03
   5.9880900e+00  -1.8336700e+00   6.0217400e+00   2.7763400e+00   5.5051600e+00   2.4264900e+00  -1.7984400e+03
   5.9868800e+00  -1.8361100e+00   6.0218300e+00   2.7711300e+00   5.5047000e+00   2.4270500e+00  -1.8015600e+03
   5.9870000e+00  -1.8367900e+00   6.0216400e+00   2.7703200e+00   5.5078200e+00   2.4274500e+00  -1.7997700e+03
   5.9872500e+00  -1.8396700e+00   6.0208600e+00   2.7723900e+00   5.5055300e+00   2.4264600e+00  -1.7993300e+03
   5.9875000e+00  -1.8417500e+00   6.0207400e+00   2.7677700e+00   5.4997400e+00   2.4276500e+00  -1.8037300e+03
   5.9867900e+00  -1.8405400e+00   6.0199800e+00   2.7718900e+00   5.5026500e+00   2.4283000e+00  -1.8001500e+03
   5.9861500e+00  -1.8378800e+00   6.0194000e+00   2.7736800e+00   5.5032900e+00   2.4279800e+00  -1.8025500e+03
   5.9875800e+00  -1.8387000e+00   6.0206600e+00   2.7754500e+00   5.5045100e+00   2.4281300e+00  -1.7989900e+03
   5.9879400e+00  -1.8417300e+00   6.0201900e+00   2.7755400e+00   5.5034400e+00   2.4277600e+00  -1.8015800e+03
   5.9878000e+00  -1.8425700e+00   6.0213900e+00   2.7769600e+00   5.5030800e+00   2.4272300e+00  -1.7994700e+03
   5.9870200e+00  -1.8415300e+00   6.0210400e+00   2.7787400e+00   5.5015900e+00   2.4275000e+00  -1.8008500e+03
   5.9877300e+00  -1.8401600e+00   6.0204100e+00   2.7801600e+00   5.5002700e+00   2.4268000e+00  -1.7982300e+03
   5.9877100e+00  -1.8406000e+00   6.0202900e+00   2.7801800e+00   5.5027300e+00   2.4252300e+00  -1.7991400e+03
   5.9865400e+00  -1.8417400e+00   6.0204700e+00   2.7805300e+00   5.5006300e+00   2.4268300e+00  -1.8016000e+03
   5.9871700e+00  -1.8433600e+00   6.0200100e+00   2.7836800e+00   5.5050900e+00   2.4277800e+00  -1.8023500e+03
   5.9872000e+00  -1.8419400e+00   6.0199300e+00   2.7861400e+00   5.5029700e+00   2.4265200e+00  -1.7995400e+03
   5.9881800e+00  -1.8403200e+00   6.0209000e+00   2.7869800e+00   5.5008400e+00   2.4277200e+00  -1.7980800e+03
   5.9878800e+00  -1.8448100e+00   6.0206700e+00   2.7839300e+00   5.4999400e+00   2.4283800e+00  -1.7987500e+03
   5.9876800e+00  -1.8448000e+00   6.0200800e+00   2.7859900e+00   5.5025500e+00   2.4299500e+00  -1.7993700e+03
   5.9884800e+00  -1.8478600e+00   6.0195700e+00   2.7868900e+00   5.4986600e+00   2.4302600e+00  -1.8004200e+03
   5.9885000e+00  -1.8455200e+00   6.0199800e+00   2.7870700e+00   5.5000100e+00   2.4307500e+00  -1.7996900e+03
   5.9877500e+00  -1.8480200e+00   6.0195400e+00   2.7881300e+00   5.4975100e+00   2.4313400e+00  -1.7981700e+03
   5.9865700e+00  -1.8477900e+00   6.0197700e+00   2.7886200e+00   5.5030600e+00   2.4317500e+00  -1.8011500e+03
   5.9878400e+00  -1.8453100e+00   6.0204000e+00   2.7905500e+00   5.4976500e+00   2.4313500e+00  -1.7993800e+03
   5.9892500e+00  -1.8452900e+00   6.0202700e+00   2.7902600e+00   5.4947200e+00   2.4307200e+00  -1.8018000e+03
   5.9869500e+00  -1.8461800e+00   6.0205100e+00   2.7886600e+00   5.5015700e+00   2.4315500e+00  -1.8005600e+03
   5.9866900e+00  -1.8462000e+00   6.0189300e+00   2.7880500e+00   5.4988900e+00   2.4318200e+00  -1.7994400e+03
   5.9877900e+00  -1.8445100e+00   6.0209100e+00   2.7871400e+00   5.5028800e+00   2.4325700e+00  -1.7991100e+03
   5.9876200e+00  -1.8437000e+00   6.0198700e+00   2.7861300e+00   5.4973100e+00   2.4321300e+00  -1.7987600e+03
   5.9871400e+00  -1.8429600e+00   6.0199000e+00   2.7846500e+00   5.5002200e+00   2.4324000e+00  -1.7978000e+03
   5.9880000e+00  -1.8404800e+00   6.0211200e+00   2.7858500e+00   5.5020700e+00   2.4334800e+00  -1.7977100e+03
   5.9887900e+00  -1.8375400e+00   6.0215100e+00   2.7869300e+00   5.4994500e+00   2.4324200e+00  -1.7994700e+03
   5.9886100e+00  -1.8379500e+00   6.0212000e+00   2.7903200e+00   5.5033600e+00   2.4318000e+00  -1.7996400e+03
   5.9876900e+00  -1.8366400e+00   6.0191800e+00   2.7907000e+00   5.4971600e+00   2.4317700e+00  -1.7989100e+03
   5.9874000e+00  -1.8364300e+00   6.0202300e+00   2.7888600e+00   5.5013100e+00   2.4307200e+00  -1.7969500e+03
   5.9864200e+00  -1.8403600e+00   6.0192300e+00   2.7903800e+00   5.4991600e+00   2.4309400e+00  -1.7998900e+03
   5.9885300e+00  -1.8408100e+00   6.0203600e+00   2.7873200e+00   5.5013100e+00   2.4309400e+00  -1.7990800e+03
   5.9876100e+00  -1.8414200e+00   6.0195700e+00   2.7885400e+00   5.4988200e+00   2.4307400e+00  -1.7976300e+03
   5.9877700e+00  -1.8388000e+00   6.0204800e+00   2.7920600e+00   5.4994100e+00   2.4297400e+00  -1.7975100e+03
   5.9890700e+00  -1.8390100e+00   6.0205400e+00   2.7911000e+00   5.4990700e+00   2.4309200e+00  -1.7988600e+03
   5.9881500e+00  -1.8381100e+00   6.0195400e+00   2.7929600e+00   5.5006800e+00   2.4311000e+00  -1.8002200e+03
   5.9883400e+00  -1.8366000e+00   6.0215900e+00   2.7937300e+00   5.5002200e+00   2.4307300e+00  -1.8005600e+03
   5.9884300e+00  -1.8391600e+00   6.0216400e+00   2.7906100e+00   5.5010600e+00   2.4307800e+00  -1.8003500e+03
   5.9876200e+00  -1.8369300e+00   6.0216100e+00   2.7886800e+00   5.5043100e+00   2.4311500e+00  -1.8003000e+03
   5.9872900e+00  -1.8378100e+00   6.0191500e+00   2.7872200e+00   5.4985300e+00   2.4305600e+00  -1.7993000e+03
   5.9869900e+00  -1.8394000e+00   6.0202700e+00   2.7878400e+00   5.4998600e+00   2.4305100e+00  -1.7988700e+03
   5.9873100e+00  -1.8403500e+00   6.0194300e+00   2.7907300e+00   5.5000500e+00   2.4295300e+00  -1.7981200e+03
   5.9875200e+00  -1.8400200e+00   6.0205400e+00   2.7900300e+00   5.5002400e+00   2.4290000e+00  -1.7980100e+03
   5.9877800e+00  -1.8415600e+00   6.0197300e+00   2.7916400e+00   5.4976700e+00   2.4283900e+00  -1.7975500e+03
   5.9877100e+00  -1.8426600e+00   6.0201400e+00   2.7927100e+00   5.4971100e+00   2.4298000e+00  -1.7988800e+03
   5.9880300e+00  -1.8434700e+00   6.0199300e+00   2.7940200e+00   5.4960600e+00   2.4293400e+00  -1.7985800e+03
   5.9885600e+00  -1.8464900e+00   6.0193500e+00   2.7906600e+00   5.4965800e+00   2.4285300e+00  -1.8000900e+03
   5.9891800e+00  -1.8491400e+00   6.0199500e+00   2.7918000e+00   5.4959400e+00   2.4289300e+00  -1.8012800e+03
   5.9873500e+00  -1.8460100e+00   6.0188100e+00   2.7909500e+00   5.4964400e+00   2.4304200e+00  -1.7990800e+03
   5.9865100e+00  -1.8472800e+00   6.0193700e+00   2.7855200e+00   5.4978000e+00   2.4309900e+00  -1.8011900e+03
   5.9885600e+00  -1.8441000e+00   6.0212500e+00   2.7846500e+00   5.5006300e+00   2.4310400e+00  -1.7995500e+03
   5.9874700e+00  -1.8473600e+00   6.0205600e+00   2.7860500e+00   5.5021300e+00   2.4319300e+00  -1.7990800e+03
   5.9877700e+00  -1.8524300e+00   6.0195600e+00   2.7870400e+00   5.4964800e+00   2.4322600e+00  -1.7992600e+03
   5.9877400e+00  -1.8521400e+00   6.0197400e+00   2.7879900e+00   5.4977200e+00   2.4330600e+00  -1.7985800e+03
   5.9884900e+00  -1.8561900e+00   6.0198800e+00   2.7870300e+00   5.4977800e+00   2.4329100e+00  -1.8002500e+03
   5.9871200e+00  -1.8564300e+00   6.0195300e+00   2.7867000e+00   5.4972900e+00   2.4320000e+00  -1.8006200e+03
   5.9883100e+00  -1.8570700e+00   6.0201600e+00   2.7879100e+00   5.4980700e+00   2.4328200e+00  -1.8006000e+03
   5.9873300e+00  -1.8563700e+00   6.0191200e+00   2.7859700e+00   5.4995700e+00   2.4311700e+00  -1.8002100e+03
   5.9868500e+00  -1.8581700e+00   6.0194900e+00   2.7899700e+00   5.4995700e+00   2.4313100e+00  -1.8014800e+03
   5.9869300e+00  -1.8580800e+00   6.0182600e+00   2.7899600e+00   5.4982100e+00   2.4313700e+00  -1.8016700e+03
   5.9890500e+00  -1.8529400e+00   6.0204800e+00   2.7909600e+00   5.4988300e+00   2.4318900e+00  -1.8019000e+03
   5.9880200e+00  -1.8531100e+00   6.0188300e+00   2.7924400e+00   5.4955400e+00   2.4320000e+00  -1.7993700e+03
   5.9874200e+00  -1.8533800e+00   6.0189700e+00   2.7888400e+00   5.4965700e+00   2.4310400e+00  -1.7991700e+03
   5.9870400e+00  -1.8526200e+00   6.0196500e+00   2.7876800e+00   5.4982500e+00   2.4317500e+00  -1.7998200e+03
   5.9885000e+00  -1.8528800e+00   6.0204300e+00   2.7869300e+00   5.4980900e+00   2.4327500e+00  -1.8001200e+03
   5.9871000e+00  -1.8535800e+00   6.0196700e+00   2.7840700e+00   5.4990000e+00   2.4327100e+00  -1.7993600e+03
   5.9882500e+00  -1.8511200e+00   6.0203600e+00   2.7828200e+00   5.4982400e+00   2.4329700e+00  -1.7996200e+03
   5.9873900e+00  -1.8505700e+00   6.0203900e+00   2.7798500e+00   5.5028300e+00   2.4328200e+00  -1.7992600e+03
   5.9875300e+00  -1.8530200e+00   6.0204700e+00   2.7798200e+00   5.5031700e+00   2.4321000e+00  -1.8004300e+03
   5.9867900e+00  -1.8557800e+00   6.0198500e+00   2.7810100e+00   5.4999800e+00   2.4314000e+00  -1.8008600e+03
   5.9877500e+00  -1.8560700e+00   6.0191700e+00   2.7812400e+00   5.4973500e+00   2.4324200e+00  -1.8004700e+03
   5.9877300e+00  -1.8581500e+00   6.0202500e+00   2.7780000e+00   5.5042600e+00   2.4310000e+00  -1.8044400e+03
   5.9866900e+00  -1.8557200e+00   6.0190500e+00   2.7786200e+00   5.4963700e+00   2.4309100e+00  -1.8033300e+03
   5.9870300e+00  -1.8553600e+00   6.0190400e+00   2.7822100e+00   5.4975200e+00   2.4313800e+00  -1.8002800e+03
   5.9872300e+00  -1.8546400e+00   6.0189000e+00   2.7817500e+00   5.4980900e+00   2.4319600e+00  -1.8003100e+03
   5.9881800e+00  -1.8559800e+00   6.0212700e+00   2.7796200e+00   5.5039100e+00   2.4308500e+00  -1.8045100e+03
   5.9859500e+00  -1.8579500e+00   6.0181900e+00   2.7767500e+00   5.4948400e+00   2.4308000e+00  -1.8087900e+03
   5.9874300e+00  -1.8582300e+00   6.0193100e+00   2.7795300e+00   5.5008600e+00   2.4305500e+00  -1.8017000e+03
   5.9865500e+00  -1.8577300e+00   6.0192100e+00   2.7813400e+00   5.5005300e+00   2.4307000e+00  -1.8010200e+03
   5.9876500e+00  -1.8567300e+00   6.0196400e+00   2.7837700e+00   5.4975400e+00   2.4310000e+00  -1.8000200e+03
   5.9884300e+00  -1.8592700e+00   6.0201300e+00   2.7857100e+00   5.4965100e+00   2.4303200e+00  -1.8024600e+03
   5.9876100e+00  -1.8571800e+00   6.0191800e+00   2.7852200e+00   5.4977700e+00   2.4303600e+00  -1.7999000e+03
   5.9873500e+00  -1.8568600e+00   6.0199700e+00   2.7843000e+00   5.4986400e+00   2.4318900e+00  -1.8006600e+03
   5.9881900e+00  -1.8569400e+00   6.0197500e+00   2.7853700e+00   5.4971900e+00   2.4317300e+00  -1.8002200e+03
   5.9879200e+00  -1.8590800e+00   6.0192500e+00   2.7835900e+00   5.4970600e+00   2.4322900e+00  -1.8004700e+03
   5.9866200e+00  -1.8556000e+00   6.0192600e+00   2.7858000e+00   5.4977400e+00   2.4332500e+00  -1.8010900e+03
   5.9868300e+00  -1.8565700e+00   6.0197800e+00   2.7860600e+00   5.4976400e+00   2.4341100e+00  -1.8026900e+03
   5.9875400e+00  -1.8565600e+00   6.0183300e+00   2.7864200e+00   5.4962900e+00   2.4334400e+00  -1.8014000e+03
   5.9879200e+00  -1.8567700e+00   6.0197100e+00   2.7873000e+00   5.4997100e+00   2.4337600e+00  -1.7999300e+03
   5.9875200e+00  -1.8589400e+00   6.0203500e+00   2.7875700e+00   5.4992300e+00   2.4333900e+00  -1.8025800e+03
   5.9875700e+00  -1.8601400e+00   6.0195200e+00   2.7888900e+00   5.4981900e+00   2.4336200e+00  -1.8001800e+03
   5.9877500e+00  -1.8652400e+00   6.0183200e+00   2.7854300e+00   5.4984200e+00   2.4336600e+00  -1.8050100e+03
   5.9865700e+00  -1.8642800e+00   6.0178500e+00   2.7810100e+00   5.4945700e+00   2.4328700e+00  -1.8046800e+03
   5.9883800e+00  -1.8645800e+00   6.0193900e+00   2.7815400e+00   5.4980300e+00   2.4326000e+00  -1.8033100e+03
   5.9873900e+00  -1.8625600e+00   6.0196900e+00   2.7807000e+00   5.5021900e+00   2.4330600e+00  -1.8029200e+03
   5.9878800e+00  -1.8626800e+00   6.0202900e+00   2.7809900e+00   5.4995700e+00   2.4329900e+00  -1.8024100e+03
   5.9876400e+00  -1.8635300e+00   6.0194100e+00   2.7809200e+00   5.4984300e+00   2.4322100e+00  -1.8013100e+03
   5.9876000e+00  -1.8639500e+00   6.0188400e+00   2.7792100e+00   5.4964200e+00   2.4315700e+00  -1.8024400e+03
   5.9869400e+00  -1.8647600e+00   6.0192200e+00   2.7792100e+00   5.5016700e+00   2.4320700e+00  -1.8032500e+03
   5.9865800e+00  -1.8618300e+00   6.0175900e+00   2.7838600e+00   5.4972900e+00   2.4310300e+00  -1.8049300e+03
   5.9877500e+00  -1.8592700e+00   6.0196700e+00   2.7848000e+00   5.4970300e+00   2.4301900e+00  -1.8009100e+03
   5.9874600e+00  -1.8605900e+00   6.0190100e+00   2.7839200e+00   5.4962600e+00   2.4303500e+00  -1.8009300e+03
   5.9867700e+00  -1.8609200e+00   6.0194100e+00   2.7821100e+00   5.4984700e+00   2.4301900e+00  -1.8018500e+03
   5.9875800e+00  -1.8632300e+00   6.0185900e+00   2.7842000e+00   5.4946100e+00   2.4304200e+00  -1.8022400e+03
   5.9866500e+00  -1.8602500e+00   6.0191200e+00   2.7792700e+00   5.4983300e+00   2.4300400e+00  -1.8017400e+03
   5.9875200e+00  -1.8632700e+00   6.0194200e+00   2.7822100e+00   5.4976600e+00   2.4308200e+00  -1.8014100e+03
   5.9861500e+00  -1.8630400e+00   6.0188700e+00   2.7823800e+00   5.5023800e+00   2.4306200e+00  -1.8049300e+03
   5.9872600e+00  -1.8623000e+00   6.0190200e+00   2.7838800e+00   5.4956500e+00   2.4304800e+00  -1.8018600e+03
   5.9857800e+00  -1.8610900e+00   6.0185200e+00   2.7808200e+00   5.4991800e+00   2.4308000e+00  -1.8038400e+03
   5.9883300e+00  -1.8618800e+00   6.0203900e+00   2.7780800e+00   5.4993800e+00   2.4308900e+00  -1.8032000e+03
   5.9875800e+00  -1.8622200e+00   6.0197400e+00   2.7809000e+00   5.5011300e+00   2.4313800e+00  -1.8022800e+03
   5.9875200e+00  -1.8620600e+00   6.0192300e+00   2.7795300e+00   5.4979600e+00   2.4303500e+00  -1.8014200e+03
   5.9869800e+00  -1.8607400e+00   6.0192700e+00   2.7806700e+00   5.4972400e+00   2.4291900e+00  -1.8019100e+03
   5.9873700e+00  -1.8593800e+00   6.0192900e+00   2.7793500e+00   5.5010800e+00   2.4298300e+00  -1.8022200e+03
   5.9871600e+00  -1.8576500e+00   6.0197500e+00   2.7786200e+00   5.4967800e+00   2.4302000e+00  -1.8033500e+03
   5.9883400e+00  -1.8554700e+00   6.0210400e+00   2.7820300e+00   5.5013800e+00   2.4289200e+00  -1.8031700e+03
   5.9875900e+00  -1.8560700e+00   6.0194100e+00   2.7778000e+00   5.4950900e+00   2.4286900e+00  -1.8041600e+03
   5.9863600e+00  -1.8554200e+00   6.0190100e+00   2.7792100e+00   5.5003200e+00   2.4285800e+00  -1.8014000e+03
   5.9876600e+00  -1.8518200e+00   6.0202800e+00   2.7803300e+00   5.4971500e+00   2.4276600e+00  -1.8024500e+03
   5.9868000e+00  -1.8488200e+00   6.0197600e+00   2.7781900e+00   5.5018200e+00   2.4271800e+00  -1.7997000e+03
   5.9874300e+00  -1.8466800e+00   6.0204900e+00   2.7808100e+00   5.5025300e+00   2.4275400e+00  -1.7990400e+03
   5.9882100e+00  -1.8445300e+00   6.0213700e+00   2.7810000e+00   5.5006600e+00   2.4273500e+00  -1.8007900e+03
   5.9879300e+00  -1.8433500e+00   6.0202500e+00   2.7820800e+00   5.5033400e+00   2.4272700e+00  -1.8007600e+03
   5.9879100e+00  -1.8406400e+00   6.0199300e+00   2.7810700e+00   5.4995700e+00   2.4267500e+00  -1.7990500e+03
   5.9871500e+00  -1.8428200e+00   6.0198800e+00   2.7846600e+00   5.5015100e+00   2.4266700e+00  -1.7983900e+03
   5.9868700e+00  -1.8392100e+00   6.0190300e+00   2.7883800e+00   5.4977000e+00   2.4268400e+00  -1.7997700e+03
   5.9885700e+00  -1.8388200e+00   6.0202600e+00   2.7862900e+00   5.4995700e+00   2.4279000e+00  -1.7987600e+03
   5.9874200e+00  -1.8381900e+00   6.0203300e+00   2.7825700e+00   5.5026700e+00   2.4286000e+00  -1.7976800e+03
   5.9873000e+00  -1.8370500e+00   6.0204200e+00   2.7845000e+00   5.5007500e+00   2.4279000e+00  -1.7975800e+03
   5.9875400e+00  -1.8350700e+00   6.0200600e+00   2.7873900e+00   5.4991600e+00   2.4279200e+00  -1.7974600e+03
   5.9874200e+00  -1.8373200e+00   6.0196800e+00   2.7895700e+00   5.4990200e+00   2.4272800e+00  -1.7975700e+03
   5.9878400e+00  -1.8366400e+00   6.0205900e+00   2.7874800e+00   5.5024700e+00   2.4279400e+00  -1.7975700e+03
   5.9865400e+00  -1.8388300e+00   6.0191500e+00   2.7916300e+00   5.4987500e+00   2.4258300e+00  -1.7996400e+03
   5.9879300e+00  -1.8414300e+00   6.0209700e+00   2.7930900e+00   5.5022500e+00   2.4272500e+00  -1.8003200e+03
   5.9875200e+00  -1.8422600e+00   6.0195200e+00   2.7906900e+00   5.4989400e+00   2.4271900e+00  -1.7978700e+03
   5.9877400e+00  -1.8486400e+00   6.0201400e+00   2.7943700e+00   5.4980000e+00   2.4281100e+00  -1.7997300e+03
   5.9874100e+00  -1.8526800e+00   6.0188100e+00   2.7955400e+00   5.4972800e+00   2.4286300e+00  -1.7994700e+03
   5.9891900e+00  -1.8513800e+00   6.0198400e+00   2.7947900e+00   5.4981500e+00   2.4293700e+00  -1.8032600e+03
   5.9867100e+00  -1.8527100e+00   6.0190700e+00   2.7956600e+00   5.4980900e+00   2.4284400e+00  -1.8007500e+03
   5.9865400e+00  -1.8544400e+00   6.0185200e+00   2.7957600e+00   5.4962800e+00   2.4292800e+00  -1.8010900e+03
   5.9880700e+00  -1.8557800e+00   6.0194800e+00   2.7994900e+00   5.4977100e+00   2.4298100e+00  -1.8011700e+03
   5.9888700e+00  -1.8582600e+00   6.0183000e+00   2.8025600e+00   5.4917200e+00   2.4291400e+00  -1.8026200e+03
   5.9868100e+00  -1.8578000e+00   6.0175000e+00   2.8036300e+00   5.4944700e+00   2.4287900e+00  -1.8023500e+03
   5.9870700e+00  -1.8552000e+00   6.0182500e+00   2.8038600e+00   5.4933000e+00   2.4288600e+00  -1.8009500e+03
   5.9882900e+00  -1.8536600e+00   6.0197900e+00   2.8032200e+00   5.4955400e+00   2.4284100e+00  -1.8017100e+03
   5.9885800e+00  -1.8518500e+00   6.0196600e+00   2.7981700e+00   5.4987200e+00   2.4290600e+00  -1.8020000e+03
   5.9876300e+00  -1.8479500e+00   6.0200100e+00   2.7962800e+00   5.4983200e+00   2.4289700e+00  -1.7994400e+03
   5.9883900e+00  -1.8496300e+00   6.0181600e+00   2.7943600e+00   5.4907500e+00   2.4285400e+00  -1.8045200e+03
   5.9866400e+00  -1.8499600e+00   6.0190700e+00   2.7918900e+00   5.4966700e+00   2.4286800e+00  -1.8008200e+03
   5.9875300e+00  -1.8500900e+00   6.0190100e+00   2.7915600e+00   5.4972500e+00   2.4292200e+00  -1.7987500e+03
   5.9878900e+00  -1.8499500e+00   6.0199900e+00   2.7897300e+00   5.5007900e+00   2.4292900e+00  -1.7998000e+03
   5.9861300e+00  -1.8500400e+00   6.0190600e+00   2.7899300e+00   5.4975900e+00   2.4298800e+00  -1.8026100e+03
   5.9870800e+00  -1.8504900e+00   6.0191100e+00   2.7920300e+00   5.4974700e+00   2.4305500e+00  -1.7988900e+03
   5.9881700e+00  -1.8493300e+00   6.0191500e+00   2.7929000e+00   5.4958600e+00   2.4315900e+00  -1.7987000e+03
   5.9871600e+00  -1.8520900e+00   6.0201700e+00   2.7932200e+00   5.4963800e+00   2.4320200e+00  -1.8048300e+03
   5.9877300e+00  -1.8498200e+00   6.0190600e+00   2.7892900e+00   5.4987900e+00   2.4322000e+00  -1.7994900e+03
   5.9881400e+00  -1.8476200e+00   6.0196700e+00   2.7890600e+00   5.4955200e+00   2.4326900e+00  -1.7992700e+03
   5.9879700e+00  -1.8479500e+00   6.0198300e+00   2.7901600e+00   5.4978700e+00   2.4317600e+00  -1.7979100e+03
   5.9878500e+00  -1.8439200e+00   6.0203800e+00   2.7884200e+00   5.5007500e+00   2.4328000e+00  -1.7974600e+03
   5.9895200e+00  -1.8396500e+00   6.0213600e+00   2.7869400e+00   5.4995600e+00   2.4334000e+00  -1.8004400e+03
   5.9878300e+00  -1.8449600e+00   6.0201400e+00   2.7862500e+00   5.5024500e+00   2.4335100e+00  -1.7988700e+03
   5.9885100e+00  -1.8407700e+00   6.0209100e+00   2.7873800e+00   5.5016800e+00   2.4343600e+00  -1.7977400e+03
   5.9879400e+00  -1.8400000e+00   6.0203300e+00   2.7870900e+00   5.5006600e+00   2.4334800e+00  -1.7967700e+03
   5.9867300e+00  -1.8377600e+00   6.0210900e+00   2.7843000e+00   5.5043300e+00   2.4331600e+00  -1.8000800e+03
   5.9873700e+00  -1.8395500e+00   6.0199000e+00   2.7886400e+00   5.5064700e+00   2.4332600e+00  -1.8065100e+03
   5.9885400e+00  -1.8391300e+00   6.0196400e+00   2.7893100e+00   5.4966900e+00   2.4339000e+00  -1.7990100e+03
   5.9871100e+00  -1.8385400e+00   6.0207300e+00   2.7892100e+00   5.5024900e+00   2.4336600e+00  -1.7985500e+03
   5.9873900e+00  -1.8373300e+00   6.0198900e+00   2.7920400e+00   5.4994500e+00   2.4335100e+00  -1.7969300e+03
   5.9888100e+00  -1.8334400e+00   6.0197300e+00   2.7913400e+00   5.4991800e+00   2.4330000e+00  -1.8007000e+03
   5.9880800e+00  -1.8322200e+00   6.0205500e+00   2.7905500e+00   5.5013400e+00   2.4328500e+00  -1.7963000e+03
   5.9888600e+00  -1.8288600e+00   6.0218100e+00   2.7867300e+00   5.5011100e+00   2.4329200e+00  -1.7977700e+03
   5.9875700e+00  -1.8262200e+00   6.0206300e+00   2.7870300e+00   5.5047700e+00   2.4332900e+00  -1.7978900e+03
   5.9891400e+00  -1.8262700e+00   6.0212200e+00   2.7830900e+00   5.5033900e+00   2.4335300e+00  -1.8000000e+03
   5.9882300e+00  -1.8299200e+00   6.0215900e+00   2.7786400e+00   5.5049300e+00   2.4341800e+00  -1.7969000e+03
   5.9879500e+00  -1.8333800e+00   6.0205800e+00   2.7799300e+00   5.5027000e+00   2.4347000e+00  -1.7974100e+03
   5.9872600e+00  -1.8325100e+00   6.0202000e+00   2.7822800e+00   5.5008900e+00   2.4339100e+00  -1.7978000e+03
   5.9891700e+00  -1.8305200e+00   6.0222400e+00   2.7826900e+00   5.5018800e+00   2.4348400e+00  -1.7991700e+03
   5.9889900e+00  -1.8321900e+00   6.0208700e+00   2.7842200e+00   5.4993600e+00   2.4355700e+00  -1.7984700e+03
   5.9866600e+00  -1.8289700e+00   6.0213100e+00   2.7788400e+00   5.5060500e+00   2.4356900e+00  -1.7986100e+03
   5.9880000e+00  -1.8268000e+00   6.0220600e+00   2.7793400e+00   5.5036700e+00   2.4348000e+00  -1.7975800e+03
   5.9875200e+00  -1.8254500e+00   6.0225400e+00   2.7802500e+00   5.5076900e+00   2.4353500e+00  -1.7989700e+03
   5.9876900e+00  -1.8260900e+00   6.0206900e+00   2.7835200e+00   5.5046700e+00   2.4347000e+00  -1.7976900e+03
   5.9878400e+00  -1.8257800e+00   6.0203600e+00   2.7822600e+00   5.5041700e+00   2.4349300e+00  -1.7996100e+03
   5.9878400e+00  -1.8311300e+00   6.0216000e+00   2.7843900e+00   5.5040100e+00   2.4342100e+00  -1.7969000e+03
   5.9875600e+00  -1.8303700e+00   6.0213000e+00   2.7847600e+00   5.5036800e+00   2.4331000e+00  -1.7967000e+03
   5.9867800e+00  -1.8330900e+00   6.0203200e+00   2.7830100e+00   5.5033800e+00   2.4343700e+00  -1.7978900e+03
   5.9883600e+00  -1.8284800e+00   6.0211000e+00   2.7779200e+00   5.5058100e+00   2.4343700e+00  -1.7998900e+03
   5.9891500e+00  -1.8268600e+00   6.0219000e+00   2.7792900e+00   5.5056100e+00   2.4340300e+00  -1.8000400e+03
   5.9870800e+00  -1.8281800e+00   6.0208200e+00   2.7777500e+00   5.5057400e+00   2.4344600e+00  -1.7978400e+03
   5.9883400e+00  -1.8227000e+00   6.0224900e+00   2.7789600e+00   5.5040900e+00   2.4343100e+00  -1.7979900e+03
   5.9886100e+00  -1.8238200e+00   6.0226400e+00   2.7753700e+00   5.5049900e+00   2.4345200e+00  -1.7980600e+03
   5.9886100e+00  -1.8250400e+00   6.0227700e+00   2.7738400e+00   5.5080400e+00   2.4345500e+00  -1.7985400e+03
   5.9887700e+00  -1.8256000e+00   6.0217900e+00   2.7703900e+00   5.5064300e+00   2.4344700e+00  -1.8008500e+03
   5.9888800e+00  -1.8249200e+00   6.0226500e+00   2.7692500e+00   5.5060600e+00   2.4336500e+00  -1.7994200e+03
   5.9878700e+00  -1.8244400e+00   6.0217400e+00   2.7705400e+00   5.5045100e+00   2.4314200e+00  -1.7983600e+03
   5.9871100e+00  -1.8241900e+00   6.0222600e+00   2.7726800e+00   5.5109600e+00   2.4339800e+00  -1.7997400e+03
   5.9873300e+00  -1.8223600e+00   6.0225400e+00   2.7719600e+00   5.5073200e+00   2.4341000e+00  -1.7985600e+03
   5.9887900e+00  -1.8253300e+00   6.0234700e+00   2.7732100e+00   5.5088200e+00   2.4347600e+00  -1.8005800e+03
   5.9886100e+00  -1.8225500e+00   6.0226600e+00   2.7760300e+00   5.5035700e+00   2.4344200e+00  -1.7993800e+03
   5.9872900e+00  -1.8227900e+00   6.0212400e+00   2.7747800e+00   5.5100700e+00   2.4340000e+00  -1.8024600e+03
   5.9873300e+00  -1.8248900e+00   6.0220000e+00   2.7766300e+00   5.5070400e+00   2.4344300e+00  -1.7972800e+03
   5.9877200e+00  -1.8256900e+00   6.0216500e+00   2.7777000e+00   5.5062700e+00   2.4341400e+00  -1.7966500e+03
   5.9870900e+00  -1.8240400e+00   6.0216900e+00   2.7758400e+00   5.5042800e+00   2.4352100e+00  -1.7990800e+03
   5.9878100e+00  -1.8218000e+00   6.0220000e+00   2.7761100e+00   5.5081300e+00   2.4354300e+00  -1.7972200e+03
   5.9885400e+00  -1.8234600e+00   6.0223400e+00   2.7754900e+00   5.5060400e+00   2.4351400e+00  -1.7971500e+03
   5.9891800e+00  -1.8227900e+00   6.0230600e+00   2.7745500e+00   5.5088400e+00   2.4343300e+00  -1.8009200e+03
   5.9878900e+00  -1.8257400e+00   6.0219800e+00   2.7750500e+00   5.5044000e+00   2.4339400e+00  -1.7974200e+03
   5.9879000e+00  -1.8274000e+00   6.0217000e+00   2.7765800e+00   5.5037300e+00   2.4338200e+00  -1.7971100e+03
   5.9879200e+00  -1.8288000e+00   6.0213800e+00   2.7783700e+00   5.5061000e+00   2.4334100e+00  -1.7975100e+03
   5.9873700e+00  -1.8314200e+00   6.0208500e+00   2.7781800e+00   5.5069100e+00   2.4330500e+00  -1.7993700e+03
   5.9869600e+00  -1.8311300e+00   6.0208600e+00   2.7757000e+00   5.5053900e+00   2.4318000e+00  -1.7978800e+03
   5.9873400e+00  -1.8300600e+00   6.0210400e+00   2.7738900e+00   5.5032700e+00   2.4322100e+00  -1.7981100e+03
   5.9882700e+00  -1.8287900e+00   6.0212900e+00   2.7775800e+00   5.5059600e+00   2.4323400e+00  -1.7990200e+03
   5.9879700e+00  -1.8303100e+00   6.0216600e+00   2.7789000e+00   5.5027300e+00   2.4322900e+00  -1.7975600e+03
   5.9884800e+00  -1.8334400e+00   6.0232800e+00   2.7797400e+00   5.5086100e+00   2.4314500e+00  -1.8051600e+03
   5.9877100e+00  -1.8326400e+00   6.0205700e+00   2.7820800e+00   5.5011600e+00   2.4320100e+00  -1.7970200e+03
   5.9875100e+00  -1.8352100e+00   6.0203100e+00   2.7840100e+00   5.5028900e+00   2.4315900e+00  -1.7973800e+03
   5.9881400e+00  -1.8385800e+00   6.0209300e+00   2.7799000e+00   5.5022900e+00   2.4308000e+00  -1.7976300e+03
   5.9873600e+00  -1.8391700e+00   6.0210100e+00   2.7811000e+00   5.5034800e+00   2.4315200e+00  -1.7977900e+03
   5.9875200e+00  -1.8419500e+00   6.0198600e+00   2.7788200e+00   5.4967000e+00   2.4319600e+00  -1.8023800e+03
   5.9866000e+00  -1.8405900e+00   6.0203100e+00   2.7767100e+00   5.5038000e+00   2.4315800e+00  -1.7989200e+03
   5.9869700e+00  -1.8444300e+00   6.0205700e+00   2.7804200e+00   5.5023100e+00   2.4307200e+00  -1.7989400e+03
   5.9875000e+00  -1.8437400e+00   6.0197500e+00   2.7811400e+00   5.5008500e+00   2.4304300e+00  -1.7986400e+03
   5.9863800e+00  -1.8437800e+00   6.0196300e+00   2.7818400e+00   5.5033200e+00   2.4292700e+00  -1.8003400e+03
   5.9882300e+00  -1.8435500e+00   6.0200700e+00   2.7802500e+00   5.5008900e+00   2.4291200e+00  -1.7999500e+03
   5.9880800e+00  -1.8395600e+00   6.0209300e+00   2.7799800e+00   5.5057000e+00   2.4292800e+00  -1.8012800e+03
   5.9877000e+00  -1.8383100e+00   6.0206300e+00   2.7834700e+00   5.5021700e+00   2.4292400e+00  -1.7972300e+03
   5.9882600e+00  -1.8381700e+00   6.0209100e+00   2.7868500e+00   5.5028900e+00   2.4303600e+00  -1.7981800e+03
   5.9881600e+00  -1.8388100e+00   6.0206000e+00   2.7864100e+00   5.5020700e+00   2.4294700e+00  -1.7979100e+03
   5.9882800e+00  -1.8390900e+00   6.0213700e+00   2.7850400e+00   5.5017100e+00   2.4294700e+00  -1.7985200e+03
   5.9880600e+00  -1.8363600e+00   6.0213100e+00   2.7845900e+00   5.5018600e+00   2.4292900e+00  -1.7977600e+03
   5.9890400e+00  -1.8359400e+00   6.0213500e+00   2.7826400e+00   5.4998700e+00   2.4303000e+00  -1.7994500e+03
   5.9878700e+00  -1.8394400e+00   6.0202100e+00   2.7848500e+00   5.4986700e+00   2.4298900e+00  -1.7978900e+03
   5.9886200e+00  -1.8401300e+00   6.0204100e+00   2.7849200e+00   5.5009000e+00   2.4304400e+00  -1.7991000e+03
   5.9883700e+00  -1.8378300e+00   6.0204300e+00   2.7858500e+00   5.5011300e+00   2.4307700e+00  -1.7978900e+03
   5.9880200e+00  -1.8357000e+00   6.0207200e+00   2.7849700e+00   5.5026600e+00   2.4308500e+00  -1.7971600e+03
   5.9877600e+00  -1.8385500e+00   6.0216200e+00   2.7836300e+00   5.5019500e+00   2.4310100e+00  -1.8001100e+03
   5.9873600e+00  -1.8400100e+00   6.0207900e+00   2.7835200e+00   5.4997600e+00   2.4318400e+00  -1.7997600e+03
   5.9891300e+00  -1.8419200e+00   6.0210500e+00   2.7856300e+00   5.4995400e+00   2.4314800e+00  -1.7997700e+03
   5.9881000e+00  -1.8454100e+00   6.0197300e+00   2.7866300e+00   5.4973900e+00   2.4332600e+00  -1.7982400e+03
   5.9877200e+00  -1.8432500e+00   6.0202900e+00   2.7883300e+00   5.4980300e+00   2.4327000e+00  -1.7984700e+03
   5.9878700e+00  -1.8435200e+00   6.0200000e+00   2.7838800e+00   5.4991400e+00   2.4334300e+00  -1.7976700e+03
   5.9883900e+00  -1.8400200e+00   6.0202800e+00   2.7860100e+00   5.5046600e+00   2.4338100e+00  -1.8039500e+03
   5.9873500e+00  -1.8400000e+00   6.0206000e+00   2.7847900e+00   5.5021800e+00   2.4340700e+00  -1.7972600e+03
   5.9882000e+00  -1.8385400e+00   6.0202000e+00   2.7864100e+00   5.5013300e+00   2.4350000e+00  -1.7976200e+03
   5.9877400e+00  -1.8373800e+00   6.0202300e+00   2.7875800e+00   5.4989200e+00   2.4349400e+00  -1.7970900e+03
   5.9862600e+00  -1.8426700e+00   6.0183000e+00   2.7891300e+00   5.4977900e+00   2.4348100e+00  -1.8025500e+03
   5.9879300e+00  -1.8410100e+00   6.0204100e+00   2.7900300e+00   5.4973800e+00   2.4352000e+00  -1.7986200e+03
   5.9881900e+00  -1.8413400e+00   6.0198800e+00   2.7911000e+00   5.5003000e+00   2.4344900e+00  -1.7978600e+03
   5.9887600e+00  -1.8393400e+00   6.0211800e+00   2.7882400e+00   5.5015700e+00   2.4341100e+00  -1.7981000e+03
   5.9884600e+00  -1.8408000e+00   6.0204100e+00   2.7864500e+00   5.5015400e+00   2.4328600e+00  -1.7985300e+03
   5.9882800e+00  -1.8399500e+00   6.0196400e+00   2.7902000e+00   5.4977800e+00   2.4323200e+00  -1.7980200e+03
   5.9868800e+00  -1.8390700e+00   6.0197000e+00   2.7878600e+00   5.5008700e+00   2.4326000e+00  -1.7980000e+03
   5.9867700e+00  -1.8387100e+00   6.0196300e+00   2.7879100e+00   5.4994200e+00   2.4323300e+00  -1.7987300e+03
   5.9881800e+00  -1.8394900e+00   6.0197500e+00   2.7862000e+00   5.5011200e+00   2.4324200e+00  -1.7999200e+03
   5.9867700e+00  -1.8368900e+00   6.0210000e+00   2.7824400e+00   5.5039700e+00   2.4330800e+00  -1.7991200e+03
   5.9883400e+00  -1.8331300e+00   6.0216500e+00   2.7845400e+00   5.5045000e+00   2.4349300e+00  -1.7973500e+03
   5.9881600e+00  -1.8343900e+00   6.0209200e+00   2.7875500e+00   5.5041300e+00   2.4351800e+00  -1.7978100e+03
   5.9889600e+00  -1.8350400e+00   6.0198900e+00   2.7881000e+00   5.4972100e+00   2.4355200e+00  -1.8003000e+03
   5.9867000e+00  -1.8329700e+00   6.0209900e+00   2.7893800e+00   5.5027100e+00   2.4346500e+00  -1.8005900e+03
   5.9891300e+00  -1.8372900e+00   6.0205900e+00   2.7895600e+00   5.4971100e+00   2.4353700e+00  -1.7988200e+03
   5.9877300e+00  -1.8325000e+00   6.0207700e+00   2.7897600e+00   5.5024200e+00   2.4360600e+00  -1.7961800e+03
   5.9881200e+00  -1.8277100e+00   6.0201200e+00   2.7882000e+00   5.5003400e+00   2.4356500e+00  -1.7976000e+03
   5.9879100e+00  -1.8273100e+00   6.0210900e+00   2.7897700e+00   5.5023700e+00   2.4364100e+00  -1.7958000e+03
   5.9882900e+00  -1.8263000e+00   6.0210500e+00   2.7928900e+00   5.4986600e+00   2.4369700e+00  -1.7975700e+03
   5.9892100e+00  -1.8249100e+00   6.0212800e+00   2.7954400e+00   5.4965400e+00   2.4378500e+00  -1.7997400e+03
   5.9883600e+00  -1.8256800e+00   6.0199700e+00   2.7978300e+00   5.4992300e+00   2.4379200e+00  -1.7970500e+03
   5.9875000e+00  -1.8273800e+00   6.0195200e+00   2.7978400e+00   5.4981100e+00   2.4379800e+00  -1.7979600e+03
   5.9887100e+00  -1.8230900e+00   6.0206700e+00   2.7980600e+00   5.5009900e+00   2.4377400e+00  -1.7965600e+03
   5.9897400e+00  -1.8213600e+00   6.0213100e+00   2.7998100e+00   5.5018300e+00   2.4379800e+00  -1.7996700e+03
   5.9896200e+00  -1.8228300e+00   6.0222600e+00   2.7977200e+00   5.5009200e+00   2.4396500e+00  -1.7985600e+03
   5.9887500e+00  -1.8206900e+00   6.0217200e+00   2.7953800e+00   5.4991900e+00   2.4395800e+00  -1.7983100e+03
   5.9878100e+00  -1.8232400e+00   6.0215500e+00   2.7932000e+00   5.5056300e+00   2.4394800e+00  -1.7975500e+03
   5.9881400e+00  -1.8257200e+00   6.0207900e+00   2.7932000e+00   5.5014400e+00   2.4405000e+00  -1.7954800e+03
   5.9895400e+00  -1.8284300e+00   6.0212800e+00   2.7938800e+00   5.4988700e+00   2.4403300e+00  -1.7975400e+03
   5.9876000e+00  -1.8269000e+00   6.0198800e+00   2.7915500e+00   5.4987400e+00   2.4392900e+00  -1.7980200e+03
   5.9887300e+00  -1.8291900e+00   6.0204200e+00   2.7908800e+00   5.4983000e+00   2.4400500e+00  -1.7972000e+03
   5.9885500e+00  -1.8277200e+00   6.0213500e+00   2.7930100e+00   5.5026500e+00   2.4398700e+00  -1.7958800e+03
   5.9895800e+00  -1.8256400e+00   6.0226800e+00   2.7901100e+00   5.5006300e+00   2.4397600e+00  -1.8010600e+03
   5.9871300e+00  -1.8218800e+00   6.0201800e+00   2.7910100e+00   5.5025400e+00   2.4401900e+00  -1.7982000e+03
   5.9874800e+00  -1.8229800e+00   6.0212800e+00   2.7898500e+00   5.5023200e+00   2.4403500e+00  -1.7972800e+03
   5.9880900e+00  -1.8244000e+00   6.0202600e+00   2.7876700e+00   5.5017200e+00   2.4390200e+00  -1.7979000e+03
   5.9888500e+00  -1.8266000e+00   6.0220900e+00   2.7853800e+00   5.5048500e+00   2.4386400e+00  -1.7969600e+03
   5.9896200e+00  -1.8301300e+00   6.0217800e+00   2.7832700e+00   5.5014000e+00   2.4386300e+00  -1.7991900e+03
   5.9869100e+00  -1.8271600e+00   6.0210400e+00   2.7840100e+00   5.5020900e+00   2.4385700e+00  -1.7995700e+03
   5.9867200e+00  -1.8285800e+00   6.0208500e+00   2.7844000e+00   5.5039200e+00   2.4386700e+00  -1.7983500e+03
   5.9883000e+00  -1.8269100e+00   6.0214600e+00   2.7841400e+00   5.5053500e+00   2.4395100e+00  -1.7965600e+03
   5.9892800e+00  -1.8275700e+00   6.0225500e+00   2.7849500e+00   5.5031100e+00   2.4385900e+00  -1.7986100e+03
   5.9887200e+00  -1.8279300e+00   6.0215600e+00   2.7851200e+00   5.5014000e+00   2.4379800e+00  -1.7965900e+03
   5.9882400e+00  -1.8312200e+00   6.0214900e+00   2.7867500e+00   5.5028900e+00   2.4383700e+00  -1.7961100e+03
   5.9875000e+00  -1.8311200e+00   6.0209200e+00   2.7890100e+00   5.5037900e+00   2.4376500e+00  -1.7966300e+03
   5.9883200e+00  -1.8334700e+00   6.0204600e+00   2.7902600e+00   5.4996500e+00   2.4381200e+00  -1.7960300e+03
   5.9881200e+00  -1.8350400e+00   6.0204700e+00   2.7902400e+00   5.5044800e+00   2.4391600e+00  -1.7996800e+03
   5.9887800e+00  -1.8365400e+00   6.0211000e+00   2.7910500e+00   5.5014700e+00   2.4396500e+00  -1.7967300e+03
   5.9877100e+00  -1.8398300e+00   6.0204600e+00   2.7907700e+00   5.5010600e+00   2.4394000e+00  -1.7964300e+03
   5.9878500e+00  -1.8420400e+00   6.0195800e+00   2.7907400e+00   5.4982600e+00   2.4389100e+00  -1.7968300e+03
   5.9878600e+00  -1.8408500e+00   6.0193700e+00   2.7892900e+00   5.4977800e+00   2.4385600e+00  -1.7978000e+03
   5.9883000e+00  -1.8372900e+00   6.0199800e+00   2.7904100e+00   5.5010100e+00   2.4382600e+00  -1.7977900e+03
   5.9883200e+00  -1.8369400e+00   6.0204800e+00   2.7921100e+00   5.4977700e+00   2.4393300e+00  -1.7969200e+03
   5.9889900e+00  -1.8359900e+00   6.0210200e+00   2.7939500e+00   5.5009100e+00   2.4395800e+00  -1.7970900e+03
   5.9893800e+00  -1.8321200e+00   6.0217500e+00   2.7939700e+00   5.5004300e+00   2.4397600e+00  -1.7980300e+03
   5.9882400e+00  -1.8323800e+00   6.0211600e+00   2.7937500e+00   5.5006800e+00   2.4400200e+00  -1.7964200e+03
   5.9874800e+00  -1.8289500e+00   6.0197100e+00   2.7923900e+00   5.4993600e+00   2.4409700e+00  -1.7976700e+03
   5.9887900e+00  -1.8274900e+00   6.0205000e+00   2.7899800e+00   5.5001800e+00   2.4406500e+00  -1.7972200e+03
   5.9881500e+00  -1.8270000e+00   6.0215700e+00   2.7880100e+00   5.5026600e+00   2.4414000e+00  -1.7958900e+03
   5.9872600e+00  -1.8275100e+00   6.0216200e+00   2.7827600e+00   5.5055600e+00   2.4409800e+00  -1.7972000e+03
   5.9875900e+00  -1.8309900e+00   6.0203800e+00   2.7870100e+00   5.5004800e+00   2.4415400e+00  -1.7966700e+03
   5.9879400e+00  -1.8346000e+00   6.0208200e+00   2.7846900e+00   5.5034200e+00   2.4410100e+00  -1.7960900e+03
   5.9869400e+00  -1.8364700e+00   6.0206300e+00   2.7867800e+00   5.5040900e+00   2.4409900e+00  -1.7978700e+03
   5.9885100e+00  -1.8351300e+00   6.0208700e+00   2.7859400e+00   5.5011900e+00   2.4408900e+00  -1.7960500e+03
