   5.9808100e+00  -1.7307700e+00   6.0186300e+00   2.7612300e+00   5.5007400e+00   2.2052500e+00  -1.8417200e+02
   5.9760700e+00  -1.7312900e+00   6.0206200e+00   2.7631200e+00   5.5150000e+00   2.2054000e+00  -1.8458500e+02
   5.9829900e+00  -1.7327400e+00   6.0223200e+00   2.7678900e+00   5.4968300e+00   2.2067700e+00  -1.8527000e+02
   5.9792800e+00  -1.7325300e+00   6.0208000e+00   2.7640300e+00   5.5058800e+00   2.2044700e+00  -1.8293300e+02
   5.9812800e+00  -1.7324200e+00   6.0209400e+00   2.7589400e+00   5.5101500e+00   2.1999300e+00  -1.8292000e+02
   5.9816400e+00  -1.7339600e+00   6.0221300e+00   2.7656500e+00   5.5070000e+00   2.1962800e+00  -1.8300100e+02
   5.9794500e+00  -1.7377700e+00   6.0199000e+00   2.7683300e+00   5.5016900e+00   2.1986800e+00  -1.8338100e+02
   5.9803700e+00  -1.7343900e+00   6.0201000e+00   2.7711300e+00   5.5113000e+00   2.2024200e+00  -1.8312500e+02
   5.9816100e+00  -1.7351200e+00   6.0202200e+00   2.7781200e+00   5.4944800e+00   2.2055600e+00  -1.8445700e+02
   5.9807600e+00  -1.7358600e+00   6.0212200e+00   2.7789800e+00   5.5054500e+00   2.2125300e+00  -1.8242200e+02
   5.9817700e+00  -1.7364700e+00   6.0185600e+00   2.7834900e+00   5.4955800e+00   2.2124200e+00  -1.8337900e+02
   5.9813500e+00  -1.7366500e+00   6.0183300e+00   2.7858300e+00   5.4998100e+00   2.2127700e+00  -1.8293100e+02
   5.9831100e+00  -1.7348900e+00   6.0190200e+00   2.7743800e+00   5.5020800e+00   2.2174600e+00  -1.8403900e+02
   5.9797100e+00  -1.7337600e+00   6.0226600e+00   2.7798200e+00   5.5169700e+00   2.2240900e+00  -1.8397700e+02
   5.9841700e+00  -1.7309100e+00   6.0235200e+00   2.7674400e+00   5.5079700e+00   2.2221400e+00  -1.8284800e+02
   5.9800000e+00  -1.7314700e+00   6.0208800e+00   2.7700100e+00   5.5203200e+00   2.2254500e+00  -1.8457800e+02
   5.9849500e+00  -1.7355200e+00   6.0197600e+00   2.7708400e+00   5.5020500e+00   2.2320100e+00  -1.8506400e+02
   5.9819800e+00  -1.7380700e+00   6.0246900e+00   2.7766500e+00   5.5148100e+00   2.2306100e+00  -1.8434900e+02
   5.9836600e+00  -1.7419000e+00   6.0183800e+00   2.7778400e+00   5.5040400e+00   2.2337000e+00  -1.8536200e+02
   5.9833600e+00  -1.7399400e+00   6.0227100e+00   2.7798600e+00   5.5019600e+00   2.2367600e+00  -1.8272900e+02
   5.9828300e+00  -1.7409100e+00   6.0237000e+00   2.7703700e+00   5.5057300e+00   2.2337200e+00  -1.8325800e+02
   5.9792100e+00  -1.7425200e+00   6.0204700e+00   2.7633000e+00   5.5121000e+00   2.2345300e+00  -1.8226800e+02
   5.9825000e+00  -1.7389700e+00   6.0217300e+00   2.7793800e+00   5.5012400e+00   2.2328400e+00  -1.8250000e+02
   5.9797500e+00  -1.7403000e+00   6.0171300e+00   2.7790200e+00   5.4988500e+00   2.2362000e+00  -1.8468600e+02
   5.9825200e+00  -1.7370900e+00   6.0215000e+00   2.7681400e+00   5.5154400e+00   2.2364100e+00  -1.8320500e+02
   5.9792500e+00  -1.7377100e+00   6.0229400e+00   2.7748900e+00   5.5130100e+00   2.2363800e+00  -1.8432200e+02
   5.9798500e+00  -1.7365500e+00   6.0193900e+00   2.7861300e+00   5.4990200e+00   2.2351900e+00  -1.8407800e+02
   5.9832300e+00  -1.7383500e+00   6.0219500e+00   2.7913100e+00   5.5010500e+00   2.2321700e+00  -1.8241300e+02
   5.9825500e+00  -1.7436200e+00   6.0218300e+00   2.7918500e+00   5.5023800e+00   2.2285700e+00  -1.8268800e+02
   5.9832800e+00  -1.7429100e+00   6.0186500e+00   2.8017500e+00   5.5018300e+00   2.2283300e+00  -1.8351900e+02
   5.9850500e+00  -1.7466200e+00   6.0203700e+00   2.7980000e+00   5.4868500e+00   2.2280900e+00  -1.8506400e+02
   5.9816100e+00  -1.7488100e+00   6.0197400e+00   2.7995100e+00   5.4973200e+00   2.2302500e+00  -1.8278600e+02
   5.9828800e+00  -1.7510900e+00   6.0172400e+00   2.8070700e+00   5.4923000e+00   2.2323100e+00  -1.8313700e+02
   5.9848600e+00  -1.7484100e+00   6.0211100e+00   2.8062200e+00   5.4990400e+00   2.2372700e+00  -1.8255100e+02
   5.9851800e+00  -1.7512100e+00   6.0223100e+00   2.8023400e+00   5.5009500e+00   2.2386900e+00  -1.8319500e+02
   5.9790700e+00  -1.7503200e+00   6.0202400e+00   2.7924500e+00   5.5061600e+00   2.2375600e+00  -1.8423100e+02
   5.9816200e+00  -1.7480400e+00   6.0184900e+00   2.7939800e+00   5.4931700e+00   2.2403000e+00  -1.8356300e+02
   5.9843000e+00  -1.7454600e+00   6.0198000e+00   2.7996400e+00   5.4950200e+00   2.2415200e+00  -1.8220500e+02
   5.9885800e+00  -1.7463800e+00   6.0202300e+00   2.8074300e+00   5.4961700e+00   2.2359900e+00  -1.8751500e+02
   5.9807300e+00  -1.7448400e+00   6.0168100e+00   2.7890800e+00   5.5008500e+00   2.2347800e+00  -1.8413600e+02
   5.9806000e+00  -1.7410500e+00   6.0174300e+00   2.7973700e+00   5.4965200e+00   2.2357400e+00  -1.8361700e+02
   5.9806800e+00  -1.7440400e+00   6.0154000e+00   2.7961300e+00   5.5004600e+00   2.2372400e+00  -1.8664800e+02
   5.9845100e+00  -1.7438700e+00   6.0190400e+00   2.8012500e+00   5.4952000e+00   2.2371900e+00  -1.8267900e+02
   5.9815300e+00  -1.7439900e+00   6.0177000e+00   2.8032600e+00   5.5037100e+00   2.2376000e+00  -1.8380000e+02
   5.9832000e+00  -1.7442100e+00   6.0222800e+00   2.8019600e+00   5.5109500e+00   2.2361000e+00  -1.8430100e+02
   5.9796600e+00  -1.7443100e+00   6.0219800e+00   2.7964400e+00   5.5070000e+00   2.2316700e+00  -1.8558600e+02
   5.9843400e+00  -1.7450600e+00   6.0227400e+00   2.7983400e+00   5.4998300e+00   2.2349000e+00  -1.8343900e+02
   5.9854600e+00  -1.7452400e+00   6.0246500e+00   2.7876500e+00   5.5049400e+00   2.2377500e+00  -1.8456300e+02
   5.9816200e+00  -1.7455600e+00   6.0182200e+00   2.7938100e+00   5.5047100e+00   2.2347500e+00  -1.8325700e+02
   5.9816400e+00  -1.7470500e+00   6.0211400e+00   2.7870200e+00   5.5084100e+00   2.2340400e+00  -1.8227500e+02
   5.9847300e+00  -1.7469800e+00   6.0217800e+00   2.7822700e+00   5.5040800e+00   2.2324000e+00  -1.8270100e+02
   5.9859200e+00  -1.7454000e+00   6.0214500e+00   2.7757800e+00   5.5034200e+00   2.2347600e+00  -1.8403900e+02
   5.9834500e+00  -1.7440200e+00   6.0233000e+00   2.7627300e+00   5.5086000e+00   2.2370800e+00  -1.8215500e+02
   5.9783700e+00  -1.7439400e+00   6.0229100e+00   2.7552100e+00   5.5246700e+00   2.2314800e+00  -1.8454600e+02
   5.9841200e+00  -1.7412800e+00   6.0237200e+00   2.7577000e+00   5.5095300e+00   2.2384600e+00  -1.8237700e+02
   5.9781400e+00  -1.7425900e+00   6.0207600e+00   2.7547800e+00   5.5129600e+00   2.2344700e+00  -1.8298900e+02
   5.9801400e+00  -1.7397000e+00   6.0241000e+00   2.7568300e+00   5.5211000e+00   2.2349300e+00  -1.8332400e+02
   5.9835100e+00  -1.7394300e+00   6.0219000e+00   2.7534700e+00   5.5184500e+00   2.2347300e+00  -1.8562800e+02
   5.9840200e+00  -1.7398700e+00   6.0211700e+00   2.7576900e+00   5.5120400e+00   2.2366700e+00  -1.8438400e+02
   5.9816900e+00  -1.7382200e+00   6.0236500e+00   2.7645500e+00   5.5159900e+00   2.2352500e+00  -1.8235300e+02
   5.9814300e+00  -1.7411500e+00   6.0211800e+00   2.7583700e+00   5.5130300e+00   2.2334500e+00  -1.8200000e+02
   5.9819100e+00  -1.7385800e+00   6.0248700e+00   2.7591600e+00   5.5132300e+00   2.2379900e+00  -1.8331200e+02
   5.9797800e+00  -1.7420700e+00   6.0200900e+00   2.7505000e+00   5.5009500e+00   2.2393500e+00  -1.8565100e+02
   5.9838300e+00  -1.7418300e+00   6.0236900e+00   2.7537400e+00   5.5083700e+00   2.2449200e+00  -1.8227700e+02
   5.9799400e+00  -1.7433600e+00   6.0179600e+00   2.7491800e+00   5.4999000e+00   2.2413600e+00  -1.8651800e+02
   5.9763100e+00  -1.7435600e+00   6.0203300e+00   2.7482600e+00   5.5227400e+00   2.2472900e+00  -1.8489500e+02
   5.9832500e+00  -1.7428200e+00   6.0217700e+00   2.7504100e+00   5.5079700e+00   2.2444700e+00  -1.8226300e+02
   5.9826000e+00  -1.7409500e+00   6.0241900e+00   2.7534600e+00   5.5158600e+00   2.2491900e+00  -1.8172600e+02
   5.9793200e+00  -1.7425200e+00   6.0195900e+00   2.7585400e+00   5.5131500e+00   2.2486300e+00  -1.8279100e+02
   5.9830000e+00  -1.7446400e+00   6.0224500e+00   2.7627000e+00   5.5097800e+00   2.2526700e+00  -1.8128800e+02
   5.9835500e+00  -1.7451300e+00   6.0248500e+00   2.7653500e+00   5.5103000e+00   2.2498900e+00  -1.8302700e+02
   5.9835600e+00  -1.7434500e+00   6.0228800e+00   2.7634000e+00   5.5099100e+00   2.2525800e+00  -1.8139200e+02
   5.9843200e+00  -1.7418300e+00   6.0216100e+00   2.7614500e+00   5.5141400e+00   2.2527100e+00  -1.8390200e+02
   5.9843600e+00  -1.7415900e+00   6.0233400e+00   2.7576000e+00   5.5065400e+00   2.2524500e+00  -1.8215400e+02
   5.9850200e+00  -1.7414800e+00   6.0239600e+00   2.7500700e+00   5.5121600e+00   2.2534400e+00  -1.8246300e+02
   5.9834700e+00  -1.7366000e+00   6.0220800e+00   2.7611100e+00   5.5102500e+00   2.2579200e+00  -1.8143600e+02
   5.9829700e+00  -1.7379100e+00   6.0197800e+00   2.7507500e+00   5.5063300e+00   2.2593100e+00  -1.8422900e+02
   5.9794000e+00  -1.7379200e+00   6.0197600e+00   2.7361400e+00   5.5147500e+00   2.2523300e+00  -1.8392000e+02
   5.9799100e+00  -1.7388700e+00   6.0237300e+00   2.7279300e+00   5.5286900e+00   2.2539100e+00  -1.8282000e+02
   5.9816900e+00  -1.7391800e+00   6.0286800e+00   2.7392600e+00   5.5233400e+00   2.2591900e+00  -1.8731500e+02
   5.9831500e+00  -1.7383100e+00   6.0254000e+00   2.7353900e+00   5.5219300e+00   2.2560600e+00  -1.8213100e+02
   5.9786200e+00  -1.7374100e+00   6.0214400e+00   2.7352100e+00   5.5126700e+00   2.2608300e+00  -1.8456000e+02
   5.9788500e+00  -1.7404000e+00   6.0220600e+00   2.7336700e+00   5.5206400e+00   2.2620100e+00  -1.8249600e+02
   5.9811600e+00  -1.7444100e+00   6.0195800e+00   2.7302100e+00   5.5089000e+00   2.2611700e+00  -1.8547100e+02
   5.9818400e+00  -1.7451400e+00   6.0205200e+00   2.7317500e+00   5.5170900e+00   2.2591100e+00  -1.8453600e+02
   5.9813900e+00  -1.7465900e+00   6.0268800e+00   2.7372000e+00   5.5201500e+00   2.2568600e+00  -1.8497500e+02
   5.9809200e+00  -1.7446700e+00   6.0228300e+00   2.7383500e+00   5.5158100e+00   2.2609000e+00  -1.8165200e+02
   5.9815200e+00  -1.7444200e+00   6.0238700e+00   2.7424200e+00   5.5309700e+00   2.2625400e+00  -1.8562400e+02
   5.9882100e+00  -1.7456800e+00   6.0264100e+00   2.7410600e+00   5.5138200e+00   2.2624500e+00  -1.8624700e+02
   5.9807900e+00  -1.7429100e+00   6.0240800e+00   2.7476100e+00   5.5215700e+00   2.2632600e+00  -1.8190800e+02
   5.9832700e+00  -1.7433300e+00   6.0225900e+00   2.7439100e+00   5.5078500e+00   2.2648900e+00  -1.8242600e+02
   5.9816700e+00  -1.7452800e+00   6.0225200e+00   2.7441900e+00   5.5064200e+00   2.2606400e+00  -1.8358900e+02
   5.9818500e+00  -1.7449900e+00   6.0231200e+00   2.7376700e+00   5.5175700e+00   2.2584500e+00  -1.8148500e+02
   5.9808900e+00  -1.7466200e+00   6.0219500e+00   2.7329900e+00   5.5114900e+00   2.2561500e+00  -1.8270100e+02
   5.9876400e+00  -1.7465600e+00   6.0225800e+00   2.7422200e+00   5.4976500e+00   2.2534200e+00  -1.8857700e+02
   5.9798300e+00  -1.7477300e+00   6.0211100e+00   2.7405300e+00   5.5099900e+00   2.2527100e+00  -1.8305300e+02
   5.9788100e+00  -1.7500300e+00   6.0225000e+00   2.7331200e+00   5.5208500e+00   2.2512200e+00  -1.8240400e+02
   5.9812800e+00  -1.7477300e+00   6.0236200e+00   2.7397700e+00   5.5097600e+00   2.2528300e+00  -1.8359900e+02
   5.9826700e+00  -1.7479000e+00   6.0249200e+00   2.7423800e+00   5.5101300e+00   2.2564000e+00  -1.8382300e+02
   5.9814100e+00  -1.7490700e+00   6.0202800e+00   2.7470900e+00   5.5117700e+00   2.2613600e+00  -1.8248200e+02
   5.9800000e+00  -1.7494500e+00   6.0215300e+00   2.7500500e+00   5.5190600e+00   2.2573600e+00  -1.8216000e+02
   5.9846700e+00  -1.7475500e+00   6.0251300e+00   2.7639000e+00   5.5109100e+00   2.2565600e+00  -1.8282600e+02
   5.9792100e+00  -1.7459700e+00   6.0209100e+00   2.7674400e+00   5.5084400e+00   2.2588700e+00  -1.8361500e+02
   5.9816300e+00  -1.7467100e+00   6.0217000e+00   2.7645000e+00   5.5133100e+00   2.2667600e+00  -1.8127500e+02
   5.9833500e+00  -1.7462300e+00   6.0247400e+00   2.7622100e+00   5.5107400e+00   2.2641000e+00  -1.8251000e+02
   5.9871400e+00  -1.7455200e+00   6.0234700e+00   2.7569400e+00   5.5146500e+00   2.2646100e+00  -1.8589900e+02
   5.9831800e+00  -1.7437000e+00   6.0226900e+00   2.7555500e+00   5.5154500e+00   2.2635300e+00  -1.8148800e+02
   5.9810000e+00  -1.7438200e+00   6.0205900e+00   2.7498900e+00   5.5173100e+00   2.2619200e+00  -1.8282200e+02
   5.9841800e+00  -1.7447400e+00   6.0252900e+00   2.7452700e+00   5.5172900e+00   2.2587900e+00  -1.8226100e+02
   5.9822800e+00  -1.7463400e+00   6.0267400e+00   2.7415900e+00   5.5233100e+00   2.2577100e+00  -1.8379800e+02
   5.9802800e+00  -1.7466900e+00   6.0221000e+00   2.7335200e+00   5.5183000e+00   2.2573500e+00  -1.8189700e+02
   5.9833000e+00  -1.7489400e+00   6.0251200e+00   2.7284900e+00   5.5132100e+00   2.2580300e+00  -1.8320200e+02
   5.9830400e+00  -1.7476800e+00   6.0250900e+00   2.7247300e+00   5.5173900e+00   2.2571200e+00  -1.8247200e+02
   5.9825800e+00  -1.7467300e+00   6.0226400e+00   2.7269500e+00   5.5092600e+00   2.2549600e+00  -1.8361100e+02
   5.9767200e+00  -1.7443400e+00   6.0238000e+00   2.7218500e+00   5.5281000e+00   2.2538300e+00  -1.8439700e+02
   5.9801500e+00  -1.7443300e+00   6.0276700e+00   2.7169600e+00   5.5189000e+00   2.2543900e+00  -1.8904400e+02
   5.9793500e+00  -1.7443500e+00   6.0211800e+00   2.7197600e+00   5.5235400e+00   2.2543800e+00  -1.8378800e+02
   5.9766700e+00  -1.7475300e+00   6.0215400e+00   2.7279200e+00   5.5294900e+00   2.2565000e+00  -1.8483300e+02
   5.9814800e+00  -1.7458900e+00   6.0264600e+00   2.7306100e+00   5.5212400e+00   2.2542200e+00  -1.8363700e+02
   5.9778300e+00  -1.7444700e+00   6.0199100e+00   2.7306100e+00   5.5205100e+00   2.2512700e+00  -1.8411400e+02
   5.9818200e+00  -1.7451600e+00   6.0219200e+00   2.7366900e+00   5.5141600e+00   2.2557400e+00  -1.8203400e+02
   5.9799000e+00  -1.7459900e+00   6.0240900e+00   2.7425300e+00   5.5202100e+00   2.2573300e+00  -1.8253500e+02
   5.9775900e+00  -1.7443700e+00   6.0228200e+00   2.7345000e+00   5.5175200e+00   2.2531300e+00  -1.8473500e+02
   5.9814400e+00  -1.7447400e+00   6.0251600e+00   2.7289900e+00   5.5262100e+00   2.2507400e+00  -1.8271100e+02
   5.9808100e+00  -1.7450400e+00   6.0245200e+00   2.7353900e+00   5.5228900e+00   2.2527800e+00  -1.8208500e+02
   5.9816800e+00  -1.7471200e+00   6.0243800e+00   2.7350700e+00   5.5197600e+00   2.2496300e+00  -1.8195000e+02
   5.9830900e+00  -1.7455900e+00   6.0243200e+00   2.7292300e+00   5.5222600e+00   2.2538900e+00  -1.8284300e+02
   5.9756900e+00  -1.7465900e+00   6.0203600e+00   2.7384200e+00   5.5141300e+00   2.2569000e+00  -1.8776300e+02
   5.9813900e+00  -1.7448700e+00   6.0224900e+00   2.7378600e+00   5.5226100e+00   2.2644400e+00  -1.8244700e+02
   5.9806300e+00  -1.7451300e+00   6.0219100e+00   2.7234700e+00   5.5184400e+00   2.2679300e+00  -1.8268000e+02
   5.9796200e+00  -1.7452700e+00   6.0253900e+00   2.7107400e+00   5.5250300e+00   2.2686100e+00  -1.8309500e+02
   5.9789600e+00  -1.7432600e+00   6.0254400e+00   2.7133200e+00   5.5291700e+00   2.2644000e+00  -1.8299000e+02
   5.9791400e+00  -1.7427400e+00   6.0234000e+00   2.7087000e+00   5.5277600e+00   2.2626900e+00  -1.8275600e+02
   5.9850700e+00  -1.7434700e+00   6.0268200e+00   2.7135900e+00   5.5227200e+00   2.2686300e+00  -1.8382200e+02
   5.9817700e+00  -1.7426900e+00   6.0242300e+00   2.7123200e+00   5.5263700e+00   2.2603900e+00  -1.8289600e+02
   5.9801500e+00  -1.7428600e+00   6.0236600e+00   2.7035400e+00   5.5325300e+00   2.2601100e+00  -1.8445800e+02
   5.9841100e+00  -1.7437200e+00   6.0273300e+00   2.7081400e+00   5.5263000e+00   2.2580100e+00  -1.8422000e+02
   5.9802300e+00  -1.7446300e+00   6.0237000e+00   2.7075900e+00   5.5331100e+00   2.2629300e+00  -1.8459300e+02
   5.9832800e+00  -1.7428800e+00   6.0256100e+00   2.7157300e+00   5.5264300e+00   2.2666300e+00  -1.8294100e+02
   5.9803500e+00  -1.7400200e+00   6.0250100e+00   2.7181700e+00   5.5235500e+00   2.2588800e+00  -1.8218900e+02
   5.9825200e+00  -1.7393300e+00   6.0271900e+00   2.7111100e+00   5.5211700e+00   2.2554600e+00  -1.8398700e+02
   5.9827800e+00  -1.7430100e+00   6.0222100e+00   2.7196300e+00   5.5175800e+00   2.2525000e+00  -1.8429300e+02
   5.9855100e+00  -1.7454100e+00   6.0254400e+00   2.7127800e+00   5.5111500e+00   2.2570500e+00  -1.8624900e+02
   5.9792100e+00  -1.7459000e+00   6.0236400e+00   2.6984700e+00   5.5239700e+00   2.2532100e+00  -1.8331600e+02
   5.9812000e+00  -1.7466600e+00   6.0240000e+00   2.7109600e+00   5.5165600e+00   2.2627000e+00  -1.8352000e+02
   5.9819500e+00  -1.7468500e+00   6.0259100e+00   2.7297600e+00   5.5217900e+00   2.2604700e+00  -1.8249600e+02
   5.9824000e+00  -1.7450500e+00   6.0237800e+00   2.7278600e+00   5.5187700e+00   2.2614000e+00  -1.8181700e+02
   5.9835600e+00  -1.7431900e+00   6.0299800e+00   2.7248500e+00   5.5364300e+00   2.2598300e+00  -1.8898800e+02
   5.9855000e+00  -1.7434700e+00   6.0255600e+00   2.7221200e+00   5.5184400e+00   2.2600100e+00  -1.8419900e+02
   5.9832700e+00  -1.7443900e+00   6.0243000e+00   2.7235800e+00   5.5266400e+00   2.2588000e+00  -1.8451800e+02
   5.9835800e+00  -1.7457900e+00   6.0240700e+00   2.7168000e+00   5.5188000e+00   2.2671600e+00  -1.8304400e+02
   5.9811100e+00  -1.7452600e+00   6.0247800e+00   2.7138900e+00   5.5328800e+00   2.2710200e+00  -1.8373400e+02
   5.9806300e+00  -1.7451700e+00   6.0244800e+00   2.7179100e+00   5.5208900e+00   2.2684900e+00  -1.8235200e+02
   5.9810900e+00  -1.7452100e+00   6.0245700e+00   2.7143500e+00   5.5275200e+00   2.2705700e+00  -1.8220300e+02
   5.9792500e+00  -1.7447100e+00   6.0235700e+00   2.7201200e+00   5.5137000e+00   2.2780400e+00  -1.8674900e+02
   5.9791800e+00  -1.7484500e+00   6.0203200e+00   2.7290200e+00   5.5243800e+00   2.2706900e+00  -1.8488400e+02
   5.9784200e+00  -1.7491300e+00   6.0227000e+00   2.7243800e+00   5.5303800e+00   2.2674700e+00  -1.8381900e+02
   5.9813300e+00  -1.7505300e+00   6.0241100e+00   2.7303800e+00   5.5268500e+00   2.2682600e+00  -1.8256200e+02
   5.9829400e+00  -1.7557900e+00   6.0238100e+00   2.7309000e+00   5.5108100e+00   2.2649200e+00  -1.8287100e+02
   5.9824100e+00  -1.7540500e+00   6.0235900e+00   2.7464700e+00   5.5131800e+00   2.2639200e+00  -1.8163000e+02
   5.9811400e+00  -1.7536500e+00   6.0213600e+00   2.7522300e+00   5.5137000e+00   2.2633400e+00  -1.8151100e+02
   5.9806300e+00  -1.7502400e+00   6.0196100e+00   2.7620200e+00   5.5113100e+00   2.2681400e+00  -1.8244100e+02
   5.9811000e+00  -1.7492700e+00   6.0197800e+00   2.7611200e+00   5.5053000e+00   2.2699700e+00  -1.8274600e+02
   5.9890100e+00  -1.7490200e+00   6.0259400e+00   2.7668400e+00   5.5044800e+00   2.2692600e+00  -1.8562400e+02
   5.9823000e+00  -1.7506200e+00   6.0208300e+00   2.7802300e+00   5.5054300e+00   2.2683200e+00  -1.8133400e+02
   5.9869200e+00  -1.7528100e+00   6.0207700e+00   2.7953600e+00   5.4953400e+00   2.2674400e+00  -1.8255900e+02
   5.9886200e+00  -1.7530300e+00   6.0235700e+00   2.7935300e+00   5.5004700e+00   2.2656600e+00  -1.8413400e+02
   5.9837900e+00  -1.7543100e+00   6.0192800e+00   2.7878400e+00   5.4947000e+00   2.2700300e+00  -1.8255300e+02
   5.9835800e+00  -1.7525400e+00   6.0220900e+00   2.7838100e+00   5.5066300e+00   2.2710800e+00  -1.8115900e+02
   5.9843200e+00  -1.7547300e+00   6.0208600e+00   2.7804200e+00   5.5077900e+00   2.2734600e+00  -1.8164500e+02
   5.9882600e+00  -1.7556900e+00   6.0253100e+00   2.7776500e+00   5.5006500e+00   2.2751500e+00  -1.8488300e+02
   5.9824100e+00  -1.7580900e+00   6.0206900e+00   2.7708200e+00   5.5121900e+00   2.2723400e+00  -1.8175300e+02
   5.9829600e+00  -1.7568400e+00   6.0239300e+00   2.7741000e+00   5.5130400e+00   2.2736600e+00  -1.8231700e+02
   5.9853800e+00  -1.7583200e+00   6.0249700e+00   2.7612400e+00   5.5124800e+00   2.2701000e+00  -1.8258400e+02
   5.9830200e+00  -1.7563800e+00   6.0213600e+00   2.7528800e+00   5.5130700e+00   2.2697100e+00  -1.8185000e+02
   5.9810400e+00  -1.7542100e+00   6.0222000e+00   2.7408000e+00   5.5230200e+00   2.2670000e+00  -1.8275800e+02
   5.9846400e+00  -1.7570700e+00   6.0251500e+00   2.7501700e+00   5.5166300e+00   2.2647300e+00  -1.8272600e+02
   5.9844900e+00  -1.7548800e+00   6.0258300e+00   2.7534300e+00   5.5107000e+00   2.2623400e+00  -1.8387900e+02
   5.9825200e+00  -1.7513600e+00   6.0220400e+00   2.7629800e+00   5.5137300e+00   2.2638700e+00  -1.8134700e+02
   5.9826200e+00  -1.7520500e+00   6.0209000e+00   2.7594200e+00   5.5157500e+00   2.2645900e+00  -1.8289000e+02
   5.9812200e+00  -1.7517500e+00   6.0227700e+00   2.7655900e+00   5.5189300e+00   2.2669300e+00  -1.8232600e+02
   5.9841800e+00  -1.7497300e+00   6.0250100e+00   2.7656000e+00   5.5201800e+00   2.2694800e+00  -1.8325500e+02
   5.9837000e+00  -1.7500700e+00   6.0239000e+00   2.7739000e+00   5.5087100e+00   2.2716500e+00  -1.8193700e+02
   5.9818500e+00  -1.7503500e+00   6.0217000e+00   2.7847900e+00   5.4998200e+00   2.2726700e+00  -1.8435600e+02
   5.9852700e+00  -1.7498600e+00   6.0233300e+00   2.7936000e+00   5.4993500e+00   2.2750100e+00  -1.8292600e+02
   5.9848500e+00  -1.7508100e+00   6.0209800e+00   2.8009300e+00   5.5013000e+00   2.2745600e+00  -1.8118100e+02
   5.9819600e+00  -1.7501300e+00   6.0218200e+00   2.7973500e+00   5.5071800e+00   2.2702000e+00  -1.8258900e+02
   5.9826600e+00  -1.7499000e+00   6.0236400e+00   2.7879800e+00   5.5105100e+00   2.2705100e+00  -1.8298400e+02
   5.9867600e+00  -1.7493700e+00   6.0207000e+00   2.7953500e+00   5.4997100e+00   2.2710600e+00  -1.8253500e+02
   5.9830200e+00  -1.7512900e+00   6.0201400e+00   2.7955400e+00   5.5012700e+00   2.2718100e+00  -1.8143300e+02
   5.9834800e+00  -1.7487900e+00   6.0208600e+00   2.7874900e+00   5.5001400e+00   2.2688000e+00  -1.8159400e+02
   5.9826900e+00  -1.7500300e+00   6.0246700e+00   2.7755800e+00   5.5128800e+00   2.2683400e+00  -1.8329400e+02
   5.9822800e+00  -1.7509500e+00   6.0216400e+00   2.7752700e+00   5.5075000e+00   2.2695600e+00  -1.8130300e+02
   5.9830400e+00  -1.7496600e+00   6.0217500e+00   2.7717600e+00   5.5140600e+00   2.2739900e+00  -1.8159200e+02
   5.9822400e+00  -1.7513500e+00   6.0195000e+00   2.7673900e+00   5.5083800e+00   2.2755400e+00  -1.8234200e+02
   5.9835200e+00  -1.7520800e+00   6.0208800e+00   2.7671900e+00   5.5101400e+00   2.2742900e+00  -1.8167600e+02
   5.9814700e+00  -1.7516200e+00   6.0207300e+00   2.7805400e+00   5.5029300e+00   2.2676400e+00  -1.8242000e+02
   5.9838600e+00  -1.7499000e+00   6.0208300e+00   2.7771900e+00   5.5067200e+00   2.2690000e+00  -1.8137000e+02
   5.9876200e+00  -1.7473300e+00   6.0244800e+00   2.7828600e+00   5.5066000e+00   2.2659900e+00  -1.8348100e+02
   5.9865100e+00  -1.7434800e+00   6.0186100e+00   2.7750400e+00   5.4964600e+00   2.2649500e+00  -1.8724100e+02
   5.9796000e+00  -1.7461400e+00   6.0224100e+00   2.7741500e+00   5.5146800e+00   2.2660300e+00  -1.8355200e+02
   5.9801400e+00  -1.7454200e+00   6.0181600e+00   2.7657500e+00   5.5094100e+00   2.2685500e+00  -1.8420400e+02
   5.9852400e+00  -1.7481800e+00   6.0252600e+00   2.7682600e+00   5.5096600e+00   2.2706100e+00  -1.8258500e+02
   5.9832700e+00  -1.7511200e+00   6.0212200e+00   2.7656600e+00   5.5034300e+00   2.2698800e+00  -1.8174300e+02
   5.9876000e+00  -1.7554800e+00   6.0211600e+00   2.7675200e+00   5.5050000e+00   2.2687600e+00  -1.8591200e+02
   5.9851200e+00  -1.7576500e+00   6.0232100e+00   2.7705600e+00   5.5024600e+00   2.2710700e+00  -1.8227400e+02
   5.9798400e+00  -1.7616700e+00   6.0205700e+00   2.7816100e+00   5.5126200e+00   2.2714700e+00  -1.8322800e+02
   5.9804300e+00  -1.7617300e+00   6.0207600e+00   2.7787100e+00   5.5121900e+00   2.2716600e+00  -1.8253400e+02
   5.9841000e+00  -1.7636100e+00   6.0238200e+00   2.7799800e+00   5.5071900e+00   2.2723000e+00  -1.8273100e+02
   5.9818300e+00  -1.7631300e+00   6.0200500e+00   2.7703300e+00   5.5013700e+00   2.2706500e+00  -1.8233800e+02
   5.9810000e+00  -1.7647800e+00   6.0170100e+00   2.7786200e+00   5.5017100e+00   2.2768200e+00  -1.8391100e+02
   5.9820800e+00  -1.7645100e+00   6.0194400e+00   2.7813500e+00   5.5039600e+00   2.2769100e+00  -1.8159000e+02
   5.9857100e+00  -1.7637400e+00   6.0235200e+00   2.7777700e+00   5.5096200e+00   2.2746600e+00  -1.8228000e+02
   5.9825200e+00  -1.7628900e+00   6.0190300e+00   2.7824700e+00   5.5006800e+00   2.2780700e+00  -1.8185200e+02
   5.9812400e+00  -1.7595300e+00   6.0221000e+00   2.7861900e+00   5.5077300e+00   2.2794100e+00  -1.8338200e+02
   5.9817900e+00  -1.7571300e+00   6.0217000e+00   2.7804500e+00   5.5175500e+00   2.2737400e+00  -1.8322700e+02
   5.9854200e+00  -1.7561000e+00   6.0214300e+00   2.7822500e+00   5.5062700e+00   2.2746900e+00  -1.8171700e+02
   5.9848000e+00  -1.7579900e+00   6.0216500e+00   2.7828600e+00   5.4999000e+00   2.2746700e+00  -1.8153900e+02
   5.9790600e+00  -1.7597400e+00   6.0200500e+00   2.7842900e+00   5.5095700e+00   2.2773200e+00  -1.8427700e+02
   5.9816500e+00  -1.7583300e+00   6.0184500e+00   2.7866600e+00   5.5091300e+00   2.2786200e+00  -1.8332300e+02
   5.9849100e+00  -1.7567500e+00   6.0205500e+00   2.8009800e+00   5.5046600e+00   2.2805400e+00  -1.8166500e+02
   5.9845300e+00  -1.7580700e+00   6.0227000e+00   2.7963700e+00   5.5141900e+00   2.2789000e+00  -1.8374600e+02
   5.9844300e+00  -1.7578600e+00   6.0193900e+00   2.8023900e+00   5.5000100e+00   2.2763400e+00  -1.8155900e+02
   5.9820600e+00  -1.7584800e+00   6.0191900e+00   2.7973800e+00   5.5095100e+00   2.2707900e+00  -1.8323600e+02
   5.9811700e+00  -1.7568800e+00   6.0181600e+00   2.7886100e+00   5.5058300e+00   2.2733500e+00  -1.8292200e+02
   5.9834900e+00  -1.7592500e+00   6.0232400e+00   2.7826200e+00   5.5062300e+00   2.2760100e+00  -1.8235300e+02
   5.9893100e+00  -1.7611200e+00   6.0257600e+00   2.7791100e+00   5.5019000e+00   2.2789100e+00  -1.8571900e+02
   5.9813100e+00  -1.7620900e+00   6.0193200e+00   2.7881700e+00   5.4978700e+00   2.2769500e+00  -1.8341200e+02
   5.9838900e+00  -1.7624300e+00   6.0217800e+00   2.7835300e+00   5.5086700e+00   2.2793200e+00  -1.8124300e+02
   5.9842900e+00  -1.7630100e+00   6.0242700e+00   2.7848500e+00   5.5124700e+00   2.2836300e+00  -1.8295100e+02
   5.9822400e+00  -1.7602000e+00   6.0211500e+00   2.7913000e+00   5.5052000e+00   2.2810400e+00  -1.8191000e+02
   5.9856500e+00  -1.7586800e+00   6.0205600e+00   2.7984100e+00   5.4975700e+00   2.2820000e+00  -1.8129100e+02
   5.9842400e+00  -1.7584400e+00   6.0208500e+00   2.7956900e+00   5.5006900e+00   2.2809200e+00  -1.8111700e+02
   5.9834100e+00  -1.7603100e+00   6.0193600e+00   2.7968700e+00   5.5000800e+00   2.2785200e+00  -1.8141000e+02
   5.9847100e+00  -1.7614800e+00   6.0226200e+00   2.7837400e+00   5.5084200e+00   2.2764400e+00  -1.8152200e+02
   5.9886500e+00  -1.7611700e+00   6.0236100e+00   2.7736600e+00   5.5086000e+00   2.2782700e+00  -1.8519300e+02
   5.9854900e+00  -1.7606500e+00   6.0261600e+00   2.7747700e+00   5.5108900e+00   2.2776400e+00  -1.8454900e+02
   5.9807700e+00  -1.7599400e+00   6.0217000e+00   2.7596000e+00   5.5103700e+00   2.2816200e+00  -1.8226400e+02
   5.9828500e+00  -1.7597500e+00   6.0223200e+00   2.7631500e+00   5.5105400e+00   2.2811000e+00  -1.8100200e+02
   5.9837700e+00  -1.7593300e+00   6.0218700e+00   2.7710400e+00   5.5077300e+00   2.2805000e+00  -1.8088300e+02
   5.9830000e+00  -1.7570900e+00   6.0216200e+00   2.7767200e+00   5.5084800e+00   2.2739900e+00  -1.8105100e+02
   5.9817100e+00  -1.7592600e+00   6.0209700e+00   2.7700100e+00   5.5136500e+00   2.2753800e+00  -1.8173400e+02
   5.9835700e+00  -1.7597200e+00   6.0233100e+00   2.7673600e+00   5.5120400e+00   2.2745000e+00  -1.8140400e+02
   5.9849400e+00  -1.7602900e+00   6.0236900e+00   2.7717900e+00   5.5120600e+00   2.2749600e+00  -1.8191500e+02
   5.9845400e+00  -1.7583900e+00   6.0218000e+00   2.7698200e+00   5.5014200e+00   2.2750100e+00  -1.8175600e+02
   5.9855200e+00  -1.7585400e+00   6.0189000e+00   2.7755700e+00   5.5081200e+00   2.2787000e+00  -1.8672500e+02
   5.9840200e+00  -1.7574400e+00   6.0236900e+00   2.7833400e+00   5.5147900e+00   2.2785700e+00  -1.8263900e+02
   5.9830600e+00  -1.7558700e+00   6.0237100e+00   2.7828100e+00   5.5085400e+00   2.2811200e+00  -1.8277600e+02
   5.9856400e+00  -1.7552800e+00   6.0196900e+00   2.7918500e+00   5.4989600e+00   2.2897600e+00  -1.8190700e+02
   5.9824700e+00  -1.7538000e+00   6.0195500e+00   2.7956400e+00   5.5054000e+00   2.2837400e+00  -1.8178000e+02
   5.9824500e+00  -1.7549400e+00   6.0200300e+00   2.8006100e+00   5.5075600e+00   2.2811300e+00  -1.8209400e+02
   5.9883600e+00  -1.7551000e+00   6.0222200e+00   2.7933800e+00   5.4941600e+00   2.2797700e+00  -1.8329400e+02
   5.9866100e+00  -1.7537000e+00   6.0209700e+00   2.7977100e+00   5.5018200e+00   2.2828600e+00  -1.8191300e+02
   5.9835400e+00  -1.7551600e+00   6.0205000e+00   2.7963500e+00   5.5025900e+00   2.2822700e+00  -1.8115600e+02
   5.9878200e+00  -1.7536900e+00   6.0241000e+00   2.7975500e+00   5.5040900e+00   2.2826200e+00  -1.8284600e+02
   5.9854500e+00  -1.7534700e+00   6.0207100e+00   2.7895400e+00   5.5064400e+00   2.2808800e+00  -1.8218800e+02
   5.9844800e+00  -1.7547500e+00   6.0213400e+00   2.7907200e+00   5.5012500e+00   2.2819400e+00  -1.8108900e+02
   5.9846800e+00  -1.7553900e+00   6.0192200e+00   2.7923400e+00   5.4999900e+00   2.2855300e+00  -1.8189300e+02
   5.9851900e+00  -1.7565000e+00   6.0216200e+00   2.7916000e+00   5.5002200e+00   2.2836400e+00  -1.8116800e+02
   5.9812300e+00  -1.7555200e+00   6.0213000e+00   2.7877800e+00   5.5132100e+00   2.2871100e+00  -1.8260100e+02
   5.9812400e+00  -1.7518400e+00   6.0219400e+00   2.7924500e+00   5.5094700e+00   2.2829800e+00  -1.8312300e+02
   5.9832700e+00  -1.7485300e+00   6.0210300e+00   2.7939700e+00   5.5083300e+00   2.2815400e+00  -1.8137300e+02
   5.9854200e+00  -1.7493500e+00   6.0234400e+00   2.7927000e+00   5.4969000e+00   2.2873800e+00  -1.8401200e+02
   5.9879600e+00  -1.7507300e+00   6.0222700e+00   2.7805400e+00   5.4997000e+00   2.2853400e+00  -1.8286500e+02
   5.9874700e+00  -1.7490700e+00   6.0222300e+00   2.7762800e+00   5.5024400e+00   2.2868100e+00  -1.8255900e+02
   5.9816000e+00  -1.7462100e+00   6.0221400e+00   2.7796700e+00   5.5084200e+00   2.2879100e+00  -1.8239300e+02
   5.9844300e+00  -1.7467500e+00   6.0231200e+00   2.7907600e+00   5.5095500e+00   2.2914500e+00  -1.8112800e+02
   5.9827600e+00  -1.7483900e+00   6.0194200e+00   2.7953800e+00   5.5005900e+00   2.2895200e+00  -1.8206600e+02
   5.9881200e+00  -1.7470200e+00   6.0217700e+00   2.8010200e+00   5.4970200e+00   2.2883700e+00  -1.8230800e+02
   5.9825600e+00  -1.7436100e+00   6.0175500e+00   2.8075900e+00   5.5039200e+00   2.2891800e+00  -1.8444000e+02
   5.9862500e+00  -1.7431700e+00   6.0213700e+00   2.8188400e+00   5.4968800e+00   2.2878700e+00  -1.8152000e+02
   5.9862800e+00  -1.7412300e+00   6.0235200e+00   2.8205500e+00   5.4997300e+00   2.2891300e+00  -1.8295400e+02
   5.9883300e+00  -1.7418200e+00   6.0199500e+00   2.8317300e+00   5.4967600e+00   2.2886400e+00  -1.8394400e+02
   5.9893900e+00  -1.7403900e+00   6.0229300e+00   2.8358700e+00   5.4876400e+00   2.2862600e+00  -1.8486400e+02
   5.9888600e+00  -1.7399700e+00   6.0221600e+00   2.8427400e+00   5.4917200e+00   2.2828400e+00  -1.8351800e+02
   5.9849300e+00  -1.7398200e+00   6.0198400e+00   2.8433600e+00   5.4892800e+00   2.2820900e+00  -1.8356000e+02
   5.9841100e+00  -1.7382500e+00   6.0191200e+00   2.8428000e+00   5.4963600e+00   2.2874200e+00  -1.8309600e+02
   5.9880200e+00  -1.7393600e+00   6.0205200e+00   2.8427800e+00   5.4912500e+00   2.2898100e+00  -1.8258300e+02
   5.9859700e+00  -1.7384100e+00   6.0216600e+00   2.8389500e+00   5.4925900e+00   2.2896700e+00  -1.8340500e+02
   5.9873600e+00  -1.7379600e+00   6.0221300e+00   2.8415600e+00   5.4977200e+00   2.2881700e+00  -1.8289500e+02
   5.9832700e+00  -1.7395200e+00   6.0173600e+00   2.8420500e+00   5.4953000e+00   2.2878600e+00  -1.8424500e+02
   5.9897800e+00  -1.7388300e+00   6.0204900e+00   2.8359100e+00   5.4869000e+00   2.2871800e+00  -1.8409900e+02
   5.9850200e+00  -1.7376400e+00   6.0195500e+00   2.8369900e+00   5.4957500e+00   2.2879700e+00  -1.8235100e+02
   5.9832500e+00  -1.7416500e+00   6.0192900e+00   2.8324100e+00   5.4936700e+00   2.2888000e+00  -1.8357700e+02
   5.9820800e+00  -1.7411600e+00   6.0182000e+00   2.8359300e+00   5.4993300e+00   2.2924500e+00  -1.8445900e+02
   5.9859000e+00  -1.7402200e+00   6.0206400e+00   2.8439100e+00   5.4940100e+00   2.2928000e+00  -1.8257900e+02
   5.9829700e+00  -1.7404300e+00   6.0204900e+00   2.8457800e+00   5.5066500e+00   2.2911600e+00  -1.8590800e+02
   5.9840100e+00  -1.7405800e+00   6.0199900e+00   2.8417000e+00   5.4970000e+00   2.2909500e+00  -1.8322000e+02
   5.9841400e+00  -1.7394600e+00   6.0190400e+00   2.8382400e+00   5.4947300e+00   2.2881100e+00  -1.8283100e+02
   5.9888400e+00  -1.7389000e+00   6.0221900e+00   2.8425300e+00   5.4994800e+00   2.2852500e+00  -1.8437400e+02
   5.9816200e+00  -1.7391000e+00   6.0167300e+00   2.8375200e+00   5.4977600e+00   2.2806500e+00  -1.8553500e+02
   5.9817500e+00  -1.7390100e+00   6.0178200e+00   2.8397400e+00   5.4970200e+00   2.2779700e+00  -1.8474600e+02
   5.9887500e+00  -1.7367400e+00   6.0246900e+00   2.8410700e+00   5.5028700e+00   2.2806000e+00  -1.8628100e+02
   5.9849300e+00  -1.7379800e+00   6.0195500e+00   2.8368800e+00   5.4953300e+00   2.2814800e+00  -1.8235700e+02
   5.9832800e+00  -1.7391300e+00   6.0184700e+00   2.8393200e+00   5.4965900e+00   2.2806300e+00  -1.8339900e+02
   5.9873900e+00  -1.7378400e+00   6.0224200e+00   2.8344400e+00   5.5002000e+00   2.2822000e+00  -1.8297900e+02
   5.9851700e+00  -1.7362900e+00   6.0228300e+00   2.8212100e+00   5.4984900e+00   2.2837000e+00  -1.8310300e+02
   5.9833600e+00  -1.7343900e+00   6.0213600e+00   2.8026300e+00   5.5044700e+00   2.2889700e+00  -1.8157700e+02
   5.9836800e+00  -1.7337100e+00   6.0168200e+00   2.8060300e+00   5.4932900e+00   2.2847800e+00  -1.8591200e+02
   5.9840800e+00  -1.7352500e+00   6.0178100e+00   2.8038600e+00   5.4998800e+00   2.2826700e+00  -1.8440900e+02
   5.9866900e+00  -1.7339400e+00   6.0222600e+00   2.8061900e+00   5.4899000e+00   2.2846500e+00  -1.8471000e+02
   5.9842900e+00  -1.7358700e+00   6.0191100e+00   2.8131800e+00   5.5037000e+00   2.2869500e+00  -1.8304200e+02
   5.9847000e+00  -1.7344400e+00   6.0223600e+00   2.8038300e+00   5.5025700e+00   2.2912300e+00  -1.8143100e+02
   5.9845400e+00  -1.7356300e+00   6.0203700e+00   2.8080800e+00   5.4988700e+00   2.2904800e+00  -1.8167100e+02
   5.9858800e+00  -1.7348500e+00   6.0245200e+00   2.8100600e+00   5.5067200e+00   2.2916800e+00  -1.8256100e+02
   5.9857400e+00  -1.7353900e+00   6.0215500e+00   2.8094300e+00   5.5083000e+00   2.2916400e+00  -1.8233600e+02
   5.9891800e+00  -1.7394200e+00   6.0239700e+00   2.8027300e+00   5.4988200e+00   2.2901900e+00  -1.8301900e+02
   5.9848400e+00  -1.7397700e+00   6.0246600e+00   2.7954000e+00   5.5096100e+00   2.2925200e+00  -1.8224800e+02
   5.9855300e+00  -1.7397000e+00   6.0233400e+00   2.7782400e+00   5.5104400e+00   2.2930300e+00  -1.8081200e+02
   5.9827400e+00  -1.7402600e+00   6.0225400e+00   2.7672700e+00   5.5198000e+00   2.2945100e+00  -1.8192200e+02
   5.9852700e+00  -1.7414900e+00   6.0252700e+00   2.7719500e+00   5.5163100e+00   2.2966400e+00  -1.8133000e+02
   5.9841200e+00  -1.7386900e+00   6.0241800e+00   2.7717100e+00   5.5119800e+00   2.2943600e+00  -1.8093000e+02
   5.9870400e+00  -1.7362800e+00   6.0226800e+00   2.7826400e+00   5.5030000e+00   2.2957500e+00  -1.8169300e+02
   5.9864900e+00  -1.7382500e+00   6.0240100e+00   2.7877800e+00   5.5130000e+00   2.2925700e+00  -1.8191100e+02
   5.9859100e+00  -1.7331400e+00   6.0216100e+00   2.7902300e+00   5.4990100e+00   2.2877700e+00  -1.8192800e+02
   5.9855700e+00  -1.7330100e+00   6.0243900e+00   2.7877400e+00   5.5109200e+00   2.2880500e+00  -1.8120200e+02
   5.9868400e+00  -1.7337800e+00   6.0219600e+00   2.7908200e+00   5.5065800e+00   2.2859400e+00  -1.8238600e+02
   5.9862600e+00  -1.7314600e+00   6.0240100e+00   2.7915600e+00   5.5065200e+00   2.2764600e+00  -1.8152800e+02
   5.9837900e+00  -1.7288800e+00   6.0246000e+00   2.7903200e+00   5.5118700e+00   2.2778100e+00  -1.8213700e+02
   5.9794000e+00  -1.7289900e+00   6.0214200e+00   2.7882200e+00   5.5111200e+00   2.2727300e+00  -1.8431200e+02
   5.9857600e+00  -1.7253600e+00   6.0261300e+00   2.7895300e+00   5.5130300e+00   2.2704500e+00  -1.8311600e+02
   5.9861400e+00  -1.7241200e+00   6.0224400e+00   2.7918200e+00   5.5113200e+00   2.2665100e+00  -1.8348300e+02
   5.9846200e+00  -1.7235200e+00   6.0241700e+00   2.7833500e+00   5.5023900e+00   2.2688000e+00  -1.8318900e+02
   5.9779800e+00  -1.7243400e+00   6.0187500e+00   2.7735000e+00   5.5113400e+00   2.2759700e+00  -1.8642400e+02
   5.9849900e+00  -1.7263100e+00   6.0231700e+00   2.7781700e+00   5.5103400e+00   2.2762000e+00  -1.8103400e+02
   5.9865100e+00  -1.7252300e+00   6.0245000e+00   2.7829500e+00   5.5091600e+00   2.2736700e+00  -1.8169100e+02
   5.9805600e+00  -1.7262800e+00   6.0198700e+00   2.7821300e+00   5.5001600e+00   2.2714500e+00  -1.8541700e+02
   5.9860500e+00  -1.7251600e+00   6.0233600e+00   2.7756000e+00   5.4984300e+00   2.2719000e+00  -1.8383400e+02
   5.9861300e+00  -1.7241900e+00   6.0246400e+00   2.7743400e+00   5.5082000e+00   2.2689100e+00  -1.8178300e+02
   5.9867900e+00  -1.7258600e+00   6.0276400e+00   2.7677600e+00   5.5146400e+00   2.2707700e+00  -1.8384800e+02
   5.9827600e+00  -1.7273800e+00   6.0232100e+00   2.7692400e+00   5.5171200e+00   2.2742500e+00  -1.8115300e+02
   5.9834600e+00  -1.7265500e+00   6.0225100e+00   2.7699600e+00   5.5059000e+00   2.2765400e+00  -1.8184200e+02
   5.9826300e+00  -1.7296800e+00   6.0222300e+00   2.7647500e+00   5.5156600e+00   2.2724200e+00  -1.8136300e+02
   5.9802500e+00  -1.7341300e+00   6.0200400e+00   2.7660500e+00   5.5081600e+00   2.2663300e+00  -1.8297100e+02
   5.9852000e+00  -1.7318100e+00   6.0235300e+00   2.7611400e+00   5.5145600e+00   2.2709800e+00  -1.8196000e+02
   5.9813400e+00  -1.7301700e+00   6.0221300e+00   2.7727000e+00   5.5145300e+00   2.2711300e+00  -1.8149400e+02
   5.9840400e+00  -1.7292200e+00   6.0234100e+00   2.7794700e+00   5.5155300e+00   2.2756900e+00  -1.8142100e+02
   5.9856800e+00  -1.7283600e+00   6.0252500e+00   2.7877400e+00   5.5116200e+00   2.2752500e+00  -1.8203300e+02
   5.9833000e+00  -1.7276000e+00   6.0223800e+00   2.7999200e+00   5.5169300e+00   2.2760600e+00  -1.8353700e+02
   5.9825200e+00  -1.7281600e+00   6.0240100e+00   2.7947500e+00   5.5116300e+00   2.2759900e+00  -1.8295900e+02
   5.9854300e+00  -1.7294500e+00   6.0213800e+00   2.7930400e+00   5.5085000e+00   2.2764900e+00  -1.8240600e+02
   5.9864000e+00  -1.7293400e+00   6.0204000e+00   2.7913900e+00   5.4976600e+00   2.2769200e+00  -1.8327500e+02
   5.9840800e+00  -1.7278900e+00   6.0241100e+00   2.7925700e+00   5.5133100e+00   2.2755200e+00  -1.8181900e+02
   5.9822400e+00  -1.7297400e+00   6.0188500e+00   2.7936100e+00   5.5036100e+00   2.2773200e+00  -1.8316900e+02
   5.9864200e+00  -1.7315900e+00   6.0237700e+00   2.7882900e+00   5.5167400e+00   2.2819300e+00  -1.8404800e+02
   5.9838400e+00  -1.7338600e+00   6.0211900e+00   2.7921700e+00   5.5039900e+00   2.2817700e+00  -1.8122600e+02
   5.9824200e+00  -1.7327400e+00   6.0209400e+00   2.7869400e+00   5.5054300e+00   2.2847600e+00  -1.8187000e+02
   5.9853000e+00  -1.7299000e+00   6.0224000e+00   2.7836300e+00   5.5078400e+00   2.2891200e+00  -1.8104100e+02
   5.9868200e+00  -1.7309800e+00   6.0249200e+00   2.7783700e+00   5.5134600e+00   2.2944700e+00  -1.8152800e+02
   5.9847400e+00  -1.7329300e+00   6.0251200e+00   2.7797700e+00   5.5154600e+00   2.2918000e+00  -1.8139400e+02
   5.9820900e+00  -1.7335400e+00   6.0217800e+00   2.7842300e+00   5.5162900e+00   2.2878900e+00  -1.8217000e+02
   5.9821900e+00  -1.7343700e+00   6.0226000e+00   2.7848000e+00   5.5070800e+00   2.2860200e+00  -1.8249200e+02
   5.9826400e+00  -1.7354300e+00   6.0207800e+00   2.7817200e+00   5.5030100e+00   2.2854100e+00  -1.8229400e+02
   5.9862500e+00  -1.7326500e+00   6.0219200e+00   2.7782400e+00   5.5047800e+00   2.2813200e+00  -1.8214600e+02
   5.9836200e+00  -1.7329000e+00   6.0231300e+00   2.7803300e+00   5.5092500e+00   2.2782300e+00  -1.8100200e+02
   5.9838700e+00  -1.7326000e+00   6.0259100e+00   2.7782400e+00   5.5182600e+00   2.2737600e+00  -1.8298900e+02
   5.9804200e+00  -1.7317700e+00   6.0201300e+00   2.7884000e+00   5.5070300e+00   2.2731000e+00  -1.8307900e+02
   5.9868300e+00  -1.7292800e+00   6.0231300e+00   2.7917100e+00   5.5024600e+00   2.2672300e+00  -1.8201000e+02
   5.9822300e+00  -1.7284200e+00   6.0225300e+00   2.7986900e+00   5.5015600e+00   2.2659500e+00  -1.8415600e+02
   5.9802900e+00  -1.7276400e+00   6.0218700e+00   2.7964800e+00   5.5110700e+00   2.2676900e+00  -1.8366600e+02
   5.9863600e+00  -1.7288200e+00   6.0263200e+00   2.7841400e+00   5.5080900e+00   2.2644400e+00  -1.8382900e+02
   5.9854500e+00  -1.7289100e+00   6.0236200e+00   2.7745500e+00   5.5120200e+00   2.2659500e+00  -1.8173200e+02
   5.9818100e+00  -1.7286700e+00   6.0257600e+00   2.7653200e+00   5.5177900e+00   2.2674800e+00  -1.8323500e+02
   5.9849100e+00  -1.7299400e+00   6.0259300e+00   2.7638700e+00   5.5084600e+00   2.2730400e+00  -1.8335500e+02
   5.9812400e+00  -1.7316200e+00   6.0232000e+00   2.7677200e+00   5.5119700e+00   2.2744200e+00  -1.8228900e+02
   5.9837300e+00  -1.7281600e+00   6.0225300e+00   2.7678200e+00   5.5118600e+00   2.2710100e+00  -1.8110400e+02
   5.9848700e+00  -1.7325700e+00   6.0222400e+00   2.7715800e+00   5.5054800e+00   2.2736100e+00  -1.8151700e+02
   5.9835900e+00  -1.7336900e+00   6.0226900e+00   2.7701300e+00   5.5125500e+00   2.2774600e+00  -1.8087300e+02
   5.9795200e+00  -1.7357200e+00   6.0259400e+00   2.7817800e+00   5.5216400e+00   2.2803000e+00  -1.8941500e+02
   5.9865400e+00  -1.7361400e+00   6.0217400e+00   2.7756700e+00   5.5002400e+00   2.2749600e+00  -1.8289900e+02
   5.9869000e+00  -1.7377200e+00   6.0234700e+00   2.7748300e+00   5.5060500e+00   2.2741200e+00  -1.8212600e+02
   5.9829500e+00  -1.7332100e+00   6.0227800e+00   2.7719700e+00   5.5136200e+00   2.2787700e+00  -1.8089900e+02
   5.9846100e+00  -1.7338100e+00   6.0212300e+00   2.7749300e+00   5.5089800e+00   2.2759000e+00  -1.8206400e+02
   5.9813600e+00  -1.7314400e+00   6.0182400e+00   2.7829500e+00   5.5029400e+00   2.2814600e+00  -1.8462800e+02
   5.9869100e+00  -1.7311500e+00   6.0240400e+00   2.7750900e+00   5.5079200e+00   2.2859800e+00  -1.8162100e+02
   5.9824300e+00  -1.7347100e+00   6.0244200e+00   2.7713100e+00   5.5114800e+00   2.2855500e+00  -1.8267700e+02
   5.9848400e+00  -1.7343700e+00   6.0238400e+00   2.7650500e+00   5.5170900e+00   2.2910600e+00  -1.8125200e+02
   5.9810600e+00  -1.7327300e+00   6.0228900e+00   2.7592300e+00   5.5206800e+00   2.2908300e+00  -1.8180100e+02
   5.9807800e+00  -1.7330700e+00   6.0252800e+00   2.7519500e+00   5.5223400e+00   2.2971200e+00  -1.8290900e+02
   5.9835100e+00  -1.7350600e+00   6.0231100e+00   2.7454700e+00   5.5152600e+00   2.2952200e+00  -1.8145300e+02
   5.9871100e+00  -1.7328800e+00   6.0280300e+00   2.7466800e+00   5.5216800e+00   2.2921000e+00  -1.8323300e+02
   5.9815500e+00  -1.7325800e+00   6.0237500e+00   2.7518400e+00   5.5100900e+00   2.2931500e+00  -1.8426900e+02
   5.9798800e+00  -1.7309800e+00   6.0208800e+00   2.7703000e+00   5.5196600e+00   2.2927500e+00  -1.8378500e+02
   5.9857000e+00  -1.7311100e+00   6.0265500e+00   2.7625300e+00   5.5191900e+00   2.2950200e+00  -1.8159900e+02
   5.9800500e+00  -1.7317500e+00   6.0235200e+00   2.7602200e+00   5.5155300e+00   2.2970600e+00  -1.8415600e+02
   5.9838900e+00  -1.7339800e+00   6.0265900e+00   2.7755100e+00   5.5124700e+00   2.2984200e+00  -1.8448900e+02
   5.9897900e+00  -1.7331100e+00   6.0265300e+00   2.7796500e+00   5.5058300e+00   2.2964100e+00  -1.8413900e+02
   5.9827900e+00  -1.7324700e+00   6.0237100e+00   2.7793000e+00   5.5171800e+00   2.2967200e+00  -1.8148500e+02
   5.9826300e+00  -1.7353900e+00   6.0221500e+00   2.7855500e+00   5.5094500e+00   2.2920500e+00  -1.8142200e+02
   5.9801200e+00  -1.7365700e+00   6.0228200e+00   2.7853000e+00   5.5158700e+00   2.2974100e+00  -1.8445100e+02
   5.9836600e+00  -1.7373500e+00   6.0216500e+00   2.7769200e+00   5.5095900e+00   2.2950700e+00  -1.8106100e+02
   5.9864400e+00  -1.7353100e+00   6.0224700e+00   2.7723000e+00   5.5133800e+00   2.2886400e+00  -1.8348000e+02
   5.9809700e+00  -1.7356800e+00   6.0214400e+00   2.7785500e+00   5.5063500e+00   2.2932700e+00  -1.8380900e+02
   5.9830100e+00  -1.7377300e+00   6.0243900e+00   2.7672200e+00   5.5142000e+00   2.2941100e+00  -1.8140700e+02
   5.9826400e+00  -1.7359000e+00   6.0193600e+00   2.7788300e+00   5.5069600e+00   2.2870800e+00  -1.8299800e+02
   5.9830600e+00  -1.7356200e+00   6.0194400e+00   2.7890700e+00   5.5076000e+00   2.2883100e+00  -1.8282400e+02
   5.9863700e+00  -1.7359700e+00   6.0237900e+00   2.7881500e+00   5.5046000e+00   2.2889400e+00  -1.8130400e+02
   5.9831400e+00  -1.7357200e+00   6.0258200e+00   2.7930900e+00   5.5159700e+00   2.2904600e+00  -1.8480600e+02
   5.9811700e+00  -1.7335700e+00   6.0187000e+00   2.7951100e+00   5.5086700e+00   2.2953000e+00  -1.8426200e+02
   5.9882600e+00  -1.7332100e+00   6.0251700e+00   2.7936400e+00   5.5036300e+00   2.2961700e+00  -1.8244000e+02
   5.9859100e+00  -1.7312100e+00   6.0233300e+00   2.7964200e+00   5.5117900e+00   2.2927100e+00  -1.8164700e+02
   5.9845800e+00  -1.7352600e+00   6.0244200e+00   2.7938200e+00   5.5091100e+00   2.2943900e+00  -1.8191100e+02
   5.9845900e+00  -1.7345400e+00   6.0234100e+00   2.7936000e+00   5.5077200e+00   2.2968700e+00  -1.8114500e+02
   5.9853300e+00  -1.7365100e+00   6.0233200e+00   2.7819600e+00   5.5145900e+00   2.2942300e+00  -1.8149700e+02
   5.9838300e+00  -1.7357000e+00   6.0239800e+00   2.7853400e+00   5.5092900e+00   2.2928300e+00  -1.8166700e+02
   5.9843100e+00  -1.7376500e+00   6.0224600e+00   2.7847100e+00   5.5090400e+00   2.2946000e+00  -1.8072600e+02
   5.9840600e+00  -1.7382400e+00   6.0216800e+00   2.7839100e+00   5.5018800e+00   2.2939700e+00  -1.8182100e+02
   5.9830800e+00  -1.7367000e+00   6.0218200e+00   2.7870400e+00   5.5063200e+00   2.2972400e+00  -1.8152800e+02
   5.9848900e+00  -1.7356100e+00   6.0214400e+00   2.7900800e+00   5.5067200e+00   2.2936000e+00  -1.8115200e+02
   5.9849400e+00  -1.7354800e+00   6.0230800e+00   2.8008800e+00   5.5100500e+00   2.2932100e+00  -1.8134000e+02
   5.9818300e+00  -1.7343600e+00   6.0188000e+00   2.8026200e+00   5.5023000e+00   2.2931100e+00  -1.8355300e+02
   5.9823700e+00  -1.7339200e+00   6.0185800e+00   2.8119600e+00   5.5001300e+00   2.2920900e+00  -1.8348300e+02
   5.9857100e+00  -1.7326400e+00   6.0245800e+00   2.8086500e+00   5.4991300e+00   2.2897700e+00  -1.8472500e+02
   5.9844600e+00  -1.7339500e+00   6.0196400e+00   2.8059500e+00   5.5057000e+00   2.2903400e+00  -1.8284700e+02
   5.9855300e+00  -1.7322000e+00   6.0225600e+00   2.8032500e+00   5.4938100e+00   2.2906100e+00  -1.8423600e+02
   5.9818400e+00  -1.7321800e+00   6.0183900e+00   2.8017000e+00   5.5014000e+00   2.2933800e+00  -1.8414000e+02
   5.9852100e+00  -1.7352400e+00   6.0204800e+00   2.8088300e+00   5.5053900e+00   2.2925800e+00  -1.8213600e+02
   5.9847100e+00  -1.7344300e+00   6.0214200e+00   2.8080300e+00   5.4931600e+00   2.2970200e+00  -1.8413500e+02
   5.9841900e+00  -1.7343900e+00   6.0200200e+00   2.8085800e+00   5.5080600e+00   2.2925400e+00  -1.8292000e+02
   5.9864800e+00  -1.7360700e+00   6.0218500e+00   2.8096100e+00   5.4965200e+00   2.2922000e+00  -1.8172600e+02
   5.9847500e+00  -1.7367700e+00   6.0234700e+00   2.7987000e+00   5.5095200e+00   2.2919000e+00  -1.8136600e+02
   5.9838300e+00  -1.7390400e+00   6.0227800e+00   2.8067500e+00   5.5104800e+00   2.2891400e+00  -1.8218900e+02
   5.9858300e+00  -1.7388000e+00   6.0220400e+00   2.8134300e+00   5.4941300e+00   2.2917700e+00  -1.8283100e+02
   5.9859900e+00  -1.7397400e+00   6.0235400e+00   2.8148500e+00   5.5050900e+00   2.2919400e+00  -1.8213600e+02
   5.9874400e+00  -1.7415100e+00   6.0236800e+00   2.8127300e+00   5.5004900e+00   2.2916500e+00  -1.8218100e+02
   5.9821700e+00  -1.7437700e+00   6.0215200e+00   2.8170300e+00   5.5017800e+00   2.2868500e+00  -1.8433100e+02
   5.9859900e+00  -1.7456900e+00   6.0219400e+00   2.8146300e+00   5.4944600e+00   2.2908700e+00  -1.8241600e+02
   5.9854700e+00  -1.7464700e+00   6.0211700e+00   2.8028900e+00   5.5054600e+00   2.2931900e+00  -1.8137300e+02
   5.9859700e+00  -1.7448300e+00   6.0231800e+00   2.7959500e+00   5.4962400e+00   2.2948100e+00  -1.8340400e+02
   5.9843900e+00  -1.7450200e+00   6.0238300e+00   2.7967400e+00   5.5027700e+00   2.2920400e+00  -1.8330700e+02
   5.9849000e+00  -1.7463900e+00   6.0257200e+00   2.7940300e+00   5.5089700e+00   2.2914800e+00  -1.8434500e+02
   5.9854000e+00  -1.7460100e+00   6.0194700e+00   2.7953300e+00   5.4971500e+00   2.2921000e+00  -1.8233000e+02
   5.9850500e+00  -1.7420900e+00   6.0208300e+00   2.7868800e+00   5.5078100e+00   2.2940300e+00  -1.8186000e+02
   5.9844700e+00  -1.7390700e+00   6.0210800e+00   2.7986900e+00   5.5047400e+00   2.2962700e+00  -1.8109400e+02
   5.9870400e+00  -1.7378100e+00   6.0210000e+00   2.8010100e+00   5.5004800e+00   2.3019700e+00  -1.8192500e+02
   5.9883600e+00  -1.7377100e+00   6.0228800e+00   2.7909200e+00   5.4987900e+00   2.2995900e+00  -1.8245400e+02
   5.9882300e+00  -1.7348700e+00   6.0247300e+00   2.7897200e+00   5.5010800e+00   2.3076300e+00  -1.8251000e+02
   5.9795600e+00  -1.7382700e+00   6.0187000e+00   2.7882800e+00   5.5059300e+00   2.3029800e+00  -1.8598000e+02
   5.9875900e+00  -1.7378100e+00   6.0239700e+00   2.7937000e+00   5.5112500e+00   2.3063400e+00  -1.8197400e+02
   5.9869800e+00  -1.7361300e+00   6.0244700e+00   2.7932800e+00   5.5106700e+00   2.3036200e+00  -1.8137200e+02
   5.9876200e+00  -1.7376200e+00   6.0279100e+00   2.7882900e+00   5.5101000e+00   2.3012500e+00  -1.8516500e+02
   5.9860200e+00  -1.7359500e+00   6.0247100e+00   2.7802100e+00   5.5113700e+00   2.2962500e+00  -1.8101300e+02
   5.9855300e+00  -1.7357600e+00   6.0254100e+00   2.7724700e+00   5.5168100e+00   2.2988900e+00  -1.8122700e+02
   5.9816300e+00  -1.7338900e+00   6.0224900e+00   2.7832700e+00   5.5149000e+00   2.3012400e+00  -1.8221700e+02
   5.9874600e+00  -1.7307600e+00   6.0256300e+00   2.7911000e+00   5.5064700e+00   2.3031300e+00  -1.8208700e+02
   5.9872200e+00  -1.7297100e+00   6.0245400e+00   2.7899200e+00   5.5021400e+00   2.3055700e+00  -1.8219000e+02
   5.9823200e+00  -1.7300800e+00   6.0224100e+00   2.7902200e+00   5.5075600e+00   2.3043700e+00  -1.8281800e+02
   5.9880400e+00  -1.7291000e+00   6.0264100e+00   2.7914400e+00   5.5064400e+00   2.3038900e+00  -1.8290600e+02
   5.9847200e+00  -1.7301600e+00   6.0232000e+00   2.7977100e+00   5.5108800e+00   2.3005400e+00  -1.8111300e+02
   5.9869900e+00  -1.7282900e+00   6.0238900e+00   2.8005600e+00   5.5039300e+00   2.2929000e+00  -1.8142900e+02
   5.9865700e+00  -1.7295700e+00   6.0233000e+00   2.8026700e+00   5.5040200e+00   2.2874500e+00  -1.8130400e+02
   5.9876300e+00  -1.7318500e+00   6.0207700e+00   2.8071600e+00   5.4962900e+00   2.2828000e+00  -1.8288100e+02
   5.9836900e+00  -1.7285900e+00   6.0227300e+00   2.8103900e+00   5.5046900e+00   2.2837100e+00  -1.8237000e+02
   5.9846700e+00  -1.7291500e+00   6.0239300e+00   2.8026600e+00   5.5102600e+00   2.2710000e+00  -1.8225100e+02
   5.9834900e+00  -1.7250500e+00   6.0180500e+00   2.8026700e+00   5.4954600e+00   2.2721400e+00  -1.8446300e+02
   5.9869900e+00  -1.7219200e+00   6.0234600e+00   2.8047600e+00   5.4949400e+00   2.2793800e+00  -1.8368100e+02
   5.9865500e+00  -1.7210200e+00   6.0248300e+00   2.8060800e+00   5.5082000e+00   2.2768400e+00  -1.8237200e+02
   5.9818000e+00  -1.7195100e+00   6.0195100e+00   2.8035200e+00   5.5078300e+00   2.2718300e+00  -1.8326600e+02
   5.9860300e+00  -1.7192000e+00   6.0221700e+00   2.8026200e+00   5.5035300e+00   2.2741300e+00  -1.8159100e+02
   5.9859300e+00  -1.7194900e+00   6.0214500e+00   2.8013100e+00   5.5002000e+00   2.2709500e+00  -1.8196400e+02
   5.9839200e+00  -1.7202100e+00   6.0196500e+00   2.8136100e+00   5.5033900e+00   2.2721700e+00  -1.8277700e+02
   5.9815000e+00  -1.7181200e+00   6.0216600e+00   2.8190000e+00   5.5086000e+00   2.2696600e+00  -1.8399000e+02
   5.9884800e+00  -1.7182000e+00   6.0239300e+00   2.8196700e+00   5.4963900e+00   2.2674200e+00  -1.8367000e+02
   5.9891400e+00  -1.7214500e+00   6.0226000e+00   2.8296600e+00   5.4924700e+00   2.2689100e+00  -1.8387700e+02
   5.9841000e+00  -1.7215000e+00   6.0221300e+00   2.8326300e+00   5.4919800e+00   2.2711900e+00  -1.8631200e+02
   5.9861500e+00  -1.7250400e+00   6.0227200e+00   2.8259200e+00   5.4967100e+00   2.2712100e+00  -1.8279900e+02
   5.9845100e+00  -1.7218400e+00   6.0201600e+00   2.8255900e+00   5.5074900e+00   2.2724300e+00  -1.8429000e+02
   5.9871200e+00  -1.7238700e+00   6.0210100e+00   2.8265500e+00   5.4982300e+00   2.2758000e+00  -1.8255500e+02
   5.9844900e+00  -1.7223300e+00   6.0193000e+00   2.8171200e+00   5.5046700e+00   2.2767100e+00  -1.8391400e+02
   5.9818300e+00  -1.7218400e+00   6.0222600e+00   2.8208200e+00   5.5034100e+00   2.2740800e+00  -1.8519000e+02
   5.9870700e+00  -1.7210300e+00   6.0231400e+00   2.8171700e+00   5.4931500e+00   2.2765600e+00  -1.8379400e+02
   5.9860900e+00  -1.7236500e+00   6.0198700e+00   2.8190400e+00   5.4976300e+00   2.2758700e+00  -1.8271600e+02
   5.9872400e+00  -1.7187600e+00   6.0197800e+00   2.8242500e+00   5.4882100e+00   2.2777200e+00  -1.8425200e+02
   5.9878000e+00  -1.7196400e+00   6.0225800e+00   2.8229600e+00   5.4952700e+00   2.2762700e+00  -1.8265600e+02
   5.9838600e+00  -1.7172000e+00   6.0231100e+00   2.8183300e+00   5.4969900e+00   2.2756900e+00  -1.8558000e+02
   5.9835900e+00  -1.7163500e+00   6.0174700e+00   2.8233600e+00   5.4929400e+00   2.2684800e+00  -1.8514100e+02
   5.9853100e+00  -1.7179000e+00   6.0189100e+00   2.8237000e+00   5.4944200e+00   2.2644000e+00  -1.8346200e+02
   5.9796700e+00  -1.7198600e+00   6.0178300e+00   2.8243500e+00   5.5055700e+00   2.2607000e+00  -1.8630100e+02
   5.9820900e+00  -1.7183300e+00   6.0210000e+00   2.8347900e+00   5.5058300e+00   2.2548600e+00  -1.8458300e+02
   5.9841200e+00  -1.7161300e+00   6.0207200e+00   2.8338500e+00   5.4871500e+00   2.2530300e+00  -1.8611000e+02
   5.9850100e+00  -1.7169800e+00   6.0212200e+00   2.8248000e+00   5.5060400e+00   2.2533700e+00  -1.8358500e+02
   5.9794800e+00  -1.7157300e+00   6.0188800e+00   2.8103300e+00   5.5111600e+00   2.2481400e+00  -1.8537200e+02
   5.9866600e+00  -1.7121600e+00   6.0199100e+00   2.8053000e+00   5.4984400e+00   2.2436600e+00  -1.8525500e+02
   5.9845900e+00  -1.7101400e+00   6.0239700e+00   2.8064700e+00   5.5032500e+00   2.2448000e+00  -1.8294900e+02
   5.9780900e+00  -1.7114700e+00   6.0161500e+00   2.8057700e+00   5.5090100e+00   2.2478400e+00  -1.8944000e+02
   5.9849000e+00  -1.7116600e+00   6.0233600e+00   2.7961700e+00   5.5103100e+00   2.2493400e+00  -1.8209500e+02
   5.9844600e+00  -1.7121900e+00   6.0223800e+00   2.7877200e+00   5.5109300e+00   2.2431500e+00  -1.8247700e+02
   5.9836200e+00  -1.7151200e+00   6.0241500e+00   2.7914300e+00   5.5189800e+00   2.2451000e+00  -1.8413800e+02
   5.9863000e+00  -1.7157900e+00   6.0203500e+00   2.7965900e+00   5.4898400e+00   2.2459500e+00  -1.8542700e+02
   5.9837100e+00  -1.7187700e+00   6.0225600e+00   2.8025200e+00   5.5056300e+00   2.2454000e+00  -1.8183500e+02
   5.9854700e+00  -1.7179500e+00   6.0254500e+00   2.8038000e+00   5.5064000e+00   2.2387900e+00  -1.8467600e+02
   5.9838600e+00  -1.7218700e+00   6.0222300e+00   2.7920600e+00   5.5065500e+00   2.2398800e+00  -1.8164900e+02
   5.9819900e+00  -1.7230000e+00   6.0239800e+00   2.7801900e+00   5.5102800e+00   2.2442500e+00  -1.8263500e+02
   5.9805100e+00  -1.7242500e+00   6.0199400e+00   2.7862300e+00   5.5105800e+00   2.2485500e+00  -1.8257300e+02
   5.9823700e+00  -1.7238800e+00   6.0238400e+00   2.7830900e+00   5.5231800e+00   2.2542000e+00  -1.8466400e+02
   5.9872600e+00  -1.7260500e+00   6.0228900e+00   2.7913600e+00   5.5012100e+00   2.2527900e+00  -1.8304600e+02
   5.9849000e+00  -1.7271500e+00   6.0238800e+00   2.7876400e+00   5.5074300e+00   2.2477600e+00  -1.8206400e+02
   5.9822200e+00  -1.7259600e+00   6.0248600e+00   2.7924600e+00   5.5107800e+00   2.2406800e+00  -1.8483000e+02
   5.9826600e+00  -1.7257200e+00   6.0206700e+00   2.7917400e+00   5.5031200e+00   2.2408900e+00  -1.8166700e+02
   5.9832800e+00  -1.7276200e+00   6.0200400e+00   2.7837700e+00   5.5061700e+00   2.2374700e+00  -1.8272300e+02
   5.9856000e+00  -1.7278800e+00   6.0249700e+00   2.7940700e+00   5.5013900e+00   2.2403300e+00  -1.8478600e+02
   5.9810400e+00  -1.7300800e+00   6.0180200e+00   2.7856100e+00   5.4996800e+00   2.2454100e+00  -1.8389100e+02
   5.9827600e+00  -1.7331000e+00   6.0206900e+00   2.7979200e+00   5.5076600e+00   2.2481000e+00  -1.8202400e+02
   5.9777100e+00  -1.7318500e+00   6.0180100e+00   2.7882600e+00   5.5135900e+00   2.2483000e+00  -1.8596300e+02
   5.9816700e+00  -1.7309600e+00   6.0211600e+00   2.7927600e+00   5.5027100e+00   2.2456400e+00  -1.8234500e+02
