   5.9896500e+00  -1.9239400e+00   6.0176400e+00   2.8007800e+00   5.4950200e+00   2.7003200e+00  -7.1544700e+03
   5.9900300e+00  -1.9230900e+00   6.0179500e+00   2.8006800e+00   5.4951300e+00   2.7003100e+00  -7.1533500e+03
   5.9909400e+00  -1.9211300e+00   6.0188000e+00   2.8007800e+00   5.4960900e+00   2.7002600e+00  -7.1566900e+03
   5.9902400e+00  -1.9238500e+00   6.0176100e+00   2.8008000e+00   5.4954300e+00   2.7002500e+00  -7.1544100e+03
   5.9903400e+00  -1.9250900e+00   6.0179400e+00   2.8002100e+00   5.4967800e+00   2.7002100e+00  -7.1555300e+03
   5.9903000e+00  -1.9256200e+00   6.0181900e+00   2.8008100e+00   5.4949200e+00   2.7001000e+00  -7.1553900e+03
   5.9902100e+00  -1.9277200e+00   6.0173000e+00   2.8012000e+00   5.4949700e+00   2.7001000e+00  -7.1568000e+03
   5.9896800e+00  -1.9269000e+00   6.0179000e+00   2.8007500e+00   5.4979700e+00   2.7001400e+00  -7.1587000e+03
   5.9895700e+00  -1.9265400e+00   6.0175400e+00   2.8013000e+00   5.4948700e+00   2.7001400e+00  -7.1554600e+03
   5.9898100e+00  -1.9265000e+00   6.0175700e+00   2.8016900e+00   5.4952400e+00   2.7001600e+00  -7.1542500e+03
   5.9900600e+00  -1.9245000e+00   6.0174000e+00   2.8012600e+00   5.4932500e+00   2.7001500e+00  -7.1552100e+03
   5.9902800e+00  -1.9229100e+00   6.0177800e+00   2.8013400e+00   5.4945300e+00   2.7001200e+00  -7.1533300e+03
   5.9898700e+00  -1.9220500e+00   6.0177300e+00   2.8014400e+00   5.4956000e+00   2.7002100e+00  -7.1531700e+03
   5.9904500e+00  -1.9218800e+00   6.0182800e+00   2.8015800e+00   5.4968200e+00   2.7001700e+00  -7.1542200e+03
   5.9906700e+00  -1.9211900e+00   6.0181200e+00   2.8011000e+00   5.4954200e+00   2.7001400e+00  -7.1540500e+03
   5.9902200e+00  -1.9214500e+00   6.0175800e+00   2.8010900e+00   5.4953100e+00   2.7001300e+00  -7.1544300e+03
   5.9900800e+00  -1.9201600e+00   6.0182000e+00   2.8010100e+00   5.4968200e+00   2.7002200e+00  -7.1527900e+03
   5.9904100e+00  -1.9192700e+00   6.0178300e+00   2.8009300e+00   5.4957300e+00   2.7001500e+00  -7.1541500e+03
   5.9900100e+00  -1.9204700e+00   6.0182200e+00   2.8007800e+00   5.4960200e+00   2.7001300e+00  -7.1532700e+03
   5.9896100e+00  -1.9212400e+00   6.0173900e+00   2.8007700e+00   5.4946700e+00   2.7002000e+00  -7.1552700e+03
   5.9903000e+00  -1.9203200e+00   6.0181900e+00   2.8013900e+00   5.4964400e+00   2.7003000e+00  -7.1527100e+03
   5.9905300e+00  -1.9188000e+00   6.0184600e+00   2.8012800e+00   5.4953500e+00   2.7003100e+00  -7.1537100e+03
   5.9899000e+00  -1.9196400e+00   6.0181400e+00   2.8013100e+00   5.4968500e+00   2.7002700e+00  -7.1532500e+03
   5.9900100e+00  -1.9180000e+00   6.0187700e+00   2.8015100e+00   5.4969500e+00   2.7001900e+00  -7.1574200e+03
   5.9902900e+00  -1.9173000e+00   6.0180900e+00   2.8018000e+00   5.4952600e+00   2.7002000e+00  -7.1526600e+03
   5.9903800e+00  -1.9148100e+00   6.0184800e+00   2.8009800e+00   5.4955600e+00   2.7002100e+00  -7.1534200e+03
   5.9906900e+00  -1.9138900e+00   6.0189400e+00   2.8005900e+00   5.4968900e+00   2.7002100e+00  -7.1533900e+03
   5.9901300e+00  -1.9117000e+00   6.0185900e+00   2.8006200e+00   5.4981600e+00   2.7002200e+00  -7.1527800e+03
   5.9901700e+00  -1.9114700e+00   6.0184600e+00   2.8014600e+00   5.4968500e+00   2.7002500e+00  -7.1527500e+03
   5.9899100e+00  -1.9123200e+00   6.0181200e+00   2.8015400e+00   5.4959000e+00   2.7002200e+00  -7.1544700e+03
   5.9905900e+00  -1.9135600e+00   6.0182900e+00   2.8015700e+00   5.4943100e+00   2.7002800e+00  -7.1555800e+03
   5.9900900e+00  -1.9123200e+00   6.0183400e+00   2.8019800e+00   5.4970400e+00   2.7002500e+00  -7.1528600e+03
   5.9905100e+00  -1.9130800e+00   6.0180900e+00   2.8018300e+00   5.4965200e+00   2.7002500e+00  -7.1549000e+03
   5.9902300e+00  -1.9119500e+00   6.0186300e+00   2.8018200e+00   5.4974600e+00   2.7002100e+00  -7.1526800e+03
   5.9902900e+00  -1.9136700e+00   6.0182700e+00   2.8019000e+00   5.4975700e+00   2.7001600e+00  -7.1536000e+03
   5.9900600e+00  -1.9162100e+00   6.0181300e+00   2.8017000e+00   5.4974900e+00   2.7002200e+00  -7.1535300e+03
   5.9904700e+00  -1.9132900e+00   6.0186900e+00   2.8016500e+00   5.4964400e+00   2.7002400e+00  -7.1528900e+03
   5.9905600e+00  -1.9118000e+00   6.0185400e+00   2.8019000e+00   5.4971000e+00   2.7002400e+00  -7.1527800e+03
   5.9896700e+00  -1.9122800e+00   6.0178500e+00   2.8018400e+00   5.4976900e+00   2.7002100e+00  -7.1570800e+03
   5.9902900e+00  -1.9129900e+00   6.0188200e+00   2.8016400e+00   5.4979200e+00   2.7001400e+00  -7.1532700e+03
   5.9901100e+00  -1.9136200e+00   6.0188400e+00   2.8014700e+00   5.4983300e+00   2.7001900e+00  -7.1543700e+03
   5.9904000e+00  -1.9139500e+00   6.0190800e+00   2.8014200e+00   5.4989600e+00   2.7001800e+00  -7.1553700e+03
   5.9902400e+00  -1.9149500e+00   6.0187700e+00   2.8015400e+00   5.4966200e+00   2.7002700e+00  -7.1546500e+03
   5.9908000e+00  -1.9162800e+00   6.0186300e+00   2.8016800e+00   5.4967700e+00   2.7002700e+00  -7.1537100e+03
   5.9896700e+00  -1.9167000e+00   6.0184200e+00   2.8022100e+00   5.4974300e+00   2.7002900e+00  -7.1564800e+03
   5.9905500e+00  -1.9146600e+00   6.0182000e+00   2.8022600e+00   5.4952600e+00   2.7002600e+00  -7.1533200e+03
   5.9904200e+00  -1.9140600e+00   6.0179200e+00   2.8021700e+00   5.4939800e+00   2.7002700e+00  -7.1559300e+03
   5.9903600e+00  -1.9147600e+00   6.0184200e+00   2.8025700e+00   5.4972000e+00   2.7002800e+00  -7.1527800e+03
   5.9904400e+00  -1.9168400e+00   6.0182400e+00   2.8023500e+00   5.4964900e+00   2.7003000e+00  -7.1527800e+03
   5.9906100e+00  -1.9190500e+00   6.0180700e+00   2.8021400e+00   5.4954600e+00   2.7002900e+00  -7.1536700e+03
   5.9901300e+00  -1.9161100e+00   6.0181500e+00   2.8022400e+00   5.4954800e+00   2.7002700e+00  -7.1530100e+03
   5.9903800e+00  -1.9167300e+00   6.0184600e+00   2.8020000e+00   5.4956400e+00   2.7002700e+00  -7.1533300e+03
   5.9902600e+00  -1.9146900e+00   6.0185400e+00   2.8021400e+00   5.4964100e+00   2.7002400e+00  -7.1530100e+03
   5.9905000e+00  -1.9140500e+00   6.0183200e+00   2.8023900e+00   5.4976600e+00   2.7002800e+00  -7.1547500e+03
   5.9903900e+00  -1.9132300e+00   6.0181500e+00   2.8024700e+00   5.4956000e+00   2.7003500e+00  -7.1532400e+03
   5.9902100e+00  -1.9142200e+00   6.0183000e+00   2.8023000e+00   5.4974900e+00   2.7003000e+00  -7.1531700e+03
   5.9898800e+00  -1.9149700e+00   6.0185100e+00   2.8021200e+00   5.4969500e+00   2.7002900e+00  -7.1549700e+03
   5.9904500e+00  -1.9158800e+00   6.0183700e+00   2.8021200e+00   5.4970900e+00   2.7002500e+00  -7.1529400e+03
   5.9900800e+00  -1.9160500e+00   6.0179000e+00   2.8019500e+00   5.4950400e+00   2.7002800e+00  -7.1535600e+03
   5.9900600e+00  -1.9143200e+00   6.0181000e+00   2.8018500e+00   5.4960000e+00   2.7003700e+00  -7.1529700e+03
   5.9898000e+00  -1.9137500e+00   6.0180100e+00   2.8018100e+00   5.4950100e+00   2.7003800e+00  -7.1563500e+03
   5.9901200e+00  -1.9137500e+00   6.0179500e+00   2.8018800e+00   5.4955000e+00   2.7004300e+00  -7.1538000e+03
   5.9903200e+00  -1.9126800e+00   6.0184000e+00   2.8021800e+00   5.4970700e+00   2.7004300e+00  -7.1525800e+03
   5.9901800e+00  -1.9125700e+00   6.0182100e+00   2.8022200e+00   5.4968800e+00   2.7004600e+00  -7.1530700e+03
   5.9901900e+00  -1.9117800e+00   6.0184400e+00   2.8016700e+00   5.4965000e+00   2.7004400e+00  -7.1529100e+03
   5.9904700e+00  -1.9129000e+00   6.0186500e+00   2.8014500e+00   5.4983400e+00   2.7004800e+00  -7.1536300e+03
   5.9899900e+00  -1.9132400e+00   6.0184500e+00   2.8016700e+00   5.4975500e+00   2.7004700e+00  -7.1531900e+03
   5.9904200e+00  -1.9158200e+00   6.0190200e+00   2.8012400e+00   5.4961500e+00   2.7004600e+00  -7.1581700e+03
   5.9901000e+00  -1.9134400e+00   6.0183000e+00   2.8016600e+00   5.4970400e+00   2.7004900e+00  -7.1526300e+03
   5.9914300e+00  -1.9119200e+00   6.0192000e+00   2.8016000e+00   5.4962900e+00   2.7004700e+00  -7.1582500e+03
   5.9903000e+00  -1.9117900e+00   6.0186900e+00   2.8019300e+00   5.4966900e+00   2.7004200e+00  -7.1532300e+03
   5.9906800e+00  -1.9108400e+00   6.0185900e+00   2.8021100e+00   5.4965200e+00   2.7004300e+00  -7.1531100e+03
   5.9902600e+00  -1.9108400e+00   6.0180400e+00   2.8020500e+00   5.4966100e+00   2.7004300e+00  -7.1550400e+03
   5.9905700e+00  -1.9103700e+00   6.0186000e+00   2.8018200e+00   5.4979700e+00   2.7004100e+00  -7.1539500e+03
   5.9903700e+00  -1.9122200e+00   6.0191000e+00   2.8019700e+00   5.4991900e+00   2.7004200e+00  -7.1554900e+03
   5.9899800e+00  -1.9140600e+00   6.0180100e+00   2.8022100e+00   5.4958000e+00   2.7004500e+00  -7.1535800e+03
   5.9900300e+00  -1.9147800e+00   6.0183400e+00   2.8022600e+00   5.4965500e+00   2.7004500e+00  -7.1531300e+03
   5.9906600e+00  -1.9163000e+00   6.0181200e+00   2.8024000e+00   5.4947500e+00   2.7004800e+00  -7.1540200e+03
   5.9903400e+00  -1.9168200e+00   6.0180800e+00   2.8027600e+00   5.4949200e+00   2.7004900e+00  -7.1530700e+03
   5.9906700e+00  -1.9175000e+00   6.0186100e+00   2.8029400e+00   5.4972700e+00   2.7005100e+00  -7.1545700e+03
   5.9904800e+00  -1.9182700e+00   6.0181200e+00   2.8032100e+00   5.4958600e+00   2.7005200e+00  -7.1530800e+03
   5.9896300e+00  -1.9188200e+00   6.0179100e+00   2.8033800e+00   5.4955600e+00   2.7005200e+00  -7.1557400e+03
   5.9910200e+00  -1.9169400e+00   6.0184100e+00   2.8037200e+00   5.4965500e+00   2.7005300e+00  -7.1571200e+03
   5.9904900e+00  -1.9187800e+00   6.0185300e+00   2.8037600e+00   5.4963300e+00   2.7004900e+00  -7.1542600e+03
   5.9901900e+00  -1.9216900e+00   6.0177400e+00   2.8039600e+00   5.4942800e+00   2.7004200e+00  -7.1535200e+03
   5.9897100e+00  -1.9224500e+00   6.0176400e+00   2.8035200e+00   5.4941400e+00   2.7003600e+00  -7.1557900e+03
   5.9906300e+00  -1.9220500e+00   6.0182600e+00   2.8030600e+00   5.4955200e+00   2.7003500e+00  -7.1544300e+03
   5.9902700e+00  -1.9230400e+00   6.0177000e+00   2.8034700e+00   5.4947600e+00   2.7003000e+00  -7.1536100e+03
   5.9901700e+00  -1.9221400e+00   6.0175200e+00   2.8033400e+00   5.4950200e+00   2.7003800e+00  -7.1542900e+03
   5.9901100e+00  -1.9214400e+00   6.0172900e+00   2.8034700e+00   5.4932000e+00   2.7003500e+00  -7.1556600e+03
   5.9903600e+00  -1.9181600e+00   6.0184100e+00   2.8032100e+00   5.4951200e+00   2.7003500e+00  -7.1545400e+03
   5.9898300e+00  -1.9199100e+00   6.0181900e+00   2.8032100e+00   5.4964500e+00   2.7003500e+00  -7.1550700e+03
   5.9898500e+00  -1.9210500e+00   6.0181400e+00   2.8032900e+00   5.4959000e+00   2.7004200e+00  -7.1553500e+03
   5.9904700e+00  -1.9207000e+00   6.0180200e+00   2.8038800e+00   5.4942100e+00   2.7004600e+00  -7.1539900e+03
   5.9908500e+00  -1.9200300e+00   6.0189500e+00   2.8039000e+00   5.4952600e+00   2.7004700e+00  -7.1605500e+03
   5.9905500e+00  -1.9214100e+00   6.0183400e+00   2.8041000e+00   5.4959800e+00   2.7004300e+00  -7.1548700e+03
   5.9896500e+00  -1.9203200e+00   6.0176500e+00   2.8043100e+00   5.4954300e+00   2.7003600e+00  -7.1549600e+03
   5.9902100e+00  -1.9197200e+00   6.0169800e+00   2.8047400e+00   5.4933100e+00   2.7003800e+00  -7.1597800e+03
   5.9898800e+00  -1.9222700e+00   6.0175300e+00   2.8043800e+00   5.4958500e+00   2.7002900e+00  -7.1550500e+03
   5.9900400e+00  -1.9233000e+00   6.0177600e+00   2.8046000e+00   5.4951400e+00   2.7002500e+00  -7.1540800e+03
   5.9900700e+00  -1.9216200e+00   6.0173700e+00   2.8049300e+00   5.4954100e+00   2.7002600e+00  -7.1562200e+03
   5.9897200e+00  -1.9201700e+00   6.0177400e+00   2.8046100e+00   5.4969200e+00   2.7002500e+00  -7.1562600e+03
   5.9900900e+00  -1.9201300e+00   6.0172000e+00   2.8047200e+00   5.4923100e+00   2.7002900e+00  -7.1576600e+03
   5.9903900e+00  -1.9201800e+00   6.0177700e+00   2.8048000e+00   5.4938800e+00   2.7002800e+00  -7.1539700e+03
   5.9897800e+00  -1.9203000e+00   6.0177000e+00   2.8048300e+00   5.4953800e+00   2.7002300e+00  -7.1544900e+03
   5.9900300e+00  -1.9222200e+00   6.0179800e+00   2.8044000e+00   5.4943000e+00   2.7002500e+00  -7.1558200e+03
   5.9902000e+00  -1.9213300e+00   6.0177700e+00   2.8042300e+00   5.4950600e+00   2.7002600e+00  -7.1533500e+03
   5.9907300e+00  -1.9210400e+00   6.0181500e+00   2.8042600e+00   5.4926600e+00   2.7003500e+00  -7.1588000e+03
   5.9900500e+00  -1.9211300e+00   6.0174300e+00   2.8041500e+00   5.4950000e+00   2.7003700e+00  -7.1547100e+03
   5.9898300e+00  -1.9202700e+00   6.0177200e+00   2.8039700e+00   5.4963800e+00   2.7003900e+00  -7.1546800e+03
   5.9898800e+00  -1.9212700e+00   6.0176600e+00   2.8038500e+00   5.4950400e+00   2.7004100e+00  -7.1537300e+03
   5.9902600e+00  -1.9211300e+00   6.0180200e+00   2.8041900e+00   5.4965600e+00   2.7004200e+00  -7.1546900e+03
   5.9905900e+00  -1.9209000e+00   6.0181900e+00   2.8038300e+00   5.4948700e+00   2.7004300e+00  -7.1540800e+03
   5.9905100e+00  -1.9214400e+00   6.0178900e+00   2.8040400e+00   5.4932800e+00   2.7003600e+00  -7.1553300e+03
   5.9900700e+00  -1.9208000e+00   6.0174400e+00   2.8040300e+00   5.4953400e+00   2.7003100e+00  -7.1552400e+03
   5.9907900e+00  -1.9182600e+00   6.0185600e+00   2.8039900e+00   5.4963000e+00   2.7003100e+00  -7.1548700e+03
   5.9904600e+00  -1.9172200e+00   6.0179100e+00   2.8039400e+00   5.4952100e+00   2.7002700e+00  -7.1536100e+03
   5.9903100e+00  -1.9131900e+00   6.0178100e+00   2.8040900e+00   5.4953200e+00   2.7002700e+00  -7.1549900e+03
   5.9898000e+00  -1.9124300e+00   6.0178400e+00   2.8042600e+00   5.4977200e+00   2.7002700e+00  -7.1579000e+03
   5.9901100e+00  -1.9128800e+00   6.0187500e+00   2.8042900e+00   5.4969900e+00   2.7002300e+00  -7.1559700e+03
   5.9901000e+00  -1.9113300e+00   6.0176200e+00   2.8040900e+00   5.4957700e+00   2.7003200e+00  -7.1578900e+03
   5.9904000e+00  -1.9128900e+00   6.0185300e+00   2.8047100e+00   5.4981200e+00   2.7003100e+00  -7.1552700e+03
   5.9904500e+00  -1.9121200e+00   6.0182700e+00   2.8046300e+00   5.4972700e+00   2.7002900e+00  -7.1548200e+03
   5.9905200e+00  -1.9117100e+00   6.0187400e+00   2.8043000e+00   5.4978900e+00   2.7003400e+00  -7.1541900e+03
   5.9903800e+00  -1.9114000e+00   6.0176900e+00   2.8041700e+00   5.4955600e+00   2.7003200e+00  -7.1582700e+03
   5.9907400e+00  -1.9119900e+00   6.0185900e+00   2.8043300e+00   5.4958200e+00   2.7003300e+00  -7.1536200e+03
   5.9912400e+00  -1.9104800e+00   6.0187600e+00   2.8042400e+00   5.4960100e+00   2.7003100e+00  -7.1565600e+03
   5.9908500e+00  -1.9093600e+00   6.0190800e+00   2.8044400e+00   5.4988100e+00   2.7003300e+00  -7.1566200e+03
   5.9906000e+00  -1.9103600e+00   6.0185900e+00   2.8041300e+00   5.4978100e+00   2.7003300e+00  -7.1545900e+03
   5.9903900e+00  -1.9096400e+00   6.0185400e+00   2.8041300e+00   5.4962200e+00   2.7003000e+00  -7.1535500e+03
   5.9901100e+00  -1.9092200e+00   6.0185500e+00   2.8037700e+00   5.4962800e+00   2.7003000e+00  -7.1551000e+03
   5.9903800e+00  -1.9093500e+00   6.0189100e+00   2.8040200e+00   5.4963400e+00   2.7003500e+00  -7.1560700e+03
   5.9903900e+00  -1.9102100e+00   6.0189700e+00   2.8039200e+00   5.4997400e+00   2.7003200e+00  -7.1576500e+03
   5.9903800e+00  -1.9101800e+00   6.0186000e+00   2.8039800e+00   5.4962000e+00   2.7003300e+00  -7.1536600e+03
   5.9903000e+00  -1.9120100e+00   6.0180000e+00   2.8040000e+00   5.4960800e+00   2.7002700e+00  -7.1543400e+03
   5.9899700e+00  -1.9110600e+00   6.0181000e+00   2.8037800e+00   5.4967100e+00   2.7003200e+00  -7.1544200e+03
   5.9903600e+00  -1.9096100e+00   6.0182200e+00   2.8039500e+00   5.4967700e+00   2.7003200e+00  -7.1544900e+03
   5.9906700e+00  -1.9110600e+00   6.0185900e+00   2.8042500e+00   5.4966900e+00   2.7003700e+00  -7.1534000e+03
   5.9898600e+00  -1.9111500e+00   6.0182400e+00   2.8045000e+00   5.4967300e+00   2.7004000e+00  -7.1550300e+03
   5.9905500e+00  -1.9125500e+00   6.0181500e+00   2.8046700e+00   5.4938500e+00   2.7004200e+00  -7.1559600e+03
   5.9908200e+00  -1.9115300e+00   6.0188800e+00   2.8050500e+00   5.4963800e+00   2.7003900e+00  -7.1546100e+03
   5.9900500e+00  -1.9129300e+00   6.0183000e+00   2.8050900e+00   5.4964600e+00   2.7004000e+00  -7.1540500e+03
   5.9908800e+00  -1.9123600e+00   6.0187900e+00   2.8049800e+00   5.4954800e+00   2.7003800e+00  -7.1551600e+03
   5.9908800e+00  -1.9129700e+00   6.0188900e+00   2.8056200e+00   5.4976800e+00   2.7003100e+00  -7.1564200e+03
   5.9908900e+00  -1.9137100e+00   6.0185100e+00   2.8052800e+00   5.4957600e+00   2.7003200e+00  -7.1544000e+03
   5.9903100e+00  -1.9146400e+00   6.0179000e+00   2.8055600e+00   5.4953300e+00   2.7003100e+00  -7.1537900e+03
   5.9903800e+00  -1.9141000e+00   6.0180300e+00   2.8052100e+00   5.4965100e+00   2.7002600e+00  -7.1547000e+03
   5.9904700e+00  -1.9131700e+00   6.0181900e+00   2.8049600e+00   5.4952300e+00   2.7002500e+00  -7.1534300e+03
   5.9892500e+00  -1.9142400e+00   6.0173000e+00   2.8044800e+00   5.4963900e+00   2.7002700e+00  -7.1613900e+03
   5.9903500e+00  -1.9122000e+00   6.0179800e+00   2.8043400e+00   5.4947100e+00   2.7002400e+00  -7.1546600e+03
   5.9912200e+00  -1.9108100e+00   6.0186300e+00   2.8040400e+00   5.4949500e+00   2.7002200e+00  -7.1571500e+03
   5.9907500e+00  -1.9092400e+00   6.0185700e+00   2.8041400e+00   5.4967100e+00   2.7001800e+00  -7.1540700e+03
   5.9902600e+00  -1.9092400e+00   6.0184000e+00   2.8044300e+00   5.4964800e+00   2.7001300e+00  -7.1537300e+03
   5.9904600e+00  -1.9077800e+00   6.0183700e+00   2.8048000e+00   5.4968300e+00   2.7001300e+00  -7.1546400e+03
   5.9905500e+00  -1.9094600e+00   6.0184400e+00   2.8045700e+00   5.4972800e+00   2.7000800e+00  -7.1545200e+03
   5.9910900e+00  -1.9094200e+00   6.0185800e+00   2.8045400e+00   5.4959500e+00   2.7000300e+00  -7.1561900e+03
   5.9903200e+00  -1.9090700e+00   6.0188400e+00   2.8048900e+00   5.4971200e+00   2.7000400e+00  -7.1548200e+03
   5.9906000e+00  -1.9078700e+00   6.0185000e+00   2.8050900e+00   5.4950100e+00   2.6999300e+00  -7.1556100e+03
   5.9900800e+00  -1.9100900e+00   6.0180600e+00   2.8052700e+00   5.4951400e+00   2.6999000e+00  -7.1554900e+03
   5.9904300e+00  -1.9097200e+00   6.0188800e+00   2.8053400e+00   5.4988600e+00   2.6999200e+00  -7.1564600e+03
   5.9904500e+00  -1.9105100e+00   6.0183100e+00   2.8053600e+00   5.4961100e+00   2.6999400e+00  -7.1536300e+03
   5.9900700e+00  -1.9134300e+00   6.0178600e+00   2.8054100e+00   5.4939500e+00   2.7000300e+00  -7.1561700e+03
   5.9904100e+00  -1.9124400e+00   6.0185200e+00   2.8057800e+00   5.4967700e+00   2.7000700e+00  -7.1537700e+03
   5.9905300e+00  -1.9126600e+00   6.0186700e+00   2.8057800e+00   5.4958100e+00   2.7000600e+00  -7.1547000e+03
   5.9904200e+00  -1.9119300e+00   6.0180400e+00   2.8057000e+00   5.4951800e+00   2.7000500e+00  -7.1541600e+03
   5.9905900e+00  -1.9138200e+00   6.0185800e+00   2.8058100e+00   5.4955000e+00   2.7000400e+00  -7.1544400e+03
   5.9911200e+00  -1.9149500e+00   6.0187400e+00   2.8054700e+00   5.4964000e+00   2.7000700e+00  -7.1567600e+03
   5.9903400e+00  -1.9137600e+00   6.0182000e+00   2.8055300e+00   5.4955100e+00   2.7001200e+00  -7.1532900e+03
   5.9905300e+00  -1.9133600e+00   6.0188400e+00   2.8054200e+00   5.4955200e+00   2.7001100e+00  -7.1572600e+03
   5.9903200e+00  -1.9116400e+00   6.0185000e+00   2.8052600e+00   5.4952800e+00   2.7001500e+00  -7.1551500e+03
   5.9904500e+00  -1.9113500e+00   6.0185400e+00   2.8053900e+00   5.4969500e+00   2.7001700e+00  -7.1536200e+03
   5.9906800e+00  -1.9113400e+00   6.0185200e+00   2.8053700e+00   5.4961300e+00   2.7001900e+00  -7.1536000e+03
   5.9902400e+00  -1.9141600e+00   6.0184100e+00   2.8055300e+00   5.4961500e+00   2.7001000e+00  -7.1539300e+03
   5.9905200e+00  -1.9146300e+00   6.0186400e+00   2.8061100e+00   5.4961600e+00   2.7001200e+00  -7.1548200e+03
   5.9902000e+00  -1.9115200e+00   6.0181600e+00   2.8058800e+00   5.4955200e+00   2.7000800e+00  -7.1540600e+03
   5.9899800e+00  -1.9107400e+00   6.0182900e+00   2.8060100e+00   5.4967400e+00   2.7001100e+00  -7.1550600e+03
   5.9912800e+00  -1.9111400e+00   6.0187000e+00   2.8062400e+00   5.4960000e+00   2.7000700e+00  -7.1575300e+03
   5.9912200e+00  -1.9109800e+00   6.0184800e+00   2.8058700e+00   5.4951600e+00   2.7001200e+00  -7.1574400e+03
   5.9902200e+00  -1.9124300e+00   6.0182200e+00   2.8059400e+00   5.4952300e+00   2.7001300e+00  -7.1542700e+03
   5.9909900e+00  -1.9119000e+00   6.0184300e+00   2.8058600e+00   5.4958500e+00   2.7001100e+00  -7.1556400e+03
   5.9908300e+00  -1.9124900e+00   6.0193400e+00   2.8057100e+00   5.4973200e+00   2.7001200e+00  -7.1594600e+03
   5.9909300e+00  -1.9128800e+00   6.0188000e+00   2.8059900e+00   5.4959900e+00   2.7001200e+00  -7.1553000e+03
   5.9902500e+00  -1.9123600e+00   6.0182700e+00   2.8054900e+00   5.4959000e+00   2.7000800e+00  -7.1535200e+03
   5.9902500e+00  -1.9118000e+00   6.0182400e+00   2.8055200e+00   5.4967400e+00   2.7000600e+00  -7.1539100e+03
   5.9908300e+00  -1.9112200e+00   6.0187600e+00   2.8052400e+00   5.4967800e+00   2.7000100e+00  -7.1542800e+03
   5.9909300e+00  -1.9129900e+00   6.0188600e+00   2.8052900e+00   5.4961000e+00   2.6999900e+00  -7.1552400e+03
   5.9901800e+00  -1.9118800e+00   6.0181200e+00   2.8052400e+00   5.4964500e+00   2.6999400e+00  -7.1539500e+03
   5.9899900e+00  -1.9113900e+00   6.0178400e+00   2.8059500e+00   5.4968300e+00   2.6999800e+00  -7.1568600e+03
   5.9908000e+00  -1.9131700e+00   6.0189300e+00   2.8058400e+00   5.4957900e+00   2.7000000e+00  -7.1565600e+03
   5.9897800e+00  -1.9141400e+00   6.0178200e+00   2.8058400e+00   5.4972500e+00   2.7000400e+00  -7.1572300e+03
   5.9903600e+00  -1.9144400e+00   6.0179100e+00   2.8059000e+00   5.4940100e+00   2.7000800e+00  -7.1546600e+03
   5.9906200e+00  -1.9146900e+00   6.0187600e+00   2.8060500e+00   5.4952900e+00   2.7000500e+00  -7.1568400e+03
   5.9902900e+00  -1.9145700e+00   6.0179300e+00   2.8062300e+00   5.4951000e+00   2.7000200e+00  -7.1537200e+03
   5.9905500e+00  -1.9147000e+00   6.0180300e+00   2.8068100e+00   5.4942400e+00   2.6999500e+00  -7.1543000e+03
   5.9906400e+00  -1.9150800e+00   6.0185200e+00   2.8066100e+00   5.4947100e+00   2.6999400e+00  -7.1556900e+03
   5.9903500e+00  -1.9157500e+00   6.0183900e+00   2.8063200e+00   5.4962700e+00   2.6999000e+00  -7.1542900e+03
   5.9904800e+00  -1.9170000e+00   6.0180200e+00   2.8063200e+00   5.4952600e+00   2.6999300e+00  -7.1537400e+03
   5.9902900e+00  -1.9176600e+00   6.0178600e+00   2.8061700e+00   5.4949500e+00   2.6999000e+00  -7.1535600e+03
   5.9903600e+00  -1.9172100e+00   6.0182900e+00   2.8058500e+00   5.4950900e+00   2.7000000e+00  -7.1542900e+03
   5.9904700e+00  -1.9177100e+00   6.0180500e+00   2.8059500e+00   5.4947800e+00   2.7000300e+00  -7.1535900e+03
   5.9904400e+00  -1.9172300e+00   6.0180900e+00   2.8059200e+00   5.4965300e+00   2.7000000e+00  -7.1550200e+03
   5.9906500e+00  -1.9178800e+00   6.0182900e+00   2.8060600e+00   5.4963800e+00   2.7000000e+00  -7.1553800e+03
   5.9901400e+00  -1.9188700e+00   6.0182100e+00   2.8064000e+00   5.4954000e+00   2.7000000e+00  -7.1553900e+03
   5.9907200e+00  -1.9219000e+00   6.0178000e+00   2.8064100e+00   5.4922500e+00   2.7000100e+00  -7.1575200e+03
   5.9898600e+00  -1.9233100e+00   6.0171100e+00   2.8062800e+00   5.4943000e+00   2.7000200e+00  -7.1561700e+03
   5.9902900e+00  -1.9252700e+00   6.0181300e+00   2.8057400e+00   5.4951600e+00   2.7000200e+00  -7.1573300e+03
   5.9903800e+00  -1.9264600e+00   6.0177400e+00   2.8055900e+00   5.4945000e+00   2.7000500e+00  -7.1557800e+03
   5.9898300e+00  -1.9258400e+00   6.0179200e+00   2.8051000e+00   5.4948000e+00   2.7000700e+00  -7.1583600e+03
   5.9897800e+00  -1.9250200e+00   6.0178800e+00   2.8049700e+00   5.4962400e+00   2.7001400e+00  -7.1574000e+03
   5.9903600e+00  -1.9261300e+00   6.0176500e+00   2.8051800e+00   5.4946800e+00   2.7001800e+00  -7.1555200e+03
   5.9895000e+00  -1.9243000e+00   6.0175000e+00   2.8048000e+00   5.4950900e+00   2.7001800e+00  -7.1567300e+03
   5.9905200e+00  -1.9236100e+00   6.0174500e+00   2.8046400e+00   5.4916900e+00   2.7002300e+00  -7.1581500e+03
   5.9899600e+00  -1.9260500e+00   6.0164800e+00   2.8053400e+00   5.4930600e+00   2.7002900e+00  -7.1625600e+03
   5.9898900e+00  -1.9243100e+00   6.0175200e+00   2.8052800e+00   5.4953900e+00   2.7002500e+00  -7.1552600e+03
   5.9904300e+00  -1.9249600e+00   6.0182000e+00   2.8053900e+00   5.4947400e+00   2.7002200e+00  -7.1573200e+03
   5.9905800e+00  -1.9237800e+00   6.0183900e+00   2.8059300e+00   5.4947400e+00   2.7002900e+00  -7.1585200e+03
   5.9899900e+00  -1.9236900e+00   6.0177500e+00   2.8059500e+00   5.4952700e+00   2.7002500e+00  -7.1551700e+03
   5.9899300e+00  -1.9247700e+00   6.0169100e+00   2.8054000e+00   5.4929100e+00   2.7001800e+00  -7.1568000e+03
   5.9907200e+00  -1.9245900e+00   6.0183800e+00   2.8054900e+00   5.4956400e+00   2.7001200e+00  -7.1585900e+03
   5.9900600e+00  -1.9258200e+00   6.0174900e+00   2.8052600e+00   5.4942800e+00   2.7001100e+00  -7.1547200e+03
   5.9903400e+00  -1.9267100e+00   6.0178800e+00   2.8049400e+00   5.4943500e+00   2.7001100e+00  -7.1560000e+03
   5.9901700e+00  -1.9263100e+00   6.0175800e+00   2.8051100e+00   5.4928800e+00   2.7001200e+00  -7.1562800e+03
   5.9898900e+00  -1.9287000e+00   6.0172400e+00   2.8052200e+00   5.4938200e+00   2.7001700e+00  -7.1557700e+03
   5.9894000e+00  -1.9283000e+00   6.0170200e+00   2.8050900e+00   5.4939400e+00   2.7001700e+00  -7.1577100e+03
   5.9902400e+00  -1.9271100e+00   6.0170900e+00   2.8051200e+00   5.4934300e+00   2.7002200e+00  -7.1567700e+03
   5.9909700e+00  -1.9264800e+00   6.0183900e+00   2.8051200e+00   5.4929900e+00   2.7002500e+00  -7.1634400e+03
   5.9897700e+00  -1.9249200e+00   6.0181600e+00   2.8049400e+00   5.4958000e+00   2.7002700e+00  -7.1601200e+03
   5.9902400e+00  -1.9217900e+00   6.0173100e+00   2.8048200e+00   5.4930600e+00   2.7003000e+00  -7.1555300e+03
   5.9894700e+00  -1.9235000e+00   6.0169900e+00   2.8051100e+00   5.4949300e+00   2.7003000e+00  -7.1578400e+03
   5.9903200e+00  -1.9238700e+00   6.0175800e+00   2.8051800e+00   5.4925500e+00   2.7003300e+00  -7.1560500e+03
   5.9899200e+00  -1.9227200e+00   6.0176500e+00   2.8049400e+00   5.4935700e+00   2.7003400e+00  -7.1557200e+03
   5.9902800e+00  -1.9229700e+00   6.0179100e+00   2.8047400e+00   5.4944300e+00   2.7003400e+00  -7.1542400e+03
   5.9902800e+00  -1.9217500e+00   6.0175300e+00   2.8044700e+00   5.4937000e+00   2.7003800e+00  -7.1542600e+03
   5.9907100e+00  -1.9219300e+00   6.0184900e+00   2.8039400e+00   5.4962400e+00   2.7003800e+00  -7.1563200e+03
   5.9902500e+00  -1.9231000e+00   6.0180900e+00   2.8042100e+00   5.4975000e+00   2.7003800e+00  -7.1580800e+03
   5.9902500e+00  -1.9219100e+00   6.0178800e+00   2.8042500e+00   5.4958300e+00   2.7004400e+00  -7.1540700e+03
   5.9904500e+00  -1.9215600e+00   6.0179700e+00   2.8043800e+00   5.4953100e+00   2.7004200e+00  -7.1538800e+03
   5.9898700e+00  -1.9205000e+00   6.0172400e+00   2.8044600e+00   5.4945600e+00   2.7004300e+00  -7.1556600e+03
   5.9904500e+00  -1.9213400e+00   6.0181800e+00   2.8048200e+00   5.4942500e+00   2.7004000e+00  -7.1553100e+03
   5.9897600e+00  -1.9217800e+00   6.0177600e+00   2.8046100e+00   5.4962500e+00   2.7003600e+00  -7.1553300e+03
   5.9902400e+00  -1.9218400e+00   6.0176200e+00   2.8048400e+00   5.4934200e+00   2.7003500e+00  -7.1544600e+03
   5.9903300e+00  -1.9233500e+00   6.0182300e+00   2.8048000e+00   5.4965500e+00   2.7003100e+00  -7.1565800e+03
   5.9903100e+00  -1.9214500e+00   6.0178600e+00   2.8054200e+00   5.4940300e+00   2.7003000e+00  -7.1542000e+03
   5.9905700e+00  -1.9201900e+00   6.0185000e+00   2.8055000e+00   5.4953100e+00   2.7003100e+00  -7.1563500e+03
   5.9902000e+00  -1.9225300e+00   6.0179700e+00   2.8056100e+00   5.4949200e+00   2.7003000e+00  -7.1546900e+03
   5.9895900e+00  -1.9223400e+00   6.0178700e+00   2.8054300e+00   5.4950000e+00   2.7002800e+00  -7.1585100e+03
   5.9895300e+00  -1.9209200e+00   6.0177600e+00   2.8051600e+00   5.4958200e+00   2.7002500e+00  -7.1569400e+03
   5.9901700e+00  -1.9199400e+00   6.0177900e+00   2.8050900e+00   5.4949300e+00   2.7002300e+00  -7.1533900e+03
   5.9900800e+00  -1.9190000e+00   6.0184500e+00   2.8048100e+00   5.4960600e+00   2.7002100e+00  -7.1564800e+03
   5.9901000e+00  -1.9179900e+00   6.0174900e+00   2.8046400e+00   5.4952200e+00   2.7002300e+00  -7.1552900e+03
   5.9898100e+00  -1.9168900e+00   6.0173100e+00   2.8044500e+00   5.4942600e+00   2.7002300e+00  -7.1564900e+03
   5.9897100e+00  -1.9171500e+00   6.0181300e+00   2.8048600e+00   5.4980700e+00   2.7002500e+00  -7.1577800e+03
   5.9900400e+00  -1.9178800e+00   6.0178200e+00   2.8049700e+00   5.4949300e+00   2.7002800e+00  -7.1535900e+03
   5.9904900e+00  -1.9174300e+00   6.0181700e+00   2.8054000e+00   5.4960700e+00   2.7002500e+00  -7.1538700e+03
   5.9899400e+00  -1.9199100e+00   6.0178900e+00   2.8053400e+00   5.4952800e+00   2.7002800e+00  -7.1542900e+03
   5.9898000e+00  -1.9197800e+00   6.0179100e+00   2.8049300e+00   5.4963600e+00   2.7002200e+00  -7.1550900e+03
   5.9901900e+00  -1.9187800e+00   6.0179500e+00   2.8046200e+00   5.4951800e+00   2.7001100e+00  -7.1531200e+03
   5.9898500e+00  -1.9186300e+00   6.0177800e+00   2.8046000e+00   5.4962000e+00   2.7001700e+00  -7.1543900e+03
   5.9903800e+00  -1.9183600e+00   6.0175800e+00   2.8050000e+00   5.4929200e+00   2.7001300e+00  -7.1559100e+03
   5.9908200e+00  -1.9181100e+00   6.0188000e+00   2.8049900e+00   5.4973500e+00   2.7000400e+00  -7.1576800e+03
   5.9905900e+00  -1.9187800e+00   6.0181100e+00   2.8053000e+00   5.4969400e+00   2.7000600e+00  -7.1572000e+03
   5.9900100e+00  -1.9174000e+00   6.0179400e+00   2.8051000e+00   5.4965400e+00   2.7000800e+00  -7.1543200e+03
   5.9902100e+00  -1.9176500e+00   6.0174700e+00   2.8049800e+00   5.4940300e+00   2.7001000e+00  -7.1551600e+03
   5.9908900e+00  -1.9156000e+00   6.0187400e+00   2.8051700e+00   5.4957300e+00   2.7000400e+00  -7.1554700e+03
   5.9900300e+00  -1.9177100e+00   6.0176800e+00   2.8052700e+00   5.4950800e+00   2.7000300e+00  -7.1538500e+03
   5.9906600e+00  -1.9179000e+00   6.0183700e+00   2.8057400e+00   5.4953700e+00   2.7000300e+00  -7.1544000e+03
   5.9901800e+00  -1.9191700e+00   6.0174800e+00   2.8056000e+00   5.4932600e+00   2.7000300e+00  -7.1551100e+03
   5.9898700e+00  -1.9208200e+00   6.0173000e+00   2.8051700e+00   5.4933400e+00   2.7000000e+00  -7.1555700e+03
   5.9900300e+00  -1.9193600e+00   6.0174700e+00   2.8052500e+00   5.4946700e+00   2.7000200e+00  -7.1544500e+03
   5.9901500e+00  -1.9216300e+00   6.0177400e+00   2.8050900e+00   5.4946700e+00   2.7000200e+00  -7.1536300e+03
   5.9897900e+00  -1.9190300e+00   6.0184000e+00   2.8051600e+00   5.4968400e+00   2.6999700e+00  -7.1587000e+03
   5.9900900e+00  -1.9189800e+00   6.0179600e+00   2.8050500e+00   5.4970400e+00   2.7000100e+00  -7.1555700e+03
   5.9902200e+00  -1.9187900e+00   6.0188400e+00   2.8051200e+00   5.4967600e+00   2.6999200e+00  -7.1604400e+03
   5.9900300e+00  -1.9172500e+00   6.0180800e+00   2.8050200e+00   5.4946700e+00   2.6999600e+00  -7.1551700e+03
   5.9904200e+00  -1.9174500e+00   6.0178800e+00   2.8051700e+00   5.4953300e+00   2.7000400e+00  -7.1538400e+03
   5.9908100e+00  -1.9192900e+00   6.0181600e+00   2.8050500e+00   5.4943400e+00   2.7000300e+00  -7.1549500e+03
   5.9905400e+00  -1.9209000e+00   6.0179200e+00   2.8050300e+00   5.4944400e+00   2.7000100e+00  -7.1540400e+03
   5.9904700e+00  -1.9213300e+00   6.0178600e+00   2.8051500e+00   5.4926200e+00   2.7000000e+00  -7.1569000e+03
   5.9896800e+00  -1.9217800e+00   6.0175900e+00   2.8051300e+00   5.4941500e+00   2.6999200e+00  -7.1561800e+03
   5.9904700e+00  -1.9229900e+00   6.0181500e+00   2.8050600e+00   5.4945200e+00   2.6998800e+00  -7.1555500e+03
   5.9901300e+00  -1.9213500e+00   6.0179200e+00   2.8050000e+00   5.4946400e+00   2.6999100e+00  -7.1541300e+03
   5.9899800e+00  -1.9217400e+00   6.0172100e+00   2.8047400e+00   5.4921100e+00   2.6998500e+00  -7.1576700e+03
   5.9900400e+00  -1.9219400e+00   6.0176600e+00   2.8046800e+00   5.4952400e+00   2.6998400e+00  -7.1538800e+03
   5.9907200e+00  -1.9215400e+00   6.0176800e+00   2.8045200e+00   5.4942500e+00   2.6998700e+00  -7.1563600e+03
   5.9903200e+00  -1.9211700e+00   6.0180400e+00   2.8047200e+00   5.4943200e+00   2.6998100e+00  -7.1544300e+03
   5.9898100e+00  -1.9214200e+00   6.0179500e+00   2.8047300e+00   5.4956400e+00   2.6997500e+00  -7.1554000e+03
   5.9906700e+00  -1.9199000e+00   6.0173400e+00   2.8049700e+00   5.4917900e+00   2.6997900e+00  -7.1597900e+03
   5.9899200e+00  -1.9161900e+00   6.0180100e+00   2.8048900e+00   5.4953500e+00   2.6998100e+00  -7.1544000e+03
   5.9902900e+00  -1.9168800e+00   6.0179400e+00   2.8041700e+00   5.4955300e+00   2.6998400e+00  -7.1531000e+03
   5.9908200e+00  -1.9153200e+00   6.0189200e+00   2.8042800e+00   5.4971100e+00   2.6998000e+00  -7.1557100e+03
   5.9897800e+00  -1.9150400e+00   6.0175800e+00   2.8040300e+00   5.4957100e+00   2.6997900e+00  -7.1556400e+03
   5.9899500e+00  -1.9135900e+00   6.0181300e+00   2.8043300e+00   5.4959300e+00   2.6997700e+00  -7.1540600e+03
   5.9907700e+00  -1.9130500e+00   6.0188900e+00   2.8041500e+00   5.4958900e+00   2.6997400e+00  -7.1552600e+03
   5.9906600e+00  -1.9143900e+00   6.0185200e+00   2.8041200e+00   5.4959700e+00   2.6997800e+00  -7.1532700e+03
   5.9907800e+00  -1.9121000e+00   6.0185200e+00   2.8040300e+00   5.4955100e+00   2.6998400e+00  -7.1538400e+03
   5.9904800e+00  -1.9124900e+00   6.0182700e+00   2.8039000e+00   5.4945400e+00   2.6998300e+00  -7.1546900e+03
   5.9900700e+00  -1.9143000e+00   6.0185300e+00   2.8042000e+00   5.4967400e+00   2.6998400e+00  -7.1546100e+03
   5.9904200e+00  -1.9127700e+00   6.0189100e+00   2.8040600e+00   5.4975900e+00   2.6998000e+00  -7.1548900e+03
   5.9903900e+00  -1.9124600e+00   6.0182800e+00   2.8041700e+00   5.4965100e+00   2.6998200e+00  -7.1531700e+03
   5.9904000e+00  -1.9132100e+00   6.0189100e+00   2.8038200e+00   5.4977000e+00   2.6998000e+00  -7.1549400e+03
   5.9910200e+00  -1.9123400e+00   6.0190100e+00   2.8035700e+00   5.4969500e+00   2.6997900e+00  -7.1551600e+03
   5.9908600e+00  -1.9130000e+00   6.0187800e+00   2.8039200e+00   5.4951900e+00   2.6998200e+00  -7.1555200e+03
   5.9898300e+00  -1.9148800e+00   6.0180200e+00   2.8041500e+00   5.4966800e+00   2.6997700e+00  -7.1543700e+03
   5.9907400e+00  -1.9168500e+00   6.0182400e+00   2.8043800e+00   5.4941300e+00   2.6997300e+00  -7.1548400e+03
   5.9902800e+00  -1.9175900e+00   6.0182800e+00   2.8041900e+00   5.4956200e+00   2.6997300e+00  -7.1533700e+03
   5.9903600e+00  -1.9173200e+00   6.0180600e+00   2.8041200e+00   5.4966600e+00   2.6996800e+00  -7.1542000e+03
   5.9902800e+00  -1.9190600e+00   6.0182500e+00   2.8045600e+00   5.4949200e+00   2.6997200e+00  -7.1545600e+03
   5.9901200e+00  -1.9213100e+00   6.0180700e+00   2.8048800e+00   5.4959100e+00   2.6996600e+00  -7.1544400e+03
   5.9901800e+00  -1.9220200e+00   6.0173500e+00   2.8047600e+00   5.4939500e+00   2.6996800e+00  -7.1548200e+03
   5.9899200e+00  -1.9204200e+00   6.0180800e+00   2.8047200e+00   5.4956000e+00   2.6996900e+00  -7.1551200e+03
   5.9899700e+00  -1.9191700e+00   6.0172400e+00   2.8047200e+00   5.4943500e+00   2.6997000e+00  -7.1560500e+03
   5.9904200e+00  -1.9203600e+00   6.0181300e+00   2.8047400e+00   5.4954400e+00   2.6996300e+00  -7.1537500e+03
   5.9901700e+00  -1.9203700e+00   6.0174500e+00   2.8051500e+00   5.4933700e+00   2.6996500e+00  -7.1547900e+03
   5.9898800e+00  -1.9202900e+00   6.0171700e+00   2.8054000e+00   5.4926600e+00   2.6996500e+00  -7.1570700e+03
   5.9897100e+00  -1.9194400e+00   6.0172300e+00   2.8058900e+00   5.4927000e+00   2.6996000e+00  -7.1581200e+03
   5.9901500e+00  -1.9187300e+00   6.0181000e+00   2.8059500e+00   5.4961600e+00   2.6995900e+00  -7.1544100e+03
   5.9903800e+00  -1.9175400e+00   6.0178800e+00   2.8054200e+00   5.4934700e+00   2.6996100e+00  -7.1549300e+03
   5.9902600e+00  -1.9158800e+00   6.0184500e+00   2.8054700e+00   5.4968000e+00   2.6996100e+00  -7.1544300e+03
   5.9903100e+00  -1.9162200e+00   6.0177500e+00   2.8053900e+00   5.4948800e+00   2.6996300e+00  -7.1540700e+03
   5.9905000e+00  -1.9144700e+00   6.0188100e+00   2.8053800e+00   5.4960200e+00   2.6995800e+00  -7.1562600e+03
   5.9906100e+00  -1.9141700e+00   6.0186500e+00   2.8054700e+00   5.4964900e+00   2.6994900e+00  -7.1541600e+03
   5.9899500e+00  -1.9144500e+00   6.0182200e+00   2.8052900e+00   5.4952500e+00   2.6994800e+00  -7.1558300e+03
   5.9904800e+00  -1.9118500e+00   6.0186600e+00   2.8052000e+00   5.4971100e+00   2.6994000e+00  -7.1538000e+03
   5.9902700e+00  -1.9112000e+00   6.0180800e+00   2.8046500e+00   5.4959500e+00   2.6993600e+00  -7.1539700e+03
   5.9903600e+00  -1.9104400e+00   6.0184100e+00   2.8045500e+00   5.4952300e+00   2.6993300e+00  -7.1545200e+03
   5.9906700e+00  -1.9113000e+00   6.0184700e+00   2.8044300e+00   5.4965500e+00   2.6993000e+00  -7.1536600e+03
   5.9904300e+00  -1.9092200e+00   6.0190400e+00   2.8050600e+00   5.4966400e+00   2.6992700e+00  -7.1568700e+03
   5.9900300e+00  -1.9108100e+00   6.0186300e+00   2.8051300e+00   5.4979700e+00   2.6992200e+00  -7.1556900e+03
   5.9907100e+00  -1.9102900e+00   6.0186500e+00   2.8051800e+00   5.4954700e+00   2.6992100e+00  -7.1544100e+03
   5.9906500e+00  -1.9113400e+00   6.0183400e+00   2.8048700e+00   5.4950200e+00   2.6992100e+00  -7.1541200e+03
   5.9905600e+00  -1.9129100e+00   6.0188200e+00   2.8047200e+00   5.4955000e+00   2.6991600e+00  -7.1563400e+03
   5.9903500e+00  -1.9140500e+00   6.0187300e+00   2.8044600e+00   5.4963200e+00   2.6991800e+00  -7.1551200e+03
   5.9903100e+00  -1.9138100e+00   6.0181900e+00   2.8043300e+00   5.4963000e+00   2.6992000e+00  -7.1530400e+03
   5.9906900e+00  -1.9137000e+00   6.0184500e+00   2.8042600e+00   5.4964200e+00   2.6991900e+00  -7.1535800e+03
   5.9904700e+00  -1.9115500e+00   6.0183600e+00   2.8039200e+00   5.4962400e+00   2.6992300e+00  -7.1530100e+03
   5.9902500e+00  -1.9109600e+00   6.0185200e+00   2.8041300e+00   5.4963100e+00   2.6992600e+00  -7.1536000e+03
   5.9905500e+00  -1.9111000e+00   6.0191000e+00   2.8043400e+00   5.4987200e+00   2.6992900e+00  -7.1562600e+03
   5.9907700e+00  -1.9127200e+00   6.0191600e+00   2.8047800e+00   5.4981800e+00   2.6992900e+00  -7.1571400e+03
   5.9903500e+00  -1.9139200e+00   6.0183600e+00   2.8050800e+00   5.4950200e+00   2.6992800e+00  -7.1543400e+03
   5.9905400e+00  -1.9146400e+00   6.0182000e+00   2.8049900e+00   5.4962600e+00   2.6992300e+00  -7.1538800e+03
   5.9910000e+00  -1.9143700e+00   6.0187600e+00   2.8047600e+00   5.4953900e+00   2.6992100e+00  -7.1556600e+03
   5.9901300e+00  -1.9144400e+00   6.0185900e+00   2.8043100e+00   5.4960900e+00   2.6992300e+00  -7.1557000e+03
   5.9905700e+00  -1.9150500e+00   6.0183600e+00   2.8045400e+00   5.4962100e+00   2.6992200e+00  -7.1532700e+03
   5.9903300e+00  -1.9138100e+00   6.0180500e+00   2.8042900e+00   5.4934900e+00   2.6992500e+00  -7.1568100e+03
   5.9904000e+00  -1.9115500e+00   6.0183100e+00   2.8037600e+00   5.4976500e+00   2.6992800e+00  -7.1549400e+03
   5.9906400e+00  -1.9103700e+00   6.0188500e+00   2.8038900e+00   5.4972500e+00   2.6992900e+00  -7.1535000e+03
   5.9906000e+00  -1.9108700e+00   6.0191400e+00   2.8037600e+00   5.4979500e+00   2.6993000e+00  -7.1552000e+03
   5.9907200e+00  -1.9103900e+00   6.0183600e+00   2.8033200e+00   5.4953200e+00   2.6992600e+00  -7.1545100e+03
   5.9907900e+00  -1.9117900e+00   6.0184700e+00   2.8036200e+00   5.4973800e+00   2.6992300e+00  -7.1557600e+03
   5.9905700e+00  -1.9124800e+00   6.0184500e+00   2.8033000e+00   5.4964100e+00   2.6992300e+00  -7.1528600e+03
   5.9906300e+00  -1.9119900e+00   6.0183000e+00   2.8034300e+00   5.4966500e+00   2.6992400e+00  -7.1542500e+03
   5.9901100e+00  -1.9107500e+00   6.0184400e+00   2.8030000e+00   5.4986700e+00   2.6992100e+00  -7.1554500e+03
   5.9901100e+00  -1.9091300e+00   6.0186300e+00   2.8027900e+00   5.4980800e+00   2.6991400e+00  -7.1538900e+03
   5.9910900e+00  -1.9098700e+00   6.0194100e+00   2.8026800e+00   5.4972200e+00   2.6991200e+00  -7.1566300e+03
   5.9901700e+00  -1.9090300e+00   6.0182300e+00   2.8025200e+00   5.4964400e+00   2.6991400e+00  -7.1541900e+03
   5.9905200e+00  -1.9077400e+00   6.0189400e+00   2.8027100e+00   5.4975400e+00   2.6991300e+00  -7.1533500e+03
   5.9910400e+00  -1.9072400e+00   6.0188600e+00   2.8031500e+00   5.4958800e+00   2.6991600e+00  -7.1556300e+03
   5.9905500e+00  -1.9070200e+00   6.0192200e+00   2.8031000e+00   5.4974400e+00   2.6991600e+00  -7.1553800e+03
   5.9906900e+00  -1.9066800e+00   6.0189700e+00   2.8030500e+00   5.4977400e+00   2.6991400e+00  -7.1536500e+03
   5.9902100e+00  -1.9052600e+00   6.0186300e+00   2.8030200e+00   5.4977900e+00   2.6991800e+00  -7.1546500e+03
   5.9905200e+00  -1.9050800e+00   6.0193100e+00   2.8027300e+00   5.4990600e+00   2.6991300e+00  -7.1549500e+03
   5.9903400e+00  -1.9054400e+00   6.0189000e+00   2.8024600e+00   5.4974500e+00   2.6991500e+00  -7.1542400e+03
   5.9903000e+00  -1.9049100e+00   6.0188400e+00   2.8021500e+00   5.4986200e+00   2.6992100e+00  -7.1543900e+03
   5.9905300e+00  -1.9059500e+00   6.0187500e+00   2.8022500e+00   5.4978600e+00   2.6992000e+00  -7.1539200e+03
   5.9903700e+00  -1.9064800e+00   6.0191900e+00   2.8021700e+00   5.4991900e+00   2.6992300e+00  -7.1546800e+03
   5.9898400e+00  -1.9076900e+00   6.0182700e+00   2.8018100e+00   5.4964700e+00   2.6992200e+00  -7.1563800e+03
   5.9907100e+00  -1.9082000e+00   6.0186300e+00   2.8018500e+00   5.4969800e+00   2.6991900e+00  -7.1539000e+03
   5.9905700e+00  -1.9087000e+00   6.0187200e+00   2.8021300e+00   5.4971100e+00   2.6991500e+00  -7.1529500e+03
   5.9903500e+00  -1.9069700e+00   6.0186800e+00   2.8020700e+00   5.4969300e+00   2.6991900e+00  -7.1537000e+03
   5.9905300e+00  -1.9082300e+00   6.0188000e+00   2.8022800e+00   5.4969600e+00   2.6991900e+00  -7.1531400e+03
   5.9908100e+00  -1.9082400e+00   6.0185800e+00   2.8028400e+00   5.4962100e+00   2.6992000e+00  -7.1545100e+03
   5.9906100e+00  -1.9091500e+00   6.0187400e+00   2.8027300e+00   5.4977300e+00   2.6991800e+00  -7.1533900e+03
   5.9904400e+00  -1.9074300e+00   6.0188500e+00   2.8025800e+00   5.4961700e+00   2.6991100e+00  -7.1552700e+03
   5.9901300e+00  -1.9085300e+00   6.0187800e+00   2.8026300e+00   5.4978100e+00   2.6991200e+00  -7.1540700e+03
   5.9905400e+00  -1.9085800e+00   6.0190100e+00   2.8028500e+00   5.4973800e+00   2.6990900e+00  -7.1537400e+03
   5.9908200e+00  -1.9089300e+00   6.0191300e+00   2.8025400e+00   5.4969500e+00   2.6991100e+00  -7.1544000e+03
   5.9903300e+00  -1.9091000e+00   6.0188600e+00   2.8027500e+00   5.4977800e+00   2.6991300e+00  -7.1534400e+03
   5.9909200e+00  -1.9090700e+00   6.0187000e+00   2.8032900e+00   5.4943400e+00   2.6990400e+00  -7.1579500e+03
   5.9906500e+00  -1.9092000e+00   6.0182200e+00   2.8041100e+00   5.4931900e+00   2.6990100e+00  -7.1600700e+03
   5.9904500e+00  -1.9076100e+00   6.0187300e+00   2.8041000e+00   5.4965800e+00   2.6989800e+00  -7.1538700e+03
   5.9907500e+00  -1.9043400e+00   6.0194300e+00   2.8041400e+00   5.4996900e+00   2.6989800e+00  -7.1570200e+03
   5.9902700e+00  -1.9045300e+00   6.0186500e+00   2.8039400e+00   5.4971700e+00   2.6989700e+00  -7.1549500e+03
   5.9905100e+00  -1.9049100e+00   6.0184500e+00   2.8037900e+00   5.4964300e+00   2.6989900e+00  -7.1556000e+03
   5.9901200e+00  -1.9070200e+00   6.0187500e+00   2.8039900e+00   5.4975300e+00   2.6990300e+00  -7.1549300e+03
   5.9908400e+00  -1.9086000e+00   6.0189000e+00   2.8043200e+00   5.4976200e+00   2.6991200e+00  -7.1545100e+03
   5.9902000e+00  -1.9070000e+00   6.0185500e+00   2.8049800e+00   5.4978200e+00   2.6990700e+00  -7.1549000e+03
   5.9902000e+00  -1.9076100e+00   6.0181100e+00   2.8049900e+00   5.4972200e+00   2.6990100e+00  -7.1568300e+03
   5.9903700e+00  -1.9082400e+00   6.0185900e+00   2.8047600e+00   5.4965900e+00   2.6990200e+00  -7.1537700e+03
   5.9904900e+00  -1.9096300e+00   6.0179800e+00   2.8043900e+00   5.4955700e+00   2.6989700e+00  -7.1562300e+03
   5.9905200e+00  -1.9066900e+00   6.0180400e+00   2.8047500e+00   5.4962000e+00   2.6990100e+00  -7.1583000e+03
   5.9905400e+00  -1.9059100e+00   6.0184500e+00   2.8050000e+00   5.4968400e+00   2.6990000e+00  -7.1551900e+03
   5.9905300e+00  -1.9043300e+00   6.0190300e+00   2.8051500e+00   5.4987200e+00   2.6990200e+00  -7.1556500e+03
   5.9906400e+00  -1.9048100e+00   6.0186900e+00   2.8046600e+00   5.4955100e+00   2.6990300e+00  -7.1562400e+03
   5.9903800e+00  -1.9029500e+00   6.0188000e+00   2.8046200e+00   5.4974600e+00   2.6990300e+00  -7.1553300e+03
   5.9906300e+00  -1.9022300e+00   6.0188200e+00   2.8049100e+00   5.4982500e+00   2.6989900e+00  -7.1564900e+03
   5.9907200e+00  -1.9012400e+00   6.0191800e+00   2.8049500e+00   5.4984700e+00   2.6989600e+00  -7.1558700e+03
   5.9906000e+00  -1.9024400e+00   6.0188600e+00   2.8048600e+00   5.4973000e+00   2.6990700e+00  -7.1553400e+03
   5.9905400e+00  -1.9021400e+00   6.0186300e+00   2.8045400e+00   5.4975900e+00   2.6990100e+00  -7.1566800e+03
   5.9904900e+00  -1.9041400e+00   6.0185700e+00   2.8046300e+00   5.4970300e+00   2.6989600e+00  -7.1553500e+03
   5.9905900e+00  -1.9042000e+00   6.0192100e+00   2.8044400e+00   5.4983000e+00   2.6989300e+00  -7.1551200e+03
   5.9909900e+00  -1.9044500e+00   6.0188900e+00   2.8040100e+00   5.4956600e+00   2.6989700e+00  -7.1567400e+03
   5.9906100e+00  -1.9065800e+00   6.0190700e+00   2.8037700e+00   5.4972700e+00   2.6989800e+00  -7.1543600e+03
   5.9901900e+00  -1.9059200e+00   6.0183600e+00   2.8036400e+00   5.4971600e+00   2.6989800e+00  -7.1552800e+03
   5.9902800e+00  -1.9063400e+00   6.0189500e+00   2.8032800e+00   5.4971200e+00   2.6989800e+00  -7.1553100e+03
   5.9906600e+00  -1.9089100e+00   6.0190100e+00   2.8031500e+00   5.4974400e+00   2.6989800e+00  -7.1535900e+03
   5.9906600e+00  -1.9085700e+00   6.0194000e+00   2.8031400e+00   5.4989500e+00   2.6990400e+00  -7.1561700e+03
   5.9898300e+00  -1.9076600e+00   6.0179600e+00   2.8029300e+00   5.4952300e+00   2.6990600e+00  -7.1588600e+03
   5.9905600e+00  -1.9078300e+00   6.0184500e+00   2.8028100e+00   5.4966700e+00   2.6990700e+00  -7.1542200e+03
   5.9902200e+00  -1.9076300e+00   6.0190400e+00   2.8028800e+00   5.4985700e+00   2.6990600e+00  -7.1548900e+03
   5.9909400e+00  -1.9092000e+00   6.0189700e+00   2.8026100e+00   5.4980600e+00   2.6990700e+00  -7.1549500e+03
   5.9908300e+00  -1.9085500e+00   6.0186200e+00   2.8027500e+00   5.4947900e+00   2.6990300e+00  -7.1565300e+03
   5.9903600e+00  -1.9074300e+00   6.0183700e+00   2.8024200e+00   5.4962000e+00   2.6990400e+00  -7.1545900e+03
   5.9901800e+00  -1.9087100e+00   6.0189500e+00   2.8029800e+00   5.4966800e+00   2.6990000e+00  -7.1569900e+03
   5.9903900e+00  -1.9082700e+00   6.0185000e+00   2.8035800e+00   5.4972500e+00   2.6989700e+00  -7.1536400e+03
   5.9904400e+00  -1.9087600e+00   6.0183200e+00   2.8035700e+00   5.4954700e+00   2.6989800e+00  -7.1545400e+03
   5.9906900e+00  -1.9090600e+00   6.0188700e+00   2.8034600e+00   5.4967500e+00   2.6989600e+00  -7.1535200e+03
   5.9908200e+00  -1.9093400e+00   6.0188100e+00   2.8032100e+00   5.4975100e+00   2.6989600e+00  -7.1540600e+03
   5.9902600e+00  -1.9116600e+00   6.0183100e+00   2.8031700e+00   5.4959200e+00   2.6990100e+00  -7.1531500e+03
   5.9900000e+00  -1.9120600e+00   6.0188200e+00   2.8031700e+00   5.4973700e+00   2.6990200e+00  -7.1563700e+03
   5.9905400e+00  -1.9095700e+00   6.0182900e+00   2.8033700e+00   5.4967900e+00   2.6990700e+00  -7.1547000e+03
   5.9905300e+00  -1.9092800e+00   6.0187500e+00   2.8035700e+00   5.4975100e+00   2.6990100e+00  -7.1532600e+03
   5.9904500e+00  -1.9097600e+00   6.0187100e+00   2.8035700e+00   5.4968200e+00   2.6990800e+00  -7.1531700e+03
   5.9905900e+00  -1.9104900e+00   6.0188100e+00   2.8034600e+00   5.4978200e+00   2.6990500e+00  -7.1535900e+03
   5.9908100e+00  -1.9099900e+00   6.0186000e+00   2.8032300e+00   5.4957800e+00   2.6990900e+00  -7.1540600e+03
   5.9905700e+00  -1.9102600e+00   6.0182500e+00   2.8029700e+00   5.4961900e+00   2.6990800e+00  -7.1543500e+03
   5.9903700e+00  -1.9111100e+00   6.0187500e+00   2.8027300e+00   5.4979700e+00   2.6991000e+00  -7.1532300e+03
   5.9900500e+00  -1.9104500e+00   6.0180700e+00   2.8027500e+00   5.4974100e+00   2.6992100e+00  -7.1553600e+03
   5.9902500e+00  -1.9115000e+00   6.0185700e+00   2.8027600e+00   5.4966700e+00   2.6992200e+00  -7.1530500e+03
   5.9910900e+00  -1.9108600e+00   6.0186900e+00   2.8026700e+00   5.4969000e+00   2.6992100e+00  -7.1560500e+03
   5.9905700e+00  -1.9125400e+00   6.0185600e+00   2.8025600e+00   5.4951200e+00   2.6991600e+00  -7.1544700e+03
   5.9905000e+00  -1.9105400e+00   6.0186200e+00   2.8024800e+00   5.4976400e+00   2.6991400e+00  -7.1531200e+03
   5.9910700e+00  -1.9115400e+00   6.0185900e+00   2.8022400e+00   5.4965200e+00   2.6990700e+00  -7.1560200e+03
   5.9905000e+00  -1.9143600e+00   6.0183300e+00   2.8023700e+00   5.4964000e+00   2.6990900e+00  -7.1526400e+03
   5.9904100e+00  -1.9154700e+00   6.0180500e+00   2.8024900e+00   5.4957300e+00   2.6990800e+00  -7.1531000e+03
   5.9903100e+00  -1.9153000e+00   6.0178100e+00   2.8022900e+00   5.4951000e+00   2.6991000e+00  -7.1542600e+03
   5.9907400e+00  -1.9155500e+00   6.0184400e+00   2.8022200e+00   5.4962400e+00   2.6991500e+00  -7.1533700e+03
   5.9902400e+00  -1.9150000e+00   6.0178900e+00   2.8025900e+00   5.4944200e+00   2.6991100e+00  -7.1543800e+03
   5.9905500e+00  -1.9148000e+00   6.0182900e+00   2.8022600e+00   5.4975600e+00   2.6991100e+00  -7.1552300e+03
   5.9901700e+00  -1.9151500e+00   6.0185600e+00   2.8018200e+00   5.4989600e+00   2.6991000e+00  -7.1554900e+03
   5.9898200e+00  -1.9146900e+00   6.0182900e+00   2.8017900e+00   5.4967600e+00   2.6990600e+00  -7.1539300e+03
   5.9901900e+00  -1.9152800e+00   6.0184300e+00   2.8016400e+00   5.4956700e+00   2.6990400e+00  -7.1536700e+03
   5.9902300e+00  -1.9168500e+00   6.0182300e+00   2.8018600e+00   5.4958800e+00   2.6990900e+00  -7.1523500e+03
   5.9900000e+00  -1.9161500e+00   6.0184700e+00   2.8019700e+00   5.4960100e+00   2.6991300e+00  -7.1549500e+03
   5.9901700e+00  -1.9178100e+00   6.0178700e+00   2.8009700e+00   5.4970300e+00   2.6991500e+00  -7.1548800e+03
   5.9905300e+00  -1.9179100e+00   6.0180900e+00   2.8008900e+00   5.4973700e+00   2.6991600e+00  -7.1564300e+03
   5.9899500e+00  -1.9170300e+00   6.0184900e+00   2.8008000e+00   5.4973300e+00   2.6991600e+00  -7.1536400e+03
   5.9899600e+00  -1.9152400e+00   6.0181400e+00   2.8010300e+00   5.4981300e+00   2.6992100e+00  -7.1546000e+03
   5.9908300e+00  -1.9164900e+00   6.0185800e+00   2.8012900e+00   5.4953500e+00   2.6992000e+00  -7.1542600e+03
   5.9903100e+00  -1.9140800e+00   6.0182400e+00   2.8014700e+00   5.4970900e+00   2.6992000e+00  -7.1529800e+03
   5.9903500e+00  -1.9132900e+00   6.0185800e+00   2.8012400e+00   5.4968300e+00   2.6991300e+00  -7.1522300e+03
   5.9906300e+00  -1.9140800e+00   6.0181500e+00   2.8010600e+00   5.4950800e+00   2.6991800e+00  -7.1543800e+03
   5.9903200e+00  -1.9130600e+00   6.0182200e+00   2.8011500e+00   5.4950700e+00   2.6991300e+00  -7.1540400e+03
   5.9903400e+00  -1.9145500e+00   6.0183800e+00   2.8015400e+00   5.4966600e+00   2.6990300e+00  -7.1521400e+03
   5.9904700e+00  -1.9167600e+00   6.0183600e+00   2.8013200e+00   5.4964200e+00   2.6990800e+00  -7.1523600e+03
   5.9912400e+00  -1.9159700e+00   6.0189800e+00   2.8012600e+00   5.4959700e+00   2.6990600e+00  -7.1572600e+03
   5.9899800e+00  -1.9168900e+00   6.0179500e+00   2.8011300e+00   5.4970600e+00   2.6991000e+00  -7.1535500e+03
   5.9901200e+00  -1.9175500e+00   6.0185400e+00   2.8011400e+00   5.4974700e+00   2.6990500e+00  -7.1533600e+03
   5.9899200e+00  -1.9166500e+00   6.0179600e+00   2.8011800e+00   5.4955400e+00   2.6990700e+00  -7.1532800e+03
   5.9904400e+00  -1.9143600e+00   6.0185800e+00   2.8011700e+00   5.4974600e+00   2.6990600e+00  -7.1524300e+03
   5.9910900e+00  -1.9147400e+00   6.0194700e+00   2.8015000e+00   5.4963900e+00   2.6990300e+00  -7.1608900e+03
   5.9902400e+00  -1.9127300e+00   6.0179500e+00   2.8013300e+00   5.4955900e+00   2.6990100e+00  -7.1544000e+03
   5.9899900e+00  -1.9134300e+00   6.0182900e+00   2.8010700e+00   5.4972300e+00   2.6989400e+00  -7.1527600e+03
   5.9908500e+00  -1.9129600e+00   6.0189400e+00   2.8008000e+00   5.4976900e+00   2.6989600e+00  -7.1537700e+03
   5.9902100e+00  -1.9158800e+00   6.0180800e+00   2.8010100e+00   5.4966500e+00   2.6989600e+00  -7.1527300e+03
   5.9901600e+00  -1.9174700e+00   6.0182500e+00   2.8015500e+00   5.4975200e+00   2.6990400e+00  -7.1533300e+03
   5.9901500e+00  -1.9150400e+00   6.0183900e+00   2.8015000e+00   5.4985700e+00   2.6990900e+00  -7.1547600e+03
   5.9911300e+00  -1.9132300e+00   6.0189000e+00   2.8013300e+00   5.4958100e+00   2.6990700e+00  -7.1557600e+03
   5.9902600e+00  -1.9125000e+00   6.0188200e+00   2.8012100e+00   5.4963700e+00   2.6990700e+00  -7.1550200e+03
   5.9904400e+00  -1.9108800e+00   6.0186800e+00   2.8011800e+00   5.4970800e+00   2.6990900e+00  -7.1523500e+03
   5.9900900e+00  -1.9107000e+00   6.0182500e+00   2.8011300e+00   5.4964500e+00   2.6990800e+00  -7.1535300e+03
   5.9902900e+00  -1.9093300e+00   6.0186200e+00   2.8013900e+00   5.4961500e+00   2.6990600e+00  -7.1541400e+03
   5.9901200e+00  -1.9102300e+00   6.0187000e+00   2.8009800e+00   5.4997200e+00   2.6990900e+00  -7.1558000e+03
   5.9910400e+00  -1.9082600e+00   6.0195100e+00   2.8010700e+00   5.4994600e+00   2.6991300e+00  -7.1565500e+03
   5.9903100e+00  -1.9083500e+00   6.0183400e+00   2.8009200e+00   5.4967900e+00   2.6990400e+00  -7.1542000e+03
   5.9899200e+00  -1.9073900e+00   6.0192800e+00   2.8008200e+00   5.4994000e+00   2.6991000e+00  -7.1581900e+03
   5.9912000e+00  -1.9084600e+00   6.0188100e+00   2.8007700e+00   5.4959100e+00   2.6990800e+00  -7.1571400e+03
   5.9902600e+00  -1.9081600e+00   6.0189200e+00   2.8007900e+00   5.4998000e+00   2.6990900e+00  -7.1550500e+03
   5.9902200e+00  -1.9069500e+00   6.0190700e+00   2.8008400e+00   5.4983500e+00   2.6990800e+00  -7.1541400e+03
   5.9905700e+00  -1.9067500e+00   6.0193100e+00   2.8010100e+00   5.4979600e+00   2.6991400e+00  -7.1544800e+03
   5.9906900e+00  -1.9080100e+00   6.0191100e+00   2.8012300e+00   5.4984700e+00   2.6991600e+00  -7.1534100e+03
   5.9909200e+00  -1.9083300e+00   6.0193900e+00   2.8013600e+00   5.4988800e+00   2.6991400e+00  -7.1550600e+03
   5.9903600e+00  -1.9091100e+00   6.0192300e+00   2.8013900e+00   5.4977600e+00   2.6991300e+00  -7.1556200e+03
   5.9898600e+00  -1.9098500e+00   6.0182600e+00   2.8015900e+00   5.4955600e+00   2.6991000e+00  -7.1570500e+03
   5.9903500e+00  -1.9091800e+00   6.0188600e+00   2.8013600e+00   5.4968700e+00   2.6990700e+00  -7.1537900e+03
   5.9910000e+00  -1.9082000e+00   6.0194400e+00   2.8011000e+00   5.4984700e+00   2.6990400e+00  -7.1550300e+03
   5.9900100e+00  -1.9068600e+00   6.0189000e+00   2.8014200e+00   5.4987400e+00   2.6990800e+00  -7.1548200e+03
   5.9903300e+00  -1.9066800e+00   6.0185500e+00   2.8010900e+00   5.4975700e+00   2.6991100e+00  -7.1540000e+03
   5.9905800e+00  -1.9083200e+00   6.0189400e+00   2.8016600e+00   5.4981200e+00   2.6990800e+00  -7.1530700e+03
   5.9904600e+00  -1.9089500e+00   6.0188100e+00   2.8016200e+00   5.4964500e+00   2.6990800e+00  -7.1538600e+03
   5.9908300e+00  -1.9097600e+00   6.0192100e+00   2.8017300e+00   5.4969000e+00   2.6990600e+00  -7.1549200e+03
   5.9909600e+00  -1.9108700e+00   6.0188500e+00   2.8017800e+00   5.4971200e+00   2.6991000e+00  -7.1541800e+03
   5.9909400e+00  -1.9099800e+00   6.0196000e+00   2.8016800e+00   5.4971600e+00   2.6990800e+00  -7.1591000e+03
   5.9896100e+00  -1.9116000e+00   6.0180700e+00   2.8014700e+00   5.4962700e+00   2.6990700e+00  -7.1564500e+03
   5.9910600e+00  -1.9113700e+00   6.0186900e+00   2.8015200e+00   5.4971500e+00   2.6989400e+00  -7.1561200e+03
   5.9908000e+00  -1.9082700e+00   6.0190200e+00   2.8016200e+00   5.4979200e+00   2.6988800e+00  -7.1535300e+03
   5.9902100e+00  -1.9069700e+00   6.0185200e+00   2.8013600e+00   5.4968700e+00   2.6989200e+00  -7.1541800e+03
   5.9907400e+00  -1.9072900e+00   6.0189400e+00   2.8015000e+00   5.4971600e+00   2.6989600e+00  -7.1534400e+03
   5.9912200e+00  -1.9069100e+00   6.0194800e+00   2.8014700e+00   5.4980500e+00   2.6989700e+00  -7.1561200e+03
   5.9901300e+00  -1.9071500e+00   6.0186200e+00   2.8016800e+00   5.4973000e+00   2.6989800e+00  -7.1539900e+03
