   5.9896800e+00  -1.9088500e+00   6.0186000e+00   2.7910800e+00   5.4989100e+00   2.6818800e+00  -3.5771000e+03
   5.9896300e+00  -1.9085400e+00   6.0179000e+00   2.7967500e+00   5.4979800e+00   2.6825400e+00  -3.5793100e+03
   5.9910700e+00  -1.9086100e+00   6.0196700e+00   2.7917500e+00   5.4990900e+00   2.6820200e+00  -3.5779500e+03
   5.9894200e+00  -1.9088700e+00   6.0196900e+00   2.7821100e+00   5.5044500e+00   2.6781300e+00  -3.5800700e+03
   5.9904800e+00  -1.9090100e+00   6.0196200e+00   2.7887600e+00   5.5015400e+00   2.6787300e+00  -3.5774300e+03
   5.9904200e+00  -1.9093800e+00   6.0201000e+00   2.7790900e+00   5.5032800e+00   2.6770300e+00  -3.5790000e+03
   5.9904400e+00  -1.9084400e+00   6.0200000e+00   2.7911200e+00   5.4987300e+00   2.6747900e+00  -3.5801800e+03
   5.9897100e+00  -1.9073800e+00   6.0189100e+00   2.7942700e+00   5.5005800e+00   2.6738700e+00  -3.5774200e+03
   5.9899700e+00  -1.9075700e+00   6.0192900e+00   2.7956500e+00   5.5002300e+00   2.6710600e+00  -3.5771800e+03
   5.9904500e+00  -1.9066400e+00   6.0188700e+00   2.7937900e+00   5.4974200e+00   2.6701600e+00  -3.5767000e+03
   5.9904600e+00  -1.9060000e+00   6.0183700e+00   2.8103800e+00   5.4944900e+00   2.6697300e+00  -3.5777300e+03
   5.9899200e+00  -1.9094400e+00   6.0186400e+00   2.8000700e+00   5.4960900e+00   2.6703800e+00  -3.5773000e+03
   5.9899600e+00  -1.9105900e+00   6.0187700e+00   2.7943200e+00   5.5011400e+00   2.6705300e+00  -3.5798300e+03
   5.9908500e+00  -1.9127300e+00   6.0187700e+00   2.8003100e+00   5.4972000e+00   2.6707400e+00  -3.5782800e+03
   5.9901100e+00  -1.9101100e+00   6.0182800e+00   2.8086800e+00   5.4963100e+00   2.6725100e+00  -3.5780100e+03
   5.9905800e+00  -1.9096000e+00   6.0180400e+00   2.8037500e+00   5.4945600e+00   2.6690700e+00  -3.5777300e+03
   5.9898800e+00  -1.9072300e+00   6.0180500e+00   2.7985800e+00   5.4959800e+00   2.6693500e+00  -3.5775000e+03
   5.9898500e+00  -1.9074100e+00   6.0187400e+00   2.7940900e+00   5.4982400e+00   2.6684700e+00  -3.5762400e+03
   5.9901600e+00  -1.9056100e+00   6.0189800e+00   2.8000000e+00   5.4992300e+00   2.6665500e+00  -3.5771600e+03
   5.9903300e+00  -1.9054500e+00   6.0190700e+00   2.7974800e+00   5.4976700e+00   2.6621600e+00  -3.5761800e+03
   5.9905400e+00  -1.9027500e+00   6.0199600e+00   2.7869100e+00   5.5019900e+00   2.6589500e+00  -3.5781200e+03
   5.9897700e+00  -1.9028900e+00   6.0204400e+00   2.7738600e+00   5.5054600e+00   2.6578300e+00  -3.5807500e+03
   5.9900600e+00  -1.9041400e+00   6.0201600e+00   2.7757700e+00   5.5048300e+00   2.6587100e+00  -3.5808100e+03
   5.9901400e+00  -1.9053800e+00   6.0193600e+00   2.7944200e+00   5.4988800e+00   2.6617900e+00  -3.5764900e+03
   5.9903700e+00  -1.9056700e+00   6.0195300e+00   2.7866300e+00   5.4992400e+00   2.6607600e+00  -3.5773500e+03
   5.9899200e+00  -1.9048800e+00   6.0193300e+00   2.7882500e+00   5.4994000e+00   2.6594000e+00  -3.5768200e+03
   5.9905700e+00  -1.9038700e+00   6.0199600e+00   2.7856100e+00   5.5020800e+00   2.6610000e+00  -3.5783500e+03
   5.9898600e+00  -1.9039900e+00   6.0185600e+00   2.8022200e+00   5.4957600e+00   2.6589400e+00  -3.5775100e+03
   5.9902900e+00  -1.9040800e+00   6.0197600e+00   2.7886000e+00   5.4993700e+00   2.6576000e+00  -3.5774400e+03
   5.9899000e+00  -1.9056200e+00   6.0192600e+00   2.7875200e+00   5.4994100e+00   2.6603100e+00  -3.5768700e+03
   5.9902800e+00  -1.9066100e+00   6.0191800e+00   2.7889900e+00   5.5004600e+00   2.6582300e+00  -3.5778300e+03
   5.9902500e+00  -1.9082100e+00   6.0191500e+00   2.7859100e+00   5.5008400e+00   2.6589400e+00  -3.5788000e+03
   5.9897300e+00  -1.9120500e+00   6.0184600e+00   2.7965100e+00   5.4995400e+00   2.6590400e+00  -3.5789800e+03
   5.9901900e+00  -1.9125600e+00   6.0182700e+00   2.8050600e+00   5.4953800e+00   2.6580400e+00  -3.5774900e+03
   5.9903300e+00  -1.9137600e+00   6.0180700e+00   2.8035900e+00   5.4940100e+00   2.6578000e+00  -3.5775100e+03
   5.9897000e+00  -1.9139900e+00   6.0182100e+00   2.7967700e+00   5.4957800e+00   2.6554900e+00  -3.5771800e+03
   5.9899100e+00  -1.9139000e+00   6.0181600e+00   2.8016300e+00   5.4938900e+00   2.6541300e+00  -3.5784100e+03
   5.9897000e+00  -1.9126200e+00   6.0185900e+00   2.7967300e+00   5.4958700e+00   2.6534500e+00  -3.5784300e+03
   5.9892500e+00  -1.9143100e+00   6.0181300e+00   2.7917300e+00   5.4967900e+00   2.6506000e+00  -3.5782800e+03
   5.9906300e+00  -1.9152000e+00   6.0186300e+00   2.7952500e+00   5.4955700e+00   2.6475000e+00  -3.5794000e+03
   5.9900900e+00  -1.9152000e+00   6.0180200e+00   2.7902300e+00   5.4941000e+00   2.6495400e+00  -3.5808900e+03
   5.9897200e+00  -1.9136500e+00   6.0188400e+00   2.7864400e+00   5.5004800e+00   2.6485300e+00  -3.5791500e+03
   5.9886600e+00  -1.9125400e+00   6.0188900e+00   2.7846700e+00   5.4999500e+00   2.6470800e+00  -3.5823500e+03
   5.9903100e+00  -1.9111300e+00   6.0188800e+00   2.7944900e+00   5.4960500e+00   2.6457200e+00  -3.5781200e+03
   5.9901200e+00  -1.9106400e+00   6.0183200e+00   2.8026700e+00   5.4940900e+00   2.6469000e+00  -3.5780500e+03
   5.9905200e+00  -1.9090300e+00   6.0188700e+00   2.7991200e+00   5.4963400e+00   2.6440000e+00  -3.5779600e+03
   5.9898000e+00  -1.9097200e+00   6.0188100e+00   2.7950800e+00   5.4952500e+00   2.6424500e+00  -3.5801200e+03
   5.9898400e+00  -1.9096200e+00   6.0182000e+00   2.7960800e+00   5.4942400e+00   2.6429200e+00  -3.5787800e+03
   5.9901000e+00  -1.9077500e+00   6.0187300e+00   2.7982300e+00   5.4942500e+00   2.6387000e+00  -3.5798000e+03
   5.9908400e+00  -1.9066600e+00   6.0191300e+00   2.7917500e+00   5.4970200e+00   2.6416300e+00  -3.5796100e+03
   5.9896200e+00  -1.9073200e+00   6.0189600e+00   2.7853600e+00   5.5000300e+00   2.6419200e+00  -3.5780400e+03
   5.9893500e+00  -1.9058700e+00   6.0192900e+00   2.7921300e+00   5.4981900e+00   2.6411400e+00  -3.5807600e+03
   5.9900200e+00  -1.9055500e+00   6.0186900e+00   2.8032300e+00   5.4975400e+00   2.6430500e+00  -3.5780100e+03
   5.9909100e+00  -1.9075400e+00   6.0197500e+00   2.7921300e+00   5.4978900e+00   2.6396100e+00  -3.5807400e+03
   5.9899100e+00  -1.9081200e+00   6.0191100e+00   2.7916200e+00   5.4987500e+00   2.6395600e+00  -3.5774900e+03
   5.9899900e+00  -1.9097600e+00   6.0185200e+00   2.7914900e+00   5.4958900e+00   2.6420200e+00  -3.5782000e+03
   5.9897400e+00  -1.9076300e+00   6.0178700e+00   2.7992800e+00   5.4953100e+00   2.6413800e+00  -3.5779300e+03
   5.9897600e+00  -1.9091600e+00   6.0189100e+00   2.7958000e+00   5.4990200e+00   2.6401100e+00  -3.5785100e+03
   5.9892800e+00  -1.9102600e+00   6.0187300e+00   2.7956100e+00   5.4987700e+00   2.6409300e+00  -3.5793900e+03
   5.9891600e+00  -1.9116800e+00   6.0180100e+00   2.7999000e+00   5.4963900e+00   2.6407200e+00  -3.5791300e+03
   5.9896200e+00  -1.9121800e+00   6.0176100e+00   2.8083100e+00   5.4960800e+00   2.6394000e+00  -3.5818600e+03
   5.9905400e+00  -1.9102700e+00   6.0197600e+00   2.7888600e+00   5.4987400e+00   2.6411700e+00  -3.5804100e+03
   5.9901300e+00  -1.9103600e+00   6.0188000e+00   2.7904000e+00   5.4974000e+00   2.6397400e+00  -3.5779500e+03
   5.9893800e+00  -1.9099900e+00   6.0177600e+00   2.7971400e+00   5.4985200e+00   2.6418600e+00  -3.5819700e+03
   5.9899500e+00  -1.9091200e+00   6.0187900e+00   2.7947200e+00   5.4984600e+00   2.6433500e+00  -3.5774500e+03
   5.9897300e+00  -1.9096100e+00   6.0193600e+00   2.7812200e+00   5.5032200e+00   2.6441800e+00  -3.5818000e+03
   5.9898000e+00  -1.9107800e+00   6.0192200e+00   2.7897400e+00   5.4989700e+00   2.6434200e+00  -3.5782300e+03
   5.9903100e+00  -1.9114000e+00   6.0183900e+00   2.7921400e+00   5.4965800e+00   2.6420700e+00  -3.5791200e+03
   5.9904200e+00  -1.9112800e+00   6.0189900e+00   2.7940600e+00   5.4968600e+00   2.6439400e+00  -3.5782500e+03
   5.9896600e+00  -1.9125400e+00   6.0183100e+00   2.7953900e+00   5.4951400e+00   2.6425700e+00  -3.5784700e+03
   5.9896400e+00  -1.9126800e+00   6.0172200e+00   2.7980700e+00   5.4945400e+00   2.6452000e+00  -3.5807900e+03
   5.9898200e+00  -1.9111500e+00   6.0190800e+00   2.7803900e+00   5.4994700e+00   2.6462000e+00  -3.5792700e+03
   5.9891500e+00  -1.9083500e+00   6.0198800e+00   2.7748800e+00   5.5045400e+00   2.6479000e+00  -3.5818300e+03
   5.9907700e+00  -1.9073700e+00   6.0202800e+00   2.7794800e+00   5.5026700e+00   2.6504600e+00  -3.5818600e+03
   5.9891600e+00  -1.9049900e+00   6.0196900e+00   2.7725000e+00   5.5021600e+00   2.6516200e+00  -3.5827200e+03
   5.9897500e+00  -1.9018500e+00   6.0207800e+00   2.7785800e+00   5.5048600e+00   2.6536900e+00  -3.5814000e+03
   5.9901300e+00  -1.9013600e+00   6.0201600e+00   2.7833900e+00   5.5020700e+00   2.6567800e+00  -3.5778000e+03
   5.9902700e+00  -1.9021500e+00   6.0193000e+00   2.7911300e+00   5.4984700e+00   2.6585800e+00  -3.5767500e+03
   5.9896900e+00  -1.9036200e+00   6.0198600e+00   2.7924000e+00   5.5010500e+00   2.6603900e+00  -3.5795700e+03
   5.9895800e+00  -1.9062900e+00   6.0186000e+00   2.7978500e+00   5.5001500e+00   2.6608900e+00  -3.5790300e+03
   5.9909300e+00  -1.9052100e+00   6.0191200e+00   2.8008500e+00   5.4964300e+00   2.6623700e+00  -3.5775400e+03
   5.9898100e+00  -1.9053100e+00   6.0187700e+00   2.8023100e+00   5.4968400e+00   2.6637700e+00  -3.5776800e+03
   5.9901800e+00  -1.9076600e+00   6.0188800e+00   2.8012700e+00   5.4951600e+00   2.6644300e+00  -3.5788100e+03
   5.9901500e+00  -1.9082600e+00   6.0186100e+00   2.8064600e+00   5.4951800e+00   2.6639800e+00  -3.5781000e+03
   5.9911700e+00  -1.9086500e+00   6.0188200e+00   2.7983800e+00   5.4955600e+00   2.6667700e+00  -3.5792900e+03
   5.9902200e+00  -1.9093500e+00   6.0185100e+00   2.7924000e+00   5.4986200e+00   2.6672700e+00  -3.5780200e+03
   5.9901900e+00  -1.9113800e+00   6.0193800e+00   2.7858400e+00   5.5008400e+00   2.6645200e+00  -3.5775300e+03
   5.9899000e+00  -1.9140300e+00   6.0182400e+00   2.7947500e+00   5.4974700e+00   2.6649200e+00  -3.5768500e+03
   5.9898100e+00  -1.9130600e+00   6.0188200e+00   2.7906500e+00   5.4960500e+00   2.6615700e+00  -3.5795700e+03
   5.9897700e+00  -1.9134600e+00   6.0186800e+00   2.7973900e+00   5.4989200e+00   2.6644900e+00  -3.5778100e+03
   5.9902200e+00  -1.9134100e+00   6.0184000e+00   2.8049700e+00   5.4961400e+00   2.6660900e+00  -3.5775800e+03
   5.9901200e+00  -1.9145300e+00   6.0175900e+00   2.8034500e+00   5.4957100e+00   2.6713900e+00  -3.5786800e+03
   5.9897900e+00  -1.9161300e+00   6.0179900e+00   2.8001000e+00   5.4926500e+00   2.6696000e+00  -3.5810700e+03
   5.9906200e+00  -1.9140000e+00   6.0179400e+00   2.8029000e+00   5.4946500e+00   2.6688200e+00  -3.5782000e+03
   5.9898700e+00  -1.9125800e+00   6.0182900e+00   2.8055400e+00   5.4953700e+00   2.6733500e+00  -3.5778800e+03
   5.9894900e+00  -1.9135200e+00   6.0172700e+00   2.8070200e+00   5.4962200e+00   2.6727500e+00  -3.5808100e+03
   5.9897600e+00  -1.9131000e+00   6.0189300e+00   2.7902200e+00   5.4974100e+00   2.6743500e+00  -3.5781600e+03
   5.9897200e+00  -1.9111100e+00   6.0194100e+00   2.7836000e+00   5.5006500e+00   2.6758400e+00  -3.5775500e+03
   5.9892200e+00  -1.9126000e+00   6.0188700e+00   2.7928600e+00   5.5000400e+00   2.6709300e+00  -3.5790200e+03
   5.9901700e+00  -1.9119300e+00   6.0182200e+00   2.8051200e+00   5.4936900e+00   2.6718800e+00  -3.5780500e+03
   5.9900000e+00  -1.9124800e+00   6.0183200e+00   2.7997000e+00   5.4951900e+00   2.6733700e+00  -3.5769300e+03
   5.9910700e+00  -1.9145000e+00   6.0184200e+00   2.8147500e+00   5.4947100e+00   2.6730000e+00  -3.5825200e+03
   5.9907000e+00  -1.9114000e+00   6.0182100e+00   2.8006300e+00   5.4947100e+00   2.6735200e+00  -3.5777900e+03
   5.9901300e+00  -1.9127500e+00   6.0180000e+00   2.7971000e+00   5.4960000e+00   2.6743600e+00  -3.5771600e+03
   5.9896800e+00  -1.9114600e+00   6.0178000e+00   2.7994300e+00   5.4952200e+00   2.6725400e+00  -3.5775800e+03
   5.9898400e+00  -1.9115300e+00   6.0185100e+00   2.7949900e+00   5.4983700e+00   2.6702800e+00  -3.5763700e+03
   5.9897700e+00  -1.9113200e+00   6.0184700e+00   2.8021900e+00   5.4967200e+00   2.6703300e+00  -3.5772800e+03
   5.9896900e+00  -1.9102800e+00   6.0183400e+00   2.8002700e+00   5.4950900e+00   2.6681200e+00  -3.5783500e+03
   5.9911000e+00  -1.9099200e+00   6.0195500e+00   2.7979400e+00   5.5000600e+00   2.6670600e+00  -3.5818100e+03
   5.9897700e+00  -1.9117300e+00   6.0187300e+00   2.7942500e+00   5.4978800e+00   2.6687300e+00  -3.5764800e+03
   5.9894700e+00  -1.9146300e+00   6.0179400e+00   2.7959500e+00   5.4956800e+00   2.6667200e+00  -3.5776200e+03
   5.9896700e+00  -1.9150200e+00   6.0185000e+00   2.7950600e+00   5.4963900e+00   2.6664800e+00  -3.5776200e+03
   5.9901900e+00  -1.9150700e+00   6.0185600e+00   2.7963300e+00   5.4964500e+00   2.6665200e+00  -3.5766200e+03
   5.9898800e+00  -1.9157000e+00   6.0186800e+00   2.7907300e+00   5.4950600e+00   2.6700100e+00  -3.5810200e+03
   5.9899100e+00  -1.9140900e+00   6.0181800e+00   2.7977200e+00   5.4955700e+00   2.6697900e+00  -3.5766200e+03
   5.9904100e+00  -1.9123500e+00   6.0191000e+00   2.7949600e+00   5.4987300e+00   2.6702200e+00  -3.5768400e+03
   5.9905600e+00  -1.9097800e+00   6.0188600e+00   2.8000400e+00   5.4978900e+00   2.6713200e+00  -3.5769100e+03
   5.9901200e+00  -1.9093000e+00   6.0192300e+00   2.7919600e+00   5.4975300e+00   2.6697600e+00  -3.5776100e+03
   5.9903800e+00  -1.9084600e+00   6.0184500e+00   2.7947100e+00   5.4967300e+00   2.6712300e+00  -3.5773800e+03
   5.9898000e+00  -1.9086400e+00   6.0185500e+00   2.8006300e+00   5.4957500e+00   2.6716800e+00  -3.5779600e+03
   5.9903900e+00  -1.9101700e+00   6.0180000e+00   2.8079900e+00   5.4947000e+00   2.6750000e+00  -3.5772200e+03
   5.9894700e+00  -1.9096700e+00   6.0175700e+00   2.8058700e+00   5.4945200e+00   2.6724000e+00  -3.5788700e+03
   5.9910000e+00  -1.9078700e+00   6.0194000e+00   2.8095200e+00   5.4952500e+00   2.6739800e+00  -3.5822700e+03
   5.9896300e+00  -1.9052600e+00   6.0179800e+00   2.8086000e+00   5.4958600e+00   2.6758000e+00  -3.5790100e+03
   5.9905800e+00  -1.9071400e+00   6.0190700e+00   2.7975300e+00   5.4977100e+00   2.6775100e+00  -3.5761600e+03
   5.9906100e+00  -1.9070200e+00   6.0190400e+00   2.8034200e+00   5.4944500e+00   2.6780200e+00  -3.5801700e+03
   5.9896500e+00  -1.9068500e+00   6.0195800e+00   2.7854600e+00   5.5015700e+00   2.6799100e+00  -3.5777400e+03
   5.9901800e+00  -1.9078200e+00   6.0191000e+00   2.7924800e+00   5.5002100e+00   2.6807000e+00  -3.5764200e+03
   5.9897100e+00  -1.9071900e+00   6.0187800e+00   2.7925300e+00   5.5000700e+00   2.6825400e+00  -3.5771100e+03
   5.9902600e+00  -1.9076100e+00   6.0188500e+00   2.7905400e+00   5.5004700e+00   2.6833000e+00  -3.5783500e+03
   5.9900600e+00  -1.9065000e+00   6.0186600e+00   2.7949600e+00   5.4973100e+00   2.6845400e+00  -3.5770700e+03
   5.9893000e+00  -1.9053200e+00   6.0181700e+00   2.8135300e+00   5.4976200e+00   2.6893500e+00  -3.5847600e+03
   5.9905400e+00  -1.9043900e+00   6.0194000e+00   2.7974800e+00   5.4985600e+00   2.6925700e+00  -3.5766900e+03
   5.9904800e+00  -1.9046500e+00   6.0187600e+00   2.8017100e+00   5.4963200e+00   2.6911300e+00  -3.5772100e+03
   5.9898600e+00  -1.9043400e+00   6.0189500e+00   2.8004500e+00   5.4994300e+00   2.6912900e+00  -3.5778100e+03
   5.9910900e+00  -1.9047600e+00   6.0198600e+00   2.7932600e+00   5.5010700e+00   2.6864900e+00  -3.5785600e+03
   5.9906500e+00  -1.9064900e+00   6.0196500e+00   2.7913000e+00   5.5006700e+00   2.6902800e+00  -3.5766600e+03
   5.9905800e+00  -1.9059000e+00   6.0186300e+00   2.8007800e+00   5.4967400e+00   2.6908500e+00  -3.5769500e+03
   5.9893700e+00  -1.9077800e+00   6.0177900e+00   2.8008400e+00   5.4959300e+00   2.6907100e+00  -3.5803900e+03
   5.9903500e+00  -1.9078200e+00   6.0194000e+00   2.7934100e+00   5.5014600e+00   2.6852200e+00  -3.5775400e+03
   5.9902300e+00  -1.9079800e+00   6.0192700e+00   2.7925200e+00   5.5002000e+00   2.6896100e+00  -3.5761400e+03
   5.9902900e+00  -1.9110400e+00   6.0190400e+00   2.7948600e+00   5.5015700e+00   2.6903700e+00  -3.5792600e+03
   5.9900700e+00  -1.9105300e+00   6.0205400e+00   2.7803800e+00   5.5030300e+00   2.6863300e+00  -3.5808800e+03
   5.9900800e+00  -1.9111900e+00   6.0185000e+00   2.8025600e+00   5.4961900e+00   2.6861800e+00  -3.5766900e+03
   5.9906300e+00  -1.9110100e+00   6.0181700e+00   2.8051200e+00   5.4978200e+00   2.6870700e+00  -3.5806600e+03
   5.9907700e+00  -1.9106100e+00   6.0190500e+00   2.7968600e+00   5.4948300e+00   2.6857900e+00  -3.5800100e+03
   5.9903400e+00  -1.9114900e+00   6.0190700e+00   2.7848100e+00   5.4994900e+00   2.6823000e+00  -3.5776700e+03
   5.9896800e+00  -1.9104600e+00   6.0190800e+00   2.7913500e+00   5.4988000e+00   2.6789800e+00  -3.5773900e+03
   5.9897800e+00  -1.9113500e+00   6.0191600e+00   2.7932000e+00   5.4998100e+00   2.6771200e+00  -3.5770600e+03
   5.9899900e+00  -1.9097500e+00   6.0184700e+00   2.7982200e+00   5.4981800e+00   2.6776000e+00  -3.5764400e+03
   5.9902700e+00  -1.9109500e+00   6.0189200e+00   2.7981500e+00   5.4976600e+00   2.6760100e+00  -3.5761900e+03
   5.9911500e+00  -1.9102100e+00   6.0187400e+00   2.7971500e+00   5.4979300e+00   2.6797500e+00  -3.5807000e+03
   5.9907600e+00  -1.9109600e+00   6.0190800e+00   2.7957500e+00   5.4969400e+00   2.6780300e+00  -3.5769800e+03
   5.9906400e+00  -1.9095800e+00   6.0189700e+00   2.7990000e+00   5.4979100e+00   2.6759700e+00  -3.5766100e+03
   5.9907600e+00  -1.9098200e+00   6.0186800e+00   2.7983000e+00   5.4973400e+00   2.6737800e+00  -3.5775200e+03
   5.9896000e+00  -1.9106400e+00   6.0188700e+00   2.7967600e+00   5.4986600e+00   2.6756600e+00  -3.5776300e+03
   5.9898800e+00  -1.9114900e+00   6.0193000e+00   2.7849500e+00   5.5007500e+00   2.6759600e+00  -3.5768500e+03
   5.9909100e+00  -1.9121900e+00   6.0196300e+00   2.7807400e+00   5.5022200e+00   2.6759700e+00  -3.5828100e+03
   5.9897300e+00  -1.9120700e+00   6.0191400e+00   2.7861900e+00   5.5018200e+00   2.6787100e+00  -3.5776000e+03
   5.9903000e+00  -1.9136900e+00   6.0185800e+00   2.7948700e+00   5.4984300e+00   2.6775500e+00  -3.5768400e+03
   5.9894000e+00  -1.9146100e+00   6.0196600e+00   2.7843100e+00   5.5017800e+00   2.6787700e+00  -3.5804000e+03
   5.9906300e+00  -1.9168700e+00   6.0187500e+00   2.8003400e+00   5.4982800e+00   2.6782000e+00  -3.5791200e+03
   5.9892900e+00  -1.9182900e+00   6.0180800e+00   2.7945500e+00   5.4975200e+00   2.6801100e+00  -3.5775900e+03
   5.9897600e+00  -1.9169600e+00   6.0186400e+00   2.7900500e+00   5.4996400e+00   2.6822600e+00  -3.5767400e+03
   5.9905200e+00  -1.9186800e+00   6.0182800e+00   2.7979500e+00   5.4957800e+00   2.6810800e+00  -3.5769500e+03
   5.9909600e+00  -1.9175800e+00   6.0184500e+00   2.8077500e+00   5.4958900e+00   2.6800300e+00  -3.5803700e+03
   5.9897700e+00  -1.9179100e+00   6.0183400e+00   2.7984800e+00   5.4991200e+00   2.6808700e+00  -3.5785700e+03
   5.9899100e+00  -1.9185400e+00   6.0185600e+00   2.7933000e+00   5.4955800e+00   2.6769200e+00  -3.5786400e+03
   5.9895700e+00  -1.9182700e+00   6.0181600e+00   2.7962200e+00   5.4978700e+00   2.6773500e+00  -3.5771000e+03
   5.9901600e+00  -1.9183000e+00   6.0190600e+00   2.7896400e+00   5.4981500e+00   2.6753700e+00  -3.5774900e+03
   5.9901300e+00  -1.9202200e+00   6.0183400e+00   2.7888000e+00   5.4987600e+00   2.6735900e+00  -3.5788400e+03
   5.9890800e+00  -1.9205200e+00   6.0174200e+00   2.7883500e+00   5.4951100e+00   2.6731100e+00  -3.5816100e+03
   5.9898400e+00  -1.9202000e+00   6.0178600e+00   2.8022100e+00   5.4952700e+00   2.6686800e+00  -3.5776100e+03
   5.9896800e+00  -1.9187400e+00   6.0185100e+00   2.7836900e+00   5.4992000e+00   2.6707400e+00  -3.5781300e+03
   5.9893600e+00  -1.9168100e+00   6.0194800e+00   2.7776100e+00   5.5020400e+00   2.6751400e+00  -3.5798100e+03
   5.9899000e+00  -1.9140300e+00   6.0196800e+00   2.7783600e+00   5.5014800e+00   2.6756600e+00  -3.5786600e+03
   5.9895500e+00  -1.9134900e+00   6.0187400e+00   2.7869900e+00   5.5006000e+00   2.6763400e+00  -3.5774700e+03
   5.9903100e+00  -1.9142700e+00   6.0192500e+00   2.7903300e+00   5.4993600e+00   2.6781300e+00  -3.5766300e+03
   5.9906700e+00  -1.9136200e+00   6.0195600e+00   2.7987400e+00   5.4996200e+00   2.6788000e+00  -3.5799800e+03
   5.9909500e+00  -1.9133800e+00   6.0188700e+00   2.7959000e+00   5.4975900e+00   2.6785800e+00  -3.5781300e+03
   5.9894800e+00  -1.9123200e+00   6.0185800e+00   2.7903700e+00   5.4998900e+00   2.6799700e+00  -3.5772600e+03
   5.9900600e+00  -1.9153000e+00   6.0187300e+00   2.8050200e+00   5.4973400e+00   2.6791800e+00  -3.5793300e+03
   5.9901700e+00  -1.9149900e+00   6.0185500e+00   2.7942200e+00   5.4971300e+00   2.6805000e+00  -3.5760500e+03
   5.9897600e+00  -1.9200300e+00   6.0184400e+00   2.7874100e+00   5.4980200e+00   2.6800600e+00  -3.5770500e+03
   5.9898200e+00  -1.9191900e+00   6.0181500e+00   2.7920800e+00   5.4998400e+00   2.6835400e+00  -3.5795700e+03
   5.9898900e+00  -1.9183200e+00   6.0184000e+00   2.7944300e+00   5.4998200e+00   2.6828100e+00  -3.5785800e+03
   5.9897800e+00  -1.9181000e+00   6.0190400e+00   2.7844500e+00   5.5009400e+00   2.6831700e+00  -3.5773800e+03
   5.9896300e+00  -1.9194200e+00   6.0183200e+00   2.7910700e+00   5.4985900e+00   2.6816100e+00  -3.5768300e+03
   5.9896400e+00  -1.9213900e+00   6.0186400e+00   2.7904300e+00   5.4970300e+00   2.6821300e+00  -3.5787200e+03
   5.9892200e+00  -1.9229500e+00   6.0183500e+00   2.7807300e+00   5.4984400e+00   2.6841600e+00  -3.5799500e+03
   5.9908900e+00  -1.9211500e+00   6.0193800e+00   2.7883600e+00   5.5001500e+00   2.6850800e+00  -3.5805900e+03
   5.9895800e+00  -1.9239500e+00   6.0177400e+00   2.7929600e+00   5.4962500e+00   2.6838800e+00  -3.5772800e+03
   5.9901300e+00  -1.9258200e+00   6.0183500e+00   2.7895500e+00   5.4977400e+00   2.6836300e+00  -3.5778500e+03
   5.9901600e+00  -1.9246100e+00   6.0177300e+00   2.7973900e+00   5.4959600e+00   2.6832700e+00  -3.5778900e+03
   5.9897500e+00  -1.9236100e+00   6.0177700e+00   2.7890900e+00   5.4949500e+00   2.6820000e+00  -3.5792300e+03
   5.9906500e+00  -1.9197900e+00   6.0175400e+00   2.8083500e+00   5.4921700e+00   2.6829100e+00  -3.5786900e+03
   5.9904200e+00  -1.9188600e+00   6.0187000e+00   2.7937400e+00   5.4986400e+00   2.6830500e+00  -3.5774300e+03
   5.9909100e+00  -1.9202500e+00   6.0186900e+00   2.7988900e+00   5.4963200e+00   2.6811800e+00  -3.5789000e+03
   5.9905400e+00  -1.9204700e+00   6.0176700e+00   2.8020600e+00   5.4962100e+00   2.6799800e+00  -3.5810300e+03
   5.9899000e+00  -1.9181200e+00   6.0175500e+00   2.8056000e+00   5.4942000e+00   2.6827000e+00  -3.5772000e+03
   5.9905400e+00  -1.9188300e+00   6.0177400e+00   2.8082800e+00   5.4943100e+00   2.6838800e+00  -3.5782200e+03
   5.9904700e+00  -1.9188500e+00   6.0180900e+00   2.8050600e+00   5.4936400e+00   2.6804900e+00  -3.5778000e+03
   5.9902400e+00  -1.9208600e+00   6.0185700e+00   2.7987500e+00   5.4969800e+00   2.6834000e+00  -3.5774400e+03
   5.9906600e+00  -1.9207000e+00   6.0179000e+00   2.8093800e+00   5.4942200e+00   2.6858300e+00  -3.5788700e+03
   5.9900700e+00  -1.9196900e+00   6.0178300e+00   2.8088500e+00   5.4945600e+00   2.6812500e+00  -3.5783400e+03
   5.9905300e+00  -1.9182300e+00   6.0179800e+00   2.7999600e+00   5.4939500e+00   2.6842000e+00  -3.5775800e+03
   5.9895300e+00  -1.9198400e+00   6.0186500e+00   2.7939600e+00   5.4971000e+00   2.6894900e+00  -3.5793000e+03
   5.9903600e+00  -1.9195500e+00   6.0187200e+00   2.7864300e+00   5.4989100e+00   2.6981600e+00  -3.5772600e+03
   5.9900700e+00  -1.9204300e+00   6.0183900e+00   2.7937100e+00   5.4963600e+00   2.6966300e+00  -3.5765600e+03
   5.9903200e+00  -1.9199300e+00   6.0181600e+00   2.7966200e+00   5.4967800e+00   2.6953000e+00  -3.5764100e+03
   5.9903700e+00  -1.9217400e+00   6.0181300e+00   2.7998900e+00   5.4955300e+00   2.6950300e+00  -3.5764900e+03
   5.9892200e+00  -1.9214600e+00   6.0172100e+00   2.7998600e+00   5.4965400e+00   2.6963200e+00  -3.5792700e+03
   5.9897000e+00  -1.9198600e+00   6.0169300e+00   2.8097400e+00   5.4929800e+00   2.6932200e+00  -3.5789900e+03
   5.9911500e+00  -1.9196700e+00   6.0186300e+00   2.8029100e+00   5.4952300e+00   2.6905600e+00  -3.5793000e+03
   5.9897500e+00  -1.9201200e+00   6.0186500e+00   2.7930400e+00   5.4987400e+00   2.6919000e+00  -3.5768000e+03
   5.9909700e+00  -1.9197600e+00   6.0191100e+00   2.7949400e+00   5.4980100e+00   2.6945400e+00  -3.5783800e+03
   5.9901900e+00  -1.9184400e+00   6.0192400e+00   2.7798200e+00   5.4993100e+00   2.6963600e+00  -3.5789900e+03
   5.9894600e+00  -1.9194600e+00   6.0190200e+00   2.7781300e+00   5.5001400e+00   2.6928000e+00  -3.5796200e+03
   5.9898400e+00  -1.9182500e+00   6.0178700e+00   2.7913900e+00   5.4968800e+00   2.6965000e+00  -3.5779100e+03
   5.9904000e+00  -1.9171300e+00   6.0182400e+00   2.7959900e+00   5.4974900e+00   2.6987800e+00  -3.5768700e+03
   5.9906200e+00  -1.9162400e+00   6.0182700e+00   2.7988600e+00   5.4969400e+00   2.6939400e+00  -3.5772500e+03
   5.9904200e+00  -1.9158700e+00   6.0185900e+00   2.7940600e+00   5.4980900e+00   2.6950800e+00  -3.5763000e+03
   5.9893500e+00  -1.9159200e+00   6.0180200e+00   2.7896300e+00   5.4983500e+00   2.6949700e+00  -3.5785300e+03
   5.9903900e+00  -1.9164200e+00   6.0187600e+00   2.7917600e+00   5.4957100e+00   2.6921600e+00  -3.5786300e+03
   5.9903400e+00  -1.9181500e+00   6.0198500e+00   2.7880800e+00   5.5014500e+00   2.6924900e+00  -3.5793500e+03
   5.9903100e+00  -1.9172800e+00   6.0182400e+00   2.7995800e+00   5.4975600e+00   2.6924800e+00  -3.5768800e+03
   5.9896100e+00  -1.9145600e+00   6.0182500e+00   2.8028200e+00   5.4965900e+00   2.6904200e+00  -3.5779700e+03
   5.9894600e+00  -1.9159800e+00   6.0185000e+00   2.7975000e+00   5.4971500e+00   2.6913000e+00  -3.5786900e+03
   5.9910000e+00  -1.9152700e+00   6.0177900e+00   2.8038100e+00   5.4929600e+00   2.6923300e+00  -3.5800700e+03
   5.9905700e+00  -1.9141400e+00   6.0189900e+00   2.7922200e+00   5.4997000e+00   2.6911900e+00  -3.5771200e+03
   5.9900700e+00  -1.9144700e+00   6.0192700e+00   2.7910500e+00   5.4993700e+00   2.6921000e+00  -3.5767300e+03
   5.9903300e+00  -1.9137100e+00   6.0189500e+00   2.7875000e+00   5.4998500e+00   2.6975100e+00  -3.5769000e+03
   5.9903200e+00  -1.9132100e+00   6.0185800e+00   2.7904800e+00   5.4989900e+00   2.6978800e+00  -3.5775000e+03
   5.9904500e+00  -1.9137100e+00   6.0182900e+00   2.7949400e+00   5.4961900e+00   2.6977500e+00  -3.5774800e+03
   5.9900400e+00  -1.9152600e+00   6.0184900e+00   2.7990600e+00   5.4966600e+00   2.6952400e+00  -3.5763200e+03
   5.9899700e+00  -1.9154800e+00   6.0179600e+00   2.8066900e+00   5.4941300e+00   2.6943500e+00  -3.5779700e+03
   5.9907100e+00  -1.9159900e+00   6.0185400e+00   2.7976800e+00   5.4972600e+00   2.6929700e+00  -3.5769700e+03
   5.9894100e+00  -1.9158800e+00   6.0185000e+00   2.7990300e+00   5.4975800e+00   2.6920600e+00  -3.5790000e+03
   5.9906100e+00  -1.9176100e+00   6.0186000e+00   2.8009900e+00   5.4943000e+00   2.6938200e+00  -3.5786200e+03
   5.9907500e+00  -1.9182400e+00   6.0184100e+00   2.7988900e+00   5.4945600e+00   2.6912500e+00  -3.5777200e+03
   5.9902500e+00  -1.9218000e+00   6.0191200e+00   2.7852900e+00   5.4996000e+00   2.6914100e+00  -3.5774400e+03
   5.9900200e+00  -1.9211100e+00   6.0177600e+00   2.7919600e+00   5.4956800e+00   2.6930900e+00  -3.5780500e+03
   5.9900600e+00  -1.9203000e+00   6.0183100e+00   2.7929300e+00   5.4969700e+00   2.6936900e+00  -3.5761700e+03
   5.9897800e+00  -1.9184600e+00   6.0185200e+00   2.7926400e+00   5.4993600e+00   2.6956700e+00  -3.5765000e+03
   5.9902600e+00  -1.9199600e+00   6.0187600e+00   2.7947100e+00   5.4977200e+00   2.6958700e+00  -3.5763500e+03
   5.9913600e+00  -1.9217800e+00   6.0180500e+00   2.8067300e+00   5.4921300e+00   2.6976000e+00  -3.5812400e+03
   5.9912800e+00  -1.9244800e+00   6.0173100e+00   2.8114300e+00   5.4925700e+00   2.6996000e+00  -3.5835700e+03
   5.9900900e+00  -1.9248400e+00   6.0176900e+00   2.8110600e+00   5.4935000e+00   2.7000900e+00  -3.5796400e+03
   5.9891400e+00  -1.9238400e+00   6.0162000e+00   2.8091000e+00   5.4911900e+00   2.6983900e+00  -3.5828200e+03
   5.9910100e+00  -1.9242200e+00   6.0183300e+00   2.8061000e+00   5.4953700e+00   2.6932900e+00  -3.5806600e+03
   5.9903000e+00  -1.9253200e+00   6.0179400e+00   2.8027500e+00   5.4938800e+00   2.6947100e+00  -3.5778900e+03
   5.9895300e+00  -1.9250100e+00   6.0174300e+00   2.7951100e+00   5.4953500e+00   2.6938500e+00  -3.5776100e+03
   5.9903000e+00  -1.9268600e+00   6.0185400e+00   2.7942600e+00   5.4981700e+00   2.6936800e+00  -3.5783600e+03
   5.9902600e+00  -1.9280500e+00   6.0182800e+00   2.7900800e+00   5.4983800e+00   2.6941100e+00  -3.5786400e+03
   5.9901400e+00  -1.9252700e+00   6.0177900e+00   2.7896600e+00   5.4961900e+00   2.6970700e+00  -3.5784400e+03
   5.9894700e+00  -1.9264800e+00   6.0175400e+00   2.7974500e+00   5.4954300e+00   2.7002200e+00  -3.5774900e+03
   5.9898700e+00  -1.9254700e+00   6.0180500e+00   2.7944300e+00   5.4945700e+00   2.7002400e+00  -3.5787700e+03
   5.9900100e+00  -1.9278800e+00   6.0179800e+00   2.7915000e+00   5.4955500e+00   2.7008100e+00  -3.5774800e+03
   5.9892100e+00  -1.9278800e+00   6.0179700e+00   2.7946300e+00   5.4986600e+00   2.7014700e+00  -3.5792300e+03
   5.9896000e+00  -1.9284400e+00   6.0188800e+00   2.7758700e+00   5.4989700e+00   2.6993900e+00  -3.5815800e+03
   5.9898000e+00  -1.9286100e+00   6.0174500e+00   2.7919200e+00   5.4952800e+00   2.6982000e+00  -3.5780400e+03
   5.9893500e+00  -1.9272500e+00   6.0174800e+00   2.7934600e+00   5.4960300e+00   2.7009100e+00  -3.5778300e+03
   5.9906500e+00  -1.9273800e+00   6.0184400e+00   2.7914600e+00   5.4975100e+00   2.7006100e+00  -3.5784800e+03
   5.9894300e+00  -1.9295000e+00   6.0178000e+00   2.7881600e+00   5.5002000e+00   2.6970400e+00  -3.5812500e+03
   5.9908700e+00  -1.9297300e+00   6.0186900e+00   2.7902300e+00   5.4980600e+00   2.6942900e+00  -3.5813800e+03
   5.9895000e+00  -1.9307700e+00   6.0183300e+00   2.7802000e+00   5.4999600e+00   2.6967800e+00  -3.5793500e+03
   5.9900100e+00  -1.9309800e+00   6.0171600e+00   2.7958400e+00   5.4947900e+00   2.7001000e+00  -3.5787600e+03
   5.9904200e+00  -1.9299300e+00   6.0169100e+00   2.8132400e+00   5.4917700e+00   2.7004100e+00  -3.5803300e+03
   5.9902000e+00  -1.9297400e+00   6.0174700e+00   2.8006800e+00   5.4942200e+00   2.7039000e+00  -3.5774300e+03
   5.9905500e+00  -1.9291900e+00   6.0183900e+00   2.7952600e+00   5.4962400e+00   2.7007900e+00  -3.5783300e+03
   5.9891400e+00  -1.9293200e+00   6.0178000e+00   2.7801200e+00   5.5002100e+00   2.7025900e+00  -3.5812100e+03
   5.9901700e+00  -1.9301400e+00   6.0176000e+00   2.7978000e+00   5.4944800e+00   2.7012200e+00  -3.5774700e+03
   5.9907400e+00  -1.9299800e+00   6.0181800e+00   2.7944800e+00   5.4964700e+00   2.6999200e+00  -3.5795100e+03
   5.9898600e+00  -1.9304800e+00   6.0179100e+00   2.8033700e+00   5.4943300e+00   2.7037300e+00  -3.5803900e+03
   5.9898700e+00  -1.9335100e+00   6.0165500e+00   2.8060600e+00   5.4922300e+00   2.7030000e+00  -3.5794600e+03
   5.9897400e+00  -1.9332600e+00   6.0167700e+00   2.8013800e+00   5.4920700e+00   2.7033400e+00  -3.5791200e+03
   5.9897900e+00  -1.9328800e+00   6.0178100e+00   2.7911100e+00   5.4953700e+00   2.7064000e+00  -3.5782500e+03
   5.9897600e+00  -1.9336300e+00   6.0173500e+00   2.7966500e+00   5.4932400e+00   2.7098000e+00  -3.5791000e+03
   5.9901600e+00  -1.9344400e+00   6.0181200e+00   2.7942300e+00   5.4988300e+00   2.7110700e+00  -3.5806500e+03
   5.9898600e+00  -1.9322800e+00   6.0165400e+00   2.8048600e+00   5.4917700e+00   2.7116600e+00  -3.5792800e+03
   5.9893800e+00  -1.9323100e+00   6.0169700e+00   2.8042200e+00   5.4942300e+00   2.7132900e+00  -3.5790200e+03
   5.9893100e+00  -1.9312100e+00   6.0183800e+00   2.7889200e+00   5.4988900e+00   2.7074200e+00  -3.5795100e+03
   5.9901300e+00  -1.9320400e+00   6.0177700e+00   2.7950300e+00   5.4966700e+00   2.7094400e+00  -3.5777000e+03
   5.9894000e+00  -1.9315400e+00   6.0175600e+00   2.7929100e+00   5.4965800e+00   2.7075000e+00  -3.5777500e+03
   5.9904800e+00  -1.9348100e+00   6.0178800e+00   2.7986700e+00   5.4943000e+00   2.7069900e+00  -3.5794600e+03
   5.9900600e+00  -1.9369900e+00   6.0165100e+00   2.7959400e+00   5.4922700e+00   2.7067700e+00  -3.5820300e+03
   5.9892800e+00  -1.9354900e+00   6.0170300e+00   2.7936900e+00   5.4948200e+00   2.7046900e+00  -3.5790400e+03
   5.9887900e+00  -1.9344300e+00   6.0169600e+00   2.7968400e+00   5.4942900e+00   2.7049000e+00  -3.5817100e+03
   5.9894700e+00  -1.9336500e+00   6.0176800e+00   2.7918800e+00   5.4971100e+00   2.7054000e+00  -3.5781300e+03
   5.9897700e+00  -1.9334500e+00   6.0183100e+00   2.7847400e+00   5.4967400e+00   2.7037000e+00  -3.5798200e+03
   5.9893100e+00  -1.9349600e+00   6.0171800e+00   2.7894100e+00   5.4960400e+00   2.7000700e+00  -3.5793200e+03
   5.9895400e+00  -1.9356700e+00   6.0178300e+00   2.7901100e+00   5.4950700e+00   2.7023300e+00  -3.5805100e+03
   5.9899300e+00  -1.9344700e+00   6.0172900e+00   2.7937900e+00   5.4944300e+00   2.7010500e+00  -3.5785800e+03
   5.9905900e+00  -1.9333600e+00   6.0175100e+00   2.7968000e+00   5.4950400e+00   2.7024300e+00  -3.5803400e+03
   5.9893800e+00  -1.9312800e+00   6.0169300e+00   2.8015200e+00   5.4948200e+00   2.7047600e+00  -3.5787100e+03
   5.9891600e+00  -1.9345700e+00   6.0170000e+00   2.7932600e+00   5.4960500e+00   2.7065500e+00  -3.5792600e+03
   5.9892000e+00  -1.9344600e+00   6.0171100e+00   2.7985300e+00   5.4947100e+00   2.7044700e+00  -3.5793900e+03
   5.9895600e+00  -1.9345700e+00   6.0173900e+00   2.7931100e+00   5.4970100e+00   2.7040400e+00  -3.5788500e+03
   5.9896500e+00  -1.9352900e+00   6.0183100e+00   2.7910800e+00   5.4970900e+00   2.7040100e+00  -3.5806100e+03
   5.9898500e+00  -1.9363700e+00   6.0166400e+00   2.8074900e+00   5.4906400e+00   2.7087900e+00  -3.5804700e+03
   5.9903500e+00  -1.9361200e+00   6.0177000e+00   2.7954200e+00   5.4940100e+00   2.7069100e+00  -3.5793600e+03
   5.9900200e+00  -1.9358000e+00   6.0188600e+00   2.7834900e+00   5.4980500e+00   2.7061700e+00  -3.5817400e+03
   5.9897600e+00  -1.9339800e+00   6.0188200e+00   2.7762900e+00   5.5038400e+00   2.7076800e+00  -3.5849200e+03
   5.9898100e+00  -1.9358000e+00   6.0180500e+00   2.7863000e+00   5.4975300e+00   2.7086200e+00  -3.5785400e+03
   5.9897400e+00  -1.9380800e+00   6.0166800e+00   2.7940600e+00   5.4942400e+00   2.7072900e+00  -3.5805700e+03
   5.9893300e+00  -1.9378500e+00   6.0171200e+00   2.7880300e+00   5.4962300e+00   2.7049600e+00  -3.5798600e+03
   5.9900200e+00  -1.9373600e+00   6.0176800e+00   2.7935600e+00   5.4959300e+00   2.7019700e+00  -3.5793500e+03
   5.9895700e+00  -1.9355000e+00   6.0179400e+00   2.7949800e+00   5.4963300e+00   2.7060300e+00  -3.5799200e+03
   5.9897300e+00  -1.9342400e+00   6.0182100e+00   2.7857900e+00   5.4982000e+00   2.7089400e+00  -3.5782900e+03
   5.9907300e+00  -1.9319500e+00   6.0180600e+00   2.7972600e+00   5.4955700e+00   2.7071600e+00  -3.5791400e+03
   5.9896400e+00  -1.9310300e+00   6.0176600e+00   2.7849900e+00   5.4955000e+00   2.7053600e+00  -3.5801400e+03
   5.9896600e+00  -1.9315800e+00   6.0184300e+00   2.7880800e+00   5.4977100e+00   2.7059700e+00  -3.5788000e+03
   5.9903300e+00  -1.9310000e+00   6.0177600e+00   2.8010400e+00   5.4952900e+00   2.7056600e+00  -3.5780800e+03
   5.9898300e+00  -1.9295000e+00   6.0178600e+00   2.7905600e+00   5.4975300e+00   2.7051900e+00  -3.5772600e+03
   5.9904900e+00  -1.9265800e+00   6.0173400e+00   2.8044900e+00   5.4918900e+00   2.7051100e+00  -3.5787500e+03
   5.9901200e+00  -1.9255500e+00   6.0186700e+00   2.7949100e+00   5.4977600e+00   2.7071000e+00  -3.5773900e+03
   5.9893600e+00  -1.9262400e+00   6.0170900e+00   2.8017600e+00   5.4958100e+00   2.7031500e+00  -3.5787700e+03
   5.9897900e+00  -1.9244600e+00   6.0179700e+00   2.7904800e+00   5.4958200e+00   2.7008400e+00  -3.5777300e+03
   5.9902800e+00  -1.9236000e+00   6.0187500e+00   2.7919600e+00   5.4981400e+00   2.7000600e+00  -3.5767300e+03
   5.9893800e+00  -1.9230800e+00   6.0174000e+00   2.8012100e+00   5.4949400e+00   2.6993400e+00  -3.5781200e+03
   5.9895500e+00  -1.9196800e+00   6.0166500e+00   2.8133900e+00   5.4917900e+00   2.7025500e+00  -3.5810800e+03
   5.9897600e+00  -1.9191700e+00   6.0183400e+00   2.7970800e+00   5.4970000e+00   2.6987600e+00  -3.5767000e+03
   5.9900200e+00  -1.9181900e+00   6.0178100e+00   2.7926800e+00   5.4964700e+00   2.6984600e+00  -3.5781800e+03
   5.9905800e+00  -1.9172300e+00   6.0191200e+00   2.7929100e+00   5.4987700e+00   2.6982700e+00  -3.5764700e+03
   5.9899900e+00  -1.9163100e+00   6.0184000e+00   2.8090800e+00   5.4966600e+00   2.6987700e+00  -3.5797000e+03
   5.9906100e+00  -1.9171800e+00   6.0182300e+00   2.8050200e+00   5.4963500e+00   2.7012700e+00  -3.5772100e+03
   5.9903200e+00  -1.9163600e+00   6.0188100e+00   2.8022900e+00   5.4971900e+00   2.6990200e+00  -3.5773600e+03
   5.9897700e+00  -1.9171200e+00   6.0172400e+00   2.8157500e+00   5.4912600e+00   2.6971500e+00  -3.5819600e+03
   5.9910200e+00  -1.9180300e+00   6.0181000e+00   2.8053500e+00   5.4940500e+00   2.6997700e+00  -3.5782800e+03
   5.9907500e+00  -1.9208600e+00   6.0179900e+00   2.8020000e+00   5.4950500e+00   2.6967600e+00  -3.5776900e+03
   5.9896600e+00  -1.9221200e+00   6.0180600e+00   2.7995700e+00   5.4958300e+00   2.6994500e+00  -3.5776100e+03
   5.9903900e+00  -1.9224200e+00   6.0179500e+00   2.7972000e+00   5.4971700e+00   2.6995800e+00  -3.5779100e+03
   5.9905500e+00  -1.9238000e+00   6.0183200e+00   2.7959000e+00   5.4977700e+00   2.7016900e+00  -3.5777200e+03
   5.9893700e+00  -1.9257900e+00   6.0177800e+00   2.8041700e+00   5.4971700e+00   2.6991800e+00  -3.5805800e+03
   5.9902100e+00  -1.9256100e+00   6.0174000e+00   2.8039400e+00   5.4923300e+00   2.7048400e+00  -3.5782500e+03
   5.9903900e+00  -1.9268600e+00   6.0177100e+00   2.8066700e+00   5.4942100e+00   2.7003400e+00  -3.5782000e+03
   5.9906100e+00  -1.9267700e+00   6.0174100e+00   2.7999300e+00   5.4915700e+00   2.6970000e+00  -3.5805600e+03
   5.9905100e+00  -1.9254800e+00   6.0177400e+00   2.7974400e+00   5.4954600e+00   2.6996500e+00  -3.5780800e+03
   5.9910800e+00  -1.9245100e+00   6.0187700e+00   2.7987300e+00   5.4985000e+00   2.6983600e+00  -3.5821600e+03
   5.9899500e+00  -1.9234400e+00   6.0184600e+00   2.7961500e+00   5.4978300e+00   2.6966600e+00  -3.5769900e+03
   5.9903600e+00  -1.9234800e+00   6.0192300e+00   2.7940100e+00   5.4997000e+00   2.6995000e+00  -3.5793600e+03
   5.9898800e+00  -1.9241100e+00   6.0186200e+00   2.7906300e+00   5.4999000e+00   2.6989000e+00  -3.5774600e+03
   5.9896000e+00  -1.9245500e+00   6.0181800e+00   2.7903000e+00   5.4980600e+00   2.6964200e+00  -3.5768500e+03
   5.9907100e+00  -1.9247800e+00   6.0189600e+00   2.7903300e+00   5.4978800e+00   2.6978400e+00  -3.5783000e+03
   5.9903700e+00  -1.9230200e+00   6.0195900e+00   2.7808100e+00   5.5006000e+00   2.6983500e+00  -3.5789900e+03
   5.9891500e+00  -1.9245500e+00   6.0180600e+00   2.7848400e+00   5.4986800e+00   2.6972300e+00  -3.5787100e+03
   5.9909500e+00  -1.9266400e+00   6.0183100e+00   2.8082600e+00   5.4945000e+00   2.7004000e+00  -3.5813300e+03
   5.9901800e+00  -1.9255300e+00   6.0170700e+00   2.8136800e+00   5.4896500e+00   2.7043700e+00  -3.5819000e+03
   5.9901000e+00  -1.9262500e+00   6.0183200e+00   2.7969100e+00   5.4964700e+00   2.7047000e+00  -3.5770600e+03
   5.9900200e+00  -1.9252500e+00   6.0177600e+00   2.7935800e+00   5.4936800e+00   2.7053300e+00  -3.5795300e+03
   5.9907400e+00  -1.9250900e+00   6.0185200e+00   2.7991200e+00   5.4956300e+00   2.7039700e+00  -3.5780100e+03
   5.9899400e+00  -1.9235500e+00   6.0190600e+00   2.7983000e+00   5.4975300e+00   2.7027900e+00  -3.5822300e+03
   5.9902700e+00  -1.9237200e+00   6.0172000e+00   2.7958100e+00   5.4937900e+00   2.7044600e+00  -3.5805400e+03
   5.9897800e+00  -1.9237600e+00   6.0175100e+00   2.7979400e+00   5.4970500e+00   2.7079300e+00  -3.5777700e+03
   5.9901000e+00  -1.9254900e+00   6.0173500e+00   2.7981600e+00   5.4950700e+00   2.7072200e+00  -3.5777400e+03
   5.9901800e+00  -1.9230600e+00   6.0185900e+00   2.7916200e+00   5.4977100e+00   2.7084700e+00  -3.5762100e+03
   5.9894600e+00  -1.9240000e+00   6.0182000e+00   2.7917300e+00   5.5000000e+00   2.7055600e+00  -3.5781600e+03
   5.9903800e+00  -1.9222800e+00   6.0186700e+00   2.7916300e+00   5.4994900e+00   2.7035400e+00  -3.5773100e+03
   5.9899600e+00  -1.9206000e+00   6.0176300e+00   2.7988500e+00   5.4957700e+00   2.7043900e+00  -3.5769000e+03
   5.9898100e+00  -1.9223400e+00   6.0181500e+00   2.8068800e+00   5.4966900e+00   2.7050000e+00  -3.5797500e+03
   5.9899700e+00  -1.9223800e+00   6.0178900e+00   2.8048200e+00   5.4969400e+00   2.7053900e+00  -3.5779800e+03
   5.9903800e+00  -1.9208200e+00   6.0187100e+00   2.8020800e+00   5.4963300e+00   2.7059100e+00  -3.5781600e+03
   5.9903700e+00  -1.9183500e+00   6.0185300e+00   2.7940300e+00   5.4976400e+00   2.7044600e+00  -3.5759800e+03
   5.9903500e+00  -1.9165600e+00   6.0189200e+00   2.7928400e+00   5.4994100e+00   2.7053600e+00  -3.5760300e+03
   5.9903600e+00  -1.9127400e+00   6.0190800e+00   2.7922200e+00   5.4986200e+00   2.7046500e+00  -3.5762200e+03
   5.9901800e+00  -1.9116700e+00   6.0185600e+00   2.7939500e+00   5.4977400e+00   2.7048900e+00  -3.5768200e+03
   5.9899900e+00  -1.9135400e+00   6.0190200e+00   2.7882200e+00   5.4989100e+00   2.7039700e+00  -3.5771400e+03
   5.9892300e+00  -1.9159900e+00   6.0196300e+00   2.7714700e+00   5.5051900e+00   2.7063900e+00  -3.5820300e+03
   5.9902200e+00  -1.9185200e+00   6.0194700e+00   2.7772800e+00   5.5023600e+00   2.7105000e+00  -3.5786200e+03
   5.9896900e+00  -1.9185700e+00   6.0181700e+00   2.7862100e+00   5.4969500e+00   2.7099500e+00  -3.5800900e+03
   5.9904500e+00  -1.9188300e+00   6.0182500e+00   2.8012500e+00   5.4963700e+00   2.7072100e+00  -3.5761900e+03
   5.9910700e+00  -1.9199000e+00   6.0188600e+00   2.7998300e+00   5.4974400e+00   2.7127900e+00  -3.5779700e+03
   5.9905200e+00  -1.9183200e+00   6.0191000e+00   2.7959300e+00   5.5003200e+00   2.7153500e+00  -3.5775200e+03
   5.9903000e+00  -1.9177400e+00   6.0182800e+00   2.7918600e+00   5.4998800e+00   2.7120600e+00  -3.5795400e+03
   5.9901400e+00  -1.9177200e+00   6.0181400e+00   2.7961900e+00   5.4974000e+00   2.7138400e+00  -3.5765100e+03
   5.9903400e+00  -1.9173400e+00   6.0185400e+00   2.7987100e+00   5.4951000e+00   2.7166000e+00  -3.5787000e+03
   5.9902300e+00  -1.9166800e+00   6.0180400e+00   2.7957200e+00   5.4962900e+00   2.7141600e+00  -3.5774900e+03
   5.9900100e+00  -1.9182400e+00   6.0184400e+00   2.7922800e+00   5.4970900e+00   2.7122400e+00  -3.5769100e+03
   5.9903800e+00  -1.9185200e+00   6.0172600e+00   2.8071500e+00   5.4934700e+00   2.7090300e+00  -3.5787500e+03
   5.9903100e+00  -1.9172400e+00   6.0182900e+00   2.7992300e+00   5.4969300e+00   2.7043700e+00  -3.5759900e+03
   5.9903100e+00  -1.9191500e+00   6.0197400e+00   2.7821200e+00   5.5011500e+00   2.7078100e+00  -3.5780800e+03
   5.9896400e+00  -1.9162100e+00   6.0189100e+00   2.7892900e+00   5.5012800e+00   2.7058000e+00  -3.5773300e+03
   5.9896900e+00  -1.9153800e+00   6.0183900e+00   2.7987600e+00   5.4980100e+00   2.7051100e+00  -3.5770400e+03
   5.9889200e+00  -1.9197000e+00   6.0184600e+00   2.7826200e+00   5.5013800e+00   2.7077300e+00  -3.5803900e+03
   5.9900000e+00  -1.9166100e+00   6.0188600e+00   2.7878000e+00   5.5012000e+00   2.7106100e+00  -3.5771800e+03
   5.9908800e+00  -1.9160800e+00   6.0192600e+00   2.7849600e+00   5.4995400e+00   2.7137500e+00  -3.5786100e+03
   5.9897800e+00  -1.9159400e+00   6.0193200e+00   2.7880800e+00   5.5025200e+00   2.7134100e+00  -3.5779700e+03
   5.9898500e+00  -1.9169200e+00   6.0196400e+00   2.7858800e+00   5.5029000e+00   2.7130400e+00  -3.5784200e+03
   5.9903900e+00  -1.9179900e+00   6.0190300e+00   2.7941500e+00   5.4981200e+00   2.7141400e+00  -3.5765100e+03
   5.9904400e+00  -1.9185900e+00   6.0186100e+00   2.7956600e+00   5.4966700e+00   2.7143500e+00  -3.5764400e+03
   5.9911200e+00  -1.9171800e+00   6.0186100e+00   2.8001700e+00   5.4970500e+00   2.7189400e+00  -3.5780200e+03
   5.9902100e+00  -1.9176600e+00   6.0186700e+00   2.7809500e+00   5.5010600e+00   2.7204700e+00  -3.5808500e+03
   5.9902500e+00  -1.9195400e+00   6.0190500e+00   2.7925800e+00   5.4989500e+00   2.7227700e+00  -3.5765900e+03
   5.9901900e+00  -1.9199500e+00   6.0187900e+00   2.7957800e+00   5.5002800e+00   2.7194000e+00  -3.5773100e+03
   5.9908300e+00  -1.9194800e+00   6.0185300e+00   2.7987800e+00   5.4987700e+00   2.7207800e+00  -3.5785700e+03
   5.9907100e+00  -1.9214300e+00   6.0176400e+00   2.8090200e+00   5.4918700e+00   2.7193900e+00  -3.5793500e+03
   5.9897900e+00  -1.9200900e+00   6.0182600e+00   2.8001200e+00   5.4962400e+00   2.7190200e+00  -3.5780700e+03
   5.9901000e+00  -1.9186100e+00   6.0191400e+00   2.7872300e+00   5.5015100e+00   2.7190500e+00  -3.5768100e+03
   5.9906800e+00  -1.9173800e+00   6.0198200e+00   2.7922100e+00   5.5019300e+00   2.7175900e+00  -3.5790700e+03
   5.9905400e+00  -1.9180900e+00   6.0181000e+00   2.8072100e+00   5.4938900e+00   2.7157900e+00  -3.5779400e+03
   5.9901900e+00  -1.9175100e+00   6.0183100e+00   2.7966100e+00   5.4980600e+00   2.7155900e+00  -3.5763000e+03
   5.9907000e+00  -1.9187700e+00   6.0191300e+00   2.7942300e+00   5.4960600e+00   2.7150000e+00  -3.5797300e+03
   5.9907000e+00  -1.9173600e+00   6.0189000e+00   2.7998200e+00   5.4992800e+00   2.7176200e+00  -3.5776500e+03
   5.9896500e+00  -1.9194900e+00   6.0182500e+00   2.7875700e+00   5.5000000e+00   2.7164300e+00  -3.5781300e+03
   5.9902600e+00  -1.9204200e+00   6.0188400e+00   2.7942200e+00   5.4989000e+00   2.7135600e+00  -3.5761600e+03
   5.9891600e+00  -1.9196800e+00   6.0180100e+00   2.7925300e+00   5.4994200e+00   2.7161900e+00  -3.5790600e+03
   5.9899400e+00  -1.9190500e+00   6.0187600e+00   2.7969000e+00   5.4996000e+00   2.7186400e+00  -3.5771600e+03
   5.9895600e+00  -1.9185200e+00   6.0188200e+00   2.7920900e+00   5.4991000e+00   2.7183600e+00  -3.5784200e+03
   5.9901200e+00  -1.9221500e+00   6.0177700e+00   2.8006200e+00   5.4952200e+00   2.7138300e+00  -3.5764900e+03
   5.9902600e+00  -1.9206000e+00   6.0171500e+00   2.8060100e+00   5.4928700e+00   2.7149200e+00  -3.5789300e+03
   5.9905400e+00  -1.9223400e+00   6.0178200e+00   2.8019800e+00   5.4954300e+00   2.7134300e+00  -3.5770800e+03
   5.9898300e+00  -1.9232500e+00   6.0179200e+00   2.7935400e+00   5.4973000e+00   2.7126400e+00  -3.5765200e+03
   5.9894400e+00  -1.9240500e+00   6.0177600e+00   2.7975700e+00   5.4979500e+00   2.7130800e+00  -3.5777900e+03
   5.9882700e+00  -1.9246100e+00   6.0173100e+00   2.7913400e+00   5.4985100e+00   2.7136300e+00  -3.5847100e+03
   5.9907500e+00  -1.9238900e+00   6.0187000e+00   2.7916400e+00   5.4975200e+00   2.7108700e+00  -3.5772800e+03
   5.9907300e+00  -1.9247000e+00   6.0183000e+00   2.7989000e+00   5.4965500e+00   2.7085700e+00  -3.5774500e+03
   5.9907500e+00  -1.9240300e+00   6.0179000e+00   2.7981900e+00   5.4943000e+00   2.7095800e+00  -3.5781200e+03
   5.9888800e+00  -1.9246400e+00   6.0175800e+00   2.7945900e+00   5.4965400e+00   2.7057500e+00  -3.5803000e+03
   5.9905200e+00  -1.9248300e+00   6.0185500e+00   2.7877600e+00   5.4986600e+00   2.7046700e+00  -3.5780200e+03
   5.9909200e+00  -1.9253600e+00   6.0185700e+00   2.7904100e+00   5.4957900e+00   2.7035600e+00  -3.5795100e+03
   5.9895900e+00  -1.9235100e+00   6.0180300e+00   2.7972500e+00   5.4976000e+00   2.7050500e+00  -3.5770000e+03
   5.9892800e+00  -1.9222600e+00   6.0169400e+00   2.7999500e+00   5.4950000e+00   2.7056700e+00  -3.5797900e+03
   5.9907200e+00  -1.9210900e+00   6.0179500e+00   2.7979500e+00   5.4975800e+00   2.7036600e+00  -3.5806900e+03
   5.9902200e+00  -1.9199200e+00   6.0177500e+00   2.8001200e+00   5.4958800e+00   2.7053800e+00  -3.5768800e+03
   5.9905900e+00  -1.9204600e+00   6.0184600e+00   2.7912400e+00   5.4959000e+00   2.7043600e+00  -3.5780000e+03
   5.9908300e+00  -1.9215000e+00   6.0192600e+00   2.7912400e+00   5.4970400e+00   2.7064200e+00  -3.5791700e+03
   5.9908300e+00  -1.9218800e+00   6.0185700e+00   2.7950700e+00   5.4976600e+00   2.7057200e+00  -3.5776900e+03
   5.9902200e+00  -1.9235600e+00   6.0182500e+00   2.7944100e+00   5.4972200e+00   2.7054200e+00  -3.5761400e+03
   5.9913400e+00  -1.9245200e+00   6.0183500e+00   2.7990600e+00   5.4948100e+00   2.7046500e+00  -3.5806100e+03
   5.9893300e+00  -1.9259100e+00   6.0179600e+00   2.7954300e+00   5.4969700e+00   2.7051400e+00  -3.5781600e+03
   5.9904900e+00  -1.9249500e+00   6.0187100e+00   2.7912700e+00   5.4965700e+00   2.7083500e+00  -3.5776700e+03
   5.9898700e+00  -1.9244200e+00   6.0184400e+00   2.7921900e+00   5.4986000e+00   2.7108900e+00  -3.5763400e+03
   5.9903500e+00  -1.9245000e+00   6.0186200e+00   2.7939800e+00   5.5001600e+00   2.7112700e+00  -3.5788000e+03
   5.9898600e+00  -1.9285900e+00   6.0180300e+00   2.7987900e+00   5.4972100e+00   2.7126800e+00  -3.5774700e+03
   5.9904300e+00  -1.9282700e+00   6.0181200e+00   2.8012500e+00   5.4944300e+00   2.7133700e+00  -3.5781200e+03
   5.9896500e+00  -1.9269800e+00   6.0181400e+00   2.7932000e+00   5.4968100e+00   2.7141300e+00  -3.5773200e+03
   5.9907300e+00  -1.9291400e+00   6.0184300e+00   2.7859200e+00   5.4974900e+00   2.7140900e+00  -3.5795000e+03
   5.9897300e+00  -1.9274800e+00   6.0178100e+00   2.7952700e+00   5.4960200e+00   2.7137800e+00  -3.5768000e+03
   5.9904800e+00  -1.9281500e+00   6.0188500e+00   2.7820100e+00   5.4996100e+00   2.7119400e+00  -3.5787800e+03
   5.9908100e+00  -1.9271400e+00   6.0192100e+00   2.7801100e+00   5.4991000e+00   2.7140200e+00  -3.5804300e+03
   5.9900500e+00  -1.9276200e+00   6.0184000e+00   2.7972100e+00   5.4980100e+00   2.7183500e+00  -3.5773300e+03
   5.9893900e+00  -1.9310100e+00   6.0181900e+00   2.7865400e+00   5.4983300e+00   2.7154500e+00  -3.5781900e+03
   5.9894500e+00  -1.9311500e+00   6.0179600e+00   2.8002800e+00   5.4956800e+00   2.7185300e+00  -3.5810100e+03
   5.9895500e+00  -1.9302500e+00   6.0176400e+00   2.7983300e+00   5.4942700e+00   2.7184400e+00  -3.5794400e+03
   5.9893000e+00  -1.9291800e+00   6.0179600e+00   2.7889100e+00   5.4971500e+00   2.7156800e+00  -3.5785500e+03
   5.9900100e+00  -1.9265600e+00   6.0180500e+00   2.7894900e+00   5.4993600e+00   2.7150400e+00  -3.5783200e+03
   5.9885000e+00  -1.9279500e+00   6.0178100e+00   2.7910800e+00   5.4982500e+00   2.7103800e+00  -3.5831800e+03
   5.9904500e+00  -1.9275900e+00   6.0178300e+00   2.8015800e+00   5.4955300e+00   2.7084800e+00  -3.5774400e+03
   5.9893200e+00  -1.9278000e+00   6.0174100e+00   2.7958500e+00   5.4958100e+00   2.7091400e+00  -3.5779000e+03
   5.9892400e+00  -1.9273200e+00   6.0177500e+00   2.7977000e+00   5.4969100e+00   2.7105900e+00  -3.5786300e+03
   5.9904800e+00  -1.9266400e+00   6.0181300e+00   2.7940100e+00   5.4968700e+00   2.7123000e+00  -3.5770300e+03
   5.9902500e+00  -1.9239700e+00   6.0176400e+00   2.8017400e+00   5.4953100e+00   2.7119100e+00  -3.5767500e+03
   5.9903600e+00  -1.9236900e+00   6.0177800e+00   2.8018400e+00   5.4943400e+00   2.7172100e+00  -3.5768700e+03
   5.9903100e+00  -1.9241000e+00   6.0180400e+00   2.7913800e+00   5.4977200e+00   2.7172200e+00  -3.5775900e+03
   5.9902700e+00  -1.9244300e+00   6.0178700e+00   2.7973600e+00   5.4974200e+00   2.7136800e+00  -3.5774700e+03
   5.9895900e+00  -1.9232500e+00   6.0176600e+00   2.7969000e+00   5.4961900e+00   2.7126700e+00  -3.5771100e+03
   5.9907100e+00  -1.9234300e+00   6.0180600e+00   2.7908400e+00   5.4961600e+00   2.7133700e+00  -3.5794400e+03
   5.9897700e+00  -1.9199000e+00   6.0185600e+00   2.7922200e+00   5.4973500e+00   2.7119700e+00  -3.5776600e+03
   5.9907600e+00  -1.9204700e+00   6.0187800e+00   2.7953500e+00   5.4961100e+00   2.7142000e+00  -3.5775600e+03
   5.9907600e+00  -1.9217200e+00   6.0182700e+00   2.8053400e+00   5.4953400e+00   2.7175400e+00  -3.5773600e+03
   5.9894300e+00  -1.9201900e+00   6.0176000e+00   2.8098100e+00   5.4950200e+00   2.7183800e+00  -3.5810700e+03
   5.9908700e+00  -1.9179400e+00   6.0171900e+00   2.8136200e+00   5.4949000e+00   2.7182200e+00  -3.5847200e+03
   5.9907400e+00  -1.9180400e+00   6.0185500e+00   2.8097600e+00   5.4968900e+00   2.7187500e+00  -3.5793000e+03
   5.9909200e+00  -1.9175900e+00   6.0182300e+00   2.8036100e+00   5.4957400e+00   2.7197300e+00  -3.5775900e+03
   5.9910800e+00  -1.9155600e+00   6.0197800e+00   2.7847900e+00   5.5015800e+00   2.7222700e+00  -3.5789600e+03
   5.9908600e+00  -1.9152800e+00   6.0195000e+00   2.7895900e+00   5.4970700e+00   2.7253700e+00  -3.5815100e+03
   5.9899800e+00  -1.9154800e+00   6.0195700e+00   2.7855900e+00   5.5031500e+00   2.7257500e+00  -3.5779900e+03
   5.9897700e+00  -1.9165100e+00   6.0198000e+00   2.7858700e+00   5.5028200e+00   2.7232500e+00  -3.5795900e+03
   5.9897400e+00  -1.9181000e+00   6.0192100e+00   2.7846800e+00   5.5006100e+00   2.7253900e+00  -3.5783100e+03
   5.9907000e+00  -1.9184400e+00   6.0189600e+00   2.7861400e+00   5.5013600e+00   2.7251800e+00  -3.5797600e+03
   5.9901100e+00  -1.9204900e+00   6.0196400e+00   2.7866600e+00   5.5001500e+00   2.7241700e+00  -3.5795600e+03
   5.9891100e+00  -1.9210800e+00   6.0187700e+00   2.7882400e+00   5.5018100e+00   2.7242300e+00  -3.5801900e+03
   5.9901300e+00  -1.9198700e+00   6.0182200e+00   2.7962600e+00   5.4983500e+00   2.7227900e+00  -3.5765500e+03
   5.9896900e+00  -1.9178500e+00   6.0183800e+00   2.7998100e+00   5.4974100e+00   2.7254100e+00  -3.5783900e+03
   5.9898600e+00  -1.9168500e+00   6.0189500e+00   2.7932100e+00   5.4992300e+00   2.7255700e+00  -3.5776000e+03
   5.9906700e+00  -1.9177300e+00   6.0191500e+00   2.7916600e+00   5.4983700e+00   2.7271100e+00  -3.5770300e+03
   5.9899600e+00  -1.9210600e+00   6.0183200e+00   2.7898900e+00   5.4977700e+00   2.7266700e+00  -3.5772400e+03
   5.9896900e+00  -1.9225000e+00   6.0191600e+00   2.7834500e+00   5.5020400e+00   2.7244400e+00  -3.5778100e+03
   5.9898700e+00  -1.9249900e+00   6.0183900e+00   2.7779800e+00   5.5002200e+00   2.7220400e+00  -3.5803700e+03
   5.9905800e+00  -1.9221600e+00   6.0189800e+00   2.7918000e+00   5.4988500e+00   2.7215100e+00  -3.5764500e+03
   5.9902800e+00  -1.9217600e+00   6.0181000e+00   2.7884300e+00   5.4986600e+00   2.7212500e+00  -3.5790700e+03
   5.9901800e+00  -1.9210700e+00   6.0191000e+00   2.7864600e+00   5.5027500e+00   2.7210200e+00  -3.5788900e+03
   5.9901700e+00  -1.9219200e+00   6.0190600e+00   2.7977900e+00   5.4996000e+00   2.7206500e+00  -3.5786100e+03
   5.9901900e+00  -1.9247300e+00   6.0182900e+00   2.7929300e+00   5.4978800e+00   2.7202400e+00  -3.5760900e+03
   5.9902500e+00  -1.9269900e+00   6.0174900e+00   2.7927900e+00   5.4960000e+00   2.7215800e+00  -3.5790500e+03
   5.9901100e+00  -1.9300200e+00   6.0180400e+00   2.7934500e+00   5.4972000e+00   2.7220900e+00  -3.5764800e+03
   5.9898600e+00  -1.9287500e+00   6.0176400e+00   2.7980900e+00   5.4958000e+00   2.7234500e+00  -3.5766200e+03
   5.9902200e+00  -1.9283200e+00   6.0175500e+00   2.7997900e+00   5.4963100e+00   2.7226800e+00  -3.5775000e+03
   5.9904000e+00  -1.9281400e+00   6.0175200e+00   2.7963900e+00   5.4959800e+00   2.7273900e+00  -3.5783000e+03
   5.9901600e+00  -1.9308700e+00   6.0176800e+00   2.7906300e+00   5.4982800e+00   2.7293700e+00  -3.5792100e+03
   5.9897000e+00  -1.9306200e+00   6.0178700e+00   2.7956800e+00   5.4981900e+00   2.7275100e+00  -3.5774000e+03
   5.9897600e+00  -1.9313900e+00   6.0175600e+00   2.7872600e+00   5.4960900e+00   2.7264900e+00  -3.5788800e+03
   5.9895400e+00  -1.9299800e+00   6.0182500e+00   2.7928700e+00   5.4991400e+00   2.7249400e+00  -3.5779700e+03
   5.9903300e+00  -1.9304200e+00   6.0180600e+00   2.7904400e+00   5.4980700e+00   2.7260900e+00  -3.5775900e+03
   5.9913500e+00  -1.9307400e+00   6.0175900e+00   2.8122700e+00   5.4929400e+00   2.7290600e+00  -3.5824900e+03
   5.9899800e+00  -1.9292100e+00   6.0178400e+00   2.7994200e+00   5.4951600e+00   2.7300200e+00  -3.5772800e+03
   5.9904300e+00  -1.9261500e+00   6.0184000e+00   2.7876500e+00   5.4973900e+00   2.7299700e+00  -3.5776200e+03
   5.9902600e+00  -1.9261700e+00   6.0183900e+00   2.8044600e+00   5.4960800e+00   2.7287000e+00  -3.5789500e+03
   5.9905600e+00  -1.9240700e+00   6.0190100e+00   2.7934100e+00   5.4995400e+00   2.7324700e+00  -3.5769300e+03
   5.9907500e+00  -1.9205200e+00   6.0186800e+00   2.7888600e+00   5.4963500e+00   2.7290800e+00  -3.5798300e+03
   5.9904300e+00  -1.9206600e+00   6.0188700e+00   2.7868700e+00   5.5011200e+00   2.7310900e+00  -3.5779100e+03
   5.9892600e+00  -1.9215700e+00   6.0190500e+00   2.7815400e+00   5.5038100e+00   2.7321300e+00  -3.5804200e+03
   5.9909500e+00  -1.9191700e+00   6.0194100e+00   2.7852900e+00   5.5016100e+00   2.7303700e+00  -3.5790800e+03
   5.9904000e+00  -1.9225400e+00   6.0184300e+00   2.7990300e+00   5.4973400e+00   2.7310000e+00  -3.5762700e+03
   5.9904800e+00  -1.9249000e+00   6.0192900e+00   2.7969300e+00   5.4978600e+00   2.7299000e+00  -3.5808200e+03
   5.9892800e+00  -1.9259000e+00   6.0172700e+00   2.8034600e+00   5.4959700e+00   2.7277900e+00  -3.5793500e+03
   5.9903700e+00  -1.9247700e+00   6.0183000e+00   2.7963200e+00   5.4977900e+00   2.7260200e+00  -3.5762500e+03
