   5.9895500e+00  -1.9081700e+00   6.0197900e+00   2.7821200e+00   5.5026300e+00   2.6607900e+00  -1.2525800e+04
   5.9895200e+00  -1.9065000e+00   6.0197600e+00   2.7820900e+00   5.5032000e+00   2.6634500e+00  -1.2525500e+04
   5.9899400e+00  -1.9063000e+00   6.0194800e+00   2.7820300e+00   5.5000600e+00   2.6578900e+00  -1.2523400e+04
   5.9897000e+00  -1.9055100e+00   6.0192800e+00   2.7820400e+00   5.5009900e+00   2.6536600e+00  -1.2523400e+04
   5.9897100e+00  -1.9057800e+00   6.0195300e+00   2.7820800e+00   5.5011800e+00   2.6492100e+00  -1.2522900e+04
   5.9898600e+00  -1.9058800e+00   6.0198400e+00   2.7820900e+00   5.5011100e+00   2.6484700e+00  -1.2524400e+04
   5.9897200e+00  -1.9056800e+00   6.0194500e+00   2.7820900e+00   5.5013600e+00   2.6459400e+00  -1.2523500e+04
   5.9896500e+00  -1.9051000e+00   6.0190700e+00   2.7820900e+00   5.4997300e+00   2.6331000e+00  -1.2526800e+04
   5.9902600e+00  -1.9040100e+00   6.0197600e+00   2.7820800e+00   5.5016700e+00   2.6470400e+00  -1.2525500e+04
   5.9903500e+00  -1.9027200e+00   6.0201300e+00   2.7820900e+00   5.5024400e+00   2.6527600e+00  -1.2524600e+04
   5.9904900e+00  -1.9015400e+00   6.0201400e+00   2.7820900e+00   5.5020500e+00   2.6494200e+00  -1.2525700e+04
   5.9897700e+00  -1.9033000e+00   6.0198200e+00   2.7821100e+00   5.5020500e+00   2.6641800e+00  -1.2522600e+04
   5.9904200e+00  -1.9040800e+00   6.0203500e+00   2.7821700e+00   5.5028600e+00   2.6769200e+00  -1.2523300e+04
   5.9905200e+00  -1.9041100e+00   6.0200000e+00   2.7821900e+00   5.5017100e+00   2.6742700e+00  -1.2523200e+04
   5.9905600e+00  -1.9033800e+00   6.0201200e+00   2.7821800e+00   5.5016100e+00   2.6626500e+00  -1.2524200e+04
   5.9903100e+00  -1.9038400e+00   6.0201400e+00   2.7821500e+00   5.5021200e+00   2.6623300e+00  -1.2522800e+04
   5.9902600e+00  -1.9036700e+00   6.0199600e+00   2.7822000e+00   5.5020100e+00   2.6631900e+00  -1.2522100e+04
   5.9899600e+00  -1.9029300e+00   6.0198600e+00   2.7822900e+00   5.5033400e+00   2.6584900e+00  -1.2524800e+04
   5.9902200e+00  -1.9017700e+00   6.0201900e+00   2.7822600e+00   5.5016900e+00   2.6784200e+00  -1.2525100e+04
   5.9904600e+00  -1.9026500e+00   6.0202800e+00   2.7822200e+00   5.5022900e+00   2.6757100e+00  -1.2523200e+04
   5.9897800e+00  -1.9034900e+00   6.0199400e+00   2.7822200e+00   5.5024900e+00   2.6650300e+00  -1.2522900e+04
   5.9896000e+00  -1.9042000e+00   6.0197000e+00   2.7822300e+00   5.5021900e+00   2.6689200e+00  -1.2523700e+04
   5.9900200e+00  -1.9037400e+00   6.0199500e+00   2.7822300e+00   5.5026000e+00   2.6688200e+00  -1.2521800e+04
   5.9901500e+00  -1.9031000e+00   6.0201900e+00   2.7822300e+00   5.5039200e+00   2.6739500e+00  -1.2524100e+04
   5.9897600e+00  -1.9034300e+00   6.0194700e+00   2.7822300e+00   5.5021800e+00   2.6670500e+00  -1.2523800e+04
   5.9901800e+00  -1.9048000e+00   6.0201100e+00   2.7822300e+00   5.5014200e+00   2.6669500e+00  -1.2523600e+04
   5.9900500e+00  -1.9054600e+00   6.0193800e+00   2.7822200e+00   5.5012900e+00   2.6550100e+00  -1.2524600e+04
   5.9897500e+00  -1.9069700e+00   6.0195700e+00   2.7821500e+00   5.5017000e+00   2.6603000e+00  -1.2522000e+04
   5.9899700e+00  -1.9061800e+00   6.0197300e+00   2.7821100e+00   5.5021300e+00   2.6612000e+00  -1.2522000e+04
   5.9897400e+00  -1.9061900e+00   6.0195400e+00   2.7821200e+00   5.5023500e+00   2.6549600e+00  -1.2523800e+04
   5.9898400e+00  -1.9054800e+00   6.0199800e+00   2.7821700e+00   5.5026900e+00   2.6627800e+00  -1.2523300e+04
   5.9898700e+00  -1.9054700e+00   6.0194800e+00   2.7821400e+00   5.5013900e+00   2.6716900e+00  -1.2522200e+04
   5.9898000e+00  -1.9058000e+00   6.0197700e+00   2.7821500e+00   5.5027500e+00   2.6683800e+00  -1.2522400e+04
   5.9902300e+00  -1.9054300e+00   6.0202000e+00   2.7821700e+00   5.5024500e+00   2.6683300e+00  -1.2523100e+04
   5.9901700e+00  -1.9059500e+00   6.0198200e+00   2.7822000e+00   5.5025500e+00   2.6865700e+00  -1.2521700e+04
   5.9902000e+00  -1.9062700e+00   6.0198700e+00   2.7821600e+00   5.5025000e+00   2.6766900e+00  -1.2521600e+04
   5.9899200e+00  -1.9071400e+00   6.0194800e+00   2.7821600e+00   5.5007300e+00   2.6779900e+00  -1.2522600e+04
   5.9902100e+00  -1.9069200e+00   6.0200000e+00   2.7821400e+00   5.5021900e+00   2.6948800e+00  -1.2522400e+04
   5.9905000e+00  -1.9062900e+00   6.0201200e+00   2.7821100e+00   5.5016500e+00   2.6831800e+00  -1.2523100e+04
   5.9900400e+00  -1.9072500e+00   6.0198900e+00   2.7821300e+00   5.5030500e+00   2.6885200e+00  -1.2521900e+04
   5.9904100e+00  -1.9055500e+00   6.0198700e+00   2.7821600e+00   5.5024300e+00   2.6826800e+00  -1.2523000e+04
   5.9901800e+00  -1.9067000e+00   6.0197300e+00   2.7822000e+00   5.5021200e+00   2.6782800e+00  -1.2521400e+04
   5.9902400e+00  -1.9062300e+00   6.0197500e+00   2.7821600e+00   5.5010200e+00   2.6651700e+00  -1.2522000e+04
   5.9895800e+00  -1.9045900e+00   6.0194800e+00   2.7821600e+00   5.5019400e+00   2.6578200e+00  -1.2523200e+04
   5.9903100e+00  -1.9036200e+00   6.0202200e+00   2.7821900e+00   5.5025700e+00   2.6691000e+00  -1.2522600e+04
   5.9905000e+00  -1.9030500e+00   6.0202100e+00   2.7821900e+00   5.5031000e+00   2.6823100e+00  -1.2523500e+04
   5.9902400e+00  -1.9044100e+00   6.0201500e+00   2.7821700e+00   5.5020400e+00   2.6747500e+00  -1.2522500e+04
   5.9900400e+00  -1.9039400e+00   6.0195900e+00   2.7821200e+00   5.5003000e+00   2.6608800e+00  -1.2523700e+04
   5.9898500e+00  -1.9028200e+00   6.0196100e+00   2.7821400e+00   5.5019800e+00   2.6487600e+00  -1.2523500e+04
   5.9896800e+00  -1.9032700e+00   6.0195500e+00   2.7821400e+00   5.5020600e+00   2.6510700e+00  -1.2523400e+04
   5.9896200e+00  -1.9044000e+00   6.0197700e+00   2.7821400e+00   5.5019700e+00   2.6498800e+00  -1.2524000e+04
   5.9900200e+00  -1.9055500e+00   6.0196300e+00   2.7821900e+00   5.5016600e+00   2.6589700e+00  -1.2522000e+04
   5.9903100e+00  -1.9046400e+00   6.0200000e+00   2.7822100e+00   5.5015100e+00   2.6624100e+00  -1.2522500e+04
   5.9905400e+00  -1.9039100e+00   6.0201200e+00   2.7822600e+00   5.5029400e+00   2.6788900e+00  -1.2524000e+04
   5.9901000e+00  -1.9030100e+00   6.0200300e+00   2.7822400e+00   5.5019600e+00   2.6822100e+00  -1.2523600e+04
   5.9903900e+00  -1.9023100e+00   6.0201700e+00   2.7822200e+00   5.5038900e+00   2.6754700e+00  -1.2525700e+04
   5.9901700e+00  -1.9026500e+00   6.0198900e+00   2.7821900e+00   5.5011600e+00   2.6709400e+00  -1.2523300e+04
   5.9898500e+00  -1.9024700e+00   6.0200000e+00   2.7822200e+00   5.5036500e+00   2.6829200e+00  -1.2524500e+04
   5.9899000e+00  -1.9022200e+00   6.0195800e+00   2.7822500e+00   5.5024600e+00   2.6776600e+00  -1.2524900e+04
   5.9903700e+00  -1.9015800e+00   6.0200100e+00   2.7822500e+00   5.5021400e+00   2.6782200e+00  -1.2523300e+04
   5.9897500e+00  -1.9011400e+00   6.0198200e+00   2.7822800e+00   5.5033600e+00   2.6748300e+00  -1.2524900e+04
   5.9902400e+00  -1.9030200e+00   6.0197200e+00   2.7823100e+00   5.5019400e+00   2.6665900e+00  -1.2523300e+04
   5.9897000e+00  -1.9043800e+00   6.0194800e+00   2.7822500e+00   5.5010600e+00   2.6649200e+00  -1.2523200e+04
   5.9899300e+00  -1.9034200e+00   6.0197100e+00   2.7822100e+00   5.5014800e+00   2.6574400e+00  -1.2521900e+04
   5.9899300e+00  -1.9030600e+00   6.0197200e+00   2.7821800e+00   5.5021300e+00   2.6652300e+00  -1.2522000e+04
   5.9896500e+00  -1.9038800e+00   6.0198900e+00   2.7822300e+00   5.5024500e+00   2.6510900e+00  -1.2524300e+04
   5.9895600e+00  -1.9034400e+00   6.0193200e+00   2.7822200e+00   5.5001700e+00   2.6525800e+00  -1.2525600e+04
   5.9896800e+00  -1.9032700e+00   6.0197100e+00   2.7821900e+00   5.5020900e+00   2.6555200e+00  -1.2522800e+04
   5.9902900e+00  -1.9028200e+00   6.0199600e+00   2.7821800e+00   5.5020400e+00   2.6855100e+00  -1.2523300e+04
   5.9904700e+00  -1.9037400e+00   6.0201100e+00   2.7821700e+00   5.5017400e+00   2.6869500e+00  -1.2523900e+04
   5.9902700e+00  -1.9051300e+00   6.0198900e+00   2.7821800e+00   5.5017200e+00   2.6725800e+00  -1.2521600e+04
   5.9904700e+00  -1.9050500e+00   6.0198700e+00   2.7822100e+00   5.5022700e+00   2.6731900e+00  -1.2524000e+04
   5.9902400e+00  -1.9055700e+00   6.0197900e+00   2.7821800e+00   5.5026000e+00   2.6858400e+00  -1.2522500e+04
   5.9898000e+00  -1.9057100e+00   6.0197600e+00   2.7822300e+00   5.5026100e+00   2.6940800e+00  -1.2524300e+04
   5.9908000e+00  -1.9048500e+00   6.0200900e+00   2.7822500e+00   5.5018500e+00   2.6954500e+00  -1.2526000e+04
   5.9903800e+00  -1.9053200e+00   6.0199200e+00   2.7822500e+00   5.5010300e+00   2.6834500e+00  -1.2523500e+04
   5.9900000e+00  -1.9050600e+00   6.0199500e+00   2.7822400e+00   5.5029900e+00   2.6812400e+00  -1.2522000e+04
   5.9906200e+00  -1.9054700e+00   6.0202300e+00   2.7822800e+00   5.5030900e+00   2.6838500e+00  -1.2524300e+04
   5.9898000e+00  -1.9046000e+00   6.0193700e+00   2.7822700e+00   5.5018900e+00   2.6634900e+00  -1.2523800e+04
   5.9903400e+00  -1.9051600e+00   6.0197600e+00   2.7822500e+00   5.5021200e+00   2.6691600e+00  -1.2523500e+04
   5.9896300e+00  -1.9047800e+00   6.0192900e+00   2.7822300e+00   5.5015700e+00   2.6632400e+00  -1.2523900e+04
   5.9901700e+00  -1.9039800e+00   6.0195800e+00   2.7822000e+00   5.5006900e+00   2.6453900e+00  -1.2524500e+04
   5.9896800e+00  -1.9041400e+00   6.0197200e+00   2.7822000e+00   5.5022200e+00   2.6550400e+00  -1.2522900e+04
   5.9903100e+00  -1.9040900e+00   6.0195400e+00   2.7822200e+00   5.5018600e+00   2.6693500e+00  -1.2526100e+04
   5.9899400e+00  -1.9046500e+00   6.0196000e+00   2.7822000e+00   5.5023800e+00   2.6682800e+00  -1.2522700e+04
   5.9905400e+00  -1.9041500e+00   6.0202200e+00   2.7821700e+00   5.5027900e+00   2.6827700e+00  -1.2523200e+04
   5.9903300e+00  -1.9046600e+00   6.0200800e+00   2.7821700e+00   5.5024800e+00   2.6859000e+00  -1.2522100e+04
   5.9905800e+00  -1.9044100e+00   6.0200500e+00   2.7821800e+00   5.5026900e+00   2.6746400e+00  -1.2524900e+04
   5.9900800e+00  -1.9046200e+00   6.0195900e+00   2.7821900e+00   5.5018200e+00   2.6754100e+00  -1.2522500e+04
   5.9900100e+00  -1.9038000e+00   6.0197100e+00   2.7822000e+00   5.5018700e+00   2.6646700e+00  -1.2521800e+04
   5.9896900e+00  -1.9016500e+00   6.0196900e+00   2.7822100e+00   5.5021300e+00   2.6683300e+00  -1.2524000e+04
   5.9902300e+00  -1.9024400e+00   6.0197000e+00   2.7822300e+00   5.5006900e+00   2.6658900e+00  -1.2524000e+04
   5.9902400e+00  -1.9029900e+00   6.0201900e+00   2.7822300e+00   5.5028600e+00   2.6654600e+00  -1.2522700e+04
   5.9900400e+00  -1.9044800e+00   6.0201100e+00   2.7823100e+00   5.5030600e+00   2.6743000e+00  -1.2522400e+04
   5.9903600e+00  -1.9052200e+00   6.0201100e+00   2.7822800e+00   5.5023000e+00   2.6717800e+00  -1.2522200e+04
   5.9903100e+00  -1.9055500e+00   6.0197600e+00   2.7823500e+00   5.5015100e+00   2.6794800e+00  -1.2521900e+04
   5.9898100e+00  -1.9059600e+00   6.0195800e+00   2.7823300e+00   5.5022300e+00   2.6666300e+00  -1.2522000e+04
   5.9898100e+00  -1.9066500e+00   6.0195400e+00   2.7823300e+00   5.5030600e+00   2.6830700e+00  -1.2523800e+04
   5.9898000e+00  -1.9059700e+00   6.0198900e+00   2.7823100e+00   5.5029700e+00   2.6650800e+00  -1.2523300e+04
   5.9902100e+00  -1.9065800e+00   6.0202100e+00   2.7823100e+00   5.5028300e+00   2.6702000e+00  -1.2523600e+04
   5.9902600e+00  -1.9066100e+00   6.0199700e+00   2.7823800e+00   5.5022400e+00   2.6584100e+00  -1.2523900e+04
   5.9901300e+00  -1.9058000e+00   6.0198200e+00   2.7823800e+00   5.5020200e+00   2.6674900e+00  -1.2521300e+04
   5.9903500e+00  -1.9062500e+00   6.0198000e+00   2.7823900e+00   5.5009800e+00   2.6705300e+00  -1.2522100e+04
   5.9896300e+00  -1.9051400e+00   6.0195500e+00   2.7824200e+00   5.5011400e+00   2.6545600e+00  -1.2523000e+04
   5.9903200e+00  -1.9040000e+00   6.0199200e+00   2.7824200e+00   5.5019300e+00   2.6455100e+00  -1.2526000e+04
   5.9895100e+00  -1.9033100e+00   6.0197300e+00   2.7824000e+00   5.5010900e+00   2.6494700e+00  -1.2526100e+04
   5.9901700e+00  -1.9036000e+00   6.0194900e+00   2.7824100e+00   5.5020200e+00   2.6524200e+00  -1.2528100e+04
   5.9899900e+00  -1.9034700e+00   6.0196100e+00   2.7824200e+00   5.5007100e+00   2.6635700e+00  -1.2522800e+04
   5.9900100e+00  -1.9027600e+00   6.0201800e+00   2.7823700e+00   5.5026300e+00   2.6628500e+00  -1.2523000e+04
   5.9904200e+00  -1.9034000e+00   6.0200700e+00   2.7823300e+00   5.5009200e+00   2.6543500e+00  -1.2524500e+04
   5.9899000e+00  -1.9029300e+00   6.0196600e+00   2.7823300e+00   5.5010100e+00   2.6479700e+00  -1.2522600e+04
   5.9899900e+00  -1.9008500e+00   6.0198900e+00   2.7823400e+00   5.5014700e+00   2.6609000e+00  -1.2522900e+04
   5.9901400e+00  -1.9004300e+00   6.0200000e+00   2.7824000e+00   5.5026300e+00   2.6657800e+00  -1.2522500e+04
   5.9905400e+00  -1.9001200e+00   6.0204000e+00   2.7823400e+00   5.5041700e+00   2.6726400e+00  -1.2527000e+04
   5.9901700e+00  -1.9005000e+00   6.0201100e+00   2.7823600e+00   5.5027600e+00   2.6770000e+00  -1.2523000e+04
   5.9900600e+00  -1.9021900e+00   6.0198200e+00   2.7823800e+00   5.5020700e+00   2.6657000e+00  -1.2521900e+04
   5.9901700e+00  -1.9012100e+00   6.0200400e+00   2.7824100e+00   5.5039900e+00   2.6760600e+00  -1.2525600e+04
   5.9903600e+00  -1.9006000e+00   6.0202600e+00   2.7823900e+00   5.5039200e+00   2.6809500e+00  -1.2524800e+04
   5.9899500e+00  -1.8983300e+00   6.0202900e+00   2.7824800e+00   5.5037600e+00   2.6817900e+00  -1.2526300e+04
   5.9902700e+00  -1.8991900e+00   6.0205200e+00   2.7824800e+00   5.5026800e+00   2.6595100e+00  -1.2524900e+04
   5.9901500e+00  -1.8992200e+00   6.0199700e+00   2.7824900e+00   5.5019300e+00   2.6452700e+00  -1.2523200e+04
   5.9897500e+00  -1.8981400e+00   6.0201000e+00   2.7825200e+00   5.5026000e+00   2.6381000e+00  -1.2524500e+04
   5.9901300e+00  -1.8992400e+00   6.0200700e+00   2.7825100e+00   5.5012400e+00   2.6451400e+00  -1.2523700e+04
   5.9902600e+00  -1.8986500e+00   6.0203300e+00   2.7825000e+00   5.5012600e+00   2.6580700e+00  -1.2526300e+04
   5.9898000e+00  -1.8989100e+00   6.0201600e+00   2.7825500e+00   5.5026800e+00   2.6697900e+00  -1.2525800e+04
   5.9901300e+00  -1.8988100e+00   6.0198500e+00   2.7825300e+00   5.5026300e+00   2.6671600e+00  -1.2524600e+04
   5.9907000e+00  -1.8979800e+00   6.0207400e+00   2.7825300e+00   5.5022600e+00   2.6662800e+00  -1.2527800e+04
   5.9899500e+00  -1.8978400e+00   6.0201100e+00   2.7825100e+00   5.5028300e+00   2.6623900e+00  -1.2523400e+04
   5.9900000e+00  -1.9014900e+00   6.0197400e+00   2.7825000e+00   5.5015400e+00   2.6530400e+00  -1.2522200e+04
   5.9900400e+00  -1.9024400e+00   6.0199100e+00   2.7824700e+00   5.5020100e+00   2.6607700e+00  -1.2521600e+04
   5.9896400e+00  -1.9028100e+00   6.0198200e+00   2.7825200e+00   5.5015400e+00   2.6574600e+00  -1.2524400e+04
   5.9903000e+00  -1.9036400e+00   6.0197600e+00   2.7825300e+00   5.5009400e+00   2.6563900e+00  -1.2522900e+04
   5.9902400e+00  -1.9031700e+00   6.0200400e+00   2.7825300e+00   5.5016000e+00   2.6458300e+00  -1.2524100e+04
   5.9896100e+00  -1.9006800e+00   6.0198700e+00   2.7825200e+00   5.5014700e+00   2.6523700e+00  -1.2525500e+04
   5.9897800e+00  -1.9007600e+00   6.0197000e+00   2.7825700e+00   5.5020500e+00   2.6539900e+00  -1.2522700e+04
   5.9896800e+00  -1.9023300e+00   6.0195900e+00   2.7825300e+00   5.5016400e+00   2.6540200e+00  -1.2522700e+04
   5.9899800e+00  -1.9045800e+00   6.0191500e+00   2.7825100e+00   5.5014300e+00   2.6614700e+00  -1.2528000e+04
   5.9898800e+00  -1.9044300e+00   6.0193600e+00   2.7825500e+00   5.5004600e+00   2.6504200e+00  -1.2523000e+04
   5.9899900e+00  -1.9034900e+00   6.0199600e+00   2.7825500e+00   5.5008700e+00   2.6576100e+00  -1.2524300e+04
   5.9900400e+00  -1.9047800e+00   6.0197800e+00   2.7825900e+00   5.5014000e+00   2.6515600e+00  -1.2522200e+04
   5.9898700e+00  -1.9064400e+00   6.0194700e+00   2.7825600e+00   5.5019900e+00   2.6728300e+00  -1.2521800e+04
   5.9903200e+00  -1.9068000e+00   6.0200100e+00   2.7826100e+00   5.5020100e+00   2.6763000e+00  -1.2521500e+04
   5.9899500e+00  -1.9073300e+00   6.0197400e+00   2.7826300e+00   5.5017900e+00   2.6650800e+00  -1.2521300e+04
   5.9897600e+00  -1.9094000e+00   6.0194500e+00   2.7825500e+00   5.5005100e+00   2.6610400e+00  -1.2522300e+04
   5.9898200e+00  -1.9087500e+00   6.0191700e+00   2.7825500e+00   5.5003800e+00   2.6666600e+00  -1.2522100e+04
   5.9895300e+00  -1.9092400e+00   6.0192900e+00   2.7825400e+00   5.5007900e+00   2.6778400e+00  -1.2523800e+04
   5.9902400e+00  -1.9114800e+00   6.0194300e+00   2.7825500e+00   5.5008700e+00   2.6923700e+00  -1.2520800e+04
   5.9902400e+00  -1.9120800e+00   6.0197000e+00   2.7826100e+00   5.5022200e+00   2.6800800e+00  -1.2522200e+04
   5.9898000e+00  -1.9114800e+00   6.0191500e+00   2.7825500e+00   5.5018700e+00   2.6901600e+00  -1.2522600e+04
   5.9900400e+00  -1.9108900e+00   6.0196300e+00   2.7824900e+00   5.5004100e+00   2.6840700e+00  -1.2522700e+04
   5.9901600e+00  -1.9116800e+00   6.0193800e+00   2.7825300e+00   5.5013300e+00   2.6859700e+00  -1.2520800e+04
   5.9901900e+00  -1.9104300e+00   6.0195000e+00   2.7825400e+00   5.5006000e+00   2.6870500e+00  -1.2521100e+04
   5.9903100e+00  -1.9098600e+00   6.0197000e+00   2.7825300e+00   5.5019400e+00   2.6851600e+00  -1.2521000e+04
   5.9905000e+00  -1.9098300e+00   6.0196900e+00   2.7824800e+00   5.5015200e+00   2.6996100e+00  -1.2522200e+04
   5.9903800e+00  -1.9109000e+00   6.0194300e+00   2.7824700e+00   5.5017000e+00   2.6957500e+00  -1.2523200e+04
   5.9899200e+00  -1.9105300e+00   6.0191800e+00   2.7824700e+00   5.5012400e+00   2.6777400e+00  -1.2522000e+04
   5.9897700e+00  -1.9100600e+00   6.0190600e+00   2.7824600e+00   5.5006300e+00   2.6788300e+00  -1.2522600e+04
   5.9905500e+00  -1.9082000e+00   6.0199200e+00   2.7825100e+00   5.5015400e+00   2.6758800e+00  -1.2522800e+04
   5.9903200e+00  -1.9087700e+00   6.0196500e+00   2.7825300e+00   5.5013700e+00   2.6690900e+00  -1.2522200e+04
   5.9904400e+00  -1.9089400e+00   6.0198800e+00   2.7825300e+00   5.5018700e+00   2.6594900e+00  -1.2526000e+04
   5.9900600e+00  -1.9099000e+00   6.0192000e+00   2.7825500e+00   5.4986500e+00   2.6601400e+00  -1.2525600e+04
   5.9904700e+00  -1.9107400e+00   6.0196700e+00   2.7825500e+00   5.5009000e+00   2.6875300e+00  -1.2521700e+04
   5.9896300e+00  -1.9102800e+00   6.0194200e+00   2.7825100e+00   5.5010500e+00   2.6947000e+00  -1.2525100e+04
   5.9901400e+00  -1.9103000e+00   6.0193100e+00   2.7824900e+00   5.4991600e+00   2.6675700e+00  -1.2524000e+04
   5.9897500e+00  -1.9107300e+00   6.0194300e+00   2.7824600e+00   5.5011400e+00   2.6653700e+00  -1.2521700e+04
   5.9900100e+00  -1.9100200e+00   6.0194600e+00   2.7825200e+00   5.5005000e+00   2.6894200e+00  -1.2522100e+04
   5.9903100e+00  -1.9103300e+00   6.0197400e+00   2.7825700e+00   5.5009400e+00   2.6764800e+00  -1.2521400e+04
   5.9897800e+00  -1.9105100e+00   6.0194600e+00   2.7825400e+00   5.4994200e+00   2.6639700e+00  -1.2526400e+04
   5.9900200e+00  -1.9094700e+00   6.0194400e+00   2.7824500e+00   5.5013300e+00   2.6820200e+00  -1.2520600e+04
   5.9899600e+00  -1.9095900e+00   6.0192400e+00   2.7824600e+00   5.5007900e+00   2.6785800e+00  -1.2521500e+04
   5.9905900e+00  -1.9101900e+00   6.0195900e+00   2.7824100e+00   5.5008800e+00   2.6832400e+00  -1.2523800e+04
   5.9897400e+00  -1.9104200e+00   6.0193500e+00   2.7824000e+00   5.5020900e+00   2.6857300e+00  -1.2521700e+04
   5.9899400e+00  -1.9121800e+00   6.0196900e+00   2.7824500e+00   5.5007300e+00   2.6690600e+00  -1.2523700e+04
   5.9896800e+00  -1.9132200e+00   6.0190400e+00   2.7825200e+00   5.5006400e+00   2.6679300e+00  -1.2521900e+04
   5.9898900e+00  -1.9144400e+00   6.0195600e+00   2.7825600e+00   5.5006600e+00   2.6918400e+00  -1.2523300e+04
   5.9899900e+00  -1.9154400e+00   6.0193300e+00   2.7825700e+00   5.5014300e+00   2.6818400e+00  -1.2521100e+04
   5.9904700e+00  -1.9147900e+00   6.0197100e+00   2.7825800e+00   5.5005400e+00   2.7177100e+00  -1.2524100e+04
   5.9904200e+00  -1.9164200e+00   6.0194100e+00   2.7825400e+00   5.5017900e+00   2.7059100e+00  -1.2522000e+04
   5.9901900e+00  -1.9157200e+00   6.0195400e+00   2.7825700e+00   5.5017500e+00   2.7081200e+00  -1.2519900e+04
   5.9897900e+00  -1.9155900e+00   6.0189300e+00   2.7826400e+00   5.5000300e+00   2.6770600e+00  -1.2521300e+04
   5.9902600e+00  -1.9154700e+00   6.0194300e+00   2.7826300e+00   5.5010700e+00   2.6923500e+00  -1.2520300e+04
   5.9903700e+00  -1.9150200e+00   6.0196300e+00   2.7825800e+00   5.5011200e+00   2.6987300e+00  -1.2520600e+04
   5.9902900e+00  -1.9160800e+00   6.0196000e+00   2.7825600e+00   5.5025900e+00   2.7228800e+00  -1.2521300e+04
   5.9902600e+00  -1.9150900e+00   6.0197000e+00   2.7825100e+00   5.5026000e+00   2.7273300e+00  -1.2521900e+04
   5.9899600e+00  -1.9152300e+00   6.0192400e+00   2.7825800e+00   5.5008000e+00   2.7021400e+00  -1.2520300e+04
   5.9903600e+00  -1.9160800e+00   6.0196500e+00   2.7825600e+00   5.5011300e+00   2.7024300e+00  -1.2520800e+04
   5.9901900e+00  -1.9161100e+00   6.0196600e+00   2.7825700e+00   5.5017400e+00   2.6892600e+00  -1.2521800e+04
   5.9901500e+00  -1.9153900e+00   6.0195200e+00   2.7825800e+00   5.5004500e+00   2.6755400e+00  -1.2522400e+04
   5.9902300e+00  -1.9152700e+00   6.0191600e+00   2.7826000e+00   5.5006800e+00   2.6865500e+00  -1.2521800e+04
   5.9899100e+00  -1.9146200e+00   6.0192400e+00   2.7826100e+00   5.5003600e+00   2.6922800e+00  -1.2520600e+04
   5.9903800e+00  -1.9134300e+00   6.0197500e+00   2.7826600e+00   5.5029600e+00   2.7187900e+00  -1.2522200e+04
   5.9908400e+00  -1.9131800e+00   6.0199100e+00   2.7826500e+00   5.5018800e+00   2.7209500e+00  -1.2524400e+04
   5.9901200e+00  -1.9135600e+00   6.0200000e+00   2.7826300e+00   5.5029000e+00   2.7147900e+00  -1.2523600e+04
   5.9903300e+00  -1.9141600e+00   6.0199700e+00   2.7825600e+00   5.5021500e+00   2.7300600e+00  -1.2525000e+04
   5.9908300e+00  -1.9133300e+00   6.0201700e+00   2.7826000e+00   5.5028900e+00   2.7284800e+00  -1.2525300e+04
   5.9906300e+00  -1.9143500e+00   6.0198300e+00   2.7826200e+00   5.5019700e+00   2.7151000e+00  -1.2522100e+04
   5.9901000e+00  -1.9140500e+00   6.0193300e+00   2.7826400e+00   5.5006200e+00   2.6949100e+00  -1.2520100e+04
   5.9903200e+00  -1.9140800e+00   6.0193200e+00   2.7826800e+00   5.5010800e+00   2.6882300e+00  -1.2521800e+04
   5.9898200e+00  -1.9133700e+00   6.0193800e+00   2.7826800e+00   5.5012200e+00   2.6900000e+00  -1.2520500e+04
   5.9900900e+00  -1.9118700e+00   6.0197400e+00   2.7827100e+00   5.5013300e+00   2.6887300e+00  -1.2521100e+04
   5.9898800e+00  -1.9118600e+00   6.0195700e+00   2.7826500e+00   5.5011800e+00   2.6765500e+00  -1.2521100e+04
   5.9903200e+00  -1.9126000e+00   6.0195900e+00   2.7826700e+00   5.5012400e+00   2.6687800e+00  -1.2523600e+04
   5.9906300e+00  -1.9134400e+00   6.0196900e+00   2.7826200e+00   5.5013900e+00   2.6876300e+00  -1.2523700e+04
   5.9902100e+00  -1.9139900e+00   6.0196800e+00   2.7826100e+00   5.5017700e+00   2.7079000e+00  -1.2520500e+04
   5.9900000e+00  -1.9138400e+00   6.0195300e+00   2.7825300e+00   5.5029900e+00   2.7022500e+00  -1.2522000e+04
   5.9902800e+00  -1.9121600e+00   6.0197600e+00   2.7825000e+00   5.5007800e+00   2.6935000e+00  -1.2522000e+04
   5.9906000e+00  -1.9114900e+00   6.0198900e+00   2.7824900e+00   5.5014700e+00   2.6880600e+00  -1.2522600e+04
   5.9904200e+00  -1.9100100e+00   6.0201000e+00   2.7825100e+00   5.5017500e+00   2.7008200e+00  -1.2523300e+04
   5.9901000e+00  -1.9084300e+00   6.0198200e+00   2.7824800e+00   5.5028300e+00   2.6867700e+00  -1.2521300e+04
   5.9899300e+00  -1.9078800e+00   6.0194100e+00   2.7825100e+00   5.5006000e+00   2.6681000e+00  -1.2521300e+04
   5.9899500e+00  -1.9076200e+00   6.0192700e+00   2.7824300e+00   5.5000600e+00   2.6630800e+00  -1.2522600e+04
   5.9896400e+00  -1.9093000e+00   6.0194000e+00   2.7824100e+00   5.5011300e+00   2.6622500e+00  -1.2522100e+04
   5.9900200e+00  -1.9089900e+00   6.0194200e+00   2.7824300e+00   5.5009300e+00   2.6561400e+00  -1.2522700e+04
   5.9900300e+00  -1.9085200e+00   6.0195400e+00   2.7824100e+00   5.5011700e+00   2.6632500e+00  -1.2521400e+04
   5.9897100e+00  -1.9094500e+00   6.0192100e+00   2.7824000e+00   5.5004600e+00   2.6551700e+00  -1.2522600e+04
   5.9902400e+00  -1.9089200e+00   6.0197500e+00   2.7823400e+00   5.5010300e+00   2.6655800e+00  -1.2522100e+04
   5.9899800e+00  -1.9087000e+00   6.0195300e+00   2.7823700e+00   5.5006400e+00   2.6666500e+00  -1.2521400e+04
   5.9895300e+00  -1.9095100e+00   6.0192000e+00   2.7823500e+00   5.5004900e+00   2.6647700e+00  -1.2523100e+04
   5.9898200e+00  -1.9101800e+00   6.0191800e+00   2.7823900e+00   5.4991700e+00   2.6562700e+00  -1.2524300e+04
   5.9900600e+00  -1.9103300e+00   6.0195900e+00   2.7824800e+00   5.5003200e+00   2.6515300e+00  -1.2524400e+04
   5.9903500e+00  -1.9102700e+00   6.0196400e+00   2.7824700e+00   5.5013700e+00   2.6677800e+00  -1.2523200e+04
   5.9895900e+00  -1.9088600e+00   6.0194000e+00   2.7824400e+00   5.5023800e+00   2.6795400e+00  -1.2522800e+04
   5.9898700e+00  -1.9086300e+00   6.0197100e+00   2.7824500e+00   5.5029500e+00   2.6745200e+00  -1.2522700e+04
   5.9895900e+00  -1.9093500e+00   6.0188600e+00   2.7824800e+00   5.5001500e+00   2.6619900e+00  -1.2524500e+04
   5.9900400e+00  -1.9079300e+00   6.0198100e+00   2.7824200e+00   5.5007800e+00   2.6766000e+00  -1.2523300e+04
   5.9904300e+00  -1.9071200e+00   6.0197800e+00   2.7824000e+00   5.5007600e+00   2.6753100e+00  -1.2522500e+04
   5.9899000e+00  -1.9062300e+00   6.0197300e+00   2.7824700e+00   5.5016600e+00   2.6835100e+00  -1.2522400e+04
   5.9901800e+00  -1.9049100e+00   6.0200200e+00   2.7824200e+00   5.5024500e+00   2.6746700e+00  -1.2521400e+04
   5.9903300e+00  -1.9047800e+00   6.0201800e+00   2.7824100e+00   5.5031800e+00   2.6845700e+00  -1.2522400e+04
   5.9900900e+00  -1.9029900e+00   6.0200000e+00   2.7824700e+00   5.5020200e+00   2.6618300e+00  -1.2521800e+04
   5.9902700e+00  -1.9031600e+00   6.0201000e+00   2.7824900e+00   5.5024100e+00   2.6678500e+00  -1.2521900e+04
   5.9898100e+00  -1.9031600e+00   6.0196300e+00   2.7825300e+00   5.5013300e+00   2.6491300e+00  -1.2522200e+04
   5.9896600e+00  -1.9017800e+00   6.0198200e+00   2.7826000e+00   5.5013600e+00   2.6563900e+00  -1.2524700e+04
   5.9899800e+00  -1.9013900e+00   6.0199200e+00   2.7826100e+00   5.5030700e+00   2.6752400e+00  -1.2523000e+04
   5.9902600e+00  -1.9019800e+00   6.0203000e+00   2.7826200e+00   5.5026000e+00   2.6626400e+00  -1.2523100e+04
   5.9899400e+00  -1.9017800e+00   6.0198800e+00   2.7825500e+00   5.5022100e+00   2.6447500e+00  -1.2523200e+04
   5.9900500e+00  -1.9014100e+00   6.0196300e+00   2.7825600e+00   5.5023000e+00   2.6638400e+00  -1.2524300e+04
   5.9908300e+00  -1.9006500e+00   6.0204200e+00   2.7825200e+00   5.5020900e+00   2.6760500e+00  -1.2526300e+04
   5.9903100e+00  -1.9002200e+00   6.0204100e+00   2.7825100e+00   5.5027100e+00   2.6702100e+00  -1.2523600e+04
   5.9898600e+00  -1.8997000e+00   6.0199800e+00   2.7824200e+00   5.5022300e+00   2.6348900e+00  -1.2524400e+04
   5.9898500e+00  -1.8997000e+00   6.0197900e+00   2.7824600e+00   5.5016400e+00   2.6503700e+00  -1.2522800e+04
   5.9895200e+00  -1.8997000e+00   6.0197100e+00   2.7824400e+00   5.5009900e+00   2.6443500e+00  -1.2526100e+04
   5.9902300e+00  -1.8992300e+00   6.0200500e+00   2.7824100e+00   5.5009600e+00   2.6425800e+00  -1.2524400e+04
   5.9896900e+00  -1.8995100e+00   6.0200000e+00   2.7823900e+00   5.5023200e+00   2.6452200e+00  -1.2524100e+04
   5.9899800e+00  -1.9004500e+00   6.0198600e+00   2.7823500e+00   5.5020200e+00   2.6666600e+00  -1.2522800e+04
   5.9902200e+00  -1.9004400e+00   6.0201000e+00   2.7824200e+00   5.5033200e+00   2.6667900e+00  -1.2523600e+04
   5.9903500e+00  -1.9004300e+00   6.0202300e+00   2.7823900e+00   5.5035500e+00   2.6654600e+00  -1.2524600e+04
   5.9901300e+00  -1.8995400e+00   6.0203300e+00   2.7823800e+00   5.5030300e+00   2.6741800e+00  -1.2523900e+04
   5.9905900e+00  -1.9012000e+00   6.0202300e+00   2.7823400e+00   5.5018400e+00   2.6612100e+00  -1.2524500e+04
   5.9903300e+00  -1.9006900e+00   6.0196600e+00   2.7823000e+00   5.5016100e+00   2.6597300e+00  -1.2526400e+04
   5.9907700e+00  -1.9019400e+00   6.0200600e+00   2.7823500e+00   5.5019300e+00   2.6664900e+00  -1.2527600e+04
   5.9902600e+00  -1.9026500e+00   6.0201000e+00   2.7823500e+00   5.5037400e+00   2.6731000e+00  -1.2524600e+04
   5.9901400e+00  -1.9025200e+00   6.0195700e+00   2.7823800e+00   5.5021200e+00   2.6684700e+00  -1.2524900e+04
   5.9901600e+00  -1.9005800e+00   6.0200900e+00   2.7824300e+00   5.5032300e+00   2.6750400e+00  -1.2523100e+04
   5.9897400e+00  -1.8987600e+00   6.0198500e+00   2.7824200e+00   5.5026400e+00   2.6523200e+00  -1.2523600e+04
   5.9900100e+00  -1.8995800e+00   6.0198500e+00   2.7824500e+00   5.5004900e+00   2.6535500e+00  -1.2525300e+04
   5.9903900e+00  -1.8996800e+00   6.0203900e+00   2.7824500e+00   5.5025600e+00   2.6649100e+00  -1.2523500e+04
   5.9899900e+00  -1.9003900e+00   6.0201900e+00   2.7825000e+00   5.5043000e+00   2.6538800e+00  -1.2527500e+04
   5.9896200e+00  -1.9004000e+00   6.0200700e+00   2.7826100e+00   5.5027900e+00   2.6499900e+00  -1.2525300e+04
   5.9897900e+00  -1.9014200e+00   6.0198300e+00   2.7825900e+00   5.5023200e+00   2.6428200e+00  -1.2523500e+04
   5.9899100e+00  -1.9019500e+00   6.0197700e+00   2.7825800e+00   5.5019800e+00   2.6670100e+00  -1.2522200e+04
   5.9896600e+00  -1.9019000e+00   6.0197100e+00   2.7825800e+00   5.5015100e+00   2.6645800e+00  -1.2524300e+04
   5.9895000e+00  -1.9013700e+00   6.0199400e+00   2.7825800e+00   5.5030300e+00   2.6408900e+00  -1.2526800e+04
   5.9897400e+00  -1.9014900e+00   6.0198600e+00   2.7825200e+00   5.5007000e+00   2.6510800e+00  -1.2526200e+04
   5.9901100e+00  -1.9023600e+00   6.0200100e+00   2.7824600e+00   5.5036200e+00   2.6669900e+00  -1.2524400e+04
   5.9900000e+00  -1.9034500e+00   6.0198300e+00   2.7825100e+00   5.5025100e+00   2.6620100e+00  -1.2522000e+04
   5.9898200e+00  -1.9031500e+00   6.0198800e+00   2.7824800e+00   5.5023700e+00   2.6626600e+00  -1.2522200e+04
   5.9901900e+00  -1.9028300e+00   6.0198700e+00   2.7824200e+00   5.5018700e+00   2.6690600e+00  -1.2521800e+04
   5.9900000e+00  -1.9041400e+00   6.0195300e+00   2.7823700e+00   5.5016600e+00   2.6642800e+00  -1.2522600e+04
   5.9900000e+00  -1.9046200e+00   6.0197000e+00   2.7823500e+00   5.5002600e+00   2.6662300e+00  -1.2524400e+04
   5.9897900e+00  -1.9066100e+00   6.0195400e+00   2.7823500e+00   5.5019700e+00   2.6765000e+00  -1.2521700e+04
   5.9895700e+00  -1.9079900e+00   6.0194400e+00   2.7823900e+00   5.5018600e+00   2.6610000e+00  -1.2522800e+04
   5.9903500e+00  -1.9088900e+00   6.0197300e+00   2.7823400e+00   5.5021400e+00   2.6758800e+00  -1.2522700e+04
   5.9899300e+00  -1.9068700e+00   6.0199600e+00   2.7824000e+00   5.5016800e+00   2.6649900e+00  -1.2523400e+04
   5.9899200e+00  -1.9053900e+00   6.0201000e+00   2.7823400e+00   5.5035900e+00   2.6409100e+00  -1.2531900e+04
   5.9904500e+00  -1.9041600e+00   6.0200900e+00   2.7822800e+00   5.5023200e+00   2.6769500e+00  -1.2522400e+04
   5.9897700e+00  -1.9053200e+00   6.0194100e+00   2.7822700e+00   5.5012800e+00   2.6616600e+00  -1.2522300e+04
   5.9895200e+00  -1.9058200e+00   6.0194600e+00   2.7822000e+00   5.5013800e+00   2.6568200e+00  -1.2523400e+04
   5.9898500e+00  -1.9065300e+00   6.0198700e+00   2.7821700e+00   5.5024300e+00   2.6786100e+00  -1.2522300e+04
   5.9901600e+00  -1.9065500e+00   6.0196600e+00   2.7821500e+00   5.5018300e+00   2.6922800e+00  -1.2522500e+04
   5.9902100e+00  -1.9053000e+00   6.0197900e+00   2.7821900e+00   5.5024500e+00   2.6748700e+00  -1.2522200e+04
   5.9901300e+00  -1.9052600e+00   6.0195900e+00   2.7821500e+00   5.5021400e+00   2.6683900e+00  -1.2523400e+04
   5.9898100e+00  -1.9044200e+00   6.0195100e+00   2.7821700e+00   5.5008900e+00   2.6690200e+00  -1.2523400e+04
   5.9901000e+00  -1.9063200e+00   6.0197100e+00   2.7822100e+00   5.5014900e+00   2.6822200e+00  -1.2521600e+04
   5.9902700e+00  -1.9060900e+00   6.0197000e+00   2.7822000e+00   5.5017600e+00   2.6788100e+00  -1.2521900e+04
   5.9901900e+00  -1.9065100e+00   6.0197900e+00   2.7822700e+00   5.5017400e+00   2.6877400e+00  -1.2521600e+04
   5.9901900e+00  -1.9057400e+00   6.0198700e+00   2.7823100e+00   5.5015000e+00   2.6827300e+00  -1.2522000e+04
   5.9904400e+00  -1.9062000e+00   6.0198200e+00   2.7822600e+00   5.5015600e+00   2.6711100e+00  -1.2522800e+04
   5.9899300e+00  -1.9056100e+00   6.0199300e+00   2.7822400e+00   5.5030300e+00   2.6761800e+00  -1.2522200e+04
   5.9904400e+00  -1.9055000e+00   6.0193600e+00   2.7821300e+00   5.5009600e+00   2.6885300e+00  -1.2529300e+04
   5.9906200e+00  -1.9053400e+00   6.0196900e+00   2.7822100e+00   5.5007400e+00   2.6792400e+00  -1.2526100e+04
   5.9902500e+00  -1.9058200e+00   6.0201200e+00   2.7821800e+00   5.5021100e+00   2.6702700e+00  -1.2522400e+04
   5.9897700e+00  -1.9068900e+00   6.0199100e+00   2.7821700e+00   5.5031300e+00   2.6868000e+00  -1.2523700e+04
   5.9902900e+00  -1.9074800e+00   6.0195400e+00   2.7822000e+00   5.5017100e+00   2.6911600e+00  -1.2523200e+04
   5.9897500e+00  -1.9090000e+00   6.0194500e+00   2.7822100e+00   5.5005100e+00   2.6668000e+00  -1.2522500e+04
   5.9896400e+00  -1.9099000e+00   6.0193600e+00   2.7822000e+00   5.5014900e+00   2.6679700e+00  -1.2521900e+04
   5.9898800e+00  -1.9089100e+00   6.0199300e+00   2.7822000e+00   5.5016500e+00   2.6656600e+00  -1.2524600e+04
   5.9897500e+00  -1.9097900e+00   6.0194900e+00   2.7821600e+00   5.5006700e+00   2.6512200e+00  -1.2523800e+04
   5.9894200e+00  -1.9104300e+00   6.0191300e+00   2.7821800e+00   5.5002700e+00   2.6512700e+00  -1.2524700e+04
   5.9897300e+00  -1.9099600e+00   6.0190100e+00   2.7821400e+00   5.5004100e+00   2.6704900e+00  -1.2523200e+04
   5.9896000e+00  -1.9121200e+00   6.0193300e+00   2.7821000e+00   5.5033500e+00   2.6794100e+00  -1.2526800e+04
   5.9895600e+00  -1.9123000e+00   6.0193800e+00   2.7820600e+00   5.5017100e+00   2.6959000e+00  -1.2523800e+04
   5.9902700e+00  -1.9110900e+00   6.0196100e+00   2.7821000e+00   5.5016700e+00   2.6930700e+00  -1.2520800e+04
   5.9899400e+00  -1.9094500e+00   6.0193300e+00   2.7821300e+00   5.5005800e+00   2.6696000e+00  -1.2521500e+04
   5.9898400e+00  -1.9102600e+00   6.0194700e+00   2.7821200e+00   5.5008000e+00   2.6751200e+00  -1.2521500e+04
   5.9902900e+00  -1.9108500e+00   6.0195900e+00   2.7821500e+00   5.5002100e+00   2.6658500e+00  -1.2523200e+04
   5.9899800e+00  -1.9101400e+00   6.0195200e+00   2.7821200e+00   5.5016500e+00   2.6719800e+00  -1.2521100e+04
   5.9901000e+00  -1.9098600e+00   6.0198500e+00   2.7821600e+00   5.5027000e+00   2.6861000e+00  -1.2521300e+04
   5.9901000e+00  -1.9083400e+00   6.0198600e+00   2.7821600e+00   5.5018400e+00   2.6954800e+00  -1.2522400e+04
   5.9904000e+00  -1.9081400e+00   6.0199600e+00   2.7821900e+00   5.5020900e+00   2.6727500e+00  -1.2522600e+04
   5.9899800e+00  -1.9079900e+00   6.0201000e+00   2.7821100e+00   5.5019500e+00   2.6645400e+00  -1.2525500e+04
   5.9896600e+00  -1.9088500e+00   6.0192000e+00   2.7820800e+00   5.5006600e+00   2.6646800e+00  -1.2522500e+04
   5.9902600e+00  -1.9075600e+00   6.0195100e+00   2.7820800e+00   5.5008500e+00   2.6676800e+00  -1.2522800e+04
   5.9905800e+00  -1.9063700e+00   6.0197900e+00   2.7820900e+00   5.5015700e+00   2.6607000e+00  -1.2527000e+04
   5.9899800e+00  -1.9049000e+00   6.0198400e+00   2.7820600e+00   5.5017600e+00   2.6719100e+00  -1.2521800e+04
   5.9903200e+00  -1.9035600e+00   6.0198100e+00   2.7820400e+00   5.5009600e+00   2.6509900e+00  -1.2524100e+04
   5.9895900e+00  -1.9038200e+00   6.0195700e+00   2.7820200e+00   5.5007800e+00   2.6456700e+00  -1.2524500e+04
   5.9898700e+00  -1.9026400e+00   6.0194800e+00   2.7820000e+00   5.5013900e+00   2.6474700e+00  -1.2524000e+04
   5.9895500e+00  -1.9038000e+00   6.0194700e+00   2.7820100e+00   5.5001100e+00   2.6484000e+00  -1.2526400e+04
   5.9902600e+00  -1.9036100e+00   6.0200000e+00   2.7819600e+00   5.5024900e+00   2.6543700e+00  -1.2524300e+04
   5.9899600e+00  -1.9034600e+00   6.0194500e+00   2.7819700e+00   5.5009500e+00   2.6681600e+00  -1.2524100e+04
   5.9904400e+00  -1.9032500e+00   6.0197500e+00   2.7819800e+00   5.5028400e+00   2.6640100e+00  -1.2529700e+04
   5.9897500e+00  -1.9037700e+00   6.0200800e+00   2.7819700e+00   5.5032900e+00   2.6735600e+00  -1.2524600e+04
   5.9904500e+00  -1.9032000e+00   6.0199500e+00   2.7820100e+00   5.5031000e+00   2.6958900e+00  -1.2526000e+04
   5.9901000e+00  -1.9040200e+00   6.0201700e+00   2.7820000e+00   5.5030800e+00   2.6882200e+00  -1.2523300e+04
   5.9906000e+00  -1.9019700e+00   6.0201700e+00   2.7819500e+00   5.5032000e+00   2.7092000e+00  -1.2528700e+04
   5.9903500e+00  -1.9025700e+00   6.0200300e+00   2.7818900e+00   5.5026800e+00   2.6954300e+00  -1.2524900e+04
   5.9902300e+00  -1.9024300e+00   6.0200500e+00   2.7818700e+00   5.5027900e+00   2.6825000e+00  -1.2523000e+04
   5.9905500e+00  -1.9035600e+00   6.0204200e+00   2.7818200e+00   5.5033800e+00   2.6847300e+00  -1.2524200e+04
   5.9898200e+00  -1.9040800e+00   6.0195300e+00   2.7818000e+00   5.5021000e+00   2.6747100e+00  -1.2523600e+04
   5.9903100e+00  -1.9057200e+00   6.0199900e+00   2.7818100e+00   5.5021800e+00   2.6753800e+00  -1.2521900e+04
   5.9899900e+00  -1.9044900e+00   6.0196100e+00   2.7818000e+00   5.5014000e+00   2.6710100e+00  -1.2522500e+04
   5.9899500e+00  -1.9044500e+00   6.0198200e+00   2.7817700e+00   5.5024700e+00   2.6609800e+00  -1.2522400e+04
   5.9899400e+00  -1.9038100e+00   6.0197700e+00   2.7817800e+00   5.5003600e+00   2.6603600e+00  -1.2525500e+04
   5.9900500e+00  -1.9045100e+00   6.0194400e+00   2.7817800e+00   5.5015200e+00   2.6593800e+00  -1.2524600e+04
   5.9897900e+00  -1.9068700e+00   6.0195700e+00   2.7817600e+00   5.5022000e+00   2.6629100e+00  -1.2522500e+04
   5.9900500e+00  -1.9056000e+00   6.0197200e+00   2.7817500e+00   5.5016600e+00   2.6590100e+00  -1.2522100e+04
   5.9902100e+00  -1.9048800e+00   6.0199700e+00   2.7817800e+00   5.5018200e+00   2.6632100e+00  -1.2522300e+04
   5.9899300e+00  -1.9047500e+00   6.0200100e+00   2.7817900e+00   5.5036500e+00   2.6825500e+00  -1.2523500e+04
   5.9902400e+00  -1.9028300e+00   6.0200300e+00   2.7817500e+00   5.5025500e+00   2.6923400e+00  -1.2524300e+04
   5.9894900e+00  -1.9025900e+00   6.0194700e+00   2.7817300e+00   5.5029100e+00   2.6767600e+00  -1.2527800e+04
   5.9904400e+00  -1.9036300e+00   6.0197300e+00   2.7817700e+00   5.5017400e+00   2.6649300e+00  -1.2525900e+04
   5.9903300e+00  -1.9047700e+00   6.0198000e+00   2.7817700e+00   5.5010500e+00   2.6570600e+00  -1.2523700e+04
   5.9900600e+00  -1.9041300e+00   6.0198500e+00   2.7817900e+00   5.5011300e+00   2.6470800e+00  -1.2523600e+04
   5.9900800e+00  -1.9041300e+00   6.0196100e+00   2.7818000e+00   5.5016700e+00   2.6587500e+00  -1.2523200e+04
   5.9898400e+00  -1.9032100e+00   6.0199200e+00   2.7817800e+00   5.5022200e+00   2.6760200e+00  -1.2523900e+04
   5.9901600e+00  -1.9039900e+00   6.0204200e+00   2.7816800e+00   5.5030800e+00   2.6637600e+00  -1.2525600e+04
   5.9899400e+00  -1.9048800e+00   6.0195400e+00   2.7817000e+00   5.5017800e+00   2.6675300e+00  -1.2522700e+04
   5.9897000e+00  -1.9059800e+00   6.0194500e+00   2.7817100e+00   5.5032000e+00   2.6857400e+00  -1.2526200e+04
   5.9896500e+00  -1.9048400e+00   6.0196300e+00   2.7817700e+00   5.5017000e+00   2.6705100e+00  -1.2523700e+04
   5.9903300e+00  -1.9043900e+00   6.0203300e+00   2.7817600e+00   5.5023400e+00   2.6560100e+00  -1.2525600e+04
   5.9900100e+00  -1.9060000e+00   6.0196700e+00   2.7817700e+00   5.5018500e+00   2.6561500e+00  -1.2522800e+04
   5.9898800e+00  -1.9053800e+00   6.0193600e+00   2.7817800e+00   5.5018600e+00   2.6622800e+00  -1.2524500e+04
   5.9900100e+00  -1.9053700e+00   6.0200200e+00   2.7818000e+00   5.5025900e+00   2.6729700e+00  -1.2522200e+04
   5.9905900e+00  -1.9056400e+00   6.0198400e+00   2.7817700e+00   5.5020800e+00   2.6670500e+00  -1.2527100e+04
   5.9899300e+00  -1.9034800e+00   6.0199100e+00   2.7817800e+00   5.5031500e+00   2.6718800e+00  -1.2522800e+04
   5.9899900e+00  -1.9033600e+00   6.0198900e+00   2.7818200e+00   5.5028400e+00   2.6644700e+00  -1.2522600e+04
   5.9900000e+00  -1.9010700e+00   6.0200600e+00   2.7818400e+00   5.5033700e+00   2.6807500e+00  -1.2524100e+04
   5.9896400e+00  -1.9006100e+00   6.0194400e+00   2.7818300e+00   5.5014000e+00   2.6535200e+00  -1.2525300e+04
   5.9901200e+00  -1.9020000e+00   6.0201500e+00   2.7818200e+00   5.5020700e+00   2.6699600e+00  -1.2523400e+04
   5.9899600e+00  -1.9027300e+00   6.0198600e+00   2.7817500e+00   5.5017400e+00   2.6615800e+00  -1.2522400e+04
   5.9898300e+00  -1.9017000e+00   6.0199100e+00   2.7816900e+00   5.5025200e+00   2.6550900e+00  -1.2522900e+04
   5.9898100e+00  -1.9016400e+00   6.0200600e+00   2.7817300e+00   5.5026400e+00   2.6676200e+00  -1.2524100e+04
   5.9899400e+00  -1.9030300e+00   6.0199100e+00   2.7817600e+00   5.5017400e+00   2.6655700e+00  -1.2522900e+04
   5.9899000e+00  -1.9039000e+00   6.0197000e+00   2.7817700e+00   5.5030700e+00   2.6732900e+00  -1.2523800e+04
   5.9898100e+00  -1.9051000e+00   6.0199500e+00   2.7817700e+00   5.5027100e+00   2.6914300e+00  -1.2525300e+04
   5.9902900e+00  -1.9045400e+00   6.0202200e+00   2.7817600e+00   5.5034500e+00   2.6872200e+00  -1.2523000e+04
   5.9906500e+00  -1.9029700e+00   6.0200100e+00   2.7817900e+00   5.5019000e+00   2.6971500e+00  -1.2527400e+04
   5.9906100e+00  -1.9024000e+00   6.0202600e+00   2.7817800e+00   5.5041900e+00   2.7039500e+00  -1.2528500e+04
   5.9900700e+00  -1.9057500e+00   6.0200800e+00   2.7818000e+00   5.5033000e+00   2.7001100e+00  -1.2524000e+04
   5.9898800e+00  -1.9050700e+00   6.0199300e+00   2.7818100e+00   5.5018700e+00   2.6836700e+00  -1.2524900e+04
   5.9901600e+00  -1.9042700e+00   6.0202900e+00   2.7818200e+00   5.5037300e+00   2.6753300e+00  -1.2524000e+04
   5.9902100e+00  -1.9042000e+00   6.0198900e+00   2.7817500e+00   5.5011100e+00   2.6684900e+00  -1.2523000e+04
   5.9897500e+00  -1.9039200e+00   6.0197400e+00   2.7816700e+00   5.5031400e+00   2.6668500e+00  -1.2523800e+04
   5.9901500e+00  -1.9041000e+00   6.0199500e+00   2.7817100e+00   5.5019800e+00   2.6558700e+00  -1.2522800e+04
   5.9905200e+00  -1.9039200e+00   6.0201000e+00   2.7816600e+00   5.5013500e+00   2.6644100e+00  -1.2524400e+04
   5.9898400e+00  -1.9059900e+00   6.0195700e+00   2.7815900e+00   5.5012800e+00   2.6741600e+00  -1.2522800e+04
   5.9900700e+00  -1.9032100e+00   6.0196500e+00   2.7815200e+00   5.5015700e+00   2.6638900e+00  -1.2523300e+04
   5.9899500e+00  -1.9031900e+00   6.0198700e+00   2.7814700e+00   5.5040800e+00   2.6863800e+00  -1.2526400e+04
   5.9901700e+00  -1.9037300e+00   6.0199100e+00   2.7814600e+00   5.5027100e+00   2.6857800e+00  -1.2523300e+04
   5.9904400e+00  -1.9043000e+00   6.0201700e+00   2.7814600e+00   5.5027300e+00   2.6881200e+00  -1.2523300e+04
   5.9898500e+00  -1.9055600e+00   6.0197500e+00   2.7815200e+00   5.5029200e+00   2.6628500e+00  -1.2523500e+04
   5.9899900e+00  -1.9044700e+00   6.0196800e+00   2.7815200e+00   5.5019900e+00   2.6540800e+00  -1.2523300e+04
   5.9899100e+00  -1.9054100e+00   6.0196400e+00   2.7815700e+00   5.4998000e+00   2.6519900e+00  -1.2526200e+04
   5.9900300e+00  -1.9040800e+00   6.0198700e+00   2.7814900e+00   5.5019800e+00   2.6445300e+00  -1.2524500e+04
   5.9897000e+00  -1.9030900e+00   6.0194500e+00   2.7814400e+00   5.5015500e+00   2.6539600e+00  -1.2524000e+04
   5.9901200e+00  -1.9022800e+00   6.0203600e+00   2.7814300e+00   5.5025400e+00   2.6669000e+00  -1.2524900e+04
   5.9897400e+00  -1.9049200e+00   6.0198300e+00   2.7814700e+00   5.5017500e+00   2.6577700e+00  -1.2523600e+04
   5.9898600e+00  -1.9052000e+00   6.0195700e+00   2.7814800e+00   5.5013200e+00   2.6691100e+00  -1.2522800e+04
   5.9898500e+00  -1.9052200e+00   6.0197900e+00   2.7815000e+00   5.5015800e+00   2.6666700e+00  -1.2522800e+04
   5.9897800e+00  -1.9056700e+00   6.0195900e+00   2.7815200e+00   5.5017000e+00   2.6465600e+00  -1.2523800e+04
   5.9901400e+00  -1.9054900e+00   6.0197200e+00   2.7815800e+00   5.5000500e+00   2.6431400e+00  -1.2525900e+04
   5.9898800e+00  -1.9036200e+00   6.0197400e+00   2.7815000e+00   5.5023700e+00   2.6650400e+00  -1.2522600e+04
   5.9898000e+00  -1.9029000e+00   6.0198400e+00   2.7814800e+00   5.5023100e+00   2.6676600e+00  -1.2523100e+04
   5.9899900e+00  -1.9033500e+00   6.0197000e+00   2.7814900e+00   5.5021600e+00   2.6675400e+00  -1.2522900e+04
   5.9902800e+00  -1.9048600e+00   6.0197700e+00   2.7814900e+00   5.5015500e+00   2.6723400e+00  -1.2522800e+04
   5.9901500e+00  -1.9064100e+00   6.0196500e+00   2.7815100e+00   5.5012900e+00   2.6795400e+00  -1.2522500e+04
   5.9900400e+00  -1.9066000e+00   6.0198400e+00   2.7815500e+00   5.5025900e+00   2.6950100e+00  -1.2522800e+04
   5.9902900e+00  -1.9072000e+00   6.0196500e+00   2.7814700e+00   5.5030400e+00   2.7192200e+00  -1.2528800e+04
   5.9902700e+00  -1.9076700e+00   6.0195500e+00   2.7814500e+00   5.5021400e+00   2.7034000e+00  -1.2525500e+04
   5.9901200e+00  -1.9100400e+00   6.0197300e+00   2.7814500e+00   5.5016200e+00   2.6926000e+00  -1.2521600e+04
   5.9896800e+00  -1.9099700e+00   6.0189300e+00   2.7815100e+00   5.5002900e+00   2.6641000e+00  -1.2524900e+04
   5.9905900e+00  -1.9112600e+00   6.0203300e+00   2.7815500e+00   5.5028000e+00   2.6926700e+00  -1.2525500e+04
   5.9902600e+00  -1.9103900e+00   6.0202100e+00   2.7815900e+00   5.5026400e+00   2.7156100e+00  -1.2526400e+04
   5.9903100e+00  -1.9109100e+00   6.0197100e+00   2.7816200e+00   5.5021800e+00   2.6855000e+00  -1.2522000e+04
   5.9898300e+00  -1.9113900e+00   6.0191900e+00   2.7816100e+00   5.5020900e+00   2.6897000e+00  -1.2523500e+04
   5.9901100e+00  -1.9117900e+00   6.0196300e+00   2.7815600e+00   5.5030500e+00   2.7084100e+00  -1.2522700e+04
   5.9897800e+00  -1.9114600e+00   6.0193800e+00   2.7815500e+00   5.5025600e+00   2.6939000e+00  -1.2522600e+04
   5.9902900e+00  -1.9093700e+00   6.0197900e+00   2.7815500e+00   5.5015200e+00   2.7103600e+00  -1.2524700e+04
   5.9902000e+00  -1.9081300e+00   6.0201900e+00   2.7815900e+00   5.5036900e+00   2.7033900e+00  -1.2523800e+04
   5.9904200e+00  -1.9071600e+00   6.0200200e+00   2.7816500e+00   5.5027000e+00   2.6961600e+00  -1.2522600e+04
   5.9900000e+00  -1.9056600e+00   6.0201000e+00   2.7817000e+00   5.5027700e+00   2.6715700e+00  -1.2523000e+04
   5.9898900e+00  -1.9046200e+00   6.0198300e+00   2.7817100e+00   5.5021700e+00   2.6774300e+00  -1.2522700e+04
   5.9903000e+00  -1.9042100e+00   6.0201300e+00   2.7817200e+00   5.5026300e+00   2.6910000e+00  -1.2523200e+04
   5.9897300e+00  -1.9051900e+00   6.0194800e+00   2.7817300e+00   5.5016000e+00   2.6637600e+00  -1.2522700e+04
   5.9903800e+00  -1.9045700e+00   6.0204000e+00   2.7817500e+00   5.5026100e+00   2.6795000e+00  -1.2524300e+04
   5.9901200e+00  -1.9056300e+00   6.0199600e+00   2.7817900e+00   5.5029300e+00   2.6778500e+00  -1.2522000e+04
   5.9902800e+00  -1.9054300e+00   6.0196500e+00   2.7818500e+00   5.5019600e+00   2.6788700e+00  -1.2523600e+04
   5.9902300e+00  -1.9070400e+00   6.0198000e+00   2.7818400e+00   5.5015100e+00   2.6741500e+00  -1.2521500e+04
   5.9900000e+00  -1.9069900e+00   6.0194800e+00   2.7818800e+00   5.5004100e+00   2.6647900e+00  -1.2522600e+04
   5.9900500e+00  -1.9090100e+00   6.0193300e+00   2.7818900e+00   5.5013700e+00   2.6674100e+00  -1.2523400e+04
   5.9901000e+00  -1.9098900e+00   6.0194800e+00   2.7818600e+00   5.5007200e+00   2.6654200e+00  -1.2522000e+04
   5.9896700e+00  -1.9090200e+00   6.0193700e+00   2.7818400e+00   5.5016500e+00   2.6616500e+00  -1.2522600e+04
   5.9900500e+00  -1.9098600e+00   6.0197300e+00   2.7819100e+00   5.5015000e+00   2.6810700e+00  -1.2521200e+04
   5.9902600e+00  -1.9089000e+00   6.0194700e+00   2.7818900e+00   5.5010600e+00   2.6532100e+00  -1.2526500e+04
   5.9898600e+00  -1.9084000e+00   6.0192500e+00   2.7818700e+00   5.5006900e+00   2.6631800e+00  -1.2522500e+04
   5.9897600e+00  -1.9078400e+00   6.0195300e+00   2.7818700e+00   5.5017200e+00   2.6596300e+00  -1.2522300e+04
   5.9902500e+00  -1.9077300e+00   6.0196600e+00   2.7818600e+00   5.5015000e+00   2.6753400e+00  -1.2521700e+04
   5.9902900e+00  -1.9071300e+00   6.0200700e+00   2.7817900e+00   5.5025200e+00   2.6844800e+00  -1.2521900e+04
   5.9899300e+00  -1.9062400e+00   6.0199800e+00   2.7817600e+00   5.5022200e+00   2.6629600e+00  -1.2523100e+04
   5.9897500e+00  -1.9063000e+00   6.0197100e+00   2.7817600e+00   5.5018000e+00   2.6642400e+00  -1.2522500e+04
   5.9893400e+00  -1.9058600e+00   6.0196900e+00   2.7817900e+00   5.5020100e+00   2.6527000e+00  -1.2527200e+04
   5.9898500e+00  -1.9062400e+00   6.0197800e+00   2.7817500e+00   5.5026100e+00   2.6526100e+00  -1.2524400e+04
   5.9898200e+00  -1.9066500e+00   6.0193900e+00   2.7817400e+00   5.5001100e+00   2.6572700e+00  -1.2523700e+04
   5.9902600e+00  -1.9065300e+00   6.0199200e+00   2.7817600e+00   5.5013300e+00   2.6589900e+00  -1.2523300e+04
   5.9899200e+00  -1.9068300e+00   6.0196900e+00   2.7817900e+00   5.5009800e+00   2.6736300e+00  -1.2522900e+04
   5.9903300e+00  -1.9070200e+00   6.0200000e+00   2.7818100e+00   5.5022900e+00   2.6749600e+00  -1.2522100e+04
   5.9898900e+00  -1.9070200e+00   6.0194500e+00   2.7817600e+00   5.5014800e+00   2.6754100e+00  -1.2522100e+04
   5.9901400e+00  -1.9064200e+00   6.0192300e+00   2.7817600e+00   5.5018800e+00   2.6771100e+00  -1.2528800e+04
   5.9903800e+00  -1.9076600e+00   6.0198900e+00   2.7817800e+00   5.5016500e+00   2.6804400e+00  -1.2521900e+04
   5.9897700e+00  -1.9074500e+00   6.0198400e+00   2.7817700e+00   5.5021900e+00   2.6755200e+00  -1.2523200e+04
   5.9900700e+00  -1.9075700e+00   6.0197400e+00   2.7818200e+00   5.5020300e+00   2.6624000e+00  -1.2522400e+04
   5.9902000e+00  -1.9067600e+00   6.0198300e+00   2.7818700e+00   5.5024900e+00   2.6828200e+00  -1.2521600e+04
   5.9901300e+00  -1.9074900e+00   6.0198100e+00   2.7818500e+00   5.5033300e+00   2.7109300e+00  -1.2524700e+04
   5.9903500e+00  -1.9082200e+00   6.0197700e+00   2.7819000e+00   5.5021800e+00   2.7182900e+00  -1.2525700e+04
   5.9902600e+00  -1.9082400e+00   6.0199900e+00   2.7818700e+00   5.5027300e+00   2.6903800e+00  -1.2521600e+04
   5.9900100e+00  -1.9076900e+00   6.0195700e+00   2.7818400e+00   5.5016200e+00   2.6614900e+00  -1.2522200e+04
   5.9900700e+00  -1.9066900e+00   6.0201300e+00   2.7819100e+00   5.5021600e+00   2.6837900e+00  -1.2524000e+04
   5.9899500e+00  -1.9064500e+00   6.0195700e+00   2.7818900e+00   5.5024100e+00   2.6779800e+00  -1.2522500e+04
   5.9899800e+00  -1.9062700e+00   6.0200800e+00   2.7819000e+00   5.5018600e+00   2.6689400e+00  -1.2524200e+04
   5.9899100e+00  -1.9045800e+00   6.0198000e+00   2.7819100e+00   5.5022400e+00   2.6803600e+00  -1.2522500e+04
   5.9903600e+00  -1.9037100e+00   6.0200700e+00   2.7819600e+00   5.5021200e+00   2.6590600e+00  -1.2523400e+04
   5.9899600e+00  -1.9038800e+00   6.0200400e+00   2.7819600e+00   5.5026000e+00   2.6699200e+00  -1.2522400e+04
   5.9902100e+00  -1.9034200e+00   6.0199800e+00   2.7819400e+00   5.5018100e+00   2.6733800e+00  -1.2522300e+04
   5.9903700e+00  -1.9004600e+00   6.0203200e+00   2.7819500e+00   5.5028000e+00   2.6684700e+00  -1.2523300e+04
   5.9899800e+00  -1.9010200e+00   6.0201600e+00   2.7819600e+00   5.5024800e+00   2.6620000e+00  -1.2523200e+04
   5.9896400e+00  -1.9017000e+00   6.0197700e+00   2.7819700e+00   5.5027400e+00   2.6551800e+00  -1.2523800e+04
   5.9895500e+00  -1.9010400e+00   6.0200100e+00   2.7818600e+00   5.5022100e+00   2.6569700e+00  -1.2527000e+04
   5.9899200e+00  -1.9013700e+00   6.0200600e+00   2.7818500e+00   5.5019600e+00   2.6564000e+00  -1.2523500e+04
   5.9900200e+00  -1.9024700e+00   6.0204900e+00   2.7818500e+00   5.5034200e+00   2.6704700e+00  -1.2526400e+04
   5.9896700e+00  -1.9028900e+00   6.0197300e+00   2.7818100e+00   5.5022400e+00   2.6663300e+00  -1.2523600e+04
   5.9899500e+00  -1.9016800e+00   6.0198800e+00   2.7818300e+00   5.5032800e+00   2.6594700e+00  -1.2524400e+04
   5.9896800e+00  -1.9015900e+00   6.0194900e+00   2.7819100e+00   5.5024000e+00   2.6713100e+00  -1.2526100e+04
   5.9900400e+00  -1.9029200e+00   6.0200200e+00   2.7819100e+00   5.5023400e+00   2.6738600e+00  -1.2522400e+04
   5.9901800e+00  -1.9036400e+00   6.0195900e+00   2.7819400e+00   5.5009700e+00   2.6563800e+00  -1.2523700e+04
   5.9897300e+00  -1.9033200e+00   6.0199200e+00   2.7819000e+00   5.5024300e+00   2.6588900e+00  -1.2523400e+04
   5.9899000e+00  -1.9032600e+00   6.0200500e+00   2.7818400e+00   5.5024500e+00   2.6518600e+00  -1.2523700e+04
   5.9901500e+00  -1.9023800e+00   6.0198900e+00   2.7818200e+00   5.5022200e+00   2.6539800e+00  -1.2523300e+04
   5.9902400e+00  -1.9017400e+00   6.0198000e+00   2.7817600e+00   5.5022200e+00   2.6682800e+00  -1.2524100e+04
   5.9897100e+00  -1.9022100e+00   6.0196300e+00   2.7817100e+00   5.5020300e+00   2.6515500e+00  -1.2523400e+04
   5.9901000e+00  -1.9022200e+00   6.0202500e+00   2.7816800e+00   5.5026600e+00   2.6789800e+00  -1.2524200e+04
   5.9899200e+00  -1.9015200e+00   6.0201400e+00   2.7816800e+00   5.5031100e+00   2.6741000e+00  -1.2523800e+04
   5.9905600e+00  -1.9023100e+00   6.0203400e+00   2.7816300e+00   5.5030500e+00   2.6716000e+00  -1.2524600e+04
   5.9903700e+00  -1.9030900e+00   6.0202400e+00   2.7816800e+00   5.5027700e+00   2.6744300e+00  -1.2522900e+04
   5.9894100e+00  -1.9033600e+00   6.0196500e+00   2.7817400e+00   5.5033000e+00   2.6458800e+00  -1.2527800e+04
   5.9898900e+00  -1.9030600e+00   6.0198200e+00   2.7817400e+00   5.5019600e+00   2.6554800e+00  -1.2522400e+04
   5.9899800e+00  -1.9028300e+00   6.0201300e+00   2.7816800e+00   5.5025600e+00   2.6732100e+00  -1.2523500e+04
   5.9901600e+00  -1.9021800e+00   6.0199900e+00   2.7816200e+00   5.5017100e+00   2.6596100e+00  -1.2522700e+04
   5.9901400e+00  -1.9018700e+00   6.0199100e+00   2.7815500e+00   5.5022100e+00   2.6696400e+00  -1.2522900e+04
   5.9899400e+00  -1.9025000e+00   6.0198900e+00   2.7814900e+00   5.5023300e+00   2.6669700e+00  -1.2522600e+04
   5.9899900e+00  -1.9020000e+00   6.0200800e+00   2.7815300e+00   5.5026200e+00   2.6640100e+00  -1.2522700e+04
   5.9897800e+00  -1.9023700e+00   6.0201300e+00   2.7815300e+00   5.5036500e+00   2.6736300e+00  -1.2524900e+04
   5.9899600e+00  -1.9037400e+00   6.0198900e+00   2.7814900e+00   5.5020000e+00   2.6658000e+00  -1.2522300e+04
   5.9903600e+00  -1.9041300e+00   6.0200400e+00   2.7815000e+00   5.5026500e+00   2.6714000e+00  -1.2523200e+04
   5.9903300e+00  -1.9050500e+00   6.0195200e+00   2.7815200e+00   5.5003900e+00   2.6752300e+00  -1.2526200e+04
   5.9899200e+00  -1.9053200e+00   6.0198300e+00   2.7815300e+00   5.5024500e+00   2.6721100e+00  -1.2522000e+04
   5.9903300e+00  -1.9040100e+00   6.0200100e+00   2.7814800e+00   5.5023800e+00   2.6718500e+00  -1.2522700e+04
   5.9897000e+00  -1.9045600e+00   6.0198800e+00   2.7814800e+00   5.5022500e+00   2.6584800e+00  -1.2523800e+04
   5.9905200e+00  -1.9043300e+00   6.0201300e+00   2.7815400e+00   5.5015300e+00   2.6817000e+00  -1.2524400e+04
   5.9898000e+00  -1.9047200e+00   6.0195200e+00   2.7814800e+00   5.5013300e+00   2.6602900e+00  -1.2522800e+04
   5.9901500e+00  -1.9039700e+00   6.0196900e+00   2.7814700e+00   5.5005900e+00   2.6604800e+00  -1.2523900e+04
