   5.9902500e+00  -1.9175600e+00   6.0180800e+00   2.8029300e+00   5.4974600e+00   2.7150500e+00  -1.6097400e+04
   5.9903700e+00  -1.9195800e+00   6.0185400e+00   2.7948800e+00   5.4980500e+00   2.7143400e+00  -1.6091700e+04
   5.9904400e+00  -1.9213600e+00   6.0184400e+00   2.7958800e+00   5.4975000e+00   2.7172300e+00  -1.6092100e+04
   5.9903300e+00  -1.9207200e+00   6.0185600e+00   2.7946300e+00   5.4972800e+00   2.7187800e+00  -1.6092400e+04
   5.9900900e+00  -1.9177700e+00   6.0187800e+00   2.7887700e+00   5.5004500e+00   2.7185100e+00  -1.6095200e+04
   5.9904100e+00  -1.9163300e+00   6.0184900e+00   2.7975900e+00   5.4976300e+00   2.7181800e+00  -1.6092800e+04
   5.9906900e+00  -1.9214900e+00   6.0186300e+00   2.7967700e+00   5.4978800e+00   2.7259000e+00  -1.6094100e+04
   5.9899500e+00  -1.9197800e+00   6.0186300e+00   2.7889200e+00   5.4999200e+00   2.7255200e+00  -1.6094900e+04
   5.9904500e+00  -1.9221000e+00   6.0186100e+00   2.7962100e+00   5.4977400e+00   2.7248100e+00  -1.6092400e+04
   5.9902600e+00  -1.9200800e+00   6.0181600e+00   2.8008900e+00   5.4962600e+00   2.7305700e+00  -1.6094900e+04
   5.9899900e+00  -1.9158900e+00   6.0181100e+00   2.8045400e+00   5.4978200e+00   2.7272000e+00  -1.6101700e+04
   5.9902000e+00  -1.9177000e+00   6.0181300e+00   2.7973900e+00   5.4972900e+00   2.7268800e+00  -1.6096300e+04
   5.9904000e+00  -1.9193900e+00   6.0188300e+00   2.7954100e+00   5.4979600e+00   2.7288400e+00  -1.6094000e+04
   5.9903200e+00  -1.9184100e+00   6.0188800e+00   2.7964000e+00   5.4985300e+00   2.7235400e+00  -1.6093400e+04
   5.9903500e+00  -1.9177100e+00   6.0189900e+00   2.7899700e+00   5.5000500e+00   2.7241800e+00  -1.6093400e+04
   5.9905100e+00  -1.9148900e+00   6.0187200e+00   2.7949200e+00   5.4982700e+00   2.7168200e+00  -1.6093300e+04
   5.9903400e+00  -1.9188300e+00   6.0181600e+00   2.7977600e+00   5.4966100e+00   2.7129400e+00  -1.6093200e+04
   5.9900800e+00  -1.9152900e+00   6.0185600e+00   2.7957500e+00   5.4989400e+00   2.7223200e+00  -1.6094500e+04
   5.9903900e+00  -1.9130500e+00   6.0189200e+00   2.7944500e+00   5.5000200e+00   2.7268300e+00  -1.6096300e+04
   5.9903800e+00  -1.9147200e+00   6.0188900e+00   2.7965400e+00   5.4983800e+00   2.7330800e+00  -1.6096400e+04
   5.9905100e+00  -1.9162100e+00   6.0190900e+00   2.7916400e+00   5.4988700e+00   2.7291300e+00  -1.6095400e+04
   5.9902300e+00  -1.9212200e+00   6.0187600e+00   2.7963700e+00   5.4996900e+00   2.7365600e+00  -1.6095900e+04
   5.9904100e+00  -1.9243500e+00   6.0187500e+00   2.7924900e+00   5.4992300e+00   2.7331300e+00  -1.6093500e+04
   5.9900900e+00  -1.9212900e+00   6.0186000e+00   2.7893700e+00   5.4997400e+00   2.7314000e+00  -1.6094600e+04
   5.9903700e+00  -1.9245400e+00   6.0185900e+00   2.7943000e+00   5.4987900e+00   2.7307600e+00  -1.6093300e+04
   5.9898700e+00  -1.9240100e+00   6.0179000e+00   2.7976000e+00   5.4976300e+00   2.7334500e+00  -1.6095700e+04
   5.9902100e+00  -1.9246900e+00   6.0186300e+00   2.7919900e+00   5.4994500e+00   2.7330800e+00  -1.6093400e+04
   5.9897000e+00  -1.9242100e+00   6.0182800e+00   2.7918100e+00   5.4999600e+00   2.7331000e+00  -1.6097900e+04
   5.9904100e+00  -1.9249500e+00   6.0191400e+00   2.7896600e+00   5.5002700e+00   2.7366400e+00  -1.6096300e+04
   5.9900600e+00  -1.9259200e+00   6.0179800e+00   2.7946700e+00   5.4970900e+00   2.7415500e+00  -1.6095000e+04
   5.9907100e+00  -1.9233100e+00   6.0187900e+00   2.7977100e+00   5.4984700e+00   2.7472800e+00  -1.6096500e+04
   5.9904800e+00  -1.9251100e+00   6.0185000e+00   2.7938600e+00   5.4984500e+00   2.7438800e+00  -1.6094000e+04
   5.9901500e+00  -1.9256400e+00   6.0184800e+00   2.7923500e+00   5.4990800e+00   2.7478000e+00  -1.6094100e+04
   5.9906600e+00  -1.9282500e+00   6.0181700e+00   2.7961200e+00   5.4969600e+00   2.7510500e+00  -1.6096800e+04
   5.9903600e+00  -1.9267600e+00   6.0180900e+00   2.7992900e+00   5.4968900e+00   2.7499800e+00  -1.6095000e+04
   5.9903300e+00  -1.9213400e+00   6.0184100e+00   2.7987700e+00   5.4982200e+00   2.7487700e+00  -1.6096100e+04
   5.9904900e+00  -1.9248700e+00   6.0186700e+00   2.7983100e+00   5.4987400e+00   2.7501700e+00  -1.6097200e+04
   5.9906600e+00  -1.9280400e+00   6.0183600e+00   2.7975200e+00   5.4967600e+00   2.7492400e+00  -1.6096300e+04
   5.9901700e+00  -1.9259000e+00   6.0185100e+00   2.7894200e+00   5.4990700e+00   2.7542200e+00  -1.6096300e+04
   5.9908600e+00  -1.9243300e+00   6.0188100e+00   2.7917800e+00   5.4993100e+00   2.7544600e+00  -1.6099300e+04
   5.9903000e+00  -1.9275700e+00   6.0184900e+00   2.7887800e+00   5.5000500e+00   2.7560300e+00  -1.6098000e+04
   5.9905100e+00  -1.9267000e+00   6.0192800e+00   2.7913800e+00   5.5008500e+00   2.7558600e+00  -1.6101500e+04
   5.9906100e+00  -1.9267200e+00   6.0182900e+00   2.7944300e+00   5.4962300e+00   2.7551000e+00  -1.6100500e+04
   5.9902400e+00  -1.9264500e+00   6.0184900e+00   2.7935900e+00   5.4986600e+00   2.7554700e+00  -1.6095000e+04
   5.9902800e+00  -1.9290500e+00   6.0181600e+00   2.7913400e+00   5.4981400e+00   2.7584700e+00  -1.6096800e+04
   5.9904600e+00  -1.9283800e+00   6.0179500e+00   2.7991000e+00   5.4966900e+00   2.7620200e+00  -1.6097400e+04
   5.9903400e+00  -1.9281400e+00   6.0184500e+00   2.7890000e+00   5.4983200e+00   2.7584700e+00  -1.6097800e+04
   5.9902200e+00  -1.9272700e+00   6.0185500e+00   2.7963000e+00   5.5000200e+00   2.7608000e+00  -1.6100500e+04
   5.9901600e+00  -1.9303700e+00   6.0185400e+00   2.7845500e+00   5.5009400e+00   2.7651800e+00  -1.6101200e+04
   5.9904700e+00  -1.9322300e+00   6.0183000e+00   2.7920700e+00   5.4988400e+00   2.7673300e+00  -1.6097800e+04
   5.9903600e+00  -1.9308300e+00   6.0184000e+00   2.7905600e+00   5.4991200e+00   2.7680300e+00  -1.6097000e+04
   5.9905700e+00  -1.9317400e+00   6.0186300e+00   2.7922700e+00   5.4985100e+00   2.7689300e+00  -1.6098300e+04
   5.9898600e+00  -1.9341100e+00   6.0183700e+00   2.7857600e+00   5.4992700e+00   2.7664000e+00  -1.6099900e+04
   5.9901000e+00  -1.9324600e+00   6.0183400e+00   2.7875800e+00   5.4982000e+00   2.7681100e+00  -1.6100400e+04
   5.9904700e+00  -1.9304600e+00   6.0180400e+00   2.7946300e+00   5.4978600e+00   2.7619300e+00  -1.6098000e+04
   5.9901200e+00  -1.9303700e+00   6.0185200e+00   2.7911800e+00   5.4985900e+00   2.7617100e+00  -1.6097400e+04
   5.9902100e+00  -1.9305200e+00   6.0185900e+00   2.7891800e+00   5.5002500e+00   2.7559700e+00  -1.6097000e+04
   5.9903700e+00  -1.9305800e+00   6.0182600e+00   2.7911100e+00   5.4980400e+00   2.7508400e+00  -1.6095400e+04
   5.9899900e+00  -1.9292800e+00   6.0179000e+00   2.7927200e+00   5.4972200e+00   2.7432400e+00  -1.6095200e+04
   5.9899400e+00  -1.9310200e+00   6.0180000e+00   2.7919900e+00   5.4980900e+00   2.7403700e+00  -1.6094600e+04
   5.9902300e+00  -1.9293400e+00   6.0182200e+00   2.7931600e+00   5.4978400e+00   2.7418500e+00  -1.6093500e+04
   5.9904100e+00  -1.9289500e+00   6.0186700e+00   2.7982600e+00   5.4979400e+00   2.7456700e+00  -1.6100900e+04
   5.9901900e+00  -1.9297500e+00   6.0184400e+00   2.7940800e+00   5.4983400e+00   2.7444100e+00  -1.6095000e+04
   5.9903300e+00  -1.9268100e+00   6.0185200e+00   2.7931900e+00   5.4988100e+00   2.7437700e+00  -1.6093700e+04
   5.9901600e+00  -1.9262700e+00   6.0180100e+00   2.7925200e+00   5.4965000e+00   2.7395700e+00  -1.6097600e+04
   5.9899400e+00  -1.9273700e+00   6.0181500e+00   2.7891600e+00   5.4987700e+00   2.7346500e+00  -1.6095500e+04
   5.9903500e+00  -1.9286500e+00   6.0178500e+00   2.7967200e+00   5.4965500e+00   2.7329200e+00  -1.6095100e+04
   5.9903100e+00  -1.9303400e+00   6.0181500e+00   2.7939400e+00   5.4961700e+00   2.7309200e+00  -1.6095800e+04
   5.9900600e+00  -1.9313300e+00   6.0177200e+00   2.8012500e+00   5.4961600e+00   2.7340400e+00  -1.6097000e+04
   5.9900600e+00  -1.9320500e+00   6.0172700e+00   2.8023500e+00   5.4946900e+00   2.7356900e+00  -1.6097600e+04
   5.9899000e+00  -1.9284700e+00   6.0177300e+00   2.7964200e+00   5.4969700e+00   2.7352000e+00  -1.6094800e+04
   5.9903700e+00  -1.9268000e+00   6.0185400e+00   2.7931800e+00   5.4988800e+00   2.7382000e+00  -1.6093900e+04
   5.9900200e+00  -1.9282500e+00   6.0181000e+00   2.7974600e+00   5.4976500e+00   2.7320000e+00  -1.6094700e+04
   5.9903100e+00  -1.9291700e+00   6.0185000e+00   2.7904600e+00   5.4987800e+00   2.7337100e+00  -1.6094600e+04
   5.9905000e+00  -1.9247800e+00   6.0185100e+00   2.7950000e+00   5.4974400e+00   2.7338600e+00  -1.6093400e+04
   5.9903300e+00  -1.9257800e+00   6.0182700e+00   2.7944300e+00   5.4972000e+00   2.7325000e+00  -1.6092900e+04
   5.9901600e+00  -1.9249600e+00   6.0186400e+00   2.7920700e+00   5.4980100e+00   2.7282200e+00  -1.6094100e+04
   5.9903300e+00  -1.9268900e+00   6.0180900e+00   2.7902100e+00   5.4974700e+00   2.7294000e+00  -1.6097500e+04
   5.9907700e+00  -1.9270400e+00   6.0179900e+00   2.7972700e+00   5.4957800e+00   2.7372600e+00  -1.6099200e+04
   5.9901900e+00  -1.9318600e+00   6.0178000e+00   2.7966200e+00   5.4954100e+00   2.7349100e+00  -1.6095900e+04
   5.9901200e+00  -1.9316800e+00   6.0178500e+00   2.7957100e+00   5.4962300e+00   2.7376700e+00  -1.6094500e+04
   5.9899600e+00  -1.9314400e+00   6.0182400e+00   2.7893700e+00   5.4990000e+00   2.7432300e+00  -1.6095200e+04
   5.9900800e+00  -1.9299700e+00   6.0185400e+00   2.7843500e+00   5.4999500e+00   2.7439500e+00  -1.6097300e+04
   5.9902100e+00  -1.9279900e+00   6.0186600e+00   2.7883300e+00   5.4995600e+00   2.7424300e+00  -1.6094500e+04
   5.9900600e+00  -1.9313800e+00   6.0179800e+00   2.7954800e+00   5.4968800e+00   2.7419700e+00  -1.6094400e+04
   5.9904500e+00  -1.9289100e+00   6.0177000e+00   2.8019300e+00   5.4951900e+00   2.7371600e+00  -1.6096200e+04
   5.9904000e+00  -1.9313800e+00   6.0181200e+00   2.7960300e+00   5.4968900e+00   2.7376600e+00  -1.6095200e+04
   5.9903100e+00  -1.9305400e+00   6.0182200e+00   2.7909500e+00   5.4975300e+00   2.7402400e+00  -1.6094900e+04
   5.9903800e+00  -1.9288000e+00   6.0183500e+00   2.7925400e+00   5.4979700e+00   2.7447700e+00  -1.6094000e+04
   5.9907200e+00  -1.9289300e+00   6.0183500e+00   2.7972500e+00   5.4959600e+00   2.7452100e+00  -1.6098400e+04
   5.9903900e+00  -1.9259300e+00   6.0183600e+00   2.7935300e+00   5.4978300e+00   2.7402400e+00  -1.6093400e+04
   5.9905100e+00  -1.9257800e+00   6.0190600e+00   2.7927100e+00   5.4993100e+00   2.7367800e+00  -1.6097400e+04
   5.9902000e+00  -1.9262400e+00   6.0181300e+00   2.7957600e+00   5.4962700e+00   2.7335700e+00  -1.6094500e+04
   5.9907000e+00  -1.9249900e+00   6.0187700e+00   2.7949000e+00   5.4982600e+00   2.7389800e+00  -1.6095400e+04
   5.9899300e+00  -1.9236300e+00   6.0188100e+00   2.7883700e+00   5.5011900e+00   2.7307800e+00  -1.6096900e+04
   5.9899100e+00  -1.9240700e+00   6.0177900e+00   2.7921300e+00   5.4968300e+00   2.7343600e+00  -1.6100700e+04
   5.9901400e+00  -1.9238200e+00   6.0183300e+00   2.7943100e+00   5.4982900e+00   2.7352900e+00  -1.6092800e+04
   5.9903700e+00  -1.9250200e+00   6.0186700e+00   2.7909200e+00   5.4984200e+00   2.7391900e+00  -1.6093900e+04
   5.9900700e+00  -1.9245900e+00   6.0186100e+00   2.7927000e+00   5.4984900e+00   2.7347800e+00  -1.6094100e+04
   5.9904100e+00  -1.9249500e+00   6.0183500e+00   2.7940200e+00   5.4971600e+00   2.7353600e+00  -1.6093700e+04
   5.9904600e+00  -1.9250500e+00   6.0184200e+00   2.7937100e+00   5.4988700e+00   2.7438100e+00  -1.6095600e+04
   5.9902400e+00  -1.9219300e+00   6.0186500e+00   2.7939500e+00   5.4998000e+00   2.7443600e+00  -1.6095300e+04
   5.9899800e+00  -1.9220400e+00   6.0181000e+00   2.7966600e+00   5.4991200e+00   2.7479000e+00  -1.6100600e+04
   5.9902700e+00  -1.9198200e+00   6.0185800e+00   2.7954900e+00   5.4979200e+00   2.7502700e+00  -1.6098700e+04
   5.9903500e+00  -1.9197200e+00   6.0192500e+00   2.7911100e+00   5.5011800e+00   2.7476300e+00  -1.6097700e+04
   5.9902900e+00  -1.9210600e+00   6.0186300e+00   2.7952500e+00   5.4990200e+00   2.7481800e+00  -1.6095300e+04
   5.9902000e+00  -1.9216800e+00   6.0186600e+00   2.7909100e+00   5.5000700e+00   2.7493000e+00  -1.6096600e+04
   5.9902600e+00  -1.9212300e+00   6.0184300e+00   2.7946000e+00   5.4983600e+00   2.7401500e+00  -1.6094100e+04
   5.9901900e+00  -1.9231800e+00   6.0184800e+00   2.7956100e+00   5.4986000e+00   2.7402000e+00  -1.6093500e+04
   5.9905900e+00  -1.9205200e+00   6.0191900e+00   2.7907900e+00   5.4989400e+00   2.7379900e+00  -1.6097100e+04
   5.9905300e+00  -1.9195200e+00   6.0183900e+00   2.7978400e+00   5.4982200e+00   2.7369100e+00  -1.6096400e+04
   5.9905700e+00  -1.9186300e+00   6.0189900e+00   2.7937800e+00   5.4991300e+00   2.7403200e+00  -1.6094800e+04
   5.9903000e+00  -1.9183200e+00   6.0185700e+00   2.7976300e+00   5.4985300e+00   2.7432300e+00  -1.6096100e+04
   5.9901800e+00  -1.9163600e+00   6.0195000e+00   2.7879700e+00   5.5022100e+00   2.7440900e+00  -1.6100400e+04
   5.9905600e+00  -1.9185500e+00   6.0184300e+00   2.8013800e+00   5.4979600e+00   2.7416100e+00  -1.6097500e+04
   5.9907500e+00  -1.9201500e+00   6.0190500e+00   2.7943700e+00   5.4981400e+00   2.7440800e+00  -1.6098100e+04
   5.9905300e+00  -1.9193300e+00   6.0189800e+00   2.7953300e+00   5.4998900e+00   2.7453200e+00  -1.6096300e+04
   5.9905800e+00  -1.9207500e+00   6.0186700e+00   2.7974000e+00   5.4988500e+00   2.7485700e+00  -1.6096300e+04
   5.9904500e+00  -1.9205600e+00   6.0189100e+00   2.7961800e+00   5.4989300e+00   2.7443600e+00  -1.6095800e+04
   5.9903600e+00  -1.9218800e+00   6.0191200e+00   2.7894500e+00   5.5001300e+00   2.7467600e+00  -1.6096000e+04
   5.9904700e+00  -1.9198800e+00   6.0190100e+00   2.7909000e+00   5.5004900e+00   2.7439100e+00  -1.6095900e+04
   5.9904500e+00  -1.9199200e+00   6.0187300e+00   2.7982900e+00   5.4979600e+00   2.7427100e+00  -1.6095900e+04
   5.9906300e+00  -1.9199100e+00   6.0191100e+00   2.7904100e+00   5.5000700e+00   2.7381500e+00  -1.6095400e+04
   5.9904600e+00  -1.9200700e+00   6.0190500e+00   2.7902400e+00   5.4981000e+00   2.7339300e+00  -1.6099700e+04
   5.9898900e+00  -1.9194400e+00   6.0185200e+00   2.7927000e+00   5.4991700e+00   2.7305200e+00  -1.6095100e+04
   5.9905900e+00  -1.9181500e+00   6.0191100e+00   2.7942100e+00   5.5000100e+00   2.7321200e+00  -1.6095000e+04
   5.9900700e+00  -1.9189600e+00   6.0193000e+00   2.7858600e+00   5.5025300e+00   2.7354500e+00  -1.6099100e+04
   5.9899800e+00  -1.9205300e+00   6.0194000e+00   2.7861900e+00   5.5017300e+00   2.7364600e+00  -1.6099700e+04
   5.9903600e+00  -1.9219300e+00   6.0188300e+00   2.7946900e+00   5.4974200e+00   2.7343300e+00  -1.6098000e+04
   5.9900300e+00  -1.9215700e+00   6.0182400e+00   2.7978800e+00   5.4974200e+00   2.7329700e+00  -1.6094300e+04
   5.9900600e+00  -1.9239500e+00   6.0182400e+00   2.7928400e+00   5.4985400e+00   2.7348100e+00  -1.6093900e+04
   5.9901200e+00  -1.9232900e+00   6.0184700e+00   2.7943800e+00   5.4992500e+00   2.7369500e+00  -1.6094100e+04
   5.9901200e+00  -1.9212400e+00   6.0184200e+00   2.7978300e+00   5.4978300e+00   2.7334400e+00  -1.6094000e+04
   5.9905400e+00  -1.9210500e+00   6.0186300e+00   2.7943200e+00   5.4982700e+00   2.7349000e+00  -1.6093500e+04
   5.9902800e+00  -1.9199700e+00   6.0185000e+00   2.7938300e+00   5.4984800e+00   2.7348000e+00  -1.6093900e+04
   5.9904900e+00  -1.9226100e+00   6.0189200e+00   2.7924600e+00   5.4995500e+00   2.7419100e+00  -1.6094200e+04
   5.9902700e+00  -1.9228700e+00   6.0188500e+00   2.7952000e+00   5.4992500e+00   2.7382700e+00  -1.6095400e+04
   5.9904400e+00  -1.9223400e+00   6.0188900e+00   2.7936000e+00   5.4993700e+00   2.7394100e+00  -1.6094000e+04
   5.9903300e+00  -1.9209000e+00   6.0184600e+00   2.7944300e+00   5.4982000e+00   2.7351300e+00  -1.6093400e+04
   5.9898400e+00  -1.9185100e+00   6.0186200e+00   2.7938400e+00   5.5005700e+00   2.7326000e+00  -1.6098900e+04
   5.9902500e+00  -1.9184900e+00   6.0193700e+00   2.7865500e+00   5.5014900e+00   2.7283900e+00  -1.6095800e+04
   5.9903800e+00  -1.9182900e+00   6.0191200e+00   2.7888100e+00   5.4997700e+00   2.7228600e+00  -1.6093500e+04
   5.9904900e+00  -1.9196200e+00   6.0185200e+00   2.7954500e+00   5.4982600e+00   2.7242900e+00  -1.6093300e+04
   5.9903600e+00  -1.9211300e+00   6.0188800e+00   2.7939800e+00   5.4989300e+00   2.7251100e+00  -1.6092900e+04
   5.9903300e+00  -1.9231200e+00   6.0182300e+00   2.8012600e+00   5.4963500e+00   2.7212400e+00  -1.6093800e+04
   5.9905100e+00  -1.9230300e+00   6.0184200e+00   2.7977200e+00   5.4971900e+00   2.7294000e+00  -1.6092900e+04
   5.9902000e+00  -1.9222100e+00   6.0182800e+00   2.7968900e+00   5.4975400e+00   2.7241800e+00  -1.6092000e+04
   5.9902400e+00  -1.9224700e+00   6.0184500e+00   2.7906700e+00   5.4986800e+00   2.7146300e+00  -1.6093600e+04
   5.9898800e+00  -1.9211500e+00   6.0182000e+00   2.7992800e+00   5.4980100e+00   2.7239500e+00  -1.6095400e+04
   5.9899800e+00  -1.9212100e+00   6.0182500e+00   2.7932700e+00   5.4983300e+00   2.7202700e+00  -1.6093200e+04
   5.9904700e+00  -1.9207700e+00   6.0189500e+00   2.7917300e+00   5.4996800e+00   2.7175000e+00  -1.6093900e+04
   5.9901900e+00  -1.9211700e+00   6.0184400e+00   2.7983200e+00   5.4977200e+00   2.7174700e+00  -1.6092500e+04
   5.9899100e+00  -1.9217900e+00   6.0179000e+00   2.7982500e+00   5.4970200e+00   2.7190300e+00  -1.6094100e+04
   5.9899900e+00  -1.9211000e+00   6.0185300e+00   2.7960600e+00   5.4985500e+00   2.7270800e+00  -1.6093900e+04
   5.9901900e+00  -1.9207700e+00   6.0184700e+00   2.7963900e+00   5.4979600e+00   2.7309400e+00  -1.6092800e+04
   5.9903100e+00  -1.9194500e+00   6.0184600e+00   2.7998200e+00   5.4982000e+00   2.7330400e+00  -1.6094600e+04
   5.9902700e+00  -1.9170400e+00   6.0189500e+00   2.7927700e+00   5.4997100e+00   2.7340600e+00  -1.6094400e+04
   5.9901800e+00  -1.9171900e+00   6.0190300e+00   2.7936900e+00   5.5013400e+00   2.7317000e+00  -1.6098800e+04
   5.9902000e+00  -1.9155800e+00   6.0195200e+00   2.7850100e+00   5.5013200e+00   2.7301600e+00  -1.6098800e+04
   5.9904700e+00  -1.9178300e+00   6.0191300e+00   2.7963400e+00   5.4997300e+00   2.7275700e+00  -1.6095700e+04
   5.9901800e+00  -1.9169000e+00   6.0184200e+00   2.7999200e+00   5.4985600e+00   2.7221300e+00  -1.6095500e+04
   5.9904600e+00  -1.9168000e+00   6.0185500e+00   2.7971100e+00   5.4968600e+00   2.7174400e+00  -1.6093500e+04
   5.9904200e+00  -1.9166800e+00   6.0192000e+00   2.7949700e+00   5.4991100e+00   2.7198200e+00  -1.6094800e+04
   5.9905700e+00  -1.9172700e+00   6.0184500e+00   2.7984800e+00   5.4977300e+00   2.7220500e+00  -1.6094400e+04
   5.9903800e+00  -1.9166400e+00   6.0189300e+00   2.7942600e+00   5.4995300e+00   2.7269600e+00  -1.6093200e+04
   5.9905000e+00  -1.9175600e+00   6.0193100e+00   2.7899700e+00   5.5000800e+00   2.7220700e+00  -1.6094000e+04
   5.9903800e+00  -1.9188200e+00   6.0187700e+00   2.7983600e+00   5.4990400e+00   2.7286300e+00  -1.6094800e+04
   5.9905400e+00  -1.9194400e+00   6.0186400e+00   2.7956200e+00   5.4982900e+00   2.7261700e+00  -1.6092900e+04
   5.9903500e+00  -1.9198900e+00   6.0186100e+00   2.7969800e+00   5.4979800e+00   2.7348400e+00  -1.6093500e+04
   5.9904300e+00  -1.9196800e+00   6.0184700e+00   2.7946200e+00   5.4981200e+00   2.7324400e+00  -1.6094100e+04
   5.9898500e+00  -1.9200400e+00   6.0189400e+00   2.7892600e+00   5.5012400e+00   2.7333900e+00  -1.6097500e+04
   5.9901800e+00  -1.9200400e+00   6.0187700e+00   2.7965700e+00   5.4992900e+00   2.7275700e+00  -1.6094600e+04
   5.9903400e+00  -1.9199700e+00   6.0187400e+00   2.7934900e+00   5.4994400e+00   2.7245500e+00  -1.6093000e+04
   5.9903400e+00  -1.9190100e+00   6.0186600e+00   2.7984500e+00   5.4990800e+00   2.7302500e+00  -1.6095200e+04
   5.9905900e+00  -1.9185200e+00   6.0187100e+00   2.7917700e+00   5.4982900e+00   2.7253700e+00  -1.6095200e+04
   5.9902500e+00  -1.9198200e+00   6.0183000e+00   2.7951800e+00   5.4980800e+00   2.7258700e+00  -1.6093700e+04
   5.9897900e+00  -1.9209300e+00   6.0186000e+00   2.7946500e+00   5.4985200e+00   2.7250800e+00  -1.6096900e+04
   5.9899000e+00  -1.9233000e+00   6.0187100e+00   2.7899300e+00   5.4993900e+00   2.7283000e+00  -1.6094500e+04
   5.9901500e+00  -1.9252400e+00   6.0184200e+00   2.7923800e+00   5.4977600e+00   2.7231800e+00  -1.6092500e+04
   5.9904400e+00  -1.9243900e+00   6.0182700e+00   2.7956000e+00   5.4955800e+00   2.7160700e+00  -1.6095900e+04
   5.9901100e+00  -1.9233700e+00   6.0179400e+00   2.7993200e+00   5.4968800e+00   2.7222500e+00  -1.6093400e+04
   5.9900800e+00  -1.9235600e+00   6.0188000e+00   2.7911800e+00   5.4984400e+00   2.7230400e+00  -1.6095300e+04
   5.9901300e+00  -1.9227900e+00   6.0179800e+00   2.8000100e+00   5.4973000e+00   2.7233100e+00  -1.6094500e+04
   5.9903500e+00  -1.9234400e+00   6.0183600e+00   2.8004900e+00   5.4964800e+00   2.7254400e+00  -1.6094600e+04
   5.9903300e+00  -1.9245400e+00   6.0186400e+00   2.7908000e+00   5.4998200e+00   2.7212400e+00  -1.6096300e+04
   5.9901300e+00  -1.9285900e+00   6.0177000e+00   2.7966400e+00   5.4963000e+00   2.7203600e+00  -1.6095200e+04
   5.9903300e+00  -1.9289000e+00   6.0184400e+00   2.7916300e+00   5.4973500e+00   2.7275400e+00  -1.6094900e+04
   5.9900500e+00  -1.9272100e+00   6.0179500e+00   2.7998100e+00   5.4964800e+00   2.7306900e+00  -1.6094400e+04
   5.9902400e+00  -1.9272800e+00   6.0187900e+00   2.7888900e+00   5.4999000e+00   2.7367100e+00  -1.6094800e+04
   5.9900200e+00  -1.9259600e+00   6.0180700e+00   2.7942800e+00   5.4993100e+00   2.7386400e+00  -1.6098900e+04
   5.9900400e+00  -1.9264300e+00   6.0182800e+00   2.7926200e+00   5.4977700e+00   2.7439600e+00  -1.6094800e+04
   5.9900600e+00  -1.9247300e+00   6.0186500e+00   2.7894300e+00   5.4990900e+00   2.7409200e+00  -1.6094700e+04
   5.9900200e+00  -1.9237200e+00   6.0185300e+00   2.7917700e+00   5.5002600e+00   2.7384100e+00  -1.6096200e+04
   5.9898900e+00  -1.9231300e+00   6.0184200e+00   2.7930800e+00   5.4981300e+00   2.7364700e+00  -1.6095800e+04
   5.9902000e+00  -1.9207300e+00   6.0190500e+00   2.7910300e+00   5.5001300e+00   2.7310600e+00  -1.6094200e+04
   5.9900200e+00  -1.9203700e+00   6.0186300e+00   2.7931900e+00   5.4983700e+00   2.7246900e+00  -1.6093600e+04
   5.9905700e+00  -1.9193900e+00   6.0180900e+00   2.7984500e+00   5.4967100e+00   2.7194500e+00  -1.6097000e+04
   5.9903700e+00  -1.9188600e+00   6.0184900e+00   2.7993500e+00   5.4969900e+00   2.7211000e+00  -1.6092800e+04
   5.9904000e+00  -1.9193600e+00   6.0189600e+00   2.7930100e+00   5.4991200e+00   2.7234100e+00  -1.6092400e+04
   5.9900700e+00  -1.9205800e+00   6.0187700e+00   2.7860400e+00   5.5003100e+00   2.7206100e+00  -1.6095500e+04
   5.9904000e+00  -1.9183300e+00   6.0194300e+00   2.7854600e+00   5.5017300e+00   2.7169500e+00  -1.6096800e+04
   5.9900000e+00  -1.9165700e+00   6.0188100e+00   2.7959900e+00   5.4983800e+00   2.7108600e+00  -1.6094500e+04
   5.9899400e+00  -1.9143600e+00   6.0188800e+00   2.7945100e+00   5.4998900e+00   2.7115600e+00  -1.6094500e+04
   5.9903700e+00  -1.9144100e+00   6.0181800e+00   2.7966900e+00   5.4967900e+00   2.7063700e+00  -1.6097300e+04
   5.9902000e+00  -1.9138600e+00   6.0189600e+00   2.7967500e+00   5.4990600e+00   2.6995900e+00  -1.6092900e+04
   5.9902800e+00  -1.9136800e+00   6.0192500e+00   2.7920800e+00   5.4994700e+00   2.6974100e+00  -1.6092700e+04
   5.9902600e+00  -1.9142400e+00   6.0189300e+00   2.7932200e+00   5.4991800e+00   2.6962600e+00  -1.6091400e+04
   5.9901400e+00  -1.9130500e+00   6.0183500e+00   2.8001700e+00   5.4966100e+00   2.7008900e+00  -1.6093300e+04
   5.9901700e+00  -1.9140500e+00   6.0189100e+00   2.7942400e+00   5.4984100e+00   2.6930100e+00  -1.6091500e+04
   5.9904500e+00  -1.9158200e+00   6.0189700e+00   2.7929500e+00   5.4978600e+00   2.6927900e+00  -1.6093000e+04
   5.9900600e+00  -1.9169800e+00   6.0185400e+00   2.7946400e+00   5.4981900e+00   2.6914400e+00  -1.6091600e+04
   5.9899800e+00  -1.9165500e+00   6.0186000e+00   2.7961800e+00   5.4980000e+00   2.6892000e+00  -1.6092400e+04
   5.9901000e+00  -1.9164300e+00   6.0185800e+00   2.7912400e+00   5.4984400e+00   2.6881400e+00  -1.6092700e+04
   5.9901600e+00  -1.9146800e+00   6.0187200e+00   2.7924600e+00   5.4985400e+00   2.6948800e+00  -1.6091400e+04
   5.9899700e+00  -1.9156400e+00   6.0183200e+00   2.7981000e+00   5.4971200e+00   2.6920400e+00  -1.6091900e+04
   5.9901000e+00  -1.9152200e+00   6.0182900e+00   2.7983400e+00   5.4974600e+00   2.6939500e+00  -1.6092300e+04
   5.9899100e+00  -1.9173600e+00   6.0182200e+00   2.7962600e+00   5.4974900e+00   2.6963700e+00  -1.6092300e+04
   5.9900700e+00  -1.9166800e+00   6.0187800e+00   2.7924900e+00   5.4981500e+00   2.6973500e+00  -1.6092100e+04
   5.9902800e+00  -1.9190400e+00   6.0187900e+00   2.7920300e+00   5.4981000e+00   2.6983500e+00  -1.6092200e+04
   5.9897600e+00  -1.9191300e+00   6.0187600e+00   2.7926100e+00   5.4989100e+00   2.7008700e+00  -1.6095500e+04
   5.9902100e+00  -1.9186900e+00   6.0189400e+00   2.7927800e+00   5.4996800e+00   2.6969700e+00  -1.6094700e+04
   5.9902300e+00  -1.9189800e+00   6.0188600e+00   2.7931000e+00   5.4987500e+00   2.6968000e+00  -1.6092900e+04
   5.9902800e+00  -1.9182200e+00   6.0191800e+00   2.7869600e+00   5.4992000e+00   2.7049600e+00  -1.6095200e+04
   5.9903700e+00  -1.9190800e+00   6.0186800e+00   2.7975900e+00   5.4974800e+00   2.7067400e+00  -1.6092500e+04
   5.9901100e+00  -1.9211100e+00   6.0178500e+00   2.7987700e+00   5.4962900e+00   2.7056000e+00  -1.6093900e+04
   5.9901700e+00  -1.9203200e+00   6.0181300e+00   2.8001300e+00   5.4966200e+00   2.7063500e+00  -1.6092400e+04
   5.9902200e+00  -1.9205200e+00   6.0188500e+00   2.7907200e+00   5.4996900e+00   2.7085500e+00  -1.6093100e+04
   5.9899600e+00  -1.9202000e+00   6.0179800e+00   2.7969700e+00   5.4966400e+00   2.7093700e+00  -1.6093200e+04
   5.9904700e+00  -1.9210800e+00   6.0188900e+00   2.7929000e+00   5.4980000e+00   2.7070700e+00  -1.6094000e+04
   5.9899800e+00  -1.9205900e+00   6.0185600e+00   2.7890900e+00   5.5001600e+00   2.7074000e+00  -1.6096400e+04
   5.9899900e+00  -1.9192700e+00   6.0185100e+00   2.7911100e+00   5.4990000e+00   2.7033100e+00  -1.6092700e+04
   5.9899400e+00  -1.9193500e+00   6.0182700e+00   2.7966600e+00   5.4977500e+00   2.7074600e+00  -1.6092200e+04
   5.9900600e+00  -1.9183200e+00   6.0186300e+00   2.7924400e+00   5.4987900e+00   2.7069500e+00  -1.6091500e+04
   5.9901700e+00  -1.9174500e+00   6.0188600e+00   2.7948000e+00   5.4990200e+00   2.7023200e+00  -1.6092500e+04
   5.9900200e+00  -1.9173200e+00   6.0182000e+00   2.8004600e+00   5.4958200e+00   2.7039700e+00  -1.6094700e+04
   5.9899500e+00  -1.9165900e+00   6.0182000e+00   2.7944000e+00   5.4974100e+00   2.7061100e+00  -1.6094300e+04
   5.9902400e+00  -1.9165700e+00   6.0185900e+00   2.7986000e+00   5.4984000e+00   2.7005300e+00  -1.6093400e+04
   5.9900600e+00  -1.9166700e+00   6.0187100e+00   2.7902400e+00   5.4981500e+00   2.7014600e+00  -1.6093400e+04
   5.9904100e+00  -1.9167000e+00   6.0189500e+00   2.7892200e+00   5.4991000e+00   2.6961200e+00  -1.6093700e+04
   5.9903600e+00  -1.9159200e+00   6.0190600e+00   2.7934200e+00   5.4995000e+00   2.6943800e+00  -1.6093600e+04
   5.9902300e+00  -1.9160500e+00   6.0177000e+00   2.8034700e+00   5.4945200e+00   2.6950100e+00  -1.6097000e+04
   5.9903300e+00  -1.9158000e+00   6.0183800e+00   2.8009700e+00   5.4951600e+00   2.6957900e+00  -1.6095600e+04
   5.9902200e+00  -1.9155900e+00   6.0188700e+00   2.7952900e+00   5.4994900e+00   2.7054100e+00  -1.6092800e+04
   5.9902200e+00  -1.9167900e+00   6.0185500e+00   2.7974000e+00   5.4978800e+00   2.7039400e+00  -1.6091300e+04
   5.9901100e+00  -1.9162500e+00   6.0188200e+00   2.7933600e+00   5.4996700e+00   2.7078500e+00  -1.6092400e+04
   5.9903000e+00  -1.9174200e+00   6.0182300e+00   2.8017700e+00   5.4976300e+00   2.7123300e+00  -1.6095400e+04
   5.9903800e+00  -1.9182400e+00   6.0185500e+00   2.7987600e+00   5.4977700e+00   2.7130500e+00  -1.6092100e+04
   5.9899800e+00  -1.9176700e+00   6.0186600e+00   2.7928600e+00   5.4979800e+00   2.7161000e+00  -1.6094900e+04
   5.9901200e+00  -1.9179600e+00   6.0184100e+00   2.7898800e+00   5.4988800e+00   2.7151000e+00  -1.6096600e+04
   5.9899300e+00  -1.9173900e+00   6.0187500e+00   2.7924900e+00   5.4992400e+00   2.7128900e+00  -1.6092900e+04
   5.9901700e+00  -1.9161900e+00   6.0184400e+00   2.7989300e+00   5.4971100e+00   2.7179900e+00  -1.6093700e+04
   5.9899900e+00  -1.9179100e+00   6.0183800e+00   2.7974600e+00   5.4974200e+00   2.7118500e+00  -1.6092700e+04
   5.9903800e+00  -1.9167200e+00   6.0185000e+00   2.8011000e+00   5.4978400e+00   2.7189900e+00  -1.6093900e+04
   5.9901400e+00  -1.9173100e+00   6.0190800e+00   2.7931400e+00   5.4997900e+00   2.7188900e+00  -1.6094100e+04
   5.9904100e+00  -1.9177100e+00   6.0186800e+00   2.7963800e+00   5.4971900e+00   2.7184600e+00  -1.6093300e+04
   5.9900600e+00  -1.9183400e+00   6.0185300e+00   2.7958300e+00   5.4977300e+00   2.7140300e+00  -1.6092400e+04
   5.9903000e+00  -1.9179500e+00   6.0187200e+00   2.7941800e+00   5.4986600e+00   2.7174200e+00  -1.6091500e+04
   5.9903000e+00  -1.9171500e+00   6.0187600e+00   2.7952500e+00   5.4985000e+00   2.7145500e+00  -1.6091400e+04
   5.9901000e+00  -1.9168400e+00   6.0184300e+00   2.7959000e+00   5.4971500e+00   2.7132600e+00  -1.6093400e+04
   5.9903400e+00  -1.9178900e+00   6.0183900e+00   2.7955400e+00   5.4970200e+00   2.7145600e+00  -1.6092900e+04
   5.9903200e+00  -1.9186600e+00   6.0186300e+00   2.7902400e+00   5.4989100e+00   2.7153200e+00  -1.6094000e+04
   5.9903300e+00  -1.9193300e+00   6.0189500e+00   2.7896200e+00   5.4997800e+00   2.7164300e+00  -1.6092700e+04
   5.9901300e+00  -1.9188600e+00   6.0184000e+00   2.7943900e+00   5.4974800e+00   2.7167500e+00  -1.6092600e+04
   5.9906500e+00  -1.9195000e+00   6.0189500e+00   2.7959100e+00   5.4979200e+00   2.7076200e+00  -1.6094700e+04
   5.9901500e+00  -1.9210700e+00   6.0182500e+00   2.7952200e+00   5.4976700e+00   2.7099000e+00  -1.6092000e+04
   5.9900900e+00  -1.9206500e+00   6.0182300e+00   2.7948300e+00   5.4974400e+00   2.7051100e+00  -1.6091800e+04
   5.9902100e+00  -1.9198600e+00   6.0180600e+00   2.8013200e+00   5.4955400e+00   2.7029400e+00  -1.6093000e+04
   5.9902200e+00  -1.9200900e+00   6.0186600e+00   2.7954100e+00   5.4974300e+00   2.7029100e+00  -1.6092700e+04
   5.9900400e+00  -1.9208800e+00   6.0179700e+00   2.7962400e+00   5.4967500e+00   2.6994800e+00  -1.6093400e+04
   5.9903300e+00  -1.9209300e+00   6.0183800e+00   2.7993500e+00   5.4972800e+00   2.7039300e+00  -1.6093600e+04
   5.9902100e+00  -1.9211700e+00   6.0185400e+00   2.7944700e+00   5.4970900e+00   2.7024900e+00  -1.6092700e+04
   5.9902000e+00  -1.9216000e+00   6.0176800e+00   2.8044900e+00   5.4936100e+00   2.7021100e+00  -1.6097300e+04
   5.9898700e+00  -1.9209200e+00   6.0178300e+00   2.7949000e+00   5.4968100e+00   2.6991900e+00  -1.6095300e+04
   5.9904500e+00  -1.9203200e+00   6.0179200e+00   2.7982300e+00   5.4955400e+00   2.6902700e+00  -1.6097500e+04
   5.9900500e+00  -1.9194300e+00   6.0184800e+00   2.7944500e+00   5.4974100e+00   2.6872900e+00  -1.6092600e+04
   5.9901100e+00  -1.9194600e+00   6.0185600e+00   2.7934600e+00   5.4971600e+00   2.6833900e+00  -1.6093900e+04
   5.9903000e+00  -1.9176400e+00   6.0186700e+00   2.7956900e+00   5.4975500e+00   2.6860600e+00  -1.6092900e+04
   5.9900800e+00  -1.9173200e+00   6.0187400e+00   2.7893100e+00   5.4985800e+00   2.6891700e+00  -1.6092900e+04
   5.9902900e+00  -1.9171900e+00   6.0186500e+00   2.7960200e+00   5.4975700e+00   2.6921300e+00  -1.6091700e+04
   5.9897900e+00  -1.9158000e+00   6.0183500e+00   2.7980600e+00   5.4981400e+00   2.6902200e+00  -1.6094300e+04
   5.9899900e+00  -1.9186600e+00   6.0182700e+00   2.7920700e+00   5.4974200e+00   2.6889800e+00  -1.6093500e+04
   5.9902500e+00  -1.9186100e+00   6.0184200e+00   2.7995500e+00   5.4967100e+00   2.6944100e+00  -1.6092700e+04
   5.9904700e+00  -1.9184000e+00   6.0180500e+00   2.8019200e+00   5.4949000e+00   2.6973200e+00  -1.6094500e+04
   5.9904600e+00  -1.9165600e+00   6.0185100e+00   2.7944400e+00   5.4976300e+00   2.6970900e+00  -1.6093400e+04
   5.9898700e+00  -1.9159300e+00   6.0187200e+00   2.7947500e+00   5.4995700e+00   2.6938200e+00  -1.6094700e+04
   5.9902600e+00  -1.9156700e+00   6.0185100e+00   2.7998500e+00   5.4969300e+00   2.6896900e+00  -1.6092200e+04
   5.9903300e+00  -1.9168900e+00   6.0187500e+00   2.7962200e+00   5.4969800e+00   2.6899900e+00  -1.6093300e+04
   5.9901300e+00  -1.9188200e+00   6.0185900e+00   2.7938200e+00   5.4979600e+00   2.6883700e+00  -1.6092500e+04
   5.9895800e+00  -1.9165700e+00   6.0183100e+00   2.7897200e+00   5.4990100e+00   2.6864500e+00  -1.6096700e+04
   5.9902600e+00  -1.9169600e+00   6.0181000e+00   2.7988500e+00   5.4960600e+00   2.6866300e+00  -1.6093400e+04
   5.9901000e+00  -1.9156500e+00   6.0181400e+00   2.8069500e+00   5.4952300e+00   2.6893900e+00  -1.6098000e+04
   5.9903900e+00  -1.9153700e+00   6.0188100e+00   2.7957800e+00   5.4969500e+00   2.6917400e+00  -1.6093200e+04
   5.9902300e+00  -1.9166000e+00   6.0187000e+00   2.7942900e+00   5.4990500e+00   2.6914800e+00  -1.6093700e+04
   5.9900300e+00  -1.9173800e+00   6.0183500e+00   2.7937200e+00   5.4973300e+00   2.6942300e+00  -1.6092100e+04
   5.9901000e+00  -1.9187800e+00   6.0182400e+00   2.7971700e+00   5.4972100e+00   2.6884500e+00  -1.6092900e+04
   5.9903500e+00  -1.9185600e+00   6.0181800e+00   2.7986500e+00   5.4951800e+00   2.6866400e+00  -1.6094500e+04
   5.9903000e+00  -1.9176800e+00   6.0183700e+00   2.7946600e+00   5.4977400e+00   2.6949100e+00  -1.6093600e+04
   5.9901500e+00  -1.9176800e+00   6.0184000e+00   2.7988400e+00   5.4973500e+00   2.6932100e+00  -1.6092400e+04
   5.9898200e+00  -1.9180900e+00   6.0182600e+00   2.7960900e+00   5.4970000e+00   2.6947900e+00  -1.6093000e+04
   5.9903500e+00  -1.9185400e+00   6.0185500e+00   2.7963600e+00   5.4974500e+00   2.6941500e+00  -1.6092200e+04
   5.9906000e+00  -1.9180400e+00   6.0192400e+00   2.7922800e+00   5.4983000e+00   2.6895400e+00  -1.6098100e+04
   5.9902000e+00  -1.9172200e+00   6.0187600e+00   2.7935300e+00   5.4979100e+00   2.6914300e+00  -1.6091900e+04
   5.9901000e+00  -1.9179800e+00   6.0181900e+00   2.7986800e+00   5.4972100e+00   2.6910900e+00  -1.6093200e+04
   5.9898700e+00  -1.9190300e+00   6.0186100e+00   2.7924300e+00   5.4979600e+00   2.6900000e+00  -1.6093400e+04
   5.9900100e+00  -1.9196700e+00   6.0182800e+00   2.7952300e+00   5.4975000e+00   2.6885300e+00  -1.6092800e+04
   5.9895500e+00  -1.9203400e+00   6.0180800e+00   2.7949800e+00   5.4984600e+00   2.6845100e+00  -1.6098700e+04
   5.9904300e+00  -1.9206400e+00   6.0182700e+00   2.7979500e+00   5.4952000e+00   2.6873600e+00  -1.6096100e+04
   5.9899000e+00  -1.9207200e+00   6.0180400e+00   2.7957200e+00   5.4955900e+00   2.6809000e+00  -1.6095300e+04
   5.9900400e+00  -1.9211300e+00   6.0180400e+00   2.7989700e+00   5.4968100e+00   2.6809800e+00  -1.6097200e+04
   5.9895500e+00  -1.9205600e+00   6.0185900e+00   2.7879000e+00   5.4995000e+00   2.6885500e+00  -1.6096800e+04
   5.9899400e+00  -1.9204500e+00   6.0181400e+00   2.7928700e+00   5.4967100e+00   2.6971200e+00  -1.6093800e+04
   5.9898600e+00  -1.9209900e+00   6.0182300e+00   2.7926100e+00   5.4979200e+00   2.7015700e+00  -1.6092700e+04
   5.9899200e+00  -1.9209100e+00   6.0184800e+00   2.7908200e+00   5.4978400e+00   2.7025400e+00  -1.6093100e+04
   5.9901400e+00  -1.9199700e+00   6.0183700e+00   2.7952000e+00   5.4977900e+00   2.7004300e+00  -1.6091700e+04
   5.9902500e+00  -1.9198200e+00   6.0184100e+00   2.7944700e+00   5.4969300e+00   2.7079000e+00  -1.6092200e+04
   5.9904000e+00  -1.9190500e+00   6.0185100e+00   2.8048300e+00   5.4960600e+00   2.7038000e+00  -1.6099000e+04
   5.9902700e+00  -1.9196400e+00   6.0182700e+00   2.7944000e+00   5.4973700e+00   2.7049500e+00  -1.6092900e+04
   5.9900100e+00  -1.9192100e+00   6.0183100e+00   2.7940600e+00   5.4975700e+00   2.7075300e+00  -1.6092000e+04
   5.9904900e+00  -1.9195800e+00   6.0190700e+00   2.7916000e+00   5.4986500e+00   2.7065400e+00  -1.6094000e+04
   5.9900900e+00  -1.9210100e+00   6.0186800e+00   2.7937400e+00   5.4979100e+00   2.7050000e+00  -1.6093100e+04
   5.9902300e+00  -1.9195000e+00   6.0183500e+00   2.8014500e+00   5.4964600e+00   2.7135100e+00  -1.6093800e+04
   5.9904800e+00  -1.9202000e+00   6.0191300e+00   2.7913800e+00   5.5004900e+00   2.7171700e+00  -1.6096100e+04
   5.9901300e+00  -1.9201300e+00   6.0190600e+00   2.7909900e+00   5.4989600e+00   2.7092900e+00  -1.6095300e+04
   5.9905700e+00  -1.9209200e+00   6.0186100e+00   2.7963700e+00   5.4976700e+00   2.7097500e+00  -1.6093500e+04
   5.9901300e+00  -1.9182100e+00   6.0180900e+00   2.8020400e+00   5.4968500e+00   2.7118100e+00  -1.6093900e+04
   5.9902400e+00  -1.9204100e+00   6.0184700e+00   2.7981900e+00   5.4979300e+00   2.7080400e+00  -1.6092900e+04
   5.9907300e+00  -1.9194800e+00   6.0190000e+00   2.7932400e+00   5.4979900e+00   2.7085400e+00  -1.6095100e+04
   5.9903700e+00  -1.9194500e+00   6.0188900e+00   2.7935200e+00   5.4984600e+00   2.7182200e+00  -1.6092300e+04
   5.9901500e+00  -1.9181400e+00   6.0183900e+00   2.7933500e+00   5.4972200e+00   2.7107600e+00  -1.6093400e+04
   5.9902200e+00  -1.9195900e+00   6.0188700e+00   2.7926300e+00   5.4991700e+00   2.7162100e+00  -1.6092000e+04
   5.9902500e+00  -1.9195400e+00   6.0180000e+00   2.7949900e+00   5.4977600e+00   2.7150700e+00  -1.6099100e+04
   5.9904200e+00  -1.9209500e+00   6.0183700e+00   2.7948900e+00   5.4981500e+00   2.7108600e+00  -1.6094600e+04
   5.9903500e+00  -1.9214300e+00   6.0191200e+00   2.7903000e+00   5.4992400e+00   2.7142100e+00  -1.6094700e+04
   5.9905700e+00  -1.9200000e+00   6.0185100e+00   2.7921000e+00   5.4977300e+00   2.7118200e+00  -1.6095500e+04
   5.9900300e+00  -1.9201400e+00   6.0185500e+00   2.7905600e+00   5.4984400e+00   2.7067400e+00  -1.6092100e+04
   5.9899100e+00  -1.9221800e+00   6.0180300e+00   2.7959900e+00   5.4956100e+00   2.7047300e+00  -1.6095600e+04
   5.9902300e+00  -1.9232400e+00   6.0184400e+00   2.7952100e+00   5.4982300e+00   2.7065000e+00  -1.6093900e+04
   5.9900600e+00  -1.9227000e+00   6.0185600e+00   2.7877200e+00   5.4994200e+00   2.7103600e+00  -1.6094400e+04
   5.9902300e+00  -1.9226300e+00   6.0185100e+00   2.7947700e+00   5.4971400e+00   2.7116500e+00  -1.6092700e+04
   5.9900900e+00  -1.9217900e+00   6.0183600e+00   2.7939400e+00   5.4986300e+00   2.7139600e+00  -1.6092800e+04
   5.9900500e+00  -1.9203200e+00   6.0182800e+00   2.7961600e+00   5.4985500e+00   2.7111200e+00  -1.6093900e+04
   5.9900200e+00  -1.9200200e+00   6.0181500e+00   2.7971600e+00   5.4976100e+00   2.7148900e+00  -1.6092700e+04
   5.9898900e+00  -1.9201400e+00   6.0184100e+00   2.7925000e+00   5.4991600e+00   2.7192600e+00  -1.6093700e+04
   5.9903000e+00  -1.9203000e+00   6.0189000e+00   2.7885400e+00   5.4995200e+00   2.7260500e+00  -1.6093500e+04
   5.9903800e+00  -1.9203600e+00   6.0191500e+00   2.7914700e+00   5.5005700e+00   2.7194300e+00  -1.6095600e+04
   5.9900700e+00  -1.9201100e+00   6.0180700e+00   2.8008300e+00   5.4969300e+00   2.7224100e+00  -1.6094000e+04
   5.9902300e+00  -1.9195400e+00   6.0186900e+00   2.7952600e+00   5.4982500e+00   2.7172400e+00  -1.6091700e+04
   5.9904900e+00  -1.9190900e+00   6.0185400e+00   2.7962700e+00   5.4969000e+00   2.7141600e+00  -1.6092500e+04
   5.9901100e+00  -1.9177900e+00   6.0183700e+00   2.7981900e+00   5.4974400e+00   2.7131200e+00  -1.6092100e+04
   5.9905200e+00  -1.9169600e+00   6.0188200e+00   2.7963700e+00   5.4980300e+00   2.7117600e+00  -1.6091900e+04
   5.9906800e+00  -1.9175800e+00   6.0184400e+00   2.7954800e+00   5.4972100e+00   2.7159700e+00  -1.6096300e+04
   5.9903000e+00  -1.9164200e+00   6.0189500e+00   2.7892700e+00   5.4997400e+00   2.7145900e+00  -1.6093200e+04
   5.9901200e+00  -1.9174000e+00   6.0189200e+00   2.7927300e+00   5.4985000e+00   2.7172300e+00  -1.6094600e+04
   5.9902400e+00  -1.9186700e+00   6.0186500e+00   2.7976200e+00   5.4992400e+00   2.7191000e+00  -1.6094800e+04
   5.9906700e+00  -1.9190600e+00   6.0194200e+00   2.7929700e+00   5.4997000e+00   2.7161700e+00  -1.6097700e+04
   5.9903100e+00  -1.9187600e+00   6.0187700e+00   2.7893700e+00   5.4986900e+00   2.7152000e+00  -1.6093400e+04
   5.9901100e+00  -1.9194400e+00   6.0180800e+00   2.8012800e+00   5.4962400e+00   2.7102800e+00  -1.6092900e+04
   5.9898500e+00  -1.9209300e+00   6.0183100e+00   2.7992700e+00   5.4978000e+00   2.7101200e+00  -1.6095500e+04
   5.9901200e+00  -1.9204900e+00   6.0182700e+00   2.7939400e+00   5.4979600e+00   2.7044600e+00  -1.6092700e+04
   5.9900300e+00  -1.9207600e+00   6.0186500e+00   2.7902200e+00   5.4985200e+00   2.7017900e+00  -1.6092400e+04
   5.9899200e+00  -1.9204000e+00   6.0180700e+00   2.7974400e+00   5.4960300e+00   2.6978000e+00  -1.6093300e+04
   5.9902400e+00  -1.9195600e+00   6.0186900e+00   2.7966500e+00   5.4976900e+00   2.7003700e+00  -1.6093100e+04
   5.9901900e+00  -1.9191600e+00   6.0183400e+00   2.7980300e+00   5.4971000e+00   2.7014300e+00  -1.6091500e+04
   5.9902100e+00  -1.9191200e+00   6.0181300e+00   2.7980400e+00   5.4968400e+00   2.6981000e+00  -1.6092700e+04
   5.9899600e+00  -1.9188900e+00   6.0188700e+00   2.7876700e+00   5.4994000e+00   2.7012600e+00  -1.6093400e+04
   5.9900500e+00  -1.9165100e+00   6.0184800e+00   2.7972100e+00   5.4961700e+00   2.7010800e+00  -1.6096200e+04
   5.9903100e+00  -1.9167200e+00   6.0180500e+00   2.8002100e+00   5.4963500e+00   2.7043000e+00  -1.6094100e+04
   5.9902900e+00  -1.9173000e+00   6.0186400e+00   2.7958800e+00   5.4984500e+00   2.7053500e+00  -1.6091600e+04
   5.9905200e+00  -1.9166400e+00   6.0183100e+00   2.8043600e+00   5.4971700e+00   2.7108000e+00  -1.6096900e+04
   5.9901400e+00  -1.9159300e+00   6.0188400e+00   2.7947900e+00   5.4982000e+00   2.7039200e+00  -1.6092300e+04
   5.9901900e+00  -1.9170800e+00   6.0191000e+00   2.7875000e+00   5.4985000e+00   2.7022700e+00  -1.6097100e+04
   5.9901000e+00  -1.9174400e+00   6.0181800e+00   2.8011100e+00   5.4970700e+00   2.7040100e+00  -1.6093100e+04
   5.9905300e+00  -1.9176800e+00   6.0188700e+00   2.7902200e+00   5.4983300e+00   2.7046500e+00  -1.6094000e+04
   5.9902900e+00  -1.9177000e+00   6.0188700e+00   2.7944200e+00   5.4979400e+00   2.7016700e+00  -1.6092400e+04
   5.9900500e+00  -1.9178200e+00   6.0185500e+00   2.7986600e+00   5.4973500e+00   2.7015300e+00  -1.6093400e+04
   5.9903000e+00  -1.9166700e+00   6.0186300e+00   2.7963400e+00   5.4973200e+00   2.6941500e+00  -1.6091400e+04
   5.9902900e+00  -1.9169400e+00   6.0182800e+00   2.7993700e+00   5.4970600e+00   2.6966300e+00  -1.6092600e+04
   5.9899800e+00  -1.9174800e+00   6.0182000e+00   2.7981400e+00   5.4979500e+00   2.7006700e+00  -1.6093900e+04
   5.9901900e+00  -1.9171600e+00   6.0190300e+00   2.7902500e+00   5.4997500e+00   2.7001300e+00  -1.6092400e+04
   5.9902900e+00  -1.9179700e+00   6.0188400e+00   2.7933700e+00   5.4983200e+00   2.7068000e+00  -1.6091600e+04
   5.9905000e+00  -1.9163900e+00   6.0192800e+00   2.7928800e+00   5.5000100e+00   2.7081800e+00  -1.6094300e+04
   5.9899800e+00  -1.9159500e+00   6.0186700e+00   2.7956500e+00   5.4985100e+00   2.7054900e+00  -1.6092300e+04
   5.9905000e+00  -1.9144100e+00   6.0191300e+00   2.7923600e+00   5.4984800e+00   2.7045600e+00  -1.6093100e+04
   5.9904900e+00  -1.9144100e+00   6.0188300e+00   2.7989100e+00   5.4971900e+00   2.7066200e+00  -1.6093200e+04
   5.9907400e+00  -1.9139100e+00   6.0191200e+00   2.7961100e+00   5.4971200e+00   2.7065400e+00  -1.6096900e+04
   5.9906800e+00  -1.9134200e+00   6.0193300e+00   2.7954900e+00   5.4986600e+00   2.7084800e+00  -1.6094800e+04
   5.9906900e+00  -1.9151800e+00   6.0194000e+00   2.7927900e+00   5.5000500e+00   2.7084900e+00  -1.6095300e+04
   5.9901300e+00  -1.9147500e+00   6.0187700e+00   2.7926400e+00   5.4992000e+00   2.7127400e+00  -1.6092600e+04
   5.9902600e+00  -1.9138200e+00   6.0185600e+00   2.7959400e+00   5.4983200e+00   2.7099300e+00  -1.6092900e+04
   5.9905200e+00  -1.9131700e+00   6.0186400e+00   2.8015200e+00   5.4985700e+00   2.7123600e+00  -1.6096800e+04
   5.9902800e+00  -1.9126800e+00   6.0189400e+00   2.7970200e+00   5.4992300e+00   2.7074800e+00  -1.6092800e+04
   5.9903600e+00  -1.9127700e+00   6.0191500e+00   2.7940400e+00   5.5003200e+00   2.7123400e+00  -1.6093800e+04
   5.9902700e+00  -1.9140400e+00   6.0188600e+00   2.7912500e+00   5.4994500e+00   2.7099800e+00  -1.6093200e+04
   5.9899600e+00  -1.9157600e+00   6.0185600e+00   2.7972600e+00   5.4973800e+00   2.7143000e+00  -1.6096100e+04
   5.9899600e+00  -1.9165000e+00   6.0190900e+00   2.7855600e+00   5.5010700e+00   2.7100300e+00  -1.6095200e+04
   5.9901500e+00  -1.9158300e+00   6.0188200e+00   2.7929700e+00   5.4989400e+00   2.7110300e+00  -1.6091700e+04
   5.9903900e+00  -1.9144900e+00   6.0192100e+00   2.7926400e+00   5.5003100e+00   2.7198100e+00  -1.6093600e+04
   5.9906000e+00  -1.9145200e+00   6.0183000e+00   2.8043500e+00   5.4956900e+00   2.7209200e+00  -1.6097100e+04
   5.9904900e+00  -1.9152300e+00   6.0187100e+00   2.7965500e+00   5.4982900e+00   2.7147300e+00  -1.6092500e+04
   5.9899500e+00  -1.9150400e+00   6.0188700e+00   2.7909300e+00   5.4997600e+00   2.7166100e+00  -1.6094400e+04
   5.9902300e+00  -1.9161500e+00   6.0186000e+00   2.7968100e+00   5.4990900e+00   2.7143400e+00  -1.6093700e+04
   5.9906400e+00  -1.9152100e+00   6.0184700e+00   2.8001700e+00   5.4967800e+00   2.7135900e+00  -1.6094000e+04
   5.9904300e+00  -1.9163500e+00   6.0195100e+00   2.7877800e+00   5.5018100e+00   2.7140000e+00  -1.6096900e+04
   5.9903200e+00  -1.9152600e+00   6.0186200e+00   2.8007700e+00   5.4975500e+00   2.7158400e+00  -1.6093600e+04
   5.9902600e+00  -1.9166800e+00   6.0186100e+00   2.7966900e+00   5.4976400e+00   2.7117300e+00  -1.6091600e+04
   5.9902700e+00  -1.9176700e+00   6.0183000e+00   2.7994200e+00   5.4965600e+00   2.7112500e+00  -1.6092200e+04
   5.9907400e+00  -1.9166300e+00   6.0186400e+00   2.7977100e+00   5.4963900e+00   2.7090800e+00  -1.6094800e+04
   5.9903100e+00  -1.9167200e+00   6.0186000e+00   2.7959800e+00   5.4977800e+00   2.7099800e+00  -1.6091200e+04
   5.9899700e+00  -1.9158700e+00   6.0189800e+00   2.7913000e+00   5.4998600e+00   2.7069300e+00  -1.6093000e+04
   5.9902700e+00  -1.9155100e+00   6.0188900e+00   2.7911900e+00   5.4987900e+00   2.7085300e+00  -1.6092200e+04
   5.9905800e+00  -1.9161500e+00   6.0191900e+00   2.7929700e+00   5.4992300e+00   2.7094300e+00  -1.6093100e+04
   5.9906800e+00  -1.9164100e+00   6.0187700e+00   2.7981600e+00   5.4967800e+00   2.7071700e+00  -1.6093800e+04
   5.9904800e+00  -1.9169000e+00   6.0185000e+00   2.8001000e+00   5.4958000e+00   2.7089400e+00  -1.6094800e+04
   5.9906100e+00  -1.9170000e+00   6.0188500e+00   2.8010800e+00   5.4972500e+00   2.7120700e+00  -1.6095400e+04
   5.9900900e+00  -1.9160400e+00   6.0186800e+00   2.7965600e+00   5.4987800e+00   2.7108300e+00  -1.6092400e+04
   5.9898500e+00  -1.9160300e+00   6.0183900e+00   2.8024200e+00   5.4974500e+00   2.7083000e+00  -1.6098100e+04
   5.9901000e+00  -1.9160100e+00   6.0184600e+00   2.7933500e+00   5.4979100e+00   2.7022500e+00  -1.6092300e+04
   5.9898700e+00  -1.9156400e+00   6.0189900e+00   2.7903700e+00   5.4997400e+00   2.7010900e+00  -1.6093600e+04
   5.9903800e+00  -1.9163300e+00   6.0190700e+00   2.7909900e+00   5.5001400e+00   2.7028700e+00  -1.6093700e+04
   5.9902100e+00  -1.9158700e+00   6.0185500e+00   2.7940300e+00   5.4980000e+00   2.7061800e+00  -1.6091800e+04
   5.9901800e+00  -1.9162700e+00   6.0188200e+00   2.7908000e+00   5.4995500e+00   2.7010700e+00  -1.6092300e+04
   5.9901800e+00  -1.9154700e+00   6.0189800e+00   2.7936600e+00   5.4991400e+00   2.7029500e+00  -1.6091900e+04
   5.9899900e+00  -1.9157600e+00   6.0188600e+00   2.7896000e+00   5.4994200e+00   2.7038300e+00  -1.6092600e+04
   5.9901200e+00  -1.9165800e+00   6.0181100e+00   2.8011100e+00   5.4956400e+00   2.7027300e+00  -1.6093700e+04
   5.9901900e+00  -1.9160100e+00   6.0182200e+00   2.7991500e+00   5.4965700e+00   2.7039700e+00  -1.6092400e+04
   5.9902300e+00  -1.9161600e+00   6.0187500e+00   2.7945800e+00   5.4990400e+00   2.7044700e+00  -1.6091700e+04
   5.9903100e+00  -1.9150400e+00   6.0189100e+00   2.7927100e+00   5.4987500e+00   2.7046200e+00  -1.6091300e+04
   5.9901600e+00  -1.9159300e+00   6.0188600e+00   2.7941200e+00   5.4981600e+00   2.7008500e+00  -1.6092100e+04
   5.9903600e+00  -1.9157400e+00   6.0183900e+00   2.7989800e+00   5.4974800e+00   2.7008400e+00  -1.6092700e+04
   5.9901900e+00  -1.9156000e+00   6.0189400e+00   2.7935900e+00   5.4983600e+00   2.6965400e+00  -1.6092100e+04
   5.9903500e+00  -1.9140800e+00   6.0190000e+00   2.7941400e+00   5.4996800e+00   2.6974600e+00  -1.6093100e+04
   5.9898000e+00  -1.9140000e+00   6.0187800e+00   2.7923600e+00   5.4993900e+00   2.7040500e+00  -1.6094100e+04
   5.9902400e+00  -1.9139800e+00   6.0185300e+00   2.7985200e+00   5.4981300e+00   2.7114100e+00  -1.6092900e+04
   5.9905300e+00  -1.9134100e+00   6.0194000e+00   2.7883000e+00   5.5005000e+00   2.7136800e+00  -1.6094600e+04
   5.9903400e+00  -1.9152600e+00   6.0188700e+00   2.7935400e+00   5.4993300e+00   2.7142400e+00  -1.6092200e+04
   5.9903200e+00  -1.9168000e+00   6.0188600e+00   2.7904100e+00   5.5000800e+00   2.7101300e+00  -1.6094400e+04
   5.9903000e+00  -1.9186500e+00   6.0188600e+00   2.7953800e+00   5.4982100e+00   2.7099400e+00  -1.6092600e+04
   5.9901100e+00  -1.9184800e+00   6.0191400e+00   2.7894300e+00   5.5010200e+00   2.7048900e+00  -1.6095800e+04
   5.9903600e+00  -1.9171000e+00   6.0188400e+00   2.7937200e+00   5.4972000e+00   2.7036500e+00  -1.6094300e+04
   5.9900800e+00  -1.9166200e+00   6.0189600e+00   2.7914400e+00   5.4995800e+00   2.7088000e+00  -1.6092200e+04
   5.9903400e+00  -1.9182300e+00   6.0190300e+00   2.7922300e+00   5.4994800e+00   2.7123000e+00  -1.6092300e+04
   5.9902500e+00  -1.9167000e+00   6.0182800e+00   2.7973400e+00   5.4961500e+00   2.7065300e+00  -1.6093700e+04
   5.9898400e+00  -1.9169100e+00   6.0187100e+00   2.7916000e+00   5.4993300e+00   2.7066500e+00  -1.6093000e+04
   5.9898200e+00  -1.9175700e+00   6.0184200e+00   2.7978700e+00   5.4983000e+00   2.6998500e+00  -1.6094300e+04
   5.9902700e+00  -1.9166000e+00   6.0186700e+00   2.7922100e+00   5.4986800e+00   2.6968600e+00  -1.6092400e+04
   5.9902000e+00  -1.9159700e+00   6.0187300e+00   2.7920200e+00   5.4992700e+00   2.6956300e+00  -1.6092900e+04
   5.9901200e+00  -1.9157700e+00   6.0188900e+00   2.7962200e+00   5.4992100e+00   2.6993600e+00  -1.6093700e+04
   5.9901400e+00  -1.9156400e+00   6.0179900e+00   2.8020400e+00   5.4964000e+00   2.6955500e+00  -1.6094300e+04
   5.9901900e+00  -1.9158700e+00   6.0187200e+00   2.7942100e+00   5.4983200e+00   2.6930500e+00  -1.6091100e+04
   5.9905000e+00  -1.9177000e+00   6.0181600e+00   2.8016500e+00   5.4959200e+00   2.6901800e+00  -1.6095100e+04
   5.9901700e+00  -1.9161200e+00   6.0180300e+00   2.7960800e+00   5.4965200e+00   2.6872900e+00  -1.6095800e+04
   5.9902300e+00  -1.9143100e+00   6.0182200e+00   2.8001000e+00   5.4960100e+00   2.6775900e+00  -1.6093000e+04
   5.9903300e+00  -1.9136200e+00   6.0182300e+00   2.8012800e+00   5.4952000e+00   2.6767500e+00  -1.6093900e+04
   5.9901800e+00  -1.9149800e+00   6.0188000e+00   2.7972400e+00   5.4981400e+00   2.6767600e+00  -1.6094900e+04
   5.9902400e+00  -1.9136900e+00   6.0189700e+00   2.7963100e+00   5.4981500e+00   2.6791300e+00  -1.6093800e+04
   5.9899100e+00  -1.9120600e+00   6.0185300e+00   2.7924100e+00   5.4990700e+00   2.6771500e+00  -1.6095300e+04
   5.9900800e+00  -1.9122700e+00   6.0193400e+00   2.7872400e+00   5.4993300e+00   2.6764400e+00  -1.6096100e+04
   5.9901500e+00  -1.9120200e+00   6.0184000e+00   2.7952800e+00   5.4964500e+00   2.6758000e+00  -1.6093800e+04
   5.9899900e+00  -1.9122100e+00   6.0184700e+00   2.7978900e+00   5.4968400e+00   2.6839700e+00  -1.6092500e+04
   5.9903000e+00  -1.9123600e+00   6.0194800e+00   2.7921500e+00   5.5000600e+00   2.6873300e+00  -1.6095400e+04
   5.9903400e+00  -1.9108800e+00   6.0193400e+00   2.7875500e+00   5.4994900e+00   2.6854300e+00  -1.6094500e+04
   5.9901200e+00  -1.9109600e+00   6.0186600e+00   2.7974700e+00   5.4978300e+00   2.6835900e+00  -1.6091300e+04
   5.9900200e+00  -1.9132600e+00   6.0184100e+00   2.7941000e+00   5.4987400e+00   2.6823100e+00  -1.6095700e+04
   5.9898900e+00  -1.9131900e+00   6.0187300e+00   2.7930900e+00   5.4986600e+00   2.6808200e+00  -1.6092100e+04
   5.9901500e+00  -1.9135200e+00   6.0193300e+00   2.7882400e+00   5.5010100e+00   2.6816100e+00  -1.6096200e+04
   5.9901700e+00  -1.9146800e+00   6.0182600e+00   2.7988300e+00   5.4960900e+00   2.6842600e+00  -1.6092300e+04
   5.9896800e+00  -1.9140500e+00   6.0185100e+00   2.7957200e+00   5.4991000e+00   2.6881800e+00  -1.6095400e+04
   5.9903500e+00  -1.9141400e+00   6.0191300e+00   2.7925100e+00   5.4980100e+00   2.6906800e+00  -1.6094200e+04
   5.9902400e+00  -1.9146400e+00   6.0187200e+00   2.7952000e+00   5.4975800e+00   2.6928100e+00  -1.6091300e+04
   5.9900700e+00  -1.9151900e+00   6.0186800e+00   2.7975000e+00   5.4978600e+00   2.6964700e+00  -1.6092200e+04
   5.9904600e+00  -1.9154500e+00   6.0185100e+00   2.7997200e+00   5.4972300e+00   2.7027600e+00  -1.6092100e+04
   5.9902800e+00  -1.9158800e+00   6.0188000e+00   2.7925600e+00   5.4982400e+00   2.7028100e+00  -1.6091500e+04
   5.9900800e+00  -1.9167700e+00   6.0190200e+00   2.7875400e+00   5.4995400e+00   2.6998300e+00  -1.6093200e+04
   5.9908600e+00  -1.9159700e+00   6.0187300e+00   2.7986700e+00   5.4976200e+00   2.6987600e+00  -1.6097200e+04
   5.9903400e+00  -1.9146200e+00   6.0190600e+00   2.7961400e+00   5.4986700e+00   2.7009000e+00  -1.6092900e+04
   5.9901900e+00  -1.9137600e+00   6.0183700e+00   2.7981100e+00   5.4975300e+00   2.7031800e+00  -1.6092800e+04
   5.9901500e+00  -1.9138600e+00   6.0186900e+00   2.7950600e+00   5.4976200e+00   2.7002700e+00  -1.6092200e+04
   5.9904100e+00  -1.9154400e+00   6.0187000e+00   2.7956900e+00   5.4977900e+00   2.7041100e+00  -1.6091300e+04
   5.9901300e+00  -1.9174900e+00   6.0191500e+00   2.7900600e+00   5.4994300e+00   2.7035400e+00  -1.6093800e+04
   5.9901200e+00  -1.9182200e+00   6.0184700e+00   2.8003400e+00   5.4975600e+00   2.7003200e+00  -1.6094000e+04
   5.9901100e+00  -1.9179700e+00   6.0187800e+00   2.7937300e+00   5.4983200e+00   2.7002400e+00  -1.6091900e+04
   5.9903500e+00  -1.9172900e+00   6.0186900e+00   2.7960400e+00   5.4975100e+00   2.6997500e+00  -1.6091500e+04
   5.9898400e+00  -1.9170300e+00   6.0182900e+00   2.7955900e+00   5.4968200e+00   2.7033300e+00  -1.6094800e+04
   5.9901200e+00  -1.9181900e+00   6.0187500e+00   2.7953200e+00   5.4982900e+00   2.7095700e+00  -1.6092300e+04
   5.9901700e+00  -1.9192800e+00   6.0184700e+00   2.7969300e+00   5.4973700e+00   2.7105300e+00  -1.6091500e+04
   5.9900300e+00  -1.9184300e+00   6.0185100e+00   2.7964400e+00   5.4980800e+00   2.7114700e+00  -1.6092000e+04
   5.9900400e+00  -1.9183600e+00   6.0184500e+00   2.7922900e+00   5.4987100e+00   2.7127600e+00  -1.6092800e+04
   5.9902000e+00  -1.9172200e+00   6.0190800e+00   2.7890200e+00   5.4987500e+00   2.7102600e+00  -1.6095200e+04
   5.9901900e+00  -1.9172200e+00   6.0184400e+00   2.7938900e+00   5.4987200e+00   2.7128700e+00  -1.6093600e+04
   5.9903700e+00  -1.9182400e+00   6.0185100e+00   2.7964300e+00   5.4987600e+00   2.7099300e+00  -1.6094500e+04
   5.9904100e+00  -1.9177800e+00   6.0183500e+00   2.7934100e+00   5.4973000e+00   2.7089200e+00  -1.6095200e+04
   5.9901200e+00  -1.9167300e+00   6.0184400e+00   2.7968100e+00   5.4976400e+00   2.7108500e+00  -1.6091800e+04
   5.9903300e+00  -1.9181100e+00   6.0185200e+00   2.7956600e+00   5.4972400e+00   2.7123900e+00  -1.6091800e+04
   5.9898400e+00  -1.9178400e+00   6.0184300e+00   2.7984200e+00   5.4979700e+00   2.7110300e+00  -1.6094800e+04
   5.9904100e+00  -1.9188000e+00   6.0184600e+00   2.7976300e+00   5.4982700e+00   2.7170800e+00  -1.6093600e+04
   5.9904200e+00  -1.9193400e+00   6.0182500e+00   2.7974400e+00   5.4977900e+00   2.7131100e+00  -1.6095200e+04
   5.9898700e+00  -1.9188800e+00   6.0189700e+00   2.7895800e+00   5.5002600e+00   2.7141800e+00  -1.6094500e+04
   5.9902500e+00  -1.9187400e+00   6.0188900e+00   2.7847100e+00   5.4998000e+00   2.7145100e+00  -1.6097000e+04
   5.9901000e+00  -1.9199900e+00   6.0184600e+00   2.7980800e+00   5.4981100e+00   2.7188300e+00  -1.6092900e+04
   5.9905400e+00  -1.9199500e+00   6.0191200e+00   2.7912600e+00   5.4997800e+00   2.7151600e+00  -1.6094300e+04
   5.9897600e+00  -1.9197100e+00   6.0186800e+00   2.7883400e+00   5.4996800e+00   2.7083200e+00  -1.6094100e+04
