   5.9767300e+00  -1.6461900e+00   6.0243600e+00   2.7358600e+00   5.5262500e+00   2.1622300e+00  -1.4598500e+04
   5.9770100e+00  -1.6384300e+00   6.0249800e+00   2.7360000e+00   5.5277200e+00   2.1622400e+00  -1.4600200e+04
   5.9769600e+00  -1.6569000e+00   6.0238700e+00   2.7359600e+00   5.5249900e+00   2.1622400e+00  -1.4602500e+04
   5.9768800e+00  -1.6370700e+00   6.0250400e+00   2.7359300e+00   5.5272900e+00   2.1622400e+00  -1.4599100e+04
   5.9768100e+00  -1.6434600e+00   6.0246600e+00   2.7362600e+00   5.5266100e+00   2.1622300e+00  -1.4598200e+04
   5.9765300e+00  -1.6488800e+00   6.0242900e+00   2.7365200e+00   5.5258200e+00   2.1622100e+00  -1.4599500e+04
   5.9768500e+00  -1.6347200e+00   6.0249300e+00   2.7363900e+00   5.5265300e+00   2.1622000e+00  -1.4601200e+04
   5.9767600e+00  -1.6454400e+00   6.0244400e+00   2.7367000e+00   5.5250600e+00   2.1622100e+00  -1.4600500e+04
   5.9769100e+00  -1.6438400e+00   6.0248800e+00   2.7365700e+00   5.5268100e+00   2.1622000e+00  -1.4599600e+04
   5.9772400e+00  -1.6527500e+00   6.0239200e+00   2.7366800e+00   5.5238000e+00   2.1621900e+00  -1.4602500e+04
   5.9767700e+00  -1.6553800e+00   6.0240000e+00   2.7368700e+00   5.5250200e+00   2.1621800e+00  -1.4599900e+04
   5.9771500e+00  -1.6500800e+00   6.0246100e+00   2.7367200e+00   5.5253900e+00   2.1621800e+00  -1.4599800e+04
   5.9767300e+00  -1.6425900e+00   6.0245600e+00   2.7371500e+00   5.5262900e+00   2.1621900e+00  -1.4598500e+04
   5.9772800e+00  -1.6510400e+00   6.0241500e+00   2.7372000e+00   5.5246700e+00   2.1621800e+00  -1.4601100e+04
   5.9768900e+00  -1.6395700e+00   6.0249500e+00   2.7375000e+00   5.5274200e+00   2.1621700e+00  -1.4600000e+04
   5.9771400e+00  -1.6363300e+00   6.0246700e+00   2.7375200e+00   5.5263700e+00   2.1621700e+00  -1.4601500e+04
   5.9775300e+00  -1.6469600e+00   6.0244000e+00   2.7376200e+00   5.5248500e+00   2.1621800e+00  -1.4603000e+04
   5.9768700e+00  -1.6377100e+00   6.0250600e+00   2.7374200e+00   5.5265000e+00   2.1621800e+00  -1.4601600e+04
   5.9769000e+00  -1.6446200e+00   6.0243000e+00   2.7376000e+00   5.5252200e+00   2.1621800e+00  -1.4598900e+04
   5.9771200e+00  -1.6466500e+00   6.0246300e+00   2.7378900e+00   5.5250900e+00   2.1621900e+00  -1.4599200e+04
   5.9771000e+00  -1.6474800e+00   6.0239800e+00   2.7377200e+00   5.5248000e+00   2.1621900e+00  -1.4602500e+04
   5.9768600e+00  -1.6563600e+00   6.0239400e+00   2.7378400e+00   5.5241700e+00   2.1622100e+00  -1.4599600e+04
   5.9769700e+00  -1.6432500e+00   6.0245500e+00   2.7381000e+00   5.5251400e+00   2.1622200e+00  -1.4599200e+04
   5.9771200e+00  -1.6449200e+00   6.0244000e+00   2.7380100e+00   5.5254000e+00   2.1622400e+00  -1.4598700e+04
   5.9769000e+00  -1.6459900e+00   6.0242200e+00   2.7381800e+00   5.5247600e+00   2.1622500e+00  -1.4599000e+04
   5.9772400e+00  -1.6408200e+00   6.0250700e+00   2.7382400e+00   5.5254000e+00   2.1622300e+00  -1.4603000e+04
   5.9767600e+00  -1.6498700e+00   6.0242400e+00   2.7382400e+00   5.5252200e+00   2.1622300e+00  -1.4598700e+04
   5.9770600e+00  -1.6391400e+00   6.0249100e+00   2.7379500e+00   5.5264500e+00   2.1622300e+00  -1.4599000e+04
   5.9764900e+00  -1.6348800e+00   6.0248500e+00   2.7377000e+00   5.5282200e+00   2.1622200e+00  -1.4601900e+04
   5.9774100e+00  -1.6414900e+00   6.0251600e+00   2.7379700e+00   5.5260300e+00   2.1622200e+00  -1.4602400e+04
   5.9766800e+00  -1.6402300e+00   6.0243400e+00   2.7378700e+00   5.5270900e+00   2.1622300e+00  -1.4602400e+04
   5.9768100e+00  -1.6424500e+00   6.0243200e+00   2.7381800e+00   5.5257800e+00   2.1622100e+00  -1.4599300e+04
   5.9768300e+00  -1.6457400e+00   6.0240800e+00   2.7379400e+00   5.5247600e+00   2.1622300e+00  -1.4600200e+04
   5.9772400e+00  -1.6468300e+00   6.0244300e+00   2.7377000e+00   5.5256000e+00   2.1622300e+00  -1.4600100e+04
   5.9767900e+00  -1.6530000e+00   6.0239600e+00   2.7376100e+00   5.5250900e+00   2.1622300e+00  -1.4599700e+04
   5.9769800e+00  -1.6461600e+00   6.0245800e+00   2.7377400e+00   5.5249600e+00   2.1622300e+00  -1.4599700e+04
   5.9766900e+00  -1.6499900e+00   6.0241700e+00   2.7374200e+00   5.5251900e+00   2.1622200e+00  -1.4598900e+04
   5.9768100e+00  -1.6496600e+00   6.0239800e+00   2.7377500e+00   5.5247900e+00   2.1622000e+00  -1.4599400e+04
   5.9770700e+00  -1.6441900e+00   6.0244500e+00   2.7381900e+00   5.5258400e+00   2.1622000e+00  -1.4599000e+04
   5.9770500e+00  -1.6537300e+00   6.0244400e+00   2.7379300e+00   5.5246500e+00   2.1621900e+00  -1.4601000e+04
   5.9770400e+00  -1.6478300e+00   6.0244800e+00   2.7381400e+00   5.5252600e+00   2.1622100e+00  -1.4598300e+04
   5.9769900e+00  -1.6460200e+00   6.0242900e+00   2.7377500e+00   5.5237900e+00   2.1622100e+00  -1.4603200e+04
   5.9772500e+00  -1.6435300e+00   6.0248000e+00   2.7377500e+00   5.5253200e+00   2.1622100e+00  -1.4599600e+04
   5.9769300e+00  -1.6397200e+00   6.0244800e+00   2.7379300e+00   5.5256200e+00   2.1622200e+00  -1.4599700e+04
   5.9770000e+00  -1.6517100e+00   6.0244200e+00   2.7378400e+00   5.5248100e+00   2.1622100e+00  -1.4599600e+04
   5.9769400e+00  -1.6586800e+00   6.0236200e+00   2.7379300e+00   5.5225100e+00   2.1622100e+00  -1.4602700e+04
   5.9768400e+00  -1.6499400e+00   6.0243500e+00   2.7378400e+00   5.5250600e+00   2.1622100e+00  -1.4598900e+04
   5.9771600e+00  -1.6580800e+00   6.0240500e+00   2.7378000e+00   5.5232100e+00   2.1622300e+00  -1.4601200e+04
   5.9772300e+00  -1.6560500e+00   6.0239300e+00   2.7378400e+00   5.5229800e+00   2.1622000e+00  -1.4601100e+04
   5.9768400e+00  -1.6612100e+00   6.0234500e+00   2.7372200e+00   5.5231100e+00   2.1622200e+00  -1.4602600e+04
   5.9770800e+00  -1.6512200e+00   6.0245700e+00   2.7373300e+00   5.5252100e+00   2.1622100e+00  -1.4600200e+04
   5.9773800e+00  -1.6590800e+00   6.0238200e+00   2.7374600e+00   5.5225600e+00   2.1622100e+00  -1.4603000e+04
   5.9769700e+00  -1.6460700e+00   6.0245400e+00   2.7376400e+00   5.5248600e+00   2.1622300e+00  -1.4599700e+04
   5.9772600e+00  -1.6461700e+00   6.0247300e+00   2.7376700e+00   5.5249100e+00   2.1622400e+00  -1.4600100e+04
   5.9770200e+00  -1.6490900e+00   6.0243800e+00   2.7378200e+00   5.5253400e+00   2.1622300e+00  -1.4598400e+04
   5.9771800e+00  -1.6451600e+00   6.0245200e+00   2.7380400e+00   5.5254200e+00   2.1622400e+00  -1.4598600e+04
   5.9769800e+00  -1.6501000e+00   6.0244700e+00   2.7380700e+00   5.5248700e+00   2.1622400e+00  -1.4599500e+04
   5.9771500e+00  -1.6460700e+00   6.0241800e+00   2.7382700e+00   5.5250200e+00   2.1622500e+00  -1.4600400e+04
   5.9773900e+00  -1.6451100e+00   6.0245700e+00   2.7381900e+00   5.5249000e+00   2.1622300e+00  -1.4599700e+04
   5.9769000e+00  -1.6475400e+00   6.0242600e+00   2.7383200e+00   5.5250500e+00   2.1622200e+00  -1.4598200e+04
   5.9770200e+00  -1.6518300e+00   6.0237300e+00   2.7383500e+00   5.5245700e+00   2.1622300e+00  -1.4603600e+04
   5.9769600e+00  -1.6408800e+00   6.0246300e+00   2.7387600e+00   5.5257700e+00   2.1622200e+00  -1.4598600e+04
   5.9771000e+00  -1.6536100e+00   6.0238100e+00   2.7389000e+00   5.5233200e+00   2.1622200e+00  -1.4600300e+04
   5.9771300e+00  -1.6396500e+00   6.0249400e+00   2.7389600e+00   5.5264900e+00   2.1622300e+00  -1.4599600e+04
   5.9767400e+00  -1.6482000e+00   6.0241900e+00   2.7392000e+00   5.5250600e+00   2.1622300e+00  -1.4598900e+04
   5.9771700e+00  -1.6480800e+00   6.0240100e+00   2.7390700e+00   5.5238500e+00   2.1622400e+00  -1.4600600e+04
   5.9770000e+00  -1.6479700e+00   6.0242100e+00   2.7392500e+00   5.5245500e+00   2.1622400e+00  -1.4598300e+04
   5.9775100e+00  -1.6435300e+00   6.0247400e+00   2.7391900e+00   5.5249400e+00   2.1622700e+00  -1.4600400e+04
   5.9771400e+00  -1.6527500e+00   6.0239900e+00   2.7388600e+00   5.5237400e+00   2.1622900e+00  -1.4599100e+04
   5.9773500e+00  -1.6464900e+00   6.0248600e+00   2.7388800e+00   5.5249500e+00   2.1623000e+00  -1.4601600e+04
   5.9767400e+00  -1.6536800e+00   6.0237700e+00   2.7390400e+00   5.5247700e+00   2.1623000e+00  -1.4600900e+04
   5.9770700e+00  -1.6458300e+00   6.0243300e+00   2.7388900e+00   5.5245500e+00   2.1623200e+00  -1.4598600e+04
   5.9770800e+00  -1.6481400e+00   6.0245400e+00   2.7388000e+00   5.5254700e+00   2.1623100e+00  -1.4598900e+04
   5.9775100e+00  -1.6469000e+00   6.0246600e+00   2.7389800e+00   5.5250700e+00   2.1623000e+00  -1.4600700e+04
   5.9771100e+00  -1.6423700e+00   6.0246300e+00   2.7389900e+00   5.5252600e+00   2.1622800e+00  -1.4598700e+04
   5.9770200e+00  -1.6498400e+00   6.0244800e+00   2.7389800e+00   5.5245500e+00   2.1622800e+00  -1.4600100e+04
   5.9770300e+00  -1.6432900e+00   6.0249100e+00   2.7390700e+00   5.5250600e+00   2.1622700e+00  -1.4604100e+04
   5.9771900e+00  -1.6467700e+00   6.0244600e+00   2.7392300e+00   5.5247700e+00   2.1622700e+00  -1.4598400e+04
   5.9769800e+00  -1.6331600e+00   6.0248300e+00   2.7394000e+00   5.5262500e+00   2.1622700e+00  -1.4601200e+04
   5.9769900e+00  -1.6594500e+00   6.0235300e+00   2.7393100e+00   5.5227400e+00   2.1622600e+00  -1.4601200e+04
   5.9768500e+00  -1.6559600e+00   6.0240000e+00   2.7396500e+00   5.5236200e+00   2.1622800e+00  -1.4600700e+04
   5.9772100e+00  -1.6463300e+00   6.0244000e+00   2.7397200e+00   5.5251300e+00   2.1622800e+00  -1.4598700e+04
   5.9769900e+00  -1.6469400e+00   6.0246100e+00   2.7396700e+00   5.5253900e+00   2.1622600e+00  -1.4599700e+04
   5.9769400e+00  -1.6540300e+00   6.0240000e+00   2.7398400e+00   5.5242400e+00   2.1622800e+00  -1.4599000e+04
   5.9775900e+00  -1.6481000e+00   6.0245300e+00   2.7401500e+00   5.5245800e+00   2.1622900e+00  -1.4601200e+04
   5.9774700e+00  -1.6546600e+00   6.0240900e+00   2.7403300e+00   5.5226400e+00   2.1623000e+00  -1.4600800e+04
   5.9770500e+00  -1.6445200e+00   6.0245600e+00   2.7404400e+00   5.5251900e+00   2.1623100e+00  -1.4598700e+04
   5.9769100e+00  -1.6537300e+00   6.0240100e+00   2.7405500e+00   5.5235700e+00   2.1622900e+00  -1.4599900e+04
   5.9769700e+00  -1.6547000e+00   6.0236100e+00   2.7406000e+00   5.5230300e+00   2.1622900e+00  -1.4600600e+04
   5.9767400e+00  -1.6499800e+00   6.0240900e+00   2.7404900e+00   5.5247000e+00   2.1623000e+00  -1.4599400e+04
   5.9769700e+00  -1.6472500e+00   6.0243100e+00   2.7406200e+00   5.5248600e+00   2.1622800e+00  -1.4598500e+04
   5.9771400e+00  -1.6514900e+00   6.0240600e+00   2.7406200e+00   5.5242200e+00   2.1622800e+00  -1.4598800e+04
   5.9773400e+00  -1.6497000e+00   6.0243400e+00   2.7404400e+00   5.5242700e+00   2.1622800e+00  -1.4599000e+04
   5.9769300e+00  -1.6436100e+00   6.0245600e+00   2.7407400e+00   5.5251800e+00   2.1622800e+00  -1.4599600e+04
   5.9767200e+00  -1.6473300e+00   6.0244300e+00   2.7407400e+00   5.5247300e+00   2.1622900e+00  -1.4602800e+04
   5.9774800e+00  -1.6473600e+00   6.0243700e+00   2.7406900e+00   5.5243900e+00   2.1623000e+00  -1.4599900e+04
   5.9768300e+00  -1.6495600e+00   6.0241300e+00   2.7405100e+00   5.5254500e+00   2.1623000e+00  -1.4600300e+04
   5.9771900e+00  -1.6468900e+00   6.0243100e+00   2.7406800e+00   5.5243200e+00   2.1623000e+00  -1.4598300e+04
   5.9769800e+00  -1.6462700e+00   6.0241300e+00   2.7407800e+00   5.5246200e+00   2.1623000e+00  -1.4598800e+04
   5.9771200e+00  -1.6469000e+00   6.0241900e+00   2.7407900e+00   5.5247800e+00   2.1623100e+00  -1.4598900e+04
   5.9769700e+00  -1.6506400e+00   6.0239900e+00   2.7409700e+00   5.5241700e+00   2.1623100e+00  -1.4598700e+04
   5.9771400e+00  -1.6361200e+00   6.0251300e+00   2.7412400e+00   5.5258900e+00   2.1622900e+00  -1.4603300e+04
   5.9768000e+00  -1.6462000e+00   6.0242200e+00   2.7414700e+00   5.5252400e+00   2.1622900e+00  -1.4599600e+04
   5.9774100e+00  -1.6570400e+00   6.0237700e+00   2.7414300e+00   5.5227000e+00   2.1622800e+00  -1.4600700e+04
   5.9769300e+00  -1.6525900e+00   6.0243800e+00   2.7416500e+00   5.5249600e+00   2.1622800e+00  -1.4603200e+04
   5.9771500e+00  -1.6454700e+00   6.0242400e+00   2.7420300e+00   5.5238600e+00   2.1622900e+00  -1.4599200e+04
   5.9767800e+00  -1.6339400e+00   6.0244700e+00   2.7421000e+00   5.5264300e+00   2.1622800e+00  -1.4603500e+04
   5.9774200e+00  -1.6451600e+00   6.0245100e+00   2.7420400e+00   5.5241000e+00   2.1622800e+00  -1.4599400e+04
   5.9770500e+00  -1.6456300e+00   6.0241500e+00   2.7421800e+00   5.5242300e+00   2.1622800e+00  -1.4598900e+04
   5.9769900e+00  -1.6574600e+00   6.0236700e+00   2.7420700e+00   5.5225900e+00   2.1622800e+00  -1.4600400e+04
   5.9770200e+00  -1.6481500e+00   6.0241500e+00   2.7419400e+00   5.5247300e+00   2.1622800e+00  -1.4599100e+04
   5.9765100e+00  -1.6369300e+00   6.0247200e+00   2.7419500e+00   5.5267800e+00   2.1623000e+00  -1.4604900e+04
   5.9774300e+00  -1.6497100e+00   6.0241000e+00   2.7418500e+00   5.5239200e+00   2.1623000e+00  -1.4600200e+04
   5.9771500e+00  -1.6536000e+00   6.0238900e+00   2.7420200e+00   5.5234500e+00   2.1623000e+00  -1.4599000e+04
   5.9774000e+00  -1.6505400e+00   6.0243800e+00   2.7419400e+00   5.5235300e+00   2.1623000e+00  -1.4600000e+04
   5.9772500e+00  -1.6473100e+00   6.0242700e+00   2.7420100e+00   5.5245300e+00   2.1622900e+00  -1.4599000e+04
   5.9770800e+00  -1.6487800e+00   6.0237900e+00   2.7417800e+00   5.5239800e+00   2.1622800e+00  -1.4601300e+04
   5.9770800e+00  -1.6505700e+00   6.0243300e+00   2.7418500e+00   5.5239600e+00   2.1622700e+00  -1.4600400e+04
   5.9770600e+00  -1.6308200e+00   6.0250600e+00   2.7418700e+00   5.5273800e+00   2.1622600e+00  -1.4603300e+04
   5.9769800e+00  -1.6327800e+00   6.0247600e+00   2.7419100e+00   5.5268400e+00   2.1622500e+00  -1.4602500e+04
   5.9772400e+00  -1.6319800e+00   6.0250800e+00   2.7420800e+00   5.5264200e+00   2.1622600e+00  -1.4602100e+04
   5.9773900e+00  -1.6348600e+00   6.0246200e+00   2.7420400e+00   5.5253200e+00   2.1622600e+00  -1.4602600e+04
   5.9766900e+00  -1.6392400e+00   6.0247200e+00   2.7421700e+00   5.5267000e+00   2.1622600e+00  -1.4603400e+04
   5.9769900e+00  -1.6386400e+00   6.0245500e+00   2.7419900e+00   5.5254700e+00   2.1622700e+00  -1.4599900e+04
   5.9771200e+00  -1.6416800e+00   6.0244700e+00   2.7423000e+00   5.5242300e+00   2.1622700e+00  -1.4600500e+04
   5.9771000e+00  -1.6403100e+00   6.0245400e+00   2.7423400e+00   5.5246400e+00   2.1622600e+00  -1.4600300e+04
   5.9771600e+00  -1.6500000e+00   6.0238000e+00   2.7422000e+00   5.5226300e+00   2.1622700e+00  -1.4601100e+04
   5.9768000e+00  -1.6527800e+00   6.0239100e+00   2.7421600e+00   5.5237000e+00   2.1622800e+00  -1.4600500e+04
   5.9770300e+00  -1.6331800e+00   6.0249300e+00   2.7422700e+00   5.5269200e+00   2.1622700e+00  -1.4602300e+04
   5.9769300e+00  -1.6399600e+00   6.0245400e+00   2.7424300e+00   5.5259600e+00   2.1622700e+00  -1.4600500e+04
   5.9767800e+00  -1.6405400e+00   6.0241800e+00   2.7422600e+00   5.5251200e+00   2.1622700e+00  -1.4601400e+04
   5.9773900e+00  -1.6446700e+00   6.0245700e+00   2.7418300e+00   5.5241800e+00   2.1622700e+00  -1.4599700e+04
   5.9767700e+00  -1.6394200e+00   6.0243000e+00   2.7417000e+00   5.5260200e+00   2.1622700e+00  -1.4601500e+04
   5.9774600e+00  -1.6537300e+00   6.0240200e+00   2.7419100e+00   5.5239100e+00   2.1622800e+00  -1.4602300e+04
   5.9773900e+00  -1.6531100e+00   6.0240300e+00   2.7420300e+00   5.5229000e+00   2.1622800e+00  -1.4599400e+04
   5.9772100e+00  -1.6436900e+00   6.0244000e+00   2.7420900e+00   5.5246400e+00   2.1622700e+00  -1.4598700e+04
   5.9769500e+00  -1.6488800e+00   6.0240000e+00   2.7421700e+00   5.5238000e+00   2.1622600e+00  -1.4599300e+04
   5.9770200e+00  -1.6444300e+00   6.0244900e+00   2.7422900e+00   5.5244200e+00   2.1622600e+00  -1.4600700e+04
   5.9765100e+00  -1.6403600e+00   6.0242200e+00   2.7426400e+00   5.5263600e+00   2.1622600e+00  -1.4604500e+04
   5.9771200e+00  -1.6353100e+00   6.0243800e+00   2.7428600e+00   5.5249200e+00   2.1622800e+00  -1.4603100e+04
   5.9772300e+00  -1.6450900e+00   6.0241200e+00   2.7433000e+00   5.5247500e+00   2.1622900e+00  -1.4601400e+04
   5.9773500e+00  -1.6397800e+00   6.0247800e+00   2.7433900e+00   5.5253700e+00   2.1622900e+00  -1.4600800e+04
   5.9772400e+00  -1.6515900e+00   6.0238000e+00   2.7435100e+00   5.5233600e+00   2.1622900e+00  -1.4600100e+04
   5.9769300e+00  -1.6499700e+00   6.0238600e+00   2.7436400e+00   5.5242500e+00   2.1623000e+00  -1.4600700e+04
   5.9775100e+00  -1.6493000e+00   6.0241900e+00   2.7435400e+00   5.5237500e+00   2.1623100e+00  -1.4600200e+04
   5.9772100e+00  -1.6571400e+00   6.0237100e+00   2.7436700e+00   5.5219700e+00   2.1622900e+00  -1.4600500e+04
   5.9771100e+00  -1.6566200e+00   6.0236900e+00   2.7436800e+00   5.5232300e+00   2.1622900e+00  -1.4600900e+04
   5.9771800e+00  -1.6608500e+00   6.0236700e+00   2.7435900e+00   5.5219600e+00   2.1623000e+00  -1.4601600e+04
   5.9775000e+00  -1.6548800e+00   6.0239000e+00   2.7434600e+00   5.5219400e+00   2.1622800e+00  -1.4600500e+04
   5.9776500e+00  -1.6485600e+00   6.0241800e+00   2.7433000e+00   5.5226100e+00   2.1622800e+00  -1.4600800e+04
   5.9768800e+00  -1.6623000e+00   6.0233700e+00   2.7434700e+00   5.5212800e+00   2.1622800e+00  -1.4604700e+04
   5.9772400e+00  -1.6533200e+00   6.0236000e+00   2.7429200e+00   5.5222300e+00   2.1622800e+00  -1.4601200e+04
   5.9770100e+00  -1.6474900e+00   6.0240100e+00   2.7429900e+00   5.5235600e+00   2.1622800e+00  -1.4599700e+04
   5.9770000e+00  -1.6446000e+00   6.0241300e+00   2.7428500e+00   5.5243600e+00   2.1622700e+00  -1.4599500e+04
   5.9773000e+00  -1.6370300e+00   6.0245600e+00   2.7430300e+00   5.5257500e+00   2.1622600e+00  -1.4602300e+04
   5.9775500e+00  -1.6405200e+00   6.0244500e+00   2.7431400e+00   5.5237400e+00   2.1622600e+00  -1.4601400e+04
   5.9770300e+00  -1.6326800e+00   6.0247100e+00   2.7432100e+00   5.5265600e+00   2.1622700e+00  -1.4603200e+04
   5.9774800e+00  -1.6380100e+00   6.0249200e+00   2.7430000e+00   5.5256500e+00   2.1622700e+00  -1.4601900e+04
   5.9769800e+00  -1.6408800e+00   6.0243800e+00   2.7428400e+00   5.5241800e+00   2.1622600e+00  -1.4601900e+04
   5.9772500e+00  -1.6579900e+00   6.0235700e+00   2.7427200e+00   5.5231700e+00   2.1622500e+00  -1.4602900e+04
   5.9770900e+00  -1.6547600e+00   6.0235700e+00   2.7427600e+00   5.5222500e+00   2.1622500e+00  -1.4600900e+04
   5.9774700e+00  -1.6524600e+00   6.0239800e+00   2.7432100e+00   5.5216600e+00   2.1622400e+00  -1.4602600e+04
   5.9772400e+00  -1.6478500e+00   6.0240500e+00   2.7432800e+00   5.5232400e+00   2.1622200e+00  -1.4599400e+04
   5.9773600e+00  -1.6527400e+00   6.0236100e+00   2.7433200e+00   5.5228200e+00   2.1622100e+00  -1.4602600e+04
   5.9773900e+00  -1.6547200e+00   6.0239000e+00   2.7434500e+00   5.5221800e+00   2.1622100e+00  -1.4600200e+04
   5.9771400e+00  -1.6561500e+00   6.0238200e+00   2.7432400e+00   5.5231400e+00   2.1622300e+00  -1.4600100e+04
   5.9771100e+00  -1.6525300e+00   6.0237000e+00   2.7430400e+00   5.5230800e+00   2.1622200e+00  -1.4600000e+04
   5.9775300e+00  -1.6490500e+00   6.0238900e+00   2.7430100e+00   5.5224800e+00   2.1622300e+00  -1.4601900e+04
   5.9767400e+00  -1.6551500e+00   6.0236900e+00   2.7433700e+00   5.5234500e+00   2.1622300e+00  -1.4601800e+04
   5.9769100e+00  -1.6405400e+00   6.0241500e+00   2.7431400e+00   5.5249000e+00   2.1622400e+00  -1.4601400e+04
   5.9773800e+00  -1.6490900e+00   6.0241000e+00   2.7434600e+00   5.5232100e+00   2.1622300e+00  -1.4599200e+04
   5.9770100e+00  -1.6534400e+00   6.0236500e+00   2.7434500e+00   5.5216400e+00   2.1622000e+00  -1.4604500e+04
   5.9769000e+00  -1.6572500e+00   6.0237700e+00   2.7439800e+00   5.5231100e+00   2.1622000e+00  -1.4602100e+04
   5.9775000e+00  -1.6567400e+00   6.0236700e+00   2.7439200e+00   5.5216800e+00   2.1621800e+00  -1.4600900e+04
   5.9775600e+00  -1.6564700e+00   6.0239500e+00   2.7441600e+00   5.5220600e+00   2.1621800e+00  -1.4601100e+04
   5.9775200e+00  -1.6514300e+00   6.0241500e+00   2.7440200e+00   5.5231200e+00   2.1621900e+00  -1.4600100e+04
   5.9773600e+00  -1.6519100e+00   6.0240200e+00   2.7436400e+00   5.5224300e+00   2.1621900e+00  -1.4600200e+04
   5.9770300e+00  -1.6452100e+00   6.0244700e+00   2.7434400e+00   5.5247100e+00   2.1621800e+00  -1.4600900e+04
   5.9776000e+00  -1.6425500e+00   6.0243500e+00   2.7436200e+00   5.5233200e+00   2.1621900e+00  -1.4601500e+04
   5.9773000e+00  -1.6506800e+00   6.0240900e+00   2.7433900e+00   5.5224800e+00   2.1622000e+00  -1.4600900e+04
   5.9772700e+00  -1.6539200e+00   6.0239300e+00   2.7434000e+00   5.5221000e+00   2.1621900e+00  -1.4601200e+04
   5.9773700e+00  -1.6418200e+00   6.0242900e+00   2.7433600e+00   5.5242200e+00   2.1621900e+00  -1.4600500e+04
   5.9771500e+00  -1.6372100e+00   6.0247800e+00   2.7436800e+00   5.5253400e+00   2.1621600e+00  -1.4601600e+04
   5.9770200e+00  -1.6473800e+00   6.0238500e+00   2.7435000e+00   5.5232300e+00   2.1621800e+00  -1.4600800e+04
   5.9771200e+00  -1.6424400e+00   6.0245200e+00   2.7434400e+00   5.5243100e+00   2.1621900e+00  -1.4601000e+04
   5.9774700e+00  -1.6521400e+00   6.0238400e+00   2.7435800e+00   5.5230000e+00   2.1621800e+00  -1.4601100e+04
   5.9772700e+00  -1.6582900e+00   6.0234500e+00   2.7432000e+00   5.5219000e+00   2.1621900e+00  -1.4601300e+04
   5.9769100e+00  -1.6375600e+00   6.0242700e+00   2.7431700e+00   5.5247300e+00   2.1621900e+00  -1.4602800e+04
   5.9771700e+00  -1.6479600e+00   6.0241600e+00   2.7433500e+00   5.5239300e+00   2.1621900e+00  -1.4599000e+04
   5.9770100e+00  -1.6473500e+00   6.0242900e+00   2.7434300e+00   5.5240300e+00   2.1622000e+00  -1.4600700e+04
   5.9778000e+00  -1.6437500e+00   6.0247500e+00   2.7432100e+00   5.5240500e+00   2.1622000e+00  -1.4602800e+04
   5.9770700e+00  -1.6441600e+00   6.0237600e+00   2.7431100e+00   5.5236700e+00   2.1622000e+00  -1.4604200e+04
   5.9772400e+00  -1.6489000e+00   6.0241000e+00   2.7432500e+00   5.5234600e+00   2.1622000e+00  -1.4599000e+04
   5.9775800e+00  -1.6367700e+00   6.0251300e+00   2.7431900e+00   5.5258800e+00   2.1621800e+00  -1.4604100e+04
   5.9773400e+00  -1.6647800e+00   6.0233600e+00   2.7433300e+00   5.5210600e+00   2.1622000e+00  -1.4602800e+04
   5.9775200e+00  -1.6500500e+00   6.0241100e+00   2.7431700e+00   5.5235300e+00   2.1622000e+00  -1.4600400e+04
   5.9770200e+00  -1.6520400e+00   6.0237900e+00   2.7431200e+00   5.5233000e+00   2.1622000e+00  -1.4599700e+04
   5.9769700e+00  -1.6516800e+00   6.0236200e+00   2.7432700e+00   5.5231900e+00   2.1622000e+00  -1.4601000e+04
   5.9775400e+00  -1.6570800e+00   6.0237500e+00   2.7432900e+00   5.5215800e+00   2.1621900e+00  -1.4601300e+04
   5.9775200e+00  -1.6503700e+00   6.0243400e+00   2.7433400e+00   5.5232700e+00   2.1621900e+00  -1.4600500e+04
   5.9770700e+00  -1.6471000e+00   6.0239300e+00   2.7433700e+00   5.5230200e+00   2.1621900e+00  -1.4601000e+04
   5.9774300e+00  -1.6574300e+00   6.0238300e+00   2.7434200e+00   5.5221500e+00   2.1621800e+00  -1.4600500e+04
   5.9772500e+00  -1.6541200e+00   6.0236100e+00   2.7435200e+00   5.5229700e+00   2.1621900e+00  -1.4601500e+04
   5.9777400e+00  -1.6546000e+00   6.0242100e+00   2.7437000e+00   5.5225900e+00   2.1621900e+00  -1.4602400e+04
   5.9770600e+00  -1.6618200e+00   6.0233400e+00   2.7437200e+00   5.5218300e+00   2.1622000e+00  -1.4601900e+04
   5.9776900e+00  -1.6503800e+00   6.0239400e+00   2.7439700e+00   5.5224600e+00   2.1622000e+00  -1.4601900e+04
   5.9773500e+00  -1.6480400e+00   6.0244400e+00   2.7438500e+00   5.5239300e+00   2.1622000e+00  -1.4600600e+04
   5.9765900e+00  -1.6485000e+00   6.0238500e+00   2.7440600e+00   5.5246400e+00   2.1622100e+00  -1.4603500e+04
   5.9773400e+00  -1.6453800e+00   6.0241500e+00   2.7441700e+00   5.5239300e+00   2.1622100e+00  -1.4599900e+04
   5.9772600e+00  -1.6438300e+00   6.0243000e+00   2.7441800e+00   5.5251900e+00   2.1622200e+00  -1.4602400e+04
   5.9770000e+00  -1.6504300e+00   6.0236400e+00   2.7440400e+00   5.5224900e+00   2.1622200e+00  -1.4601900e+04
   5.9772000e+00  -1.6422400e+00   6.0242600e+00   2.7438800e+00   5.5246200e+00   2.1622400e+00  -1.4600100e+04
   5.9776500e+00  -1.6448600e+00   6.0245200e+00   2.7437700e+00   5.5236100e+00   2.1622500e+00  -1.4600800e+04
   5.9772200e+00  -1.6451300e+00   6.0239700e+00   2.7434300e+00   5.5240700e+00   2.1622400e+00  -1.4601200e+04
   5.9770500e+00  -1.6459500e+00   6.0242100e+00   2.7432100e+00   5.5241200e+00   2.1622600e+00  -1.4599300e+04
   5.9770700e+00  -1.6474100e+00   6.0239100e+00   2.7430100e+00   5.5233600e+00   2.1622600e+00  -1.4600100e+04
   5.9774500e+00  -1.6474100e+00   6.0243700e+00   2.7428800e+00   5.5229400e+00   2.1622500e+00  -1.4601300e+04
   5.9770600e+00  -1.6493700e+00   6.0240900e+00   2.7431200e+00   5.5235600e+00   2.1622600e+00  -1.4599400e+04
   5.9770600e+00  -1.6475900e+00   6.0239000e+00   2.7432000e+00   5.5237800e+00   2.1622600e+00  -1.4599900e+04
   5.9773200e+00  -1.6423200e+00   6.0244500e+00   2.7433700e+00   5.5243000e+00   2.1622800e+00  -1.4599400e+04
   5.9772600e+00  -1.6477600e+00   6.0240700e+00   2.7433200e+00   5.5237500e+00   2.1622700e+00  -1.4599100e+04
   5.9769500e+00  -1.6508400e+00   6.0241100e+00   2.7434100e+00   5.5240400e+00   2.1622800e+00  -1.4600400e+04
   5.9776600e+00  -1.6532400e+00   6.0240400e+00   2.7435100e+00   5.5222600e+00   2.1622600e+00  -1.4600800e+04
   5.9770900e+00  -1.6419300e+00   6.0244700e+00   2.7439400e+00   5.5255200e+00   2.1622700e+00  -1.4601200e+04
   5.9770200e+00  -1.6416100e+00   6.0241300e+00   2.7440000e+00   5.5247700e+00   2.1622800e+00  -1.4601200e+04
   5.9769900e+00  -1.6550500e+00   6.0236300e+00   2.7438700e+00   5.5228900e+00   2.1622700e+00  -1.4600300e+04
   5.9775600e+00  -1.6623700e+00   6.0238300e+00   2.7436700e+00   5.5217500e+00   2.1622600e+00  -1.4603400e+04
   5.9771000e+00  -1.6560500e+00   6.0239400e+00   2.7439200e+00   5.5228400e+00   2.1622500e+00  -1.4601300e+04
   5.9775600e+00  -1.6447700e+00   6.0245000e+00   2.7439500e+00   5.5233800e+00   2.1622500e+00  -1.4600800e+04
   5.9772900e+00  -1.6499600e+00   6.0241700e+00   2.7438500e+00   5.5239100e+00   2.1622600e+00  -1.4599700e+04
   5.9768900e+00  -1.6463300e+00   6.0242400e+00   2.7435500e+00   5.5245200e+00   2.1622600e+00  -1.4600500e+04
   5.9770300e+00  -1.6448900e+00   6.0241000e+00   2.7435800e+00   5.5237100e+00   2.1622700e+00  -1.4600200e+04
   5.9771200e+00  -1.6483500e+00   6.0243200e+00   2.7435400e+00   5.5236200e+00   2.1622800e+00  -1.4601000e+04
   5.9770600e+00  -1.6536600e+00   6.0238000e+00   2.7437600e+00   5.5235400e+00   2.1622900e+00  -1.4600100e+04
   5.9775400e+00  -1.6434400e+00   6.0244200e+00   2.7437200e+00   5.5231100e+00   2.1622800e+00  -1.4601400e+04
   5.9772000e+00  -1.6427400e+00   6.0245600e+00   2.7438600e+00   5.5249100e+00   2.1623000e+00  -1.4600200e+04
   5.9772900e+00  -1.6455400e+00   6.0242300e+00   2.7440600e+00   5.5241800e+00   2.1623100e+00  -1.4599400e+04
   5.9776900e+00  -1.6390800e+00   6.0247200e+00   2.7437100e+00   5.5251200e+00   2.1623200e+00  -1.4603200e+04
   5.9773500e+00  -1.6351400e+00   6.0247400e+00   2.7437300e+00   5.5241600e+00   2.1623300e+00  -1.4604300e+04
   5.9774800e+00  -1.6506300e+00   6.0241300e+00   2.7434400e+00   5.5237900e+00   2.1623400e+00  -1.4600500e+04
   5.9777600e+00  -1.6512100e+00   6.0242600e+00   2.7432500e+00   5.5229700e+00   2.1623600e+00  -1.4601300e+04
   5.9772200e+00  -1.6454400e+00   6.0240800e+00   2.7434300e+00   5.5240700e+00   2.1623500e+00  -1.4599700e+04
   5.9772400e+00  -1.6434000e+00   6.0244100e+00   2.7434700e+00   5.5242600e+00   2.1623500e+00  -1.4599200e+04
   5.9772600e+00  -1.6492000e+00   6.0244300e+00   2.7434100e+00   5.5239300e+00   2.1623600e+00  -1.4600700e+04
   5.9774600e+00  -1.6518500e+00   6.0242300e+00   2.7433600e+00   5.5226400e+00   2.1623600e+00  -1.4600700e+04
   5.9770900e+00  -1.6499200e+00   6.0239700e+00   2.7433200e+00   5.5241900e+00   2.1623600e+00  -1.4599800e+04
   5.9771700e+00  -1.6522400e+00   6.0238700e+00   2.7433400e+00   5.5234300e+00   2.1623700e+00  -1.4599200e+04
   5.9773300e+00  -1.6433000e+00   6.0241700e+00   2.7437000e+00   5.5241500e+00   2.1623800e+00  -1.4600300e+04
   5.9772800e+00  -1.6542900e+00   6.0238900e+00   2.7436000e+00   5.5240200e+00   2.1623700e+00  -1.4602700e+04
   5.9771600e+00  -1.6538100e+00   6.0239100e+00   2.7435300e+00   5.5232400e+00   2.1623900e+00  -1.4599200e+04
   5.9771800e+00  -1.6469900e+00   6.0242500e+00   2.7434800e+00   5.5242000e+00   2.1623800e+00  -1.4598900e+04
   5.9773000e+00  -1.6385500e+00   6.0247400e+00   2.7436400e+00   5.5247600e+00   2.1623700e+00  -1.4600900e+04
   5.9774600e+00  -1.6468300e+00   6.0243300e+00   2.7435100e+00   5.5233400e+00   2.1624000e+00  -1.4599400e+04
   5.9772100e+00  -1.6384800e+00   6.0243700e+00   2.7438100e+00   5.5248000e+00   2.1624000e+00  -1.4600800e+04
   5.9772900e+00  -1.6500100e+00   6.0242100e+00   2.7437200e+00   5.5227100e+00   2.1624100e+00  -1.4601200e+04
   5.9769300e+00  -1.6523200e+00   6.0237600e+00   2.7435500e+00   5.5240200e+00   2.1624000e+00  -1.4600900e+04
   5.9773800e+00  -1.6580700e+00   6.0236600e+00   2.7434400e+00   5.5209200e+00   2.1624100e+00  -1.4603000e+04
   5.9774600e+00  -1.6495200e+00   6.0243700e+00   2.7433800e+00   5.5242800e+00   2.1624200e+00  -1.4600700e+04
   5.9771700e+00  -1.6515600e+00   6.0239000e+00   2.7433700e+00   5.5240100e+00   2.1624200e+00  -1.4600300e+04
   5.9769400e+00  -1.6520100e+00   6.0237000e+00   2.7433300e+00   5.5241700e+00   2.1624200e+00  -1.4601900e+04
   5.9772000e+00  -1.6538000e+00   6.0242300e+00   2.7433500e+00   5.5235500e+00   2.1624200e+00  -1.4601200e+04
   5.9768100e+00  -1.6509000e+00   6.0235800e+00   2.7435100e+00   5.5234800e+00   2.1624200e+00  -1.4601800e+04
   5.9773500e+00  -1.6515100e+00   6.0235600e+00   2.7434600e+00   5.5231100e+00   2.1624100e+00  -1.4604500e+04
   5.9769400e+00  -1.6555500e+00   6.0235800e+00   2.7435400e+00   5.5228000e+00   2.1624100e+00  -1.4600400e+04
   5.9775300e+00  -1.6452600e+00   6.0243500e+00   2.7434700e+00   5.5238800e+00   2.1623900e+00  -1.4599600e+04
   5.9770000e+00  -1.6391400e+00   6.0242400e+00   2.7432600e+00   5.5251500e+00   2.1623700e+00  -1.4601400e+04
   5.9772800e+00  -1.6506200e+00   6.0240900e+00   2.7429400e+00   5.5229600e+00   2.1623800e+00  -1.4599300e+04
   5.9773100e+00  -1.6494800e+00   6.0243500e+00   2.7429000e+00   5.5238900e+00   2.1623600e+00  -1.4599400e+04
   5.9769100e+00  -1.6434900e+00   6.0244400e+00   2.7426500e+00   5.5253700e+00   2.1623600e+00  -1.4600000e+04
   5.9769400e+00  -1.6447400e+00   6.0246700e+00   2.7426600e+00   5.5252200e+00   2.1623500e+00  -1.4603000e+04
   5.9774300e+00  -1.6380700e+00   6.0246300e+00   2.7425700e+00   5.5253900e+00   2.1623400e+00  -1.4601100e+04
   5.9774400e+00  -1.6398300e+00   6.0249800e+00   2.7424400e+00   5.5247600e+00   2.1623400e+00  -1.4602800e+04
   5.9771700e+00  -1.6451100e+00   6.0241200e+00   2.7427700e+00   5.5246800e+00   2.1623500e+00  -1.4600300e+04
   5.9770900e+00  -1.6447400e+00   6.0244000e+00   2.7428200e+00   5.5246900e+00   2.1623400e+00  -1.4599200e+04
   5.9767700e+00  -1.6423500e+00   6.0246100e+00   2.7432100e+00   5.5254200e+00   2.1623300e+00  -1.4603800e+04
   5.9771000e+00  -1.6461500e+00   6.0242500e+00   2.7431600e+00   5.5248600e+00   2.1623400e+00  -1.4599700e+04
   5.9770900e+00  -1.6577500e+00   6.0235800e+00   2.7427800e+00   5.5225300e+00   2.1623400e+00  -1.4600100e+04
   5.9770400e+00  -1.6497700e+00   6.0240100e+00   2.7426100e+00   5.5233500e+00   2.1623400e+00  -1.4599400e+04
   5.9771600e+00  -1.6449700e+00   6.0244400e+00   2.7424300e+00   5.5249000e+00   2.1623300e+00  -1.4599000e+04
   5.9773400e+00  -1.6507500e+00   6.0241500e+00   2.7423700e+00   5.5229400e+00   2.1623300e+00  -1.4599500e+04
   5.9768800e+00  -1.6386100e+00   6.0246200e+00   2.7425000e+00   5.5253200e+00   2.1623300e+00  -1.4601600e+04
   5.9774800e+00  -1.6463600e+00   6.0243100e+00   2.7424300e+00   5.5240600e+00   2.1623400e+00  -1.4599600e+04
   5.9773300e+00  -1.6525800e+00   6.0240000e+00   2.7425800e+00   5.5226100e+00   2.1623300e+00  -1.4599600e+04
   5.9769400e+00  -1.6461600e+00   6.0240200e+00   2.7424900e+00   5.5243200e+00   2.1623200e+00  -1.4599600e+04
   5.9775000e+00  -1.6476700e+00   6.0245200e+00   2.7425200e+00   5.5242700e+00   2.1623200e+00  -1.4600300e+04
   5.9774500e+00  -1.6476200e+00   6.0243700e+00   2.7424800e+00   5.5238300e+00   2.1623300e+00  -1.4599200e+04
   5.9773900e+00  -1.6401800e+00   6.0247400e+00   2.7428400e+00   5.5249100e+00   2.1623300e+00  -1.4600100e+04
   5.9769100e+00  -1.6511800e+00   6.0238400e+00   2.7431400e+00   5.5235300e+00   2.1623200e+00  -1.4599800e+04
   5.9772200e+00  -1.6559000e+00   6.0239000e+00   2.7429800e+00   5.5230300e+00   2.1623200e+00  -1.4599700e+04
   5.9771100e+00  -1.6485600e+00   6.0242400e+00   2.7432100e+00   5.5244200e+00   2.1623100e+00  -1.4599500e+04
   5.9769900e+00  -1.6528200e+00   6.0237100e+00   2.7429200e+00   5.5235500e+00   2.1623000e+00  -1.4600100e+04
   5.9775000e+00  -1.6488500e+00   6.0245500e+00   2.7430400e+00   5.5238800e+00   2.1622900e+00  -1.4601200e+04
   5.9769600e+00  -1.6473600e+00   6.0241300e+00   2.7428800e+00   5.5241400e+00   2.1622800e+00  -1.4599400e+04
   5.9772000e+00  -1.6531600e+00   6.0240500e+00   2.7432300e+00   5.5235600e+00   2.1623000e+00  -1.4599500e+04
   5.9773200e+00  -1.6511600e+00   6.0241500e+00   2.7433600e+00   5.5226300e+00   2.1622700e+00  -1.4600700e+04
   5.9769600e+00  -1.6460900e+00   6.0243900e+00   2.7430200e+00   5.5244800e+00   2.1622500e+00  -1.4600700e+04
   5.9774300e+00  -1.6473900e+00   6.0243500e+00   2.7432300e+00   5.5233100e+00   2.1622700e+00  -1.4599900e+04
   5.9774300e+00  -1.6490000e+00   6.0242500e+00   2.7428000e+00   5.5233400e+00   2.1622700e+00  -1.4599300e+04
   5.9772100e+00  -1.6541100e+00   6.0239700e+00   2.7430900e+00   5.5228700e+00   2.1622500e+00  -1.4599600e+04
   5.9774200e+00  -1.6517200e+00   6.0239200e+00   2.7430400e+00   5.5218000e+00   2.1622300e+00  -1.4602100e+04
   5.9769000e+00  -1.6546400e+00   6.0237200e+00   2.7432600e+00   5.5239700e+00   2.1622300e+00  -1.4601700e+04
   5.9768700e+00  -1.6416600e+00   6.0241400e+00   2.7431400e+00   5.5252400e+00   2.1622400e+00  -1.4601600e+04
   5.9766600e+00  -1.6376700e+00   6.0244800e+00   2.7425600e+00   5.5266900e+00   2.1622400e+00  -1.4603400e+04
   5.9769500e+00  -1.6545200e+00   6.0240000e+00   2.7421400e+00   5.5234100e+00   2.1622400e+00  -1.4600600e+04
   5.9771800e+00  -1.6423800e+00   6.0244000e+00   2.7422200e+00   5.5246800e+00   2.1622300e+00  -1.4599100e+04
   5.9772800e+00  -1.6444100e+00   6.0245500e+00   2.7419300e+00   5.5248800e+00   2.1622400e+00  -1.4599200e+04
   5.9773600e+00  -1.6476900e+00   6.0242900e+00   2.7421200e+00   5.5238000e+00   2.1622300e+00  -1.4598900e+04
   5.9774400e+00  -1.6529800e+00   6.0240800e+00   2.7421200e+00   5.5227400e+00   2.1622500e+00  -1.4599800e+04
   5.9770600e+00  -1.6496200e+00   6.0242300e+00   2.7419500e+00   5.5237600e+00   2.1622600e+00  -1.4599700e+04
   5.9775000e+00  -1.6524300e+00   6.0239100e+00   2.7417000e+00   5.5231800e+00   2.1622600e+00  -1.4601300e+04
   5.9773100e+00  -1.6504700e+00   6.0241400e+00   2.7414600e+00   5.5234600e+00   2.1622800e+00  -1.4598800e+04
   5.9774300e+00  -1.6496200e+00   6.0243700e+00   2.7413100e+00   5.5240700e+00   2.1622600e+00  -1.4599500e+04
   5.9766700e+00  -1.6409100e+00   6.0244900e+00   2.7411400e+00   5.5257700e+00   2.1622600e+00  -1.4601100e+04
   5.9771300e+00  -1.6541300e+00   6.0238700e+00   2.7411700e+00   5.5234300e+00   2.1622600e+00  -1.4599100e+04
   5.9773100e+00  -1.6412900e+00   6.0245500e+00   2.7411900e+00   5.5240000e+00   2.1622700e+00  -1.4601300e+04
   5.9770400e+00  -1.6505200e+00   6.0242500e+00   2.7413700e+00   5.5251000e+00   2.1622800e+00  -1.4600400e+04
   5.9768600e+00  -1.6404200e+00   6.0244300e+00   2.7414800e+00   5.5261800e+00   2.1622700e+00  -1.4600600e+04
   5.9773700e+00  -1.6441700e+00   6.0247400e+00   2.7413300e+00   5.5248600e+00   2.1622700e+00  -1.4600200e+04
   5.9771000e+00  -1.6479200e+00   6.0243000e+00   2.7411700e+00   5.5248500e+00   2.1622700e+00  -1.4598700e+04
   5.9769600e+00  -1.6626900e+00   6.0238300e+00   2.7412000e+00   5.5232600e+00   2.1622700e+00  -1.4603900e+04
   5.9769200e+00  -1.6583000e+00   6.0237200e+00   2.7415700e+00   5.5222700e+00   2.1622600e+00  -1.4602600e+04
   5.9769600e+00  -1.6501600e+00   6.0242400e+00   2.7417200e+00   5.5238300e+00   2.1622500e+00  -1.4600700e+04
   5.9772200e+00  -1.6482200e+00   6.0242300e+00   2.7417500e+00   5.5249900e+00   2.1622700e+00  -1.4600600e+04
   5.9771800e+00  -1.6406500e+00   6.0247700e+00   2.7419200e+00   5.5257900e+00   2.1622700e+00  -1.4600200e+04
   5.9767600e+00  -1.6458100e+00   6.0241800e+00   2.7419000e+00   5.5249400e+00   2.1622600e+00  -1.4600000e+04
   5.9769800e+00  -1.6443800e+00   6.0246900e+00   2.7419900e+00   5.5256500e+00   2.1622500e+00  -1.4601800e+04
   5.9769700e+00  -1.6455800e+00   6.0241300e+00   2.7423600e+00   5.5256300e+00   2.1622600e+00  -1.4602700e+04
   5.9770200e+00  -1.6397100e+00   6.0245900e+00   2.7422000e+00   5.5265400e+00   2.1622500e+00  -1.4602300e+04
   5.9772600e+00  -1.6358700e+00   6.0247000e+00   2.7421600e+00   5.5265300e+00   2.1622600e+00  -1.4603400e+04
   5.9769900e+00  -1.6353900e+00   6.0247400e+00   2.7419300e+00   5.5252600e+00   2.1622400e+00  -1.4602700e+04
   5.9770300e+00  -1.6429600e+00   6.0245000e+00   2.7418700e+00   5.5247400e+00   2.1622300e+00  -1.4599700e+04
   5.9771500e+00  -1.6463700e+00   6.0245400e+00   2.7418900e+00   5.5250100e+00   2.1622300e+00  -1.4599900e+04
   5.9775100e+00  -1.6498800e+00   6.0244200e+00   2.7418800e+00   5.5241200e+00   2.1622100e+00  -1.4600600e+04
   5.9769900e+00  -1.6453100e+00   6.0241600e+00   2.7419400e+00   5.5245300e+00   2.1621900e+00  -1.4599100e+04
   5.9768800e+00  -1.6390300e+00   6.0246500e+00   2.7419500e+00   5.5262400e+00   2.1621800e+00  -1.4600900e+04
   5.9773600e+00  -1.6531800e+00   6.0241700e+00   2.7418700e+00   5.5238100e+00   2.1621800e+00  -1.4600100e+04
   5.9772500e+00  -1.6488500e+00   6.0241600e+00   2.7418400e+00   5.5233300e+00   2.1621800e+00  -1.4599400e+04
   5.9769900e+00  -1.6514300e+00   6.0243200e+00   2.7419300e+00   5.5247900e+00   2.1621800e+00  -1.4601400e+04
   5.9772500e+00  -1.6457300e+00   6.0241300e+00   2.7422600e+00   5.5236900e+00   2.1621600e+00  -1.4599600e+04
   5.9771200e+00  -1.6498600e+00   6.0241900e+00   2.7422500e+00   5.5234800e+00   2.1621500e+00  -1.4599800e+04
   5.9773600e+00  -1.6401200e+00   6.0244900e+00   2.7422200e+00   5.5238000e+00   2.1621600e+00  -1.4601900e+04
   5.9772100e+00  -1.6461600e+00   6.0244600e+00   2.7424300e+00   5.5249300e+00   2.1621500e+00  -1.4599900e+04
   5.9769100e+00  -1.6585300e+00   6.0236300e+00   2.7421900e+00   5.5227600e+00   2.1621600e+00  -1.4601000e+04
   5.9771900e+00  -1.6587200e+00   6.0235600e+00   2.7422400e+00   5.5217600e+00   2.1621500e+00  -1.4601300e+04
   5.9772800e+00  -1.6437300e+00   6.0243700e+00   2.7417900e+00   5.5240600e+00   2.1621400e+00  -1.4599500e+04
   5.9769500e+00  -1.6532100e+00   6.0236300e+00   2.7413300e+00   5.5229300e+00   2.1621200e+00  -1.4601000e+04
   5.9773400e+00  -1.6506400e+00   6.0241600e+00   2.7411900e+00   5.5229800e+00   2.1621300e+00  -1.4600200e+04
   5.9771500e+00  -1.6445900e+00   6.0245100e+00   2.7409500e+00   5.5257000e+00   2.1621400e+00  -1.4600000e+04
   5.9771300e+00  -1.6360400e+00   6.0248900e+00   2.7408300e+00   5.5255900e+00   2.1621300e+00  -1.4601200e+04
   5.9774900e+00  -1.6432600e+00   6.0244700e+00   2.7403800e+00   5.5242300e+00   2.1621300e+00  -1.4600700e+04
   5.9769700e+00  -1.6538500e+00   6.0239000e+00   2.7400800e+00   5.5235900e+00   2.1621300e+00  -1.4599300e+04
   5.9771800e+00  -1.6461400e+00   6.0245400e+00   2.7401900e+00   5.5245000e+00   2.1621200e+00  -1.4599600e+04
   5.9767100e+00  -1.6508200e+00   6.0238700e+00   2.7404300e+00   5.5241700e+00   2.1621400e+00  -1.4600200e+04
   5.9771900e+00  -1.6486400e+00   6.0243100e+00   2.7407200e+00   5.5242900e+00   2.1621300e+00  -1.4598700e+04
   5.9772400e+00  -1.6453500e+00   6.0240600e+00   2.7409200e+00   5.5244500e+00   2.1621300e+00  -1.4601500e+04
   5.9771800e+00  -1.6493100e+00   6.0242700e+00   2.7410800e+00   5.5237400e+00   2.1621300e+00  -1.4599400e+04
   5.9769900e+00  -1.6459700e+00   6.0239300e+00   2.7408800e+00   5.5246500e+00   2.1621100e+00  -1.4601500e+04
   5.9769400e+00  -1.6552700e+00   6.0235700e+00   2.7407700e+00   5.5234000e+00   2.1621200e+00  -1.4601200e+04
   5.9770400e+00  -1.6507000e+00   6.0243900e+00   2.7404500e+00   5.5242000e+00   2.1621400e+00  -1.4600700e+04
   5.9771200e+00  -1.6483400e+00   6.0243900e+00   2.7404000e+00   5.5246400e+00   2.1621400e+00  -1.4598800e+04
   5.9770300e+00  -1.6449800e+00   6.0244900e+00   2.7402600e+00   5.5241100e+00   2.1621500e+00  -1.4601800e+04
   5.9769200e+00  -1.6410200e+00   6.0245200e+00   2.7401900e+00   5.5259800e+00   2.1621600e+00  -1.4599100e+04
   5.9771600e+00  -1.6371000e+00   6.0250500e+00   2.7401800e+00   5.5266100e+00   2.1621700e+00  -1.4600900e+04
   5.9770600e+00  -1.6434700e+00   6.0243000e+00   2.7403600e+00   5.5252500e+00   2.1621800e+00  -1.4599300e+04
   5.9767200e+00  -1.6505200e+00   6.0239700e+00   2.7400300e+00   5.5255100e+00   2.1621800e+00  -1.4601500e+04
   5.9771800e+00  -1.6477900e+00   6.0243200e+00   2.7399300e+00   5.5244400e+00   2.1621600e+00  -1.4598500e+04
   5.9774400e+00  -1.6526400e+00   6.0239200e+00   2.7401400e+00   5.5233400e+00   2.1621500e+00  -1.4601700e+04
   5.9773600e+00  -1.6595500e+00   6.0237300e+00   2.7398800e+00   5.5226600e+00   2.1621500e+00  -1.4601700e+04
   5.9774100e+00  -1.6409300e+00   6.0247400e+00   2.7398600e+00   5.5258500e+00   2.1621400e+00  -1.4601000e+04
   5.9771100e+00  -1.6370800e+00   6.0246700e+00   2.7394300e+00   5.5265100e+00   2.1621500e+00  -1.4600800e+04
   5.9772300e+00  -1.6335400e+00   6.0252700e+00   2.7392000e+00   5.5265900e+00   2.1621400e+00  -1.4602200e+04
   5.9768000e+00  -1.6400900e+00   6.0246400e+00   2.7387400e+00   5.5263200e+00   2.1621200e+00  -1.4599100e+04
   5.9766800e+00  -1.6468500e+00   6.0240800e+00   2.7386600e+00   5.5258800e+00   2.1621100e+00  -1.4600600e+04
   5.9772200e+00  -1.6465100e+00   6.0240900e+00   2.7386100e+00   5.5245600e+00   2.1621100e+00  -1.4601700e+04
   5.9768600e+00  -1.6405400e+00   6.0244500e+00   2.7387600e+00   5.5262300e+00   2.1621100e+00  -1.4599600e+04
   5.9774900e+00  -1.6536300e+00   6.0246000e+00   2.7388500e+00   5.5237400e+00   2.1621300e+00  -1.4604100e+04
   5.9767700e+00  -1.6407800e+00   6.0244400e+00   2.7388700e+00   5.5260400e+00   2.1621100e+00  -1.4599400e+04
   5.9772100e+00  -1.6417000e+00   6.0244300e+00   2.7390400e+00   5.5249000e+00   2.1621200e+00  -1.4600000e+04
   5.9769700e+00  -1.6452500e+00   6.0245300e+00   2.7389300e+00   5.5259800e+00   2.1621000e+00  -1.4599000e+04
   5.9766700e+00  -1.6331800e+00   6.0249700e+00   2.7386700e+00   5.5280400e+00   2.1621000e+00  -1.4601900e+04
   5.9772300e+00  -1.6518500e+00   6.0241200e+00   2.7385700e+00   5.5225800e+00   2.1621300e+00  -1.4604200e+04
   5.9768600e+00  -1.6478700e+00   6.0245000e+00   2.7385300e+00   5.5253600e+00   2.1621300e+00  -1.4599400e+04
   5.9773000e+00  -1.6484800e+00   6.0245900e+00   2.7382200e+00   5.5248100e+00   2.1621100e+00  -1.4599800e+04
   5.9769100e+00  -1.6429400e+00   6.0246400e+00   2.7384200e+00   5.5263600e+00   2.1621000e+00  -1.4598900e+04
   5.9764600e+00  -1.6406100e+00   6.0243100e+00   2.7384800e+00   5.5259200e+00   2.1620900e+00  -1.4602000e+04
   5.9769300e+00  -1.6456600e+00   6.0245500e+00   2.7385900e+00   5.5257500e+00   2.1621000e+00  -1.4598700e+04
   5.9771300e+00  -1.6475700e+00   6.0244400e+00   2.7386500e+00   5.5251300e+00   2.1621300e+00  -1.4598500e+04
   5.9776700e+00  -1.6458000e+00   6.0246400e+00   2.7389600e+00   5.5247900e+00   2.1621100e+00  -1.4602700e+04
   5.9773800e+00  -1.6359700e+00   6.0249400e+00   2.7392500e+00   5.5258500e+00   2.1621100e+00  -1.4601100e+04
   5.9773600e+00  -1.6418400e+00   6.0246900e+00   2.7394300e+00   5.5250900e+00   2.1621300e+00  -1.4599700e+04
   5.9771500e+00  -1.6452000e+00   6.0243200e+00   2.7393600e+00   5.5254500e+00   2.1621200e+00  -1.4599900e+04
   5.9768900e+00  -1.6491100e+00   6.0243500e+00   2.7394600e+00   5.5246400e+00   2.1621200e+00  -1.4599600e+04
   5.9770500e+00  -1.6440400e+00   6.0246300e+00   2.7395900e+00   5.5255000e+00   2.1621100e+00  -1.4598900e+04
   5.9769500e+00  -1.6507000e+00   6.0241900e+00   2.7398000e+00   5.5249900e+00   2.1621200e+00  -1.4599200e+04
   5.9769500e+00  -1.6440200e+00   6.0242900e+00   2.7397900e+00   5.5249300e+00   2.1621300e+00  -1.4598900e+04
   5.9770400e+00  -1.6382800e+00   6.0245700e+00   2.7399500e+00   5.5258600e+00   2.1621500e+00  -1.4599600e+04
   5.9770500e+00  -1.6467900e+00   6.0242900e+00   2.7398900e+00   5.5243200e+00   2.1621700e+00  -1.4598800e+04
   5.9771100e+00  -1.6465300e+00   6.0242600e+00   2.7397600e+00   5.5255900e+00   2.1621700e+00  -1.4600700e+04
   5.9773700e+00  -1.6471700e+00   6.0242300e+00   2.7398800e+00   5.5238900e+00   2.1621900e+00  -1.4599900e+04
   5.9770400e+00  -1.6564000e+00   6.0236100e+00   2.7397900e+00   5.5231500e+00   2.1622000e+00  -1.4600900e+04
   5.9769200e+00  -1.6445100e+00   6.0240900e+00   2.7400700e+00   5.5245500e+00   2.1622000e+00  -1.4600100e+04
   5.9768300e+00  -1.6518200e+00   6.0241200e+00   2.7399600e+00   5.5246800e+00   2.1621900e+00  -1.4599300e+04
   5.9766600e+00  -1.6578100e+00   6.0237200e+00   2.7398000e+00   5.5234400e+00   2.1621900e+00  -1.4601800e+04
   5.9772000e+00  -1.6600900e+00   6.0237300e+00   2.7398100e+00   5.5227000e+00   2.1621900e+00  -1.4600800e+04
   5.9775900e+00  -1.6593200e+00   6.0241500e+00   2.7395100e+00   5.5222700e+00   2.1621800e+00  -1.4604400e+04
   5.9767000e+00  -1.6506500e+00   6.0238700e+00   2.7395800e+00   5.5250400e+00   2.1621700e+00  -1.4600600e+04
   5.9775100e+00  -1.6424000e+00   6.0248700e+00   2.7398700e+00   5.5251700e+00   2.1621800e+00  -1.4600900e+04
   5.9763700e+00  -1.6473000e+00   6.0241500e+00   2.7397100e+00   5.5253800e+00   2.1621900e+00  -1.4603000e+04
   5.9775100e+00  -1.6248000e+00   6.0255700e+00   2.7395300e+00   5.5272800e+00   2.1621900e+00  -1.4606800e+04
   5.9771800e+00  -1.6426300e+00   6.0246300e+00   2.7396100e+00   5.5254000e+00   2.1621800e+00  -1.4598700e+04
   5.9774100e+00  -1.6483200e+00   6.0244500e+00   2.7391500e+00   5.5240800e+00   2.1621800e+00  -1.4599800e+04
   5.9770300e+00  -1.6435700e+00   6.0245700e+00   2.7386400e+00   5.5249400e+00   2.1621700e+00  -1.4599500e+04
   5.9771700e+00  -1.6447500e+00   6.0243600e+00   2.7388900e+00   5.5249500e+00   2.1621800e+00  -1.4598900e+04
   5.9770700e+00  -1.6400800e+00   6.0247300e+00   2.7389100e+00   5.5253900e+00   2.1621700e+00  -1.4599700e+04
   5.9766700e+00  -1.6416200e+00   6.0241400e+00   2.7389700e+00   5.5256900e+00   2.1621700e+00  -1.4601400e+04
   5.9771000e+00  -1.6510600e+00   6.0240600e+00   2.7393500e+00   5.5240900e+00   2.1621900e+00  -1.4598700e+04
   5.9771200e+00  -1.6399600e+00   6.0247700e+00   2.7391900e+00   5.5261800e+00   2.1621900e+00  -1.4599000e+04
   5.9767600e+00  -1.6483800e+00   6.0240800e+00   2.7390300e+00   5.5251400e+00   2.1621700e+00  -1.4599100e+04
   5.9771200e+00  -1.6538200e+00   6.0243100e+00   2.7388300e+00   5.5253100e+00   2.1621800e+00  -1.4601900e+04
   5.9770700e+00  -1.6349400e+00   6.0248500e+00   2.7386500e+00   5.5263200e+00   2.1621800e+00  -1.4600200e+04
   5.9767600e+00  -1.6551800e+00   6.0240200e+00   2.7380700e+00   5.5245000e+00   2.1621800e+00  -1.4599800e+04
   5.9773600e+00  -1.6433700e+00   6.0248900e+00   2.7380300e+00   5.5251900e+00   2.1621600e+00  -1.4600900e+04
   5.9766300e+00  -1.6488800e+00   6.0245200e+00   2.7377900e+00   5.5252400e+00   2.1621600e+00  -1.4603100e+04
   5.9773400e+00  -1.6576400e+00   6.0239800e+00   2.7378500e+00   5.5233500e+00   2.1621500e+00  -1.4601400e+04
   5.9767400e+00  -1.6481200e+00   6.0241300e+00   2.7379000e+00   5.5253400e+00   2.1621400e+00  -1.4598900e+04
   5.9771000e+00  -1.6473200e+00   6.0245700e+00   2.7377900e+00   5.5251900e+00   2.1621400e+00  -1.4598800e+04
   5.9767800e+00  -1.6385000e+00   6.0244900e+00   2.7378500e+00   5.5265200e+00   2.1621700e+00  -1.4600100e+04
   5.9770400e+00  -1.6392300e+00   6.0247600e+00   2.7377800e+00   5.5264900e+00   2.1621500e+00  -1.4599000e+04
   5.9773700e+00  -1.6492300e+00   6.0242500e+00   2.7376800e+00   5.5241900e+00   2.1621300e+00  -1.4600800e+04
   5.9771400e+00  -1.6507300e+00   6.0242700e+00   2.7378400e+00   5.5244500e+00   2.1621200e+00  -1.4598900e+04
   5.9767200e+00  -1.6508600e+00   6.0241200e+00   2.7377500e+00   5.5249300e+00   2.1621200e+00  -1.4599100e+04
   5.9771400e+00  -1.6384600e+00   6.0246400e+00   2.7371800e+00   5.5261600e+00   2.1621200e+00  -1.4600500e+04
   5.9769800e+00  -1.6438100e+00   6.0245600e+00   2.7371700e+00   5.5262700e+00   2.1621000e+00  -1.4598800e+04
   5.9771600e+00  -1.6420000e+00   6.0248200e+00   2.7370500e+00   5.5253600e+00   2.1620900e+00  -1.4600400e+04
   5.9770300e+00  -1.6416000e+00   6.0248900e+00   2.7372100e+00   5.5267400e+00   2.1620800e+00  -1.4599400e+04
   5.9769000e+00  -1.6548900e+00   6.0236600e+00   2.7375300e+00   5.5244800e+00   2.1620900e+00  -1.4603100e+04
   5.9770500e+00  -1.6509100e+00   6.0242000e+00   2.7375700e+00   5.5252100e+00   2.1621100e+00  -1.4599600e+04
   5.9767700e+00  -1.6355600e+00   6.0247700e+00   2.7373700e+00   5.5267100e+00   2.1621000e+00  -1.4600200e+04
   5.9770800e+00  -1.6552800e+00   6.0242300e+00   2.7372900e+00   5.5242900e+00   2.1621100e+00  -1.4600000e+04
   5.9771300e+00  -1.6438600e+00   6.0242900e+00   2.7372800e+00   5.5247200e+00   2.1621300e+00  -1.4601000e+04
   5.9766200e+00  -1.6432100e+00   6.0245200e+00   2.7372200e+00   5.5256700e+00   2.1621300e+00  -1.4600600e+04
   5.9771300e+00  -1.6465600e+00   6.0244100e+00   2.7372400e+00   5.5241700e+00   2.1621400e+00  -1.4601000e+04
   5.9767700e+00  -1.6587300e+00   6.0234700e+00   2.7371900e+00   5.5242300e+00   2.1621400e+00  -1.4604300e+04
   5.9769500e+00  -1.6412800e+00   6.0246700e+00   2.7372000e+00   5.5263900e+00   2.1621400e+00  -1.4598400e+04
   5.9769600e+00  -1.6532400e+00   6.0243200e+00   2.7373400e+00   5.5254600e+00   2.1621400e+00  -1.4600200e+04
   5.9767800e+00  -1.6347400e+00   6.0245200e+00   2.7373900e+00   5.5263700e+00   2.1621600e+00  -1.4602800e+04
   5.9767500e+00  -1.6543800e+00   6.0238400e+00   2.7377200e+00   5.5249000e+00   2.1621700e+00  -1.4600600e+04
   5.9775500e+00  -1.6474000e+00   6.0243200e+00   2.7378800e+00   5.5231300e+00   2.1621700e+00  -1.4604800e+04
   5.9769700e+00  -1.6470100e+00   6.0243600e+00   2.7379100e+00   5.5263400e+00   2.1621700e+00  -1.4601000e+04
   5.9771000e+00  -1.6389700e+00   6.0249400e+00   2.7376600e+00   5.5259600e+00   2.1621600e+00  -1.4600000e+04
   5.9769800e+00  -1.6477200e+00   6.0241400e+00   2.7377300e+00   5.5246300e+00   2.1621600e+00  -1.4599300e+04
   5.9768400e+00  -1.6467100e+00   6.0240400e+00   2.7380100e+00   5.5257000e+00   2.1621500e+00  -1.4601600e+04
   5.9763600e+00  -1.6423700e+00   6.0247500e+00   2.7380200e+00   5.5269800e+00   2.1621500e+00  -1.4604300e+04
   5.9770500e+00  -1.6493200e+00   6.0242500e+00   2.7381200e+00   5.5244300e+00   2.1621600e+00  -1.4598700e+04
   5.9770300e+00  -1.6520500e+00   6.0241800e+00   2.7385200e+00   5.5247800e+00   2.1621500e+00  -1.4598900e+04
   5.9769300e+00  -1.6580700e+00   6.0234200e+00   2.7384700e+00   5.5231000e+00   2.1621500e+00  -1.4603200e+04
   5.9765500e+00  -1.6542500e+00   6.0241400e+00   2.7384400e+00   5.5255300e+00   2.1621600e+00  -1.4602200e+04
   5.9769100e+00  -1.6576900e+00   6.0236000e+00   2.7383300e+00   5.5238000e+00   2.1621400e+00  -1.4601700e+04
   5.9766500e+00  -1.6513600e+00   6.0243600e+00   2.7379800e+00   5.5256000e+00   2.1621400e+00  -1.4600900e+04
   5.9772000e+00  -1.6542300e+00   6.0238400e+00   2.7383900e+00   5.5236100e+00   2.1621500e+00  -1.4601000e+04
   5.9764600e+00  -1.6502200e+00   6.0241500e+00   2.7385000e+00   5.5251100e+00   2.1621500e+00  -1.4601700e+04
   5.9775000e+00  -1.6469900e+00   6.0247600e+00   2.7381000e+00   5.5251700e+00   2.1621600e+00  -1.4601400e+04
   5.9770900e+00  -1.6543300e+00   6.0238800e+00   2.7381000e+00   5.5236700e+00   2.1621600e+00  -1.4600000e+04
   5.9770200e+00  -1.6417200e+00   6.0250100e+00   2.7379300e+00   5.5259400e+00   2.1621600e+00  -1.4601800e+04
   5.9768300e+00  -1.6488200e+00   6.0241000e+00   2.7379800e+00   5.5250400e+00   2.1621600e+00  -1.4598800e+04
   5.9770500e+00  -1.6430100e+00   6.0246200e+00   2.7380900e+00   5.5261200e+00   2.1621600e+00  -1.4598600e+04
   5.9772700e+00  -1.6478800e+00   6.0243500e+00   2.7382800e+00   5.5248400e+00   2.1621700e+00  -1.4599300e+04
   5.9769600e+00  -1.6389000e+00   6.0243300e+00   2.7385000e+00   5.5259900e+00   2.1621800e+00  -1.4602200e+04
   5.9767600e+00  -1.6440500e+00   6.0248700e+00   2.7386300e+00   5.5262200e+00   2.1621800e+00  -1.4602900e+04
   5.9766600e+00  -1.6460500e+00   6.0242900e+00   2.7386900e+00   5.5247800e+00   2.1621700e+00  -1.4601200e+04
   5.9768900e+00  -1.6485600e+00   6.0243400e+00   2.7383300e+00   5.5243100e+00   2.1621800e+00  -1.4600500e+04
   5.9768500e+00  -1.6558600e+00   6.0239500e+00   2.7383600e+00   5.5242600e+00   2.1621700e+00  -1.4599600e+04
   5.9770200e+00  -1.6399600e+00   6.0245800e+00   2.7385800e+00   5.5256500e+00   2.1621800e+00  -1.4599100e+04
   5.9773700e+00  -1.6431800e+00   6.0247500e+00   2.7389600e+00   5.5256300e+00   2.1621700e+00  -1.4600000e+04
   5.9766600e+00  -1.6474200e+00   6.0241200e+00   2.7387200e+00   5.5248700e+00   2.1621700e+00  -1.4599800e+04
   5.9767000e+00  -1.6477300e+00   6.0243800e+00   2.7384200e+00   5.5260400e+00   2.1621700e+00  -1.4599500e+04
   5.9767900e+00  -1.6484200e+00   6.0241300e+00   2.7382100e+00   5.5260200e+00   2.1621800e+00  -1.4600900e+04
   5.9766600e+00  -1.6419400e+00   6.0246500e+00   2.7382300e+00   5.5258200e+00   2.1621800e+00  -1.4601100e+04
   5.9771600e+00  -1.6514700e+00   6.0242100e+00   2.7382900e+00   5.5239700e+00   2.1621700e+00  -1.4599200e+04
   5.9770800e+00  -1.6396600e+00   6.0246000e+00   2.7386300e+00   5.5248900e+00   2.1621700e+00  -1.4601200e+04
   5.9772300e+00  -1.6456000e+00   6.0246300e+00   2.7387200e+00   5.5250600e+00   2.1621700e+00  -1.4599000e+04
   5.9772500e+00  -1.6448600e+00   6.0248300e+00   2.7388200e+00   5.5258300e+00   2.1621600e+00  -1.4600300e+04
   5.9768300e+00  -1.6431400e+00   6.0245800e+00   2.7390700e+00   5.5254100e+00   2.1621500e+00  -1.4599800e+04
   5.9769300e+00  -1.6481500e+00   6.0240400e+00   2.7390200e+00   5.5259000e+00   2.1621300e+00  -1.4603600e+04
   5.9770400e+00  -1.6423600e+00   6.0244400e+00   2.7385600e+00   5.5258200e+00   2.1621500e+00  -1.4599200e+04
   5.9763700e+00  -1.6453600e+00   6.0242700e+00   2.7380600e+00   5.5269000e+00   2.1621400e+00  -1.4602100e+04
   5.9770000e+00  -1.6484300e+00   6.0242200e+00   2.7382300e+00   5.5252600e+00   2.1621400e+00  -1.4598900e+04
   5.9772600e+00  -1.6589400e+00   6.0235500e+00   2.7385100e+00   5.5219200e+00   2.1621600e+00  -1.4604200e+04
   5.9769500e+00  -1.6458800e+00   6.0244800e+00   2.7386400e+00   5.5250400e+00   2.1621600e+00  -1.4598800e+04
   5.9765800e+00  -1.6365500e+00   6.0245500e+00   2.7386700e+00   5.5258300e+00   2.1621700e+00  -1.4603700e+04
   5.9765000e+00  -1.6258600e+00   6.0248300e+00   2.7386000e+00   5.5284700e+00   2.1621600e+00  -1.4607600e+04
   5.9769000e+00  -1.6490100e+00   6.0240500e+00   2.7387000e+00   5.5243400e+00   2.1621800e+00  -1.4599100e+04
   5.9774200e+00  -1.6389000e+00   6.0247900e+00   2.7387300e+00   5.5259300e+00   2.1621900e+00  -1.4601100e+04
   5.9770700e+00  -1.6487000e+00   6.0240600e+00   2.7389700e+00   5.5250100e+00   2.1622100e+00  -1.4600500e+04
   5.9773100e+00  -1.6343000e+00   6.0251200e+00   2.7386800e+00   5.5264900e+00   2.1622200e+00  -1.4601000e+04
   5.9772100e+00  -1.6497400e+00   6.0241700e+00   2.7389000e+00   5.5244400e+00   2.1622000e+00  -1.4599100e+04
   5.9771700e+00  -1.6527800e+00   6.0240600e+00   2.7386000e+00   5.5245200e+00   2.1622100e+00  -1.4599900e+04
   5.9771800e+00  -1.6443700e+00   6.0248500e+00   2.7384100e+00   5.5259500e+00   2.1622200e+00  -1.4599900e+04
   5.9768900e+00  -1.6469800e+00   6.0242300e+00   2.7384300e+00   5.5257100e+00   2.1622000e+00  -1.4599200e+04
   5.9769600e+00  -1.6402200e+00   6.0247400e+00   2.7382000e+00   5.5272900e+00   2.1622000e+00  -1.4601000e+04
   5.9772200e+00  -1.6513600e+00   6.0244800e+00   2.7381700e+00   5.5244100e+00   2.1621800e+00  -1.4600000e+04
   5.9772900e+00  -1.6580500e+00   6.0237300e+00   2.7379500e+00   5.5224900e+00   2.1621900e+00  -1.4602700e+04
   5.9770900e+00  -1.6490800e+00   6.0243000e+00   2.7379000e+00   5.5258500e+00   2.1622000e+00  -1.4601200e+04
   5.9767100e+00  -1.6439800e+00   6.0243000e+00   2.7379400e+00   5.5265700e+00   2.1622100e+00  -1.4600400e+04
   5.9768600e+00  -1.6445200e+00   6.0244800e+00   2.7380800e+00   5.5262000e+00   2.1622100e+00  -1.4598500e+04
   5.9769800e+00  -1.6511300e+00   6.0240700e+00   2.7380400e+00   5.5247600e+00   2.1622300e+00  -1.4598900e+04
   5.9774500e+00  -1.6428200e+00   6.0247600e+00   2.7382600e+00   5.5243500e+00   2.1622200e+00  -1.4602300e+04
   5.9771200e+00  -1.6400400e+00   6.0248700e+00   2.7383500e+00   5.5259700e+00   2.1622200e+00  -1.4599200e+04
   5.9771500e+00  -1.6421600e+00   6.0245300e+00   2.7383900e+00   5.5257100e+00   2.1622400e+00  -1.4599000e+04
   5.9770600e+00  -1.6604000e+00   6.0239600e+00   2.7382000e+00   5.5233900e+00   2.1622400e+00  -1.4601400e+04
   5.9771100e+00  -1.6508000e+00   6.0243300e+00   2.7383600e+00   5.5251500e+00   2.1622500e+00  -1.4599100e+04
   5.9768900e+00  -1.6522600e+00   6.0239000e+00   2.7384300e+00   5.5238600e+00   2.1622500e+00  -1.4599600e+04
   5.9769700e+00  -1.6530700e+00   6.0239400e+00   2.7380900e+00   5.5237400e+00   2.1622700e+00  -1.4599500e+04
   5.9766200e+00  -1.6504900e+00   6.0240700e+00   2.7382000e+00   5.5257600e+00   2.1622700e+00  -1.4600100e+04
   5.9769000e+00  -1.6460200e+00   6.0240900e+00   2.7382700e+00   5.5242300e+00   2.1622700e+00  -1.4600800e+04
   5.9770900e+00  -1.6526200e+00   6.0241500e+00   2.7383200e+00   5.5236200e+00   2.1622600e+00  -1.4599800e+04
   5.9771000e+00  -1.6391100e+00   6.0253000e+00   2.7383500e+00   5.5266100e+00   2.1622700e+00  -1.4604100e+04
   5.9773700e+00  -1.6440800e+00   6.0246100e+00   2.7383900e+00   5.5250500e+00   2.1622600e+00  -1.4599400e+04
   5.9769000e+00  -1.6553300e+00   6.0241200e+00   2.7383400e+00   5.5243800e+00   2.1622800e+00  -1.4599600e+04
   5.9763000e+00  -1.6400700e+00   6.0243300e+00   2.7386900e+00   5.5269300e+00   2.1622800e+00  -1.4602900e+04
   5.9765700e+00  -1.6554700e+00   6.0238200e+00   2.7388900e+00   5.5245900e+00   2.1623000e+00  -1.4600800e+04
