   5.9901300e+00  -1.9167100e+00   6.0180000e+00   2.8013400e+00   5.4967800e+00   2.7114700e+00  -8.9416600e+03
   5.9900000e+00  -1.9157700e+00   6.0179000e+00   2.8006800e+00   5.4969800e+00   2.7067400e+00  -8.9426900e+03
   5.9903700e+00  -1.9165700e+00   6.0183300e+00   2.8012000e+00   5.4959300e+00   2.7044100e+00  -8.9404800e+03
   5.9905000e+00  -1.9164100e+00   6.0179800e+00   2.8008900e+00   5.4954800e+00   2.7026400e+00  -8.9424500e+03
   5.9905200e+00  -1.9192200e+00   6.0185100e+00   2.8015200e+00   5.4955700e+00   2.6933900e+00  -8.9427200e+03
   5.9904900e+00  -1.9194100e+00   6.0182400e+00   2.8020600e+00   5.4951200e+00   2.6933600e+00  -8.9417500e+03
   5.9906800e+00  -1.9185300e+00   6.0183300e+00   2.8039200e+00   5.4947000e+00   2.6982400e+00  -8.9429700e+03
   5.9903700e+00  -1.9183000e+00   6.0182000e+00   2.8043300e+00   5.4961300e+00   2.6978100e+00  -8.9417800e+03
   5.9905600e+00  -1.9177800e+00   6.0181600e+00   2.8045700e+00   5.4954200e+00   2.6950800e+00  -8.9420400e+03
   5.9898500e+00  -1.9169600e+00   6.0175900e+00   2.8048100e+00   5.4952600e+00   2.6965900e+00  -8.9431500e+03
   5.9905100e+00  -1.9162800e+00   6.0177700e+00   2.8039500e+00   5.4943500e+00   2.6955400e+00  -8.9435700e+03
   5.9904700e+00  -1.9149000e+00   6.0186100e+00   2.8031900e+00   5.4973100e+00   2.6904400e+00  -8.9424500e+03
   5.9902000e+00  -1.9150700e+00   6.0179000e+00   2.8042300e+00   5.4943300e+00   2.6927800e+00  -8.9422500e+03
   5.9907400e+00  -1.9147700e+00   6.0183000e+00   2.8029300e+00   5.4956800e+00   2.6959100e+00  -8.9422200e+03
   5.9901300e+00  -1.9157700e+00   6.0183000e+00   2.8029000e+00   5.4968800e+00   2.6984700e+00  -8.9410700e+03
   5.9904700e+00  -1.9165000e+00   6.0185700e+00   2.8020900e+00   5.4963700e+00   2.7074100e+00  -8.9412000e+03
   5.9909500e+00  -1.9160200e+00   6.0185800e+00   2.8026900e+00   5.4956800e+00   2.7141900e+00  -8.9431400e+03
   5.9899100e+00  -1.9169500e+00   6.0180300e+00   2.8040000e+00   5.4964700e+00   2.7111100e+00  -8.9427100e+03
   5.9905100e+00  -1.9171100e+00   6.0183200e+00   2.8045400e+00   5.4953300e+00   2.7113100e+00  -8.9420800e+03
   5.9900000e+00  -1.9168400e+00   6.0182100e+00   2.8033900e+00   5.4960800e+00   2.7080000e+00  -8.9423900e+03
   5.9903700e+00  -1.9158700e+00   6.0189600e+00   2.8022000e+00   5.4984700e+00   2.7089700e+00  -8.9441600e+03
   5.9899900e+00  -1.9152100e+00   6.0186500e+00   2.8001700e+00   5.4986000e+00   2.7060400e+00  -8.9422100e+03
   5.9907900e+00  -1.9155600e+00   6.0187900e+00   2.8007600e+00   5.4975100e+00   2.7043600e+00  -8.9419200e+03
   5.9900700e+00  -1.9144800e+00   6.0184300e+00   2.8013400e+00   5.4982100e+00   2.7076600e+00  -8.9418500e+03
   5.9903800e+00  -1.9149100e+00   6.0181400e+00   2.8018100e+00   5.4966100e+00   2.7014400e+00  -8.9414900e+03
   5.9904200e+00  -1.9155800e+00   6.0183600e+00   2.8015100e+00   5.4967900e+00   2.7046500e+00  -8.9404100e+03
   5.9904400e+00  -1.9165900e+00   6.0184700e+00   2.8009400e+00   5.4966500e+00   2.7025900e+00  -8.9402200e+03
   5.9904800e+00  -1.9165300e+00   6.0180700e+00   2.8016500e+00   5.4950000e+00   2.7042200e+00  -8.9418600e+03
   5.9905100e+00  -1.9162800e+00   6.0181000e+00   2.8029300e+00   5.4946400e+00   2.6932000e+00  -8.9417800e+03
   5.9904800e+00  -1.9175300e+00   6.0184100e+00   2.7998200e+00   5.4953700e+00   2.6904600e+00  -8.9414900e+03
   5.9905100e+00  -1.9173500e+00   6.0182500e+00   2.8023400e+00   5.4944700e+00   2.6916900e+00  -8.9424500e+03
   5.9904600e+00  -1.9173100e+00   6.0185300e+00   2.8005700e+00   5.4943800e+00   2.6899000e+00  -8.9458400e+03
   5.9904100e+00  -1.9189000e+00   6.0179500e+00   2.8015100e+00   5.4960000e+00   2.6956800e+00  -8.9422300e+03
   5.9903100e+00  -1.9193000e+00   6.0181600e+00   2.7994100e+00   5.4963600e+00   2.6962200e+00  -8.9404300e+03
   5.9903200e+00  -1.9184800e+00   6.0180600e+00   2.8002300e+00   5.4966500e+00   2.6933000e+00  -8.9418000e+03
   5.9901400e+00  -1.9180800e+00   6.0183300e+00   2.8012200e+00   5.4963500e+00   2.7003900e+00  -8.9407600e+03
   5.9902300e+00  -1.9196500e+00   6.0179600e+00   2.8011800e+00   5.4954900e+00   2.6995000e+00  -8.9406200e+03
   5.9904000e+00  -1.9202900e+00   6.0179400e+00   2.8013500e+00   5.4956900e+00   2.6887600e+00  -8.9426500e+03
   5.9898200e+00  -1.9213500e+00   6.0172700e+00   2.8021200e+00   5.4937500e+00   2.6886800e+00  -8.9440600e+03
   5.9901300e+00  -1.9222000e+00   6.0177100e+00   2.8018000e+00   5.4951100e+00   2.6966900e+00  -8.9415200e+03
   5.9903900e+00  -1.9238800e+00   6.0179600e+00   2.8011500e+00   5.4950100e+00   2.7063100e+00  -8.9414700e+03
   5.9896300e+00  -1.9232800e+00   6.0178900e+00   2.8017400e+00   5.4957500e+00   2.7097000e+00  -8.9445300e+03
   5.9900800e+00  -1.9238800e+00   6.0176400e+00   2.8036900e+00   5.4960600e+00   2.7123000e+00  -8.9429600e+03
   5.9901300e+00  -1.9237500e+00   6.0178300e+00   2.8043000e+00   5.4965700e+00   2.7162700e+00  -8.9433500e+03
   5.9900600e+00  -1.9232800e+00   6.0176600e+00   2.8041400e+00   5.4945000e+00   2.7157200e+00  -8.9424100e+03
   5.9900000e+00  -1.9220800e+00   6.0178800e+00   2.8039400e+00   5.4957700e+00   2.7189300e+00  -8.9422600e+03
   5.9906100e+00  -1.9214900e+00   6.0180500e+00   2.8055600e+00   5.4946100e+00   2.7207500e+00  -8.9428800e+03
   5.9905500e+00  -1.9229100e+00   6.0181200e+00   2.8049300e+00   5.4960500e+00   2.7254200e+00  -8.9426300e+03
   5.9902300e+00  -1.9236900e+00   6.0175900e+00   2.8027300e+00   5.4961000e+00   2.7230200e+00  -8.9435600e+03
   5.9903100e+00  -1.9232100e+00   6.0182000e+00   2.8011200e+00   5.4960100e+00   2.7207700e+00  -8.9411000e+03
   5.9907100e+00  -1.9240700e+00   6.0180000e+00   2.8015300e+00   5.4958300e+00   2.7188100e+00  -8.9431500e+03
   5.9899800e+00  -1.9250900e+00   6.0174900e+00   2.8021100e+00   5.4958900e+00   2.7147100e+00  -8.9428600e+03
   5.9900900e+00  -1.9247700e+00   6.0177500e+00   2.8017500e+00   5.4955100e+00   2.7185800e+00  -8.9412000e+03
   5.9902500e+00  -1.9246500e+00   6.0181200e+00   2.8027400e+00   5.4953900e+00   2.7257700e+00  -8.9428900e+03
   5.9909900e+00  -1.9251800e+00   6.0184800e+00   2.8020200e+00   5.4965800e+00   2.7217400e+00  -8.9458900e+03
   5.9902800e+00  -1.9252800e+00   6.0180200e+00   2.8017700e+00   5.4968400e+00   2.7204200e+00  -8.9421500e+03
   5.9903000e+00  -1.9260100e+00   6.0176900e+00   2.8011600e+00   5.4937600e+00   2.7130800e+00  -8.9431500e+03
   5.9900000e+00  -1.9259700e+00   6.0180400e+00   2.7998500e+00   5.4973000e+00   2.7151300e+00  -8.9422800e+03
   5.9902400e+00  -1.9255800e+00   6.0179900e+00   2.7991800e+00   5.4954500e+00   2.7277600e+00  -8.9415100e+03
   5.9904400e+00  -1.9250900e+00   6.0185300e+00   2.8004200e+00   5.4962700e+00   2.7317300e+00  -8.9439300e+03
   5.9907300e+00  -1.9245700e+00   6.0185300e+00   2.8007200e+00   5.4968200e+00   2.7344000e+00  -8.9426900e+03
   5.9902400e+00  -1.9238700e+00   6.0181500e+00   2.7981400e+00   5.4969200e+00   2.7306500e+00  -8.9403800e+03
   5.9903000e+00  -1.9250100e+00   6.0176700e+00   2.7972300e+00   5.4968300e+00   2.7311600e+00  -8.9446500e+03
   5.9901600e+00  -1.9267000e+00   6.0180600e+00   2.7994500e+00   5.4957400e+00   2.7229100e+00  -8.9416500e+03
   5.9905600e+00  -1.9262400e+00   6.0182200e+00   2.8005800e+00   5.4956000e+00   2.7243400e+00  -8.9422200e+03
   5.9904600e+00  -1.9261900e+00   6.0183300e+00   2.8007100e+00   5.4968900e+00   2.7244000e+00  -8.9424300e+03
   5.9901300e+00  -1.9265700e+00   6.0179700e+00   2.8027400e+00   5.4959200e+00   2.7202000e+00  -8.9425200e+03
   5.9906000e+00  -1.9247600e+00   6.0179200e+00   2.8033100e+00   5.4945600e+00   2.7235900e+00  -8.9426000e+03
   5.9903200e+00  -1.9248800e+00   6.0177000e+00   2.8031000e+00   5.4937000e+00   2.7176600e+00  -8.9432500e+03
   5.9894900e+00  -1.9262100e+00   6.0173700e+00   2.8049700e+00   5.4952700e+00   2.7163500e+00  -8.9462200e+03
   5.9905500e+00  -1.9274000e+00   6.0171200e+00   2.8054900e+00   5.4940100e+00   2.7147500e+00  -8.9488400e+03
   5.9902800e+00  -1.9283600e+00   6.0173000e+00   2.8058500e+00   5.4938400e+00   2.7126300e+00  -8.9441700e+03
   5.9898700e+00  -1.9295500e+00   6.0168500e+00   2.8078200e+00   5.4919400e+00   2.7159900e+00  -8.9469500e+03
   5.9901700e+00  -1.9296900e+00   6.0167000e+00   2.8086100e+00   5.4905800e+00   2.7225500e+00  -8.9500700e+03
   5.9901900e+00  -1.9297500e+00   6.0173200e+00   2.8080700e+00   5.4937200e+00   2.7254300e+00  -8.9448500e+03
   5.9903000e+00  -1.9290800e+00   6.0171700e+00   2.8081000e+00   5.4934700e+00   2.7256500e+00  -8.9450100e+03
   5.9904900e+00  -1.9302800e+00   6.0174800e+00   2.8087900e+00   5.4933500e+00   2.7273900e+00  -8.9460000e+03
   5.9897800e+00  -1.9312500e+00   6.0171800e+00   2.8080800e+00   5.4939500e+00   2.7274800e+00  -8.9468900e+03
   5.9906100e+00  -1.9318300e+00   6.0169300e+00   2.8085900e+00   5.4921600e+00   2.7214600e+00  -8.9488500e+03
   5.9902600e+00  -1.9319800e+00   6.0170900e+00   2.8076900e+00   5.4929900e+00   2.7152300e+00  -8.9462300e+03
   5.9907300e+00  -1.9311400e+00   6.0171000e+00   2.8074700e+00   5.4921700e+00   2.7147300e+00  -8.9492500e+03
   5.9898400e+00  -1.9311300e+00   6.0166600e+00   2.8093800e+00   5.4927400e+00   2.7165300e+00  -8.9477200e+03
   5.9899800e+00  -1.9312700e+00   6.0169400e+00   2.8086600e+00   5.4943500e+00   2.7188800e+00  -8.9484100e+03
   5.9901800e+00  -1.9305900e+00   6.0169900e+00   2.8086400e+00   5.4919800e+00   2.7120300e+00  -8.9465100e+03
   5.9899600e+00  -1.9293700e+00   6.0172000e+00   2.8100300e+00   5.4930700e+00   2.7095400e+00  -8.9473600e+03
   5.9901500e+00  -1.9279700e+00   6.0176000e+00   2.8091400e+00   5.4936200e+00   2.7160900e+00  -8.9469300e+03
   5.9904000e+00  -1.9282700e+00   6.0178600e+00   2.8085100e+00   5.4941200e+00   2.7227900e+00  -8.9471700e+03
   5.9902000e+00  -1.9275000e+00   6.0169200e+00   2.8096500e+00   5.4920900e+00   2.7246600e+00  -8.9467100e+03
   5.9904000e+00  -1.9263600e+00   6.0177400e+00   2.8095500e+00   5.4947300e+00   2.7271600e+00  -8.9457000e+03
   5.9907800e+00  -1.9267300e+00   6.0178900e+00   2.8092200e+00   5.4949600e+00   2.7327300e+00  -8.9468400e+03
   5.9900800e+00  -1.9265200e+00   6.0174500e+00   2.8098900e+00   5.4949500e+00   2.7344300e+00  -8.9463500e+03
   5.9900200e+00  -1.9256700e+00   6.0171200e+00   2.8108800e+00   5.4948700e+00   2.7259800e+00  -8.9486200e+03
   5.9900000e+00  -1.9251900e+00   6.0176200e+00   2.8102200e+00   5.4961300e+00   2.7232700e+00  -8.9491900e+03
   5.9909300e+00  -1.9249900e+00   6.0177500e+00   2.8117100e+00   5.4926700e+00   2.7275400e+00  -8.9484700e+03
   5.9902900e+00  -1.9259400e+00   6.0173800e+00   2.8105200e+00   5.4936600e+00   2.7250300e+00  -8.9453400e+03
   5.9902900e+00  -1.9260100e+00   6.0172300e+00   2.8116300e+00   5.4938800e+00   2.7208600e+00  -8.9469100e+03
   5.9898400e+00  -1.9262000e+00   6.0169000e+00   2.8121600e+00   5.4937300e+00   2.7234200e+00  -8.9488100e+03
   5.9905900e+00  -1.9252100e+00   6.0175000e+00   2.8122800e+00   5.4937200e+00   2.7304600e+00  -8.9468600e+03
   5.9906800e+00  -1.9247000e+00   6.0179800e+00   2.8130900e+00   5.4930900e+00   2.7314100e+00  -8.9513600e+03
   5.9904200e+00  -1.9234700e+00   6.0175500e+00   2.8137700e+00   5.4945400e+00   2.7325300e+00  -8.9484900e+03
   5.9904800e+00  -1.9240300e+00   6.0174800e+00   2.8143900e+00   5.4933400e+00   2.7382100e+00  -8.9485900e+03
   5.9903500e+00  -1.9233900e+00   6.0170600e+00   2.8149600e+00   5.4928100e+00   2.7289600e+00  -8.9490500e+03
   5.9900400e+00  -1.9241600e+00   6.0167400e+00   2.8132600e+00   5.4937500e+00   2.7294600e+00  -8.9521800e+03
   5.9907700e+00  -1.9239900e+00   6.0176800e+00   2.8130600e+00   5.4933900e+00   2.7277700e+00  -8.9477000e+03
   5.9904500e+00  -1.9236000e+00   6.0175800e+00   2.8126600e+00   5.4931900e+00   2.7374600e+00  -8.9478600e+03
   5.9901300e+00  -1.9223800e+00   6.0172800e+00   2.8117600e+00   5.4933000e+00   2.7327200e+00  -8.9475100e+03
   5.9901400e+00  -1.9233100e+00   6.0169700e+00   2.8121200e+00   5.4928100e+00   2.7394300e+00  -8.9496300e+03
   5.9906600e+00  -1.9233400e+00   6.0175200e+00   2.8118100e+00   5.4936400e+00   2.7331300e+00  -8.9466300e+03
   5.9908200e+00  -1.9230100e+00   6.0172700e+00   2.8117000e+00   5.4932100e+00   2.7306000e+00  -8.9495700e+03
   5.9903700e+00  -1.9238000e+00   6.0175600e+00   2.8132300e+00   5.4925200e+00   2.7322800e+00  -8.9496000e+03
   5.9903200e+00  -1.9249300e+00   6.0168400e+00   2.8104000e+00   5.4937500e+00   2.7321700e+00  -8.9509900e+03
   5.9901500e+00  -1.9247400e+00   6.0173300e+00   2.8103300e+00   5.4933100e+00   2.7279300e+00  -8.9458200e+03
   5.9901000e+00  -1.9234900e+00   6.0171900e+00   2.8104400e+00   5.4926300e+00   2.7230900e+00  -8.9466000e+03
   5.9903400e+00  -1.9231600e+00   6.0177200e+00   2.8103700e+00   5.4932200e+00   2.7226400e+00  -8.9466300e+03
   5.9906100e+00  -1.9227300e+00   6.0174100e+00   2.8083400e+00   5.4944700e+00   2.7259600e+00  -8.9468400e+03
   5.9896600e+00  -1.9222500e+00   6.0176000e+00   2.8074800e+00   5.4966600e+00   2.7227000e+00  -8.9481100e+03
   5.9904400e+00  -1.9212800e+00   6.0177000e+00   2.8082400e+00   5.4942300e+00   2.7189300e+00  -8.9434300e+03
   5.9900200e+00  -1.9209700e+00   6.0175300e+00   2.8078500e+00   5.4939100e+00   2.7241000e+00  -8.9454100e+03
   5.9906000e+00  -1.9211100e+00   6.0182600e+00   2.8081800e+00   5.4954300e+00   2.7351600e+00  -8.9453500e+03
   5.9902500e+00  -1.9217300e+00   6.0174900e+00   2.8104900e+00   5.4938900e+00   2.7399400e+00  -8.9470000e+03
   5.9907200e+00  -1.9212000e+00   6.0183500e+00   2.8090100e+00   5.4954400e+00   2.7347200e+00  -8.9464600e+03
   5.9902000e+00  -1.9205800e+00   6.0179800e+00   2.8067100e+00   5.4951700e+00   2.7326700e+00  -8.9446200e+03
   5.9903800e+00  -1.9208200e+00   6.0175200e+00   2.8054700e+00   5.4950300e+00   2.7284200e+00  -8.9447800e+03
   5.9906700e+00  -1.9215700e+00   6.0181000e+00   2.8050200e+00   5.4943300e+00   2.7370300e+00  -8.9451400e+03
   5.9904800e+00  -1.9208900e+00   6.0181900e+00   2.8051300e+00   5.4960300e+00   2.7286000e+00  -8.9424100e+03
   5.9907000e+00  -1.9203500e+00   6.0185700e+00   2.8049700e+00   5.4956400e+00   2.7371700e+00  -8.9457700e+03
   5.9907500e+00  -1.9208700e+00   6.0182600e+00   2.8043300e+00   5.4961000e+00   2.7394600e+00  -8.9432400e+03
   5.9904200e+00  -1.9212600e+00   6.0175900e+00   2.8025900e+00   5.4960000e+00   2.7294800e+00  -8.9457900e+03
   5.9908400e+00  -1.9219200e+00   6.0183800e+00   2.8027400e+00   5.4958200e+00   2.7333300e+00  -8.9430200e+03
   5.9905600e+00  -1.9215100e+00   6.0187400e+00   2.8022800e+00   5.4980800e+00   2.7310800e+00  -8.9440600e+03
   5.9903400e+00  -1.9215100e+00   6.0177200e+00   2.8031200e+00   5.4955700e+00   2.7321700e+00  -8.9430800e+03
   5.9904900e+00  -1.9219700e+00   6.0179000e+00   2.8017800e+00   5.4958800e+00   2.7225900e+00  -8.9419500e+03
   5.9901900e+00  -1.9222300e+00   6.0183100e+00   2.8012200e+00   5.4962400e+00   2.7239200e+00  -8.9422200e+03
   5.9904800e+00  -1.9228600e+00   6.0179000e+00   2.8020800e+00   5.4953300e+00   2.7203600e+00  -8.9415600e+03
   5.9904700e+00  -1.9230100e+00   6.0182500e+00   2.8010300e+00   5.4956200e+00   2.7130000e+00  -8.9414600e+03
   5.9902800e+00  -1.9219100e+00   6.0183500e+00   2.8005900e+00   5.4960400e+00   2.7120500e+00  -8.9415700e+03
   5.9904600e+00  -1.9224800e+00   6.0178500e+00   2.8026100e+00   5.4960700e+00   2.7164700e+00  -8.9425800e+03
   5.9904900e+00  -1.9226400e+00   6.0178400e+00   2.8058400e+00   5.4947800e+00   2.7201900e+00  -8.9424700e+03
   5.9903600e+00  -1.9229900e+00   6.0177000e+00   2.8051700e+00   5.4950500e+00   2.7195000e+00  -8.9423300e+03
   5.9896100e+00  -1.9221000e+00   6.0174900e+00   2.8059000e+00   5.4950800e+00   2.7100200e+00  -8.9451900e+03
   5.9903700e+00  -1.9223200e+00   6.0175500e+00   2.8080400e+00   5.4934200e+00   2.7094000e+00  -8.9436300e+03
   5.9899200e+00  -1.9213900e+00   6.0172700e+00   2.8083800e+00   5.4926700e+00   2.7025200e+00  -8.9457900e+03
   5.9902500e+00  -1.9219000e+00   6.0178200e+00   2.8065800e+00   5.4948100e+00   2.7086200e+00  -8.9425800e+03
   5.9899100e+00  -1.9223900e+00   6.0172900e+00   2.8088100e+00   5.4941300e+00   2.6974100e+00  -8.9450300e+03
   5.9903300e+00  -1.9225400e+00   6.0181000e+00   2.8071900e+00   5.4958000e+00   2.6950600e+00  -8.9466200e+03
   5.9902000e+00  -1.9223100e+00   6.0177400e+00   2.8061500e+00   5.4945000e+00   2.6997500e+00  -8.9427300e+03
   5.9897700e+00  -1.9208400e+00   6.0175300e+00   2.8034200e+00   5.4955800e+00   2.7002000e+00  -8.9429400e+03
   5.9901000e+00  -1.9203800e+00   6.0176700e+00   2.8020600e+00   5.4958100e+00   2.7010600e+00  -8.9422400e+03
   5.9904600e+00  -1.9211400e+00   6.0184200e+00   2.8023000e+00   5.4962100e+00   2.7122800e+00  -8.9418000e+03
   5.9903000e+00  -1.9209200e+00   6.0175600e+00   2.8007000e+00   5.4953900e+00   2.7122900e+00  -8.9442000e+03
   5.9895900e+00  -1.9195900e+00   6.0182200e+00   2.8010700e+00   5.4966700e+00   2.7036600e+00  -8.9454900e+03
   5.9904900e+00  -1.9190400e+00   6.0182800e+00   2.7991000e+00   5.4962600e+00   2.7004200e+00  -8.9405500e+03
   5.9904300e+00  -1.9184300e+00   6.0181500e+00   2.7997000e+00   5.4962900e+00   2.7034500e+00  -8.9407200e+03
   5.9898100e+00  -1.9184300e+00   6.0180600e+00   2.7992600e+00   5.4958400e+00   2.7043700e+00  -8.9422800e+03
   5.9902900e+00  -1.9185600e+00   6.0178200e+00   2.8000100e+00   5.4952400e+00   2.7064700e+00  -8.9422200e+03
   5.9895700e+00  -1.9183800e+00   6.0175800e+00   2.7999400e+00   5.4947300e+00   2.6983000e+00  -8.9452300e+03
   5.9897200e+00  -1.9178000e+00   6.0183100e+00   2.7981400e+00   5.4948800e+00   2.6981600e+00  -8.9499100e+03
   5.9901400e+00  -1.9179000e+00   6.0182700e+00   2.7991100e+00   5.4972600e+00   2.6916700e+00  -8.9405600e+03
   5.9899300e+00  -1.9179100e+00   6.0176900e+00   2.7986000e+00   5.4959900e+00   2.6863600e+00  -8.9427500e+03
   5.9902500e+00  -1.9181900e+00   6.0182900e+00   2.7995700e+00   5.4962800e+00   2.6863900e+00  -8.9405500e+03
   5.9901100e+00  -1.9186700e+00   6.0176200e+00   2.7988100e+00   5.4941500e+00   2.6903600e+00  -8.9441100e+03
   5.9902700e+00  -1.9183000e+00   6.0185100e+00   2.7981100e+00   5.4962900e+00   2.6968000e+00  -8.9407000e+03
   5.9902200e+00  -1.9187300e+00   6.0183000e+00   2.7988200e+00   5.4967800e+00   2.7017800e+00  -8.9397600e+03
   5.9900800e+00  -1.9174300e+00   6.0182800e+00   2.7990700e+00   5.4974700e+00   2.7037000e+00  -8.9401500e+03
   5.9907200e+00  -1.9179200e+00   6.0181600e+00   2.7992700e+00   5.4958100e+00   2.7088000e+00  -8.9429700e+03
   5.9901600e+00  -1.9180700e+00   6.0182000e+00   2.8005700e+00   5.4980800e+00   2.7012600e+00  -8.9429100e+03
   5.9901300e+00  -1.9185400e+00   6.0180200e+00   2.8020100e+00   5.4961000e+00   2.6987200e+00  -8.9406400e+03
   5.9904000e+00  -1.9185700e+00   6.0178100e+00   2.8003100e+00   5.4951600e+00   2.7051400e+00  -8.9427600e+03
   5.9903000e+00  -1.9178600e+00   6.0181000e+00   2.8004700e+00   5.4962500e+00   2.7100200e+00  -8.9405500e+03
   5.9902100e+00  -1.9174300e+00   6.0183300e+00   2.7986700e+00   5.4973100e+00   2.7134900e+00  -8.9400400e+03
   5.9900200e+00  -1.9170600e+00   6.0184200e+00   2.7975100e+00   5.4982400e+00   2.7167700e+00  -8.9406700e+03
   5.9903500e+00  -1.9164500e+00   6.0186900e+00   2.7977200e+00   5.4979500e+00   2.7184600e+00  -8.9401400e+03
   5.9904600e+00  -1.9160900e+00   6.0191100e+00   2.7961300e+00   5.4996300e+00   2.7242600e+00  -8.9413700e+03
   5.9900000e+00  -1.9174500e+00   6.0181400e+00   2.7960500e+00   5.4968300e+00   2.7158000e+00  -8.9418800e+03
   5.9904300e+00  -1.9166000e+00   6.0185900e+00   2.7974100e+00   5.4984800e+00   2.7128000e+00  -8.9406400e+03
   5.9900400e+00  -1.9152100e+00   6.0189600e+00   2.7962500e+00   5.4981600e+00   2.7058700e+00  -8.9426200e+03
   5.9902600e+00  -1.9147400e+00   6.0189700e+00   2.7955300e+00   5.4979500e+00   2.7106900e+00  -8.9414700e+03
   5.9904400e+00  -1.9145100e+00   6.0194500e+00   2.7949500e+00   5.5003700e+00   2.7150300e+00  -8.9428100e+03
   5.9903300e+00  -1.9162300e+00   6.0186100e+00   2.7936000e+00   5.4979000e+00   2.7127900e+00  -8.9403800e+03
   5.9902800e+00  -1.9152900e+00   6.0189500e+00   2.7936400e+00   5.4996000e+00   2.7149800e+00  -8.9401400e+03
   5.9897300e+00  -1.9155500e+00   6.0178900e+00   2.7950200e+00   5.4974700e+00   2.7160600e+00  -8.9461500e+03
   5.9906300e+00  -1.9157700e+00   6.0192600e+00   2.7933100e+00   5.5002400e+00   2.7212400e+00  -8.9415600e+03
   5.9908600e+00  -1.9151100e+00   6.0196500e+00   2.7922900e+00   5.5003300e+00   2.7269100e+00  -8.9433800e+03
   5.9901900e+00  -1.9154000e+00   6.0189500e+00   2.7933200e+00   5.4990500e+00   2.7251300e+00  -8.9414500e+03
   5.9899800e+00  -1.9140900e+00   6.0190900e+00   2.7933900e+00   5.5008700e+00   2.7159300e+00  -8.9424900e+03
   5.9907200e+00  -1.9142000e+00   6.0190000e+00   2.7950800e+00   5.4992000e+00   2.7203600e+00  -8.9415900e+03
   5.9911200e+00  -1.9152000e+00   6.0185400e+00   2.7942600e+00   5.4977300e+00   2.7150600e+00  -8.9507500e+03
   5.9904700e+00  -1.9153400e+00   6.0188600e+00   2.7935200e+00   5.4990000e+00   2.7074100e+00  -8.9401900e+03
   5.9905700e+00  -1.9153900e+00   6.0191900e+00   2.7939400e+00   5.4993800e+00   2.7117500e+00  -8.9405600e+03
   5.9905000e+00  -1.9156900e+00   6.0189700e+00   2.7950200e+00   5.4987000e+00   2.7052400e+00  -8.9399800e+03
   5.9906300e+00  -1.9154200e+00   6.0190600e+00   2.7956000e+00   5.4975200e+00   2.7041200e+00  -8.9414000e+03
   5.9905400e+00  -1.9150200e+00   6.0190700e+00   2.7955800e+00   5.4981800e+00   2.7029900e+00  -8.9404900e+03
   5.9903000e+00  -1.9157100e+00   6.0184800e+00   2.7961800e+00   5.4984100e+00   2.6991600e+00  -8.9409400e+03
   5.9900600e+00  -1.9162100e+00   6.0183900e+00   2.7964500e+00   5.4981300e+00   2.7042100e+00  -8.9400700e+03
   5.9901600e+00  -1.9165800e+00   6.0187200e+00   2.7951500e+00   5.4988900e+00   2.7077900e+00  -8.9397900e+03
   5.9902600e+00  -1.9174000e+00   6.0186500e+00   2.7946300e+00   5.4988900e+00   2.7115700e+00  -8.9399800e+03
   5.9903300e+00  -1.9175600e+00   6.0183900e+00   2.7952200e+00   5.4970300e+00   2.7100600e+00  -8.9404400e+03
   5.9902400e+00  -1.9168300e+00   6.0189100e+00   2.7952700e+00   5.4977200e+00   2.7103600e+00  -8.9415400e+03
   5.9901500e+00  -1.9169700e+00   6.0182400e+00   2.7959100e+00   5.4991800e+00   2.7116800e+00  -8.9444800e+03
   5.9906300e+00  -1.9173500e+00   6.0188200e+00   2.7964000e+00   5.4979900e+00   2.7159800e+00  -8.9403500e+03
   5.9905900e+00  -1.9173700e+00   6.0186500e+00   2.7953400e+00   5.4982900e+00   2.7202900e+00  -8.9409600e+03
   5.9898300e+00  -1.9167100e+00   6.0186600e+00   2.7951000e+00   5.4985700e+00   2.7204400e+00  -8.9425800e+03
   5.9906600e+00  -1.9168100e+00   6.0191400e+00   2.7929200e+00   5.4992500e+00   2.7257300e+00  -8.9410700e+03
   5.9904400e+00  -1.9169600e+00   6.0190400e+00   2.7920400e+00   5.4984200e+00   2.7266300e+00  -8.9420700e+03
   5.9901800e+00  -1.9171700e+00   6.0185000e+00   2.7919300e+00   5.4984900e+00   2.7270500e+00  -8.9422900e+03
   5.9901300e+00  -1.9171800e+00   6.0190800e+00   2.7906100e+00   5.5003900e+00   2.7236600e+00  -8.9410100e+03
   5.9902000e+00  -1.9159500e+00   6.0192400e+00   2.7901400e+00   5.5000800e+00   2.7229800e+00  -8.9415500e+03
   5.9903900e+00  -1.9158100e+00   6.0196200e+00   2.7921100e+00   5.5006800e+00   2.7210000e+00  -8.9437400e+03
   5.9901200e+00  -1.9150900e+00   6.0190000e+00   2.7927200e+00   5.4997500e+00   2.7258300e+00  -8.9415500e+03
   5.9904300e+00  -1.9156800e+00   6.0187300e+00   2.7953200e+00   5.4972900e+00   2.7318200e+00  -8.9436800e+03
   5.9907200e+00  -1.9164100e+00   6.0191700e+00   2.7945100e+00   5.5006400e+00   2.7254900e+00  -8.9437600e+03
   5.9907300e+00  -1.9167100e+00   6.0190900e+00   2.7967100e+00   5.4976800e+00   2.7171800e+00  -8.9419800e+03
   5.9901500e+00  -1.9167100e+00   6.0190100e+00   2.7966200e+00   5.4991200e+00   2.7186200e+00  -8.9421300e+03
   5.9907300e+00  -1.9165900e+00   6.0188100e+00   2.7981400e+00   5.4976700e+00   2.7189100e+00  -8.9409100e+03
   5.9907100e+00  -1.9165800e+00   6.0182500e+00   2.7996400e+00   5.4967700e+00   2.7163900e+00  -8.9432200e+03
   5.9906700e+00  -1.9178600e+00   6.0185800e+00   2.7965500e+00   5.4982700e+00   2.7091800e+00  -8.9423600e+03
   5.9902800e+00  -1.9183800e+00   6.0187200e+00   2.7978900e+00   5.4971500e+00   2.7024600e+00  -8.9410500e+03
   5.9901600e+00  -1.9176700e+00   6.0181000e+00   2.7994300e+00   5.4958300e+00   2.7015100e+00  -8.9404600e+03
   5.9897400e+00  -1.9184100e+00   6.0185800e+00   2.7985000e+00   5.4983900e+00   2.7034700e+00  -8.9435600e+03
   5.9905700e+00  -1.9190500e+00   6.0191800e+00   2.7957300e+00   5.4988200e+00   2.7026300e+00  -8.9432900e+03
   5.9893200e+00  -1.9193900e+00   6.0180600e+00   2.7962700e+00   5.4975600e+00   2.7054400e+00  -8.9449600e+03
   5.9904300e+00  -1.9202900e+00   6.0185500e+00   2.7965400e+00   5.4977600e+00   2.7088300e+00  -8.9401200e+03
   5.9907900e+00  -1.9207600e+00   6.0189000e+00   2.7969300e+00   5.4979600e+00   2.7095100e+00  -8.9427800e+03
   5.9905500e+00  -1.9200800e+00   6.0189700e+00   2.7965500e+00   5.4968700e+00   2.7064900e+00  -8.9438800e+03
   5.9902100e+00  -1.9198200e+00   6.0182100e+00   2.7973500e+00   5.4970600e+00   2.7146700e+00  -8.9399800e+03
   5.9898700e+00  -1.9201300e+00   6.0181500e+00   2.7955300e+00   5.4972100e+00   2.7126600e+00  -8.9406600e+03
   5.9905100e+00  -1.9195700e+00   6.0187700e+00   2.7950100e+00   5.4984500e+00   2.7112700e+00  -8.9403800e+03
   5.9901500e+00  -1.9202700e+00   6.0182900e+00   2.7951800e+00   5.4981100e+00   2.7147100e+00  -8.9402900e+03
   5.9896900e+00  -1.9205300e+00   6.0183200e+00   2.7972600e+00   5.4985000e+00   2.7206000e+00  -8.9427400e+03
   5.9901500e+00  -1.9190100e+00   6.0179800e+00   2.7974000e+00   5.4973000e+00   2.7177300e+00  -8.9422200e+03
   5.9900000e+00  -1.9186500e+00   6.0183700e+00   2.7980200e+00   5.4970100e+00   2.7240900e+00  -8.9421100e+03
   5.9904700e+00  -1.9184500e+00   6.0180700e+00   2.7965700e+00   5.4958500e+00   2.7159900e+00  -8.9433300e+03
   5.9903100e+00  -1.9186400e+00   6.0187900e+00   2.7948800e+00   5.4975600e+00   2.7214500e+00  -8.9413800e+03
   5.9904900e+00  -1.9194800e+00   6.0187400e+00   2.7931100e+00   5.4990200e+00   2.7237200e+00  -8.9406700e+03
   5.9904800e+00  -1.9202200e+00   6.0189900e+00   2.7931500e+00   5.4982400e+00   2.7260400e+00  -8.9414600e+03
   5.9905900e+00  -1.9192000e+00   6.0189100e+00   2.7920100e+00   5.4993300e+00   2.7334000e+00  -8.9413100e+03
   5.9901700e+00  -1.9191700e+00   6.0184300e+00   2.7917600e+00   5.4982800e+00   2.7331400e+00  -8.9424800e+03
   5.9906100e+00  -1.9201200e+00   6.0185000e+00   2.7934000e+00   5.4972800e+00   2.7250300e+00  -8.9420000e+03
   5.9902800e+00  -1.9199000e+00   6.0188000e+00   2.7934500e+00   5.4980700e+00   2.7231200e+00  -8.9407700e+03
   5.9895900e+00  -1.9195900e+00   6.0179400e+00   2.7936600e+00   5.4995900e+00   2.7220400e+00  -8.9471700e+03
   5.9905500e+00  -1.9197200e+00   6.0185200e+00   2.7967200e+00   5.4963700e+00   2.7194800e+00  -8.9413600e+03
   5.9905400e+00  -1.9199600e+00   6.0187300e+00   2.7962500e+00   5.4979500e+00   2.7253600e+00  -8.9403400e+03
   5.9902300e+00  -1.9198000e+00   6.0184200e+00   2.7962700e+00   5.4989000e+00   2.7157200e+00  -8.9414200e+03
   5.9899100e+00  -1.9209200e+00   6.0180600e+00   2.7961600e+00   5.4973800e+00   2.7189900e+00  -8.9408300e+03
   5.9906300e+00  -1.9209400e+00   6.0190500e+00   2.7954100e+00   5.4989400e+00   2.7197200e+00  -8.9420700e+03
   5.9902600e+00  -1.9210000e+00   6.0187100e+00   2.7952300e+00   5.4988900e+00   2.7200200e+00  -8.9403500e+03
   5.9906100e+00  -1.9213500e+00   6.0185100e+00   2.7940000e+00   5.4988500e+00   2.7213200e+00  -8.9432000e+03
   5.9903700e+00  -1.9217500e+00   6.0187800e+00   2.7944100e+00   5.4980900e+00   2.7252200e+00  -8.9405700e+03
   5.9901000e+00  -1.9220100e+00   6.0182900e+00   2.7941800e+00   5.4964800e+00   2.7272000e+00  -8.9426900e+03
   5.9905100e+00  -1.9234800e+00   6.0183500e+00   2.7938300e+00   5.4980200e+00   2.7322500e+00  -8.9415900e+03
   5.9902800e+00  -1.9241000e+00   6.0180100e+00   2.7939300e+00   5.4957400e+00   2.7245900e+00  -8.9430100e+03
   5.9898600e+00  -1.9237100e+00   6.0182100e+00   2.7929200e+00   5.4992300e+00   2.7209300e+00  -8.9420300e+03
   5.9905200e+00  -1.9236400e+00   6.0185200e+00   2.7916700e+00   5.4980200e+00   2.7232800e+00  -8.9412300e+03
   5.9905700e+00  -1.9230100e+00   6.0187200e+00   2.7916100e+00   5.4974400e+00   2.7211000e+00  -8.9417500e+03
   5.9900800e+00  -1.9230900e+00   6.0181700e+00   2.7919100e+00   5.4976200e+00   2.7205100e+00  -8.9409700e+03
   5.9905200e+00  -1.9225700e+00   6.0189900e+00   2.7918300e+00   5.4997900e+00   2.7216200e+00  -8.9418800e+03
   5.9903400e+00  -1.9230200e+00   6.0181000e+00   2.7925800e+00   5.4973500e+00   2.7190800e+00  -8.9424400e+03
   5.9904900e+00  -1.9227700e+00   6.0185600e+00   2.7934000e+00   5.4979800e+00   2.7212600e+00  -8.9404400e+03
   5.9906000e+00  -1.9229200e+00   6.0186300e+00   2.7934000e+00   5.4968400e+00   2.7188600e+00  -8.9418400e+03
   5.9901100e+00  -1.9229700e+00   6.0186100e+00   2.7947900e+00   5.4986800e+00   2.7250200e+00  -8.9405800e+03
   5.9903200e+00  -1.9224800e+00   6.0186000e+00   2.7957500e+00   5.4975300e+00   2.7275800e+00  -8.9406000e+03
   5.9901500e+00  -1.9226200e+00   6.0180700e+00   2.7940600e+00   5.4976900e+00   2.7259900e+00  -8.9415000e+03
   5.9902300e+00  -1.9224200e+00   6.0186200e+00   2.7927700e+00   5.4978500e+00   2.7307800e+00  -8.9410000e+03
   5.9902200e+00  -1.9226000e+00   6.0189500e+00   2.7939600e+00   5.4993400e+00   2.7264300e+00  -8.9418700e+03
   5.9899500e+00  -1.9229400e+00   6.0184600e+00   2.7924600e+00   5.4999700e+00   2.7241800e+00  -8.9421700e+03
   5.9903500e+00  -1.9220800e+00   6.0185000e+00   2.7919900e+00   5.4982400e+00   2.7257100e+00  -8.9404800e+03
   5.9903400e+00  -1.9219400e+00   6.0184000e+00   2.7925700e+00   5.4982500e+00   2.7300400e+00  -8.9410700e+03
   5.9903200e+00  -1.9218800e+00   6.0190300e+00   2.7944200e+00   5.4991000e+00   2.7301800e+00  -8.9422000e+03
   5.9902800e+00  -1.9215300e+00   6.0186600e+00   2.7944700e+00   5.4979200e+00   2.7261500e+00  -8.9403700e+03
   5.9902600e+00  -1.9216500e+00   6.0182300e+00   2.7943800e+00   5.4978400e+00   2.7281200e+00  -8.9410000e+03
   5.9898200e+00  -1.9216400e+00   6.0184400e+00   2.7943000e+00   5.4993800e+00   2.7300900e+00  -8.9419100e+03
   5.9904100e+00  -1.9210200e+00   6.0184900e+00   2.7940600e+00   5.4966100e+00   2.7322400e+00  -8.9430400e+03
   5.9901000e+00  -1.9216800e+00   6.0183700e+00   2.7960600e+00   5.4980900e+00   2.7277500e+00  -8.9402500e+03
   5.9904100e+00  -1.9221800e+00   6.0186400e+00   2.7957000e+00   5.4990000e+00   2.7291900e+00  -8.9410300e+03
   5.9905500e+00  -1.9227900e+00   6.0190300e+00   2.7953500e+00   5.4979500e+00   2.7242200e+00  -8.9432700e+03
   5.9903100e+00  -1.9225800e+00   6.0188400e+00   2.7952900e+00   5.4989900e+00   2.7163000e+00  -8.9418000e+03
   5.9901200e+00  -1.9219900e+00   6.0189300e+00   2.7961900e+00   5.4993800e+00   2.7161200e+00  -8.9437800e+03
   5.9899800e+00  -1.9218500e+00   6.0183500e+00   2.7955800e+00   5.4996400e+00   2.7229300e+00  -8.9430100e+03
   5.9901400e+00  -1.9224500e+00   6.0183000e+00   2.7960300e+00   5.4971400e+00   2.7230400e+00  -8.9401400e+03
   5.9898300e+00  -1.9216200e+00   6.0183000e+00   2.7949600e+00   5.4989400e+00   2.7196300e+00  -8.9413700e+03
   5.9905600e+00  -1.9210800e+00   6.0189800e+00   2.7957700e+00   5.4985600e+00   2.7214000e+00  -8.9415800e+03
   5.9899700e+00  -1.9202300e+00   6.0188200e+00   2.7945000e+00   5.4982100e+00   2.7249900e+00  -8.9435500e+03
   5.9904700e+00  -1.9202300e+00   6.0187200e+00   2.7943200e+00   5.4983100e+00   2.7194100e+00  -8.9400100e+03
   5.9906000e+00  -1.9198100e+00   6.0185600e+00   2.7947200e+00   5.4970100e+00   2.7081900e+00  -8.9409100e+03
   5.9902500e+00  -1.9192100e+00   6.0186000e+00   2.7950100e+00   5.4988100e+00   2.7083900e+00  -8.9402600e+03
   5.9899800e+00  -1.9189000e+00   6.0179100e+00   2.7941900e+00   5.4980500e+00   2.7123100e+00  -8.9445000e+03
   5.9896500e+00  -1.9185100e+00   6.0184400e+00   2.7922100e+00   5.4993800e+00   2.7143400e+00  -8.9420600e+03
   5.9900400e+00  -1.9185900e+00   6.0186900e+00   2.7929700e+00   5.4983900e+00   2.7137600e+00  -8.9402200e+03
   5.9902100e+00  -1.9186000e+00   6.0185900e+00   2.7928300e+00   5.4977400e+00   2.7089200e+00  -8.9399400e+03
   5.9902500e+00  -1.9183900e+00   6.0189500e+00   2.7945600e+00   5.4977200e+00   2.7064700e+00  -8.9419800e+03
   5.9907900e+00  -1.9181800e+00   6.0190200e+00   2.7944200e+00   5.4973000e+00   2.7067300e+00  -8.9424300e+03
   5.9901900e+00  -1.9178200e+00   6.0192000e+00   2.7934100e+00   5.4994200e+00   2.7126100e+00  -8.9421900e+03
   5.9900100e+00  -1.9178200e+00   6.0185300e+00   2.7941200e+00   5.4981900e+00   2.7105300e+00  -8.9399400e+03
   5.9903300e+00  -1.9179000e+00   6.0185300e+00   2.7927500e+00   5.4979300e+00   2.7089200e+00  -8.9403400e+03
   5.9906400e+00  -1.9184000e+00   6.0190000e+00   2.7937900e+00   5.4971600e+00   2.7092900e+00  -8.9426100e+03
   5.9906000e+00  -1.9190000e+00   6.0190300e+00   2.7947200e+00   5.4986800e+00   2.7060600e+00  -8.9414300e+03
   5.9906900e+00  -1.9184700e+00   6.0191900e+00   2.7935400e+00   5.4986700e+00   2.7082000e+00  -8.9418300e+03
   5.9902000e+00  -1.9185600e+00   6.0188500e+00   2.7934200e+00   5.4987000e+00   2.7054600e+00  -8.9399300e+03
   5.9904100e+00  -1.9191400e+00   6.0186100e+00   2.7928000e+00   5.4980400e+00   2.7004200e+00  -8.9404700e+03
   5.9907500e+00  -1.9203800e+00   6.0186600e+00   2.7944700e+00   5.4972900e+00   2.6949100e+00  -8.9432000e+03
   5.9898700e+00  -1.9205600e+00   6.0184700e+00   2.7944000e+00   5.4976100e+00   2.6954000e+00  -8.9408200e+03
   5.9902500e+00  -1.9200400e+00   6.0185600e+00   2.7939600e+00   5.4974900e+00   2.6919600e+00  -8.9403800e+03
   5.9897000e+00  -1.9203300e+00   6.0186300e+00   2.7945100e+00   5.4984600e+00   2.6931500e+00  -8.9430500e+03
   5.9903700e+00  -1.9210200e+00   6.0186800e+00   2.7953200e+00   5.4986800e+00   2.6970900e+00  -8.9424500e+03
   5.9898300e+00  -1.9208100e+00   6.0183100e+00   2.7962100e+00   5.4977000e+00   2.6927400e+00  -8.9411100e+03
   5.9901400e+00  -1.9208100e+00   6.0182100e+00   2.7960700e+00   5.4962500e+00   2.6894900e+00  -8.9406000e+03
   5.9894100e+00  -1.9210500e+00   6.0178600e+00   2.7969200e+00   5.4967500e+00   2.6900000e+00  -8.9431900e+03
   5.9893700e+00  -1.9209700e+00   6.0174700e+00   2.7986800e+00   5.4971700e+00   2.6932500e+00  -8.9462000e+03
   5.9899600e+00  -1.9218300e+00   6.0184000e+00   2.7994200e+00   5.4965100e+00   2.6955900e+00  -8.9432800e+03
   5.9900700e+00  -1.9213200e+00   6.0184400e+00   2.7996700e+00   5.4968000e+00   2.6956000e+00  -8.9424600e+03
   5.9900000e+00  -1.9214500e+00   6.0179900e+00   2.7984300e+00   5.4963500e+00   2.6983200e+00  -8.9403800e+03
   5.9903100e+00  -1.9205500e+00   6.0178800e+00   2.7991700e+00   5.4971500e+00   2.6991800e+00  -8.9447700e+03
   5.9904400e+00  -1.9197800e+00   6.0183600e+00   2.7995100e+00   5.4959800e+00   2.6948700e+00  -8.9409200e+03
   5.9904400e+00  -1.9204200e+00   6.0185900e+00   2.7988900e+00   5.4969100e+00   2.6904900e+00  -8.9424200e+03
   5.9899600e+00  -1.9203500e+00   6.0176500e+00   2.7986200e+00   5.4965800e+00   2.6833400e+00  -8.9448500e+03
   5.9895200e+00  -1.9196600e+00   6.0179800e+00   2.7982900e+00   5.4954500e+00   2.6803400e+00  -8.9444000e+03
   5.9904200e+00  -1.9189300e+00   6.0179300e+00   2.7976800e+00   5.4954300e+00   2.6786300e+00  -8.9440600e+03
   5.9903900e+00  -1.9183000e+00   6.0187300e+00   2.7968500e+00   5.4974300e+00   2.6773600e+00  -8.9429300e+03
   5.9897500e+00  -1.9179300e+00   6.0180900e+00   2.7963900e+00   5.4963500e+00   2.6750700e+00  -8.9413800e+03
   5.9898100e+00  -1.9177400e+00   6.0176500e+00   2.7970500e+00   5.4963700e+00   2.6723200e+00  -8.9448100e+03
   5.9896700e+00  -1.9183300e+00   6.0183100e+00   2.7964300e+00   5.4969300e+00   2.6716900e+00  -8.9427200e+03
   5.9903500e+00  -1.9183800e+00   6.0188400e+00   2.7968900e+00   5.4980900e+00   2.6740600e+00  -8.9450000e+03
   5.9896500e+00  -1.9180600e+00   6.0184200e+00   2.7969300e+00   5.4983900e+00   2.6742100e+00  -8.9442500e+03
   5.9899400e+00  -1.9191100e+00   6.0180700e+00   2.7953800e+00   5.4961300e+00   2.6768600e+00  -8.9413500e+03
   5.9898200e+00  -1.9194600e+00   6.0186300e+00   2.7927300e+00   5.4980500e+00   2.6786400e+00  -8.9422700e+03
   5.9898200e+00  -1.9189300e+00   6.0184600e+00   2.7914700e+00   5.4978200e+00   2.6790100e+00  -8.9412100e+03
   5.9900800e+00  -1.9193400e+00   6.0189600e+00   2.7916800e+00   5.4998400e+00   2.6885900e+00  -8.9428500e+03
   5.9898500e+00  -1.9188800e+00   6.0186100e+00   2.7895700e+00   5.4983800e+00   2.6915000e+00  -8.9408300e+03
   5.9897700e+00  -1.9189400e+00   6.0189800e+00   2.7886600e+00   5.4994100e+00   2.6879100e+00  -8.9426900e+03
   5.9896900e+00  -1.9180000e+00   6.0183800e+00   2.7867400e+00   5.4974600e+00   2.6855900e+00  -8.9445200e+03
   5.9900700e+00  -1.9179200e+00   6.0190700e+00   2.7863800e+00   5.5003800e+00   2.6929700e+00  -8.9415500e+03
   5.9895000e+00  -1.9179700e+00   6.0184400e+00   2.7867300e+00   5.4986500e+00   2.6900300e+00  -8.9435700e+03
   5.9903000e+00  -1.9174900e+00   6.0188600e+00   2.7890100e+00   5.4987300e+00   2.6946800e+00  -8.9407400e+03
   5.9900200e+00  -1.9173700e+00   6.0190500e+00   2.7910600e+00   5.4987500e+00   2.6828300e+00  -8.9422600e+03
   5.9901600e+00  -1.9175400e+00   6.0183200e+00   2.7924100e+00   5.4956600e+00   2.6842800e+00  -8.9434700e+03
   5.9896800e+00  -1.9175100e+00   6.0181200e+00   2.7927900e+00   5.4987100e+00   2.6814200e+00  -8.9436700e+03
   5.9901300e+00  -1.9172600e+00   6.0186800e+00   2.7930900e+00   5.4975900e+00   2.6869700e+00  -8.9401900e+03
   5.9899700e+00  -1.9174500e+00   6.0185700e+00   2.7915000e+00   5.4979700e+00   2.6905700e+00  -8.9401600e+03
   5.9900800e+00  -1.9174600e+00   6.0189900e+00   2.7910800e+00   5.4986800e+00   2.6900100e+00  -8.9410700e+03
   5.9899200e+00  -1.9170100e+00   6.0188100e+00   2.7894800e+00   5.4990900e+00   2.6911900e+00  -8.9404100e+03
   5.9901700e+00  -1.9163900e+00   6.0192200e+00   2.7884500e+00   5.5013900e+00   2.6962900e+00  -8.9429100e+03
   5.9903700e+00  -1.9161200e+00   6.0190400e+00   2.7896500e+00   5.4989900e+00   2.7002500e+00  -8.9403700e+03
   5.9902200e+00  -1.9166200e+00   6.0190100e+00   2.7904600e+00   5.4992900e+00   2.7058900e+00  -8.9399400e+03
   5.9904000e+00  -1.9157300e+00   6.0192300e+00   2.7895500e+00   5.4994900e+00   2.7002400e+00  -8.9405600e+03
   5.9902600e+00  -1.9158800e+00   6.0188500e+00   2.7903300e+00   5.4990200e+00   2.7004400e+00  -8.9400900e+03
   5.9900300e+00  -1.9166800e+00   6.0187700e+00   2.7913100e+00   5.5003000e+00   2.6960500e+00  -8.9419700e+03
   5.9901400e+00  -1.9171200e+00   6.0181900e+00   2.7916800e+00   5.4971700e+00   2.6906300e+00  -8.9426600e+03
   5.9897700e+00  -1.9163300e+00   6.0186500e+00   2.7901500e+00   5.4984000e+00   2.6821700e+00  -8.9410400e+03
   5.9898900e+00  -1.9153500e+00   6.0190500e+00   2.7891800e+00   5.4994100e+00   2.6819900e+00  -8.9413700e+03
   5.9897100e+00  -1.9151500e+00   6.0189900e+00   2.7882200e+00   5.4986600e+00   2.6765200e+00  -8.9434500e+03
   5.9899000e+00  -1.9156000e+00   6.0183300e+00   2.7889000e+00   5.4975000e+00   2.6669100e+00  -8.9436100e+03
   5.9900000e+00  -1.9149900e+00   6.0188600e+00   2.7888900e+00   5.4972000e+00   2.6672400e+00  -8.9441600e+03
   5.9904600e+00  -1.9134700e+00   6.0194000e+00   2.7907300e+00   5.4990100e+00   2.6697500e+00  -8.9435300e+03
   5.9899400e+00  -1.9142400e+00   6.0189700e+00   2.7902200e+00   5.4983500e+00   2.6732900e+00  -8.9416500e+03
   5.9896900e+00  -1.9134500e+00   6.0185100e+00   2.7907000e+00   5.4986400e+00   2.6744200e+00  -8.9414300e+03
   5.9901600e+00  -1.9124600e+00   6.0193100e+00   2.7908800e+00   5.4989300e+00   2.6742700e+00  -8.9420600e+03
   5.9905200e+00  -1.9123400e+00   6.0192100e+00   2.7898200e+00   5.5005500e+00   2.6704900e+00  -8.9463700e+03
   5.9901500e+00  -1.9120200e+00   6.0189200e+00   2.7899800e+00   5.4991600e+00   2.6769600e+00  -8.9406300e+03
   5.9895200e+00  -1.9130100e+00   6.0186100e+00   2.7898200e+00   5.4976400e+00   2.6757300e+00  -8.9445300e+03
   5.9898500e+00  -1.9129200e+00   6.0196300e+00   2.7893500e+00   5.5007000e+00   2.6807900e+00  -8.9462700e+03
   5.9906600e+00  -1.9128900e+00   6.0194200e+00   2.7886100e+00   5.4989900e+00   2.6731900e+00  -8.9440000e+03
   5.9898200e+00  -1.9129400e+00   6.0190600e+00   2.7889900e+00   5.4998900e+00   2.6734800e+00  -8.9414500e+03
   5.9900300e+00  -1.9121800e+00   6.0186600e+00   2.7900200e+00   5.4969600e+00   2.6702900e+00  -8.9430600e+03
   5.9904500e+00  -1.9130100e+00   6.0187200e+00   2.7897100e+00   5.4975000e+00   2.6714300e+00  -8.9438600e+03
   5.9903600e+00  -1.9124600e+00   6.0193600e+00   2.7924200e+00   5.4993800e+00   2.6761700e+00  -8.9419700e+03
   5.9902500e+00  -1.9119700e+00   6.0192200e+00   2.7921500e+00   5.4988000e+00   2.6770400e+00  -8.9408400e+03
   5.9902700e+00  -1.9123100e+00   6.0189900e+00   2.7915300e+00   5.5002800e+00   2.6856600e+00  -8.9421100e+03
   5.9900500e+00  -1.9125600e+00   6.0192600e+00   2.7920200e+00   5.4985500e+00   2.6827000e+00  -8.9429400e+03
   5.9898600e+00  -1.9123400e+00   6.0187200e+00   2.7922700e+00   5.4990300e+00   2.6798000e+00  -8.9403600e+03
   5.9902300e+00  -1.9126800e+00   6.0186300e+00   2.7931200e+00   5.4978700e+00   2.6781400e+00  -8.9404700e+03
   5.9906500e+00  -1.9124800e+00   6.0192800e+00   2.7943800e+00   5.4981400e+00   2.6778400e+00  -8.9423200e+03
   5.9905200e+00  -1.9118400e+00   6.0187400e+00   2.7941100e+00   5.4975800e+00   2.6797000e+00  -8.9412600e+03
   5.9904500e+00  -1.9112500e+00   6.0191600e+00   2.7948500e+00   5.4981200e+00   2.6880500e+00  -8.9404100e+03
   5.9904300e+00  -1.9113100e+00   6.0192800e+00   2.7954300e+00   5.5001100e+00   2.6934400e+00  -8.9416000e+03
   5.9905600e+00  -1.9115200e+00   6.0190400e+00   2.7957200e+00   5.4992900e+00   2.6991100e+00  -8.9408300e+03
   5.9899400e+00  -1.9117700e+00   6.0190800e+00   2.7954300e+00   5.4996300e+00   2.7038500e+00  -8.9421100e+03
   5.9906000e+00  -1.9116600e+00   6.0192400e+00   2.7963600e+00   5.4982100e+00   2.7018700e+00  -8.9411000e+03
   5.9902400e+00  -1.9117600e+00   6.0189600e+00   2.7956700e+00   5.4990200e+00   2.6989600e+00  -8.9398000e+03
   5.9901900e+00  -1.9129400e+00   6.0192700e+00   2.7953600e+00   5.4990400e+00   2.6929900e+00  -8.9421300e+03
   5.9900000e+00  -1.9130500e+00   6.0188200e+00   2.7950500e+00   5.4983400e+00   2.6913300e+00  -8.9401100e+03
   5.9899600e+00  -1.9141900e+00   6.0186500e+00   2.7946400e+00   5.4984400e+00   2.6906100e+00  -8.9397700e+03
   5.9904000e+00  -1.9135900e+00   6.0187500e+00   2.7931400e+00   5.4971000e+00   2.6875900e+00  -8.9409800e+03
   5.9904000e+00  -1.9126200e+00   6.0191000e+00   2.7954200e+00   5.4980300e+00   2.6938000e+00  -8.9404600e+03
   5.9904200e+00  -1.9124100e+00   6.0187900e+00   2.7954100e+00   5.4978200e+00   2.6939200e+00  -8.9397600e+03
   5.9901800e+00  -1.9116800e+00   6.0184700e+00   2.7971300e+00   5.4968700e+00   2.7008100e+00  -8.9413800e+03
   5.9910700e+00  -1.9113300e+00   6.0195000e+00   2.7982200e+00   5.4991300e+00   2.6986300e+00  -8.9448200e+03
   5.9905600e+00  -1.9111200e+00   6.0194200e+00   2.7961200e+00   5.4993300e+00   2.7000000e+00  -8.9414800e+03
   5.9901500e+00  -1.9112800e+00   6.0187400e+00   2.7953900e+00   5.4986300e+00   2.6996700e+00  -8.9400800e+03
   5.9907500e+00  -1.9113500e+00   6.0193200e+00   2.7962100e+00   5.4999100e+00   2.6985600e+00  -8.9426700e+03
   5.9903300e+00  -1.9116300e+00   6.0188600e+00   2.7959200e+00   5.4996100e+00   2.6952300e+00  -8.9414200e+03
   5.9903000e+00  -1.9116400e+00   6.0190300e+00   2.7956300e+00   5.4984700e+00   2.7001500e+00  -8.9400600e+03
   5.9903700e+00  -1.9121000e+00   6.0190000e+00   2.7954200e+00   5.4990500e+00   2.7057400e+00  -8.9399300e+03
   5.9899000e+00  -1.9124800e+00   6.0187900e+00   2.7941300e+00   5.4998000e+00   2.7012400e+00  -8.9411400e+03
   5.9904500e+00  -1.9126800e+00   6.0191100e+00   2.7935900e+00   5.4994700e+00   2.7000400e+00  -8.9400800e+03
   5.9907400e+00  -1.9121900e+00   6.0193300e+00   2.7930300e+00   5.4998900e+00   2.6961300e+00  -8.9421200e+03
   5.9903300e+00  -1.9125900e+00   6.0190300e+00   2.7915900e+00   5.4993200e+00   2.7009000e+00  -8.9399800e+03
   5.9902000e+00  -1.9125500e+00   6.0193400e+00   2.7905900e+00   5.5016500e+00   2.6912200e+00  -8.9433700e+03
   5.9901500e+00  -1.9132900e+00   6.0194000e+00   2.7908200e+00   5.5009800e+00   2.6986000e+00  -8.9416400e+03
   5.9899600e+00  -1.9133000e+00   6.0192800e+00   2.7893100e+00   5.5010400e+00   2.6954700e+00  -8.9414800e+03
   5.9895000e+00  -1.9138400e+00   6.0186800e+00   2.7893800e+00   5.4995900e+00   2.6957000e+00  -8.9431600e+03
   5.9899900e+00  -1.9140900e+00   6.0191700e+00   2.7885500e+00   5.5004200e+00   2.7027800e+00  -8.9408400e+03
   5.9902100e+00  -1.9130400e+00   6.0196700e+00   2.7888700e+00   5.5014900e+00   2.7026400e+00  -8.9426600e+03
   5.9900000e+00  -1.9126900e+00   6.0188500e+00   2.7870800e+00   5.4991300e+00   2.7003300e+00  -8.9429800e+03
   5.9905700e+00  -1.9123000e+00   6.0198700e+00   2.7876100e+00   5.5009500e+00   2.7033000e+00  -8.9431000e+03
   5.9900900e+00  -1.9118400e+00   6.0190900e+00   2.7865500e+00   5.4994300e+00   2.6948800e+00  -8.9422200e+03
   5.9903900e+00  -1.9121100e+00   6.0196900e+00   2.7839700e+00   5.5012600e+00   2.6931100e+00  -8.9426500e+03
   5.9897900e+00  -1.9116800e+00   6.0194700e+00   2.7840400e+00   5.5014900e+00   2.6894200e+00  -8.9431100e+03
   5.9900400e+00  -1.9108300e+00   6.0194000e+00   2.7843000e+00   5.5011700e+00   2.6880900e+00  -8.9421000e+03
   5.9902800e+00  -1.9109500e+00   6.0197700e+00   2.7852000e+00   5.5009300e+00   2.6795000e+00  -8.9430100e+03
   5.9901400e+00  -1.9106400e+00   6.0197900e+00   2.7860900e+00   5.5018100e+00   2.6873100e+00  -8.9428600e+03
   5.9906300e+00  -1.9106700e+00   6.0198600e+00   2.7857500e+00   5.5013100e+00   2.6895500e+00  -8.9433700e+03
   5.9905800e+00  -1.9103800e+00   6.0199500e+00   2.7846900e+00   5.5023400e+00   2.6949800e+00  -8.9440100e+03
   5.9897500e+00  -1.9120000e+00   6.0187700e+00   2.7848700e+00   5.5008700e+00   2.6971100e+00  -8.9455300e+03
   5.9902600e+00  -1.9109400e+00   6.0195000e+00   2.7833000e+00   5.5023200e+00   2.7021600e+00  -8.9441500e+03
   5.9897400e+00  -1.9111400e+00   6.0195700e+00   2.7841200e+00   5.5033000e+00   2.7053200e+00  -8.9454700e+03
   5.9901000e+00  -1.9116300e+00   6.0193000e+00   2.7834200e+00   5.5009800e+00   2.7071700e+00  -8.9439400e+03
   5.9901300e+00  -1.9112100e+00   6.0197900e+00   2.7836200e+00   5.5012500e+00   2.7064700e+00  -8.9449100e+03
   5.9904100e+00  -1.9110100e+00   6.0200700e+00   2.7836100e+00   5.5025700e+00   2.7040100e+00  -8.9441000e+03
   5.9906800e+00  -1.9115400e+00   6.0204300e+00   2.7831600e+00   5.5026000e+00   2.7083200e+00  -8.9473500e+03
   5.9903000e+00  -1.9102800e+00   6.0197800e+00   2.7856400e+00   5.5020200e+00   2.7157700e+00  -8.9433600e+03
   5.9905600e+00  -1.9102600e+00   6.0200300e+00   2.7868600e+00   5.5025700e+00   2.7130500e+00  -8.9439300e+03
   5.9905900e+00  -1.9109600e+00   6.0193200e+00   2.7865400e+00   5.5011600e+00   2.7178200e+00  -8.9450700e+03
   5.9908000e+00  -1.9106000e+00   6.0201000e+00   2.7853900e+00   5.5023100e+00   2.7159800e+00  -8.9448400e+03
   5.9901700e+00  -1.9110000e+00   6.0194900e+00   2.7862800e+00   5.5020500e+00   2.7145600e+00  -8.9429300e+03
   5.9907500e+00  -1.9111500e+00   6.0199900e+00   2.7870000e+00   5.5010700e+00   2.7121500e+00  -8.9441000e+03
   5.9904400e+00  -1.9109700e+00   6.0191400e+00   2.7874200e+00   5.4990500e+00   2.7128500e+00  -8.9450500e+03
   5.9901800e+00  -1.9111300e+00   6.0196800e+00   2.7881000e+00   5.5005500e+00   2.7109900e+00  -8.9442200e+03
   5.9907100e+00  -1.9108400e+00   6.0193600e+00   2.7895300e+00   5.5008900e+00   2.7052700e+00  -8.9436000e+03
   5.9901900e+00  -1.9115700e+00   6.0192200e+00   2.7884400e+00   5.5003600e+00   2.7083800e+00  -8.9413500e+03
   5.9900400e+00  -1.9127100e+00   6.0194300e+00   2.7882600e+00   5.5019500e+00   2.7069100e+00  -8.9424000e+03
   5.9901800e+00  -1.9131400e+00   6.0194100e+00   2.7881900e+00   5.4999400e+00   2.7045800e+00  -8.9419400e+03
   5.9895900e+00  -1.9130500e+00   6.0190700e+00   2.7882800e+00   5.5013600e+00   2.7021600e+00  -8.9436500e+03
   5.9902500e+00  -1.9135600e+00   6.0192000e+00   2.7887300e+00   5.5001000e+00   2.7040000e+00  -8.9404600e+03
   5.9899800e+00  -1.9137900e+00   6.0186500e+00   2.7882000e+00   5.4993800e+00   2.6996000e+00  -8.9425000e+03
   5.9907900e+00  -1.9137800e+00   6.0196900e+00   2.7885300e+00   5.4989000e+00   2.7001600e+00  -8.9452300e+03
   5.9905500e+00  -1.9139900e+00   6.0191000e+00   2.7881500e+00   5.4993100e+00   2.6980700e+00  -8.9420200e+03
   5.9902800e+00  -1.9137400e+00   6.0188300e+00   2.7877300e+00   5.4983800e+00   2.6964200e+00  -8.9428200e+03
   5.9903700e+00  -1.9134800e+00   6.0192400e+00   2.7886800e+00   5.5003700e+00   2.6952300e+00  -8.9409600e+03
   5.9900300e+00  -1.9135700e+00   6.0188100e+00   2.7901300e+00   5.5003000e+00   2.6997300e+00  -8.9415900e+03
   5.9904000e+00  -1.9125600e+00   6.0195600e+00   2.7916400e+00   5.5002100e+00   2.7047500e+00  -8.9416700e+03
   5.9905000e+00  -1.9125500e+00   6.0191600e+00   2.7916800e+00   5.5009200e+00   2.7058600e+00  -8.9429500e+03
   5.9905600e+00  -1.9124500e+00   6.0187800e+00   2.7922400e+00   5.4970500e+00   2.7044000e+00  -8.9439100e+03
   5.9902700e+00  -1.9122900e+00   6.0190100e+00   2.7906400e+00   5.5001400e+00   2.7068000e+00  -8.9410300e+03
   5.9898400e+00  -1.9127500e+00   6.0194600e+00   2.7915100e+00   5.5019900e+00   2.7025700e+00  -8.9453400e+03
   5.9903800e+00  -1.9125600e+00   6.0192500e+00   2.7930000e+00   5.4992400e+00   2.7032100e+00  -8.9402900e+03
   5.9906700e+00  -1.9129200e+00   6.0192700e+00   2.7939500e+00   5.4991300e+00   2.7052300e+00  -8.9406900e+03
   5.9901700e+00  -1.9137400e+00   6.0191500e+00   2.7918500e+00   5.4995000e+00   2.7074300e+00  -8.9405100e+03
   5.9897600e+00  -1.9133900e+00   6.0189300e+00   2.7920100e+00   5.4996400e+00   2.6975300e+00  -8.9414800e+03
   5.9900300e+00  -1.9137000e+00   6.0186600e+00   2.7910800e+00   5.4998500e+00   2.7010600e+00  -8.9418000e+03
   5.9896300e+00  -1.9143200e+00   6.0187400e+00   2.7905900e+00   5.4992500e+00   2.7036000e+00  -8.9428000e+03
   5.9901800e+00  -1.9146100e+00   6.0187500e+00   2.7922500e+00   5.4975800e+00   2.7034800e+00  -8.9413700e+03
   5.9902000e+00  -1.9141400e+00   6.0190100e+00   2.7925600e+00   5.5012100e+00   2.7024200e+00  -8.9436100e+03
   5.9904700e+00  -1.9139300e+00   6.0189900e+00   2.7945500e+00   5.4984200e+00   2.7005400e+00  -8.9397700e+03
   5.9900800e+00  -1.9142500e+00   6.0183600e+00   2.7949400e+00   5.4971900e+00   2.6892700e+00  -8.9402800e+03
   5.9899600e+00  -1.9138700e+00   6.0189800e+00   2.7943700e+00   5.4994700e+00   2.6861200e+00  -8.9412300e+03
   5.9898100e+00  -1.9139500e+00   6.0185200e+00   2.7924700e+00   5.4987200e+00   2.6787200e+00  -8.9408200e+03
   5.9900900e+00  -1.9132300e+00   6.0193800e+00   2.7899100e+00   5.4989500e+00   2.6802800e+00  -8.9432900e+03
   5.9906800e+00  -1.9135100e+00   6.0192600e+00   2.7928300e+00   5.4991900e+00   2.6768300e+00  -8.9436300e+03
   5.9900400e+00  -1.9141500e+00   6.0189800e+00   2.7939300e+00   5.4986200e+00   2.6819700e+00  -8.9408300e+03
   5.9898600e+00  -1.9139000e+00   6.0183200e+00   2.7955600e+00   5.4974700e+00   2.6820900e+00  -8.9403500e+03
   5.9905100e+00  -1.9133100e+00   6.0186000e+00   2.7949800e+00   5.4979100e+00   2.6788600e+00  -8.9425700e+03
   5.9898800e+00  -1.9124700e+00   6.0185300e+00   2.7957300e+00   5.4975800e+00   2.6851200e+00  -8.9402900e+03
   5.9905300e+00  -1.9122100e+00   6.0190300e+00   2.7947400e+00   5.4990000e+00   2.6950000e+00  -8.9402600e+03
   5.9904100e+00  -1.9113900e+00   6.0185700e+00   2.7960600e+00   5.4974700e+00   2.7007000e+00  -8.9412300e+03
   5.9902600e+00  -1.9109100e+00   6.0191000e+00   2.7942800e+00   5.4988800e+00   2.6962300e+00  -8.9399100e+03
   5.9900800e+00  -1.9109900e+00   6.0186000e+00   2.7965700e+00   5.4977500e+00   2.6933300e+00  -8.9401400e+03
   5.9901700e+00  -1.9100900e+00   6.0186100e+00   2.7960300e+00   5.4985200e+00   2.6944300e+00  -8.9408500e+03
   5.9902400e+00  -1.9091300e+00   6.0191600e+00   2.7957200e+00   5.4990400e+00   2.6975700e+00  -8.9405300e+03
   5.9900100e+00  -1.9089800e+00   6.0185900e+00   2.7957500e+00   5.4982000e+00   2.6938000e+00  -8.9412900e+03
   5.9904900e+00  -1.9088400e+00   6.0191700e+00   2.7934600e+00   5.4990300e+00   2.6911400e+00  -8.9401800e+03
   5.9905900e+00  -1.9092100e+00   6.0190800e+00   2.7953600e+00   5.4986700e+00   2.6943200e+00  -8.9403800e+03
   5.9905800e+00  -1.9082000e+00   6.0196300e+00   2.7960700e+00   5.5000700e+00   2.6999200e+00  -8.9423000e+03
   5.9904600e+00  -1.9081400e+00   6.0194400e+00   2.7978800e+00   5.4993200e+00   2.7009200e+00  -8.9422000e+03
   5.9909000e+00  -1.9079400e+00   6.0194900e+00   2.7981000e+00   5.4979800e+00   2.6986100e+00  -8.9432500e+03
   5.9904000e+00  -1.9084700e+00   6.0189100e+00   2.7985500e+00   5.4988500e+00   2.7017900e+00  -8.9409800e+03
   5.9909800e+00  -1.9088300e+00   6.0189200e+00   2.7996900e+00   5.4971400e+00   2.6995100e+00  -8.9430500e+03
   5.9896500e+00  -1.9088800e+00   6.0183900e+00   2.8004800e+00   5.4989300e+00   2.7009900e+00  -8.9458000e+03
   5.9907300e+00  -1.9090800e+00   6.0188800e+00   2.8001900e+00   5.4971300e+00   2.7008900e+00  -8.9414300e+03
   5.9905700e+00  -1.9101800e+00   6.0192700e+00   2.8006100e+00   5.4982600e+00   2.7013900e+00  -8.9427200e+03
   5.9904000e+00  -1.9102100e+00   6.0185200e+00   2.8003900e+00   5.4964900e+00   2.7029600e+00  -8.9416500e+03
   5.9899600e+00  -1.9109700e+00   6.0186900e+00   2.7985200e+00   5.4985200e+00   2.7062400e+00  -8.9418200e+03
   5.9907700e+00  -1.9113500e+00   6.0191000e+00   2.7996400e+00   5.4979000e+00   2.7091500e+00  -8.9415300e+03
   5.9900900e+00  -1.9113600e+00   6.0185000e+00   2.7995500e+00   5.4994700e+00   2.7056300e+00  -8.9443200e+03
   5.9905900e+00  -1.9103300e+00   6.0189500e+00   2.7994700e+00   5.4978900e+00   2.6984900e+00  -8.9404100e+03
   5.9903000e+00  -1.9088500e+00   6.0185400e+00   2.7994700e+00   5.4961600e+00   2.6976800e+00  -8.9428200e+03
   5.9901900e+00  -1.9083800e+00   6.0189000e+00   2.7982500e+00   5.4995900e+00   2.6983200e+00  -8.9417900e+03
   5.9907300e+00  -1.9087100e+00   6.0195400e+00   2.7982700e+00   5.4983000e+00   2.7039700e+00  -8.9440500e+03
   5.9905800e+00  -1.9088500e+00   6.0192800e+00   2.7989300e+00   5.4994200e+00   2.7029200e+00  -8.9417200e+03
   5.9903200e+00  -1.9091800e+00   6.0188900e+00   2.7997500e+00   5.4986400e+00   2.7104300e+00  -8.9416300e+03
