   5.9896900e+00  -1.8628900e+00   6.0197600e+00   2.8024900e+00   5.4978300e+00   2.5190000e+00  -1.0752400e+04
   5.9896400e+00  -1.8647700e+00   6.0192900e+00   2.8032700e+00   5.4963000e+00   2.5187700e+00  -1.0753500e+04
   5.9890700e+00  -1.8632400e+00   6.0196200e+00   2.8004800e+00   5.4985900e+00   2.5186700e+00  -1.0751500e+04
   5.9889100e+00  -1.8649800e+00   6.0193000e+00   2.8027000e+00   5.4975400e+00   2.5184500e+00  -1.0753000e+04
   5.9889300e+00  -1.8685800e+00   6.0187800e+00   2.8025900e+00   5.4961000e+00   2.5185600e+00  -1.0754600e+04
   5.9891500e+00  -1.8704900e+00   6.0187000e+00   2.8044400e+00   5.4956300e+00   2.5184000e+00  -1.0755600e+04
   5.9888900e+00  -1.8692300e+00   6.0189800e+00   2.8053900e+00   5.4981200e+00   2.5187700e+00  -1.0761200e+04
   5.9894900e+00  -1.8685200e+00   6.0193700e+00   2.8065000e+00   5.4961700e+00   2.5189100e+00  -1.0754700e+04
   5.9886100e+00  -1.8685900e+00   6.0183900e+00   2.8058300e+00   5.4951500e+00   2.5187900e+00  -1.0759200e+04
   5.9893700e+00  -1.8661400e+00   6.0188800e+00   2.8077100e+00   5.4945300e+00   2.5188600e+00  -1.0754600e+04
   5.9896900e+00  -1.8616300e+00   6.0194100e+00   2.8066300e+00   5.4961500e+00   2.5190500e+00  -1.0753100e+04
   5.9892300e+00  -1.8620100e+00   6.0193400e+00   2.8077800e+00   5.4951700e+00   2.5186100e+00  -1.0755500e+04
   5.9897500e+00  -1.8615300e+00   6.0202100e+00   2.8068100e+00   5.4976100e+00   2.5185900e+00  -1.0757300e+04
   5.9893200e+00  -1.8617800e+00   6.0197700e+00   2.8058500e+00   5.4970100e+00   2.5180700e+00  -1.0753700e+04
   5.9894700e+00  -1.8580700e+00   6.0197400e+00   2.8069500e+00   5.4958300e+00   2.5183700e+00  -1.0754800e+04
   5.9897000e+00  -1.8574200e+00   6.0198200e+00   2.8058100e+00   5.4970800e+00   2.5185400e+00  -1.0752100e+04
   5.9897100e+00  -1.8576100e+00   6.0199600e+00   2.8037800e+00   5.4981600e+00   2.5187000e+00  -1.0751900e+04
   5.9894000e+00  -1.8589000e+00   6.0198100e+00   2.8014400e+00   5.4986400e+00   2.5191200e+00  -1.0750900e+04
   5.9892900e+00  -1.8570800e+00   6.0192800e+00   2.8034000e+00   5.4973500e+00   2.5193900e+00  -1.0755300e+04
   5.9894300e+00  -1.8560600e+00   6.0199100e+00   2.8036500e+00   5.4971900e+00   2.5195400e+00  -1.0751900e+04
   5.9893300e+00  -1.8559900e+00   6.0196600e+00   2.8048300e+00   5.4966500e+00   2.5197500e+00  -1.0753100e+04
   5.9902400e+00  -1.8522800e+00   6.0207900e+00   2.8038300e+00   5.4993000e+00   2.5195100e+00  -1.0755800e+04
   5.9894100e+00  -1.8497300e+00   6.0205800e+00   2.8025500e+00   5.5001300e+00   2.5191600e+00  -1.0753100e+04
   5.9892800e+00  -1.8469700e+00   6.0204500e+00   2.8019600e+00   5.4986800e+00   2.5195400e+00  -1.0756800e+04
   5.9896100e+00  -1.8462700e+00   6.0209100e+00   2.8000500e+00   5.5010700e+00   2.5194400e+00  -1.0752800e+04
   5.9897600e+00  -1.8459100e+00   6.0208900e+00   2.7996900e+00   5.5012300e+00   2.5192800e+00  -1.0753300e+04
   5.9900900e+00  -1.8485800e+00   6.0207000e+00   2.8006400e+00   5.4997300e+00   2.5195300e+00  -1.0753700e+04
   5.9896900e+00  -1.8548300e+00   6.0199400e+00   2.8039200e+00   5.4972100e+00   2.5195500e+00  -1.0751800e+04
   5.9895100e+00  -1.8566800e+00   6.0201400e+00   2.8019700e+00   5.4980300e+00   2.5196500e+00  -1.0750600e+04
   5.9894100e+00  -1.8595000e+00   6.0199300e+00   2.8023300e+00   5.4988300e+00   2.5193800e+00  -1.0751200e+04
   5.9889900e+00  -1.8632600e+00   6.0194400e+00   2.8033500e+00   5.4963900e+00   2.5192200e+00  -1.0753800e+04
   5.9891900e+00  -1.8643400e+00   6.0198100e+00   2.8023600e+00   5.4982000e+00   2.5188400e+00  -1.0752800e+04
   5.9888200e+00  -1.8624100e+00   6.0198600e+00   2.8029800e+00   5.4981700e+00   2.5185000e+00  -1.0757400e+04
   5.9893400e+00  -1.8646000e+00   6.0194700e+00   2.8021800e+00   5.4973900e+00   2.5182600e+00  -1.0751600e+04
   5.9894900e+00  -1.8655000e+00   6.0195900e+00   2.8025300e+00   5.4959400e+00   2.5187600e+00  -1.0752600e+04
   5.9897500e+00  -1.8624300e+00   6.0199300e+00   2.8020100e+00   5.4977300e+00   2.5189000e+00  -1.0751800e+04
   5.9896200e+00  -1.8619600e+00   6.0200700e+00   2.8028600e+00   5.4978600e+00   2.5188300e+00  -1.0752200e+04
   5.9894700e+00  -1.8618300e+00   6.0194100e+00   2.8025200e+00   5.4976300e+00   2.5190400e+00  -1.0753200e+04
   5.9896400e+00  -1.8628600e+00   6.0197000e+00   2.8026800e+00   5.4961800e+00   2.5188400e+00  -1.0752100e+04
   5.9893100e+00  -1.8644300e+00   6.0197200e+00   2.8028200e+00   5.4980700e+00   2.5187100e+00  -1.0752400e+04
   5.9892400e+00  -1.8619800e+00   6.0192100e+00   2.8030300e+00   5.4964700e+00   2.5188000e+00  -1.0752600e+04
   5.9890700e+00  -1.8657400e+00   6.0192400e+00   2.8008800e+00   5.4970300e+00   2.5192300e+00  -1.0751600e+04
   5.9893700e+00  -1.8671100e+00   6.0191800e+00   2.8016400e+00   5.4967800e+00   2.5190500e+00  -1.0752800e+04
   5.9893600e+00  -1.8663600e+00   6.0193600e+00   2.8035200e+00   5.4967500e+00   2.5193900e+00  -1.0751800e+04
   5.9897100e+00  -1.8637100e+00   6.0197000e+00   2.8025600e+00   5.4966600e+00   2.5197900e+00  -1.0751500e+04
   5.9890000e+00  -1.8631300e+00   6.0196700e+00   2.8032600e+00   5.4982400e+00   2.5195800e+00  -1.0753200e+04
   5.9894400e+00  -1.8622400e+00   6.0197100e+00   2.8048100e+00   5.4959900e+00   2.5195300e+00  -1.0753600e+04
   5.9894100e+00  -1.8614800e+00   6.0191400e+00   2.8053100e+00   5.4951700e+00   2.5194000e+00  -1.0754100e+04
   5.9897400e+00  -1.8637200e+00   6.0196900e+00   2.8058300e+00   5.4959100e+00   2.5193400e+00  -1.0753300e+04
   5.9895800e+00  -1.8628600e+00   6.0196600e+00   2.8052600e+00   5.4974500e+00   2.5191000e+00  -1.0752800e+04
   5.9891500e+00  -1.8627300e+00   6.0194000e+00   2.8052200e+00   5.4958200e+00   2.5191500e+00  -1.0753900e+04
   5.9892500e+00  -1.8601500e+00   6.0193100e+00   2.8061500e+00   5.4966900e+00   2.5192700e+00  -1.0752900e+04
   5.9893800e+00  -1.8597000e+00   6.0196500e+00   2.8063300e+00   5.4970800e+00   2.5194500e+00  -1.0752100e+04
   5.9894700e+00  -1.8607200e+00   6.0196400e+00   2.8070700e+00   5.4969700e+00   2.5197500e+00  -1.0752500e+04
   5.9897000e+00  -1.8617900e+00   6.0198600e+00   2.8072900e+00   5.4959200e+00   2.5197900e+00  -1.0754900e+04
   5.9894100e+00  -1.8621900e+00   6.0191300e+00   2.8061700e+00   5.4947700e+00   2.5199400e+00  -1.0754400e+04
   5.9893800e+00  -1.8629900e+00   6.0191900e+00   2.8056500e+00   5.4963100e+00   2.5197100e+00  -1.0752700e+04
   5.9893700e+00  -1.8631800e+00   6.0193000e+00   2.8050300e+00   5.4968600e+00   2.5199500e+00  -1.0752300e+04
   5.9895300e+00  -1.8604200e+00   6.0194900e+00   2.8062900e+00   5.4966700e+00   2.5203800e+00  -1.0751900e+04
   5.9894200e+00  -1.8607900e+00   6.0192700e+00   2.8060300e+00   5.4960200e+00   2.5205200e+00  -1.0752500e+04
   5.9896800e+00  -1.8591800e+00   6.0197700e+00   2.8050100e+00   5.4967900e+00   2.5208200e+00  -1.0751200e+04
   5.9891900e+00  -1.8589100e+00   6.0193700e+00   2.8059900e+00   5.4977300e+00   2.5210100e+00  -1.0753900e+04
   5.9896000e+00  -1.8574100e+00   6.0200600e+00   2.8043800e+00   5.4971100e+00   2.5212200e+00  -1.0752000e+04
   5.9894900e+00  -1.8563700e+00   6.0198900e+00   2.8032600e+00   5.4978200e+00   2.5210300e+00  -1.0750500e+04
   5.9896700e+00  -1.8563000e+00   6.0201100e+00   2.8025500e+00   5.4987600e+00   2.5208900e+00  -1.0750600e+04
   5.9900500e+00  -1.8557600e+00   6.0201700e+00   2.8037300e+00   5.4973300e+00   2.5206700e+00  -1.0752600e+04
   5.9897900e+00  -1.8563800e+00   6.0196400e+00   2.8027200e+00   5.4965600e+00   2.5207200e+00  -1.0754100e+04
   5.9897800e+00  -1.8538200e+00   6.0206500e+00   2.8041800e+00   5.4992800e+00   2.5210100e+00  -1.0753600e+04
   5.9891800e+00  -1.8537400e+00   6.0200200e+00   2.8043900e+00   5.4986600e+00   2.5213900e+00  -1.0753000e+04
   5.9896300e+00  -1.8568400e+00   6.0199900e+00   2.8055800e+00   5.4978800e+00   2.5210100e+00  -1.0751400e+04
   5.9896600e+00  -1.8552600e+00   6.0195100e+00   2.8067900e+00   5.4958700e+00   2.5212800e+00  -1.0754500e+04
   5.9898500e+00  -1.8573300e+00   6.0199800e+00   2.8069100e+00   5.4968100e+00   2.5213000e+00  -1.0752500e+04
   5.9894200e+00  -1.8553100e+00   6.0195400e+00   2.8060800e+00   5.4979500e+00   2.5213000e+00  -1.0754300e+04
   5.9895300e+00  -1.8596500e+00   6.0194800e+00   2.8074500e+00   5.4975000e+00   2.5211900e+00  -1.0753900e+04
   5.9891200e+00  -1.8613100e+00   6.0192000e+00   2.8075100e+00   5.4970500e+00   2.5210700e+00  -1.0754300e+04
   5.9893500e+00  -1.8633500e+00   6.0196300e+00   2.8083300e+00   5.4974100e+00   2.5209500e+00  -1.0755300e+04
   5.9890300e+00  -1.8630200e+00   6.0191700e+00   2.8083000e+00   5.4972400e+00   2.5212600e+00  -1.0755900e+04
   5.9899600e+00  -1.8637600e+00   6.0191000e+00   2.8094200e+00   5.4941400e+00   2.5215900e+00  -1.0756400e+04
   5.9894400e+00  -1.8660600e+00   6.0195500e+00   2.8105100e+00   5.4958400e+00   2.5214600e+00  -1.0757900e+04
   5.9894700e+00  -1.8630100e+00   6.0189900e+00   2.8108700e+00   5.4947100e+00   2.5215400e+00  -1.0754700e+04
   5.9894600e+00  -1.8654600e+00   6.0192700e+00   2.8107500e+00   5.4954400e+00   2.5213400e+00  -1.0755100e+04
   5.9895900e+00  -1.8656700e+00   6.0186200e+00   2.8107400e+00   5.4938100e+00   2.5216000e+00  -1.0757400e+04
   5.9892300e+00  -1.8673900e+00   6.0193000e+00   2.8100700e+00   5.4960300e+00   2.5215300e+00  -1.0757100e+04
   5.9892100e+00  -1.8671300e+00   6.0189100e+00   2.8105700e+00   5.4938600e+00   2.5211300e+00  -1.0757100e+04
   5.9895900e+00  -1.8667900e+00   6.0190100e+00   2.8101900e+00   5.4943800e+00   2.5210300e+00  -1.0754700e+04
   5.9894200e+00  -1.8668300e+00   6.0192400e+00   2.8104200e+00   5.4958300e+00   2.5205300e+00  -1.0756100e+04
   5.9893400e+00  -1.8633100e+00   6.0192900e+00   2.8089400e+00   5.4965700e+00   2.5206700e+00  -1.0754200e+04
   5.9896600e+00  -1.8627000e+00   6.0191900e+00   2.8090600e+00   5.4958800e+00   2.5209300e+00  -1.0754500e+04
   5.9894100e+00  -1.8602500e+00   6.0197100e+00   2.8088000e+00   5.4959500e+00   2.5210900e+00  -1.0755400e+04
   5.9899700e+00  -1.8567700e+00   6.0202500e+00   2.8092300e+00   5.4969300e+00   2.5211400e+00  -1.0756100e+04
   5.9898300e+00  -1.8571900e+00   6.0198300e+00   2.8075300e+00   5.4966200e+00   2.5209300e+00  -1.0752600e+04
   5.9899800e+00  -1.8577700e+00   6.0195700e+00   2.8080800e+00   5.4968300e+00   2.5210500e+00  -1.0756200e+04
   5.9897000e+00  -1.8575600e+00   6.0200500e+00   2.8101900e+00   5.4961600e+00   2.5208300e+00  -1.0757600e+04
   5.9899300e+00  -1.8589900e+00   6.0196000e+00   2.8101700e+00   5.4955400e+00   2.5213900e+00  -1.0754300e+04
   5.9896800e+00  -1.8573300e+00   6.0191900e+00   2.8101000e+00   5.4950300e+00   2.5214500e+00  -1.0756100e+04
   5.9895200e+00  -1.8544000e+00   6.0197300e+00   2.8115500e+00   5.4962000e+00   2.5209000e+00  -1.0756200e+04
   5.9898100e+00  -1.8538800e+00   6.0194600e+00   2.8121500e+00   5.4948800e+00   2.5209300e+00  -1.0757400e+04
   5.9896600e+00  -1.8547600e+00   6.0197700e+00   2.8111700e+00   5.4969300e+00   2.5210800e+00  -1.0755000e+04
   5.9898100e+00  -1.8602300e+00   6.0195600e+00   2.8112500e+00   5.4955800e+00   2.5207500e+00  -1.0754900e+04
   5.9893100e+00  -1.8586400e+00   6.0190000e+00   2.8111700e+00   5.4941000e+00   2.5206500e+00  -1.0758500e+04
   5.9898800e+00  -1.8614500e+00   6.0190700e+00   2.8121200e+00   5.4944000e+00   2.5208400e+00  -1.0756900e+04
   5.9898200e+00  -1.8585800e+00   6.0198400e+00   2.8136300e+00   5.4961100e+00   2.5207000e+00  -1.0758500e+04
   5.9893500e+00  -1.8578000e+00   6.0192500e+00   2.8131900e+00   5.4966000e+00   2.5206000e+00  -1.0758400e+04
   5.9899500e+00  -1.8568200e+00   6.0197300e+00   2.8126600e+00   5.4949900e+00   2.5206200e+00  -1.0757100e+04
   5.9897300e+00  -1.8563100e+00   6.0193800e+00   2.8121800e+00   5.4961600e+00   2.5204100e+00  -1.0756700e+04
   5.9896400e+00  -1.8564000e+00   6.0197500e+00   2.8118100e+00   5.4953900e+00   2.5204800e+00  -1.0757300e+04
   5.9899000e+00  -1.8579200e+00   6.0193900e+00   2.8107200e+00   5.4959400e+00   2.5208300e+00  -1.0756200e+04
   5.9899100e+00  -1.8593900e+00   6.0196900e+00   2.8099300e+00   5.4964900e+00   2.5206100e+00  -1.0754800e+04
   5.9896200e+00  -1.8593600e+00   6.0195600e+00   2.8111400e+00   5.4946500e+00   2.5212200e+00  -1.0757200e+04
   5.9894500e+00  -1.8610400e+00   6.0191500e+00   2.8107200e+00   5.4947600e+00   2.5209400e+00  -1.0754900e+04
   5.9893500e+00  -1.8597200e+00   6.0192500e+00   2.8113000e+00   5.4956900e+00   2.5208800e+00  -1.0755200e+04
   5.9897300e+00  -1.8597600e+00   6.0196500e+00   2.8109000e+00   5.4957500e+00   2.5207200e+00  -1.0754800e+04
   5.9896300e+00  -1.8614100e+00   6.0195100e+00   2.8106500e+00   5.4960500e+00   2.5206300e+00  -1.0754500e+04
   5.9897600e+00  -1.8583000e+00   6.0197200e+00   2.8115800e+00   5.4967700e+00   2.5204000e+00  -1.0755900e+04
   5.9897100e+00  -1.8562900e+00   6.0197200e+00   2.8106100e+00   5.4964000e+00   2.5203400e+00  -1.0754400e+04
   5.9901300e+00  -1.8536300e+00   6.0200700e+00   2.8100900e+00   5.4957400e+00   2.5203200e+00  -1.0756900e+04
   5.9899700e+00  -1.8504400e+00   6.0199000e+00   2.8108100e+00   5.4977600e+00   2.5204800e+00  -1.0758300e+04
   5.9900300e+00  -1.8492900e+00   6.0200600e+00   2.8105100e+00   5.4969500e+00   2.5203200e+00  -1.0756500e+04
   5.9896600e+00  -1.8489600e+00   6.0200000e+00   2.8112300e+00   5.4983200e+00   2.5202300e+00  -1.0758000e+04
   5.9899200e+00  -1.8459400e+00   6.0199800e+00   2.8120200e+00   5.4966600e+00   2.5202700e+00  -1.0759300e+04
   5.9896500e+00  -1.8487200e+00   6.0196300e+00   2.8115300e+00   5.4970800e+00   2.5201900e+00  -1.0759100e+04
   5.9897600e+00  -1.8482700e+00   6.0202600e+00   2.8125400e+00   5.4984200e+00   2.5197400e+00  -1.0759500e+04
   5.9899900e+00  -1.8473400e+00   6.0196500e+00   2.8121800e+00   5.4961000e+00   2.5197900e+00  -1.0761500e+04
   5.9897700e+00  -1.8450500e+00   6.0202900e+00   2.8107000e+00   5.4975000e+00   2.5196800e+00  -1.0758500e+04
   5.9898800e+00  -1.8460700e+00   6.0202100e+00   2.8101300e+00   5.4976400e+00   2.5199200e+00  -1.0757200e+04
   5.9898400e+00  -1.8458200e+00   6.0203800e+00   2.8091600e+00   5.4979600e+00   2.5199400e+00  -1.0756700e+04
   5.9901300e+00  -1.8477300e+00   6.0203500e+00   2.8098400e+00   5.4969400e+00   2.5200500e+00  -1.0757400e+04
   5.9896200e+00  -1.8486700e+00   6.0201000e+00   2.8087800e+00   5.4983200e+00   2.5198300e+00  -1.0755500e+04
   5.9897000e+00  -1.8498100e+00   6.0203900e+00   2.8070000e+00   5.4993000e+00   2.5196400e+00  -1.0754800e+04
   5.9892400e+00  -1.8485700e+00   6.0198200e+00   2.8061200e+00   5.4984200e+00   2.5198500e+00  -1.0756700e+04
   5.9899400e+00  -1.8496400e+00   6.0202700e+00   2.8074700e+00   5.4980700e+00   2.5200500e+00  -1.0754300e+04
   5.9897100e+00  -1.8506800e+00   6.0199700e+00   2.8082400e+00   5.4971800e+00   2.5202100e+00  -1.0754300e+04
   5.9896000e+00  -1.8548800e+00   6.0202800e+00   2.8084500e+00   5.4987900e+00   2.5200500e+00  -1.0756400e+04
   5.9896400e+00  -1.8556400e+00   6.0197000e+00   2.8087500e+00   5.4960600e+00   2.5199900e+00  -1.0753900e+04
   5.9891700e+00  -1.8563800e+00   6.0197800e+00   2.8066500e+00   5.4978200e+00   2.5199100e+00  -1.0753800e+04
   5.9894800e+00  -1.8512600e+00   6.0199000e+00   2.8068200e+00   5.4964100e+00   2.5195200e+00  -1.0756500e+04
   5.9891900e+00  -1.8517600e+00   6.0199200e+00   2.8068400e+00   5.4987100e+00   2.5194900e+00  -1.0755300e+04
   5.9898000e+00  -1.8497100e+00   6.0202300e+00   2.8075100e+00   5.4981800e+00   2.5198700e+00  -1.0754000e+04
   5.9901200e+00  -1.8502200e+00   6.0205500e+00   2.8090300e+00   5.4976700e+00   2.5200200e+00  -1.0756800e+04
   5.9899500e+00  -1.8512500e+00   6.0200200e+00   2.8087000e+00   5.4978500e+00   2.5199300e+00  -1.0755700e+04
   5.9894300e+00  -1.8513600e+00   6.0195700e+00   2.8091200e+00   5.4974800e+00   2.5197800e+00  -1.0756800e+04
   5.9897100e+00  -1.8480000e+00   6.0202600e+00   2.8102200e+00   5.4994300e+00   2.5200300e+00  -1.0759300e+04
   5.9894200e+00  -1.8514700e+00   6.0196700e+00   2.8097300e+00   5.4969600e+00   2.5199900e+00  -1.0756000e+04
   5.9895300e+00  -1.8554300e+00   6.0196500e+00   2.8097800e+00   5.4967300e+00   2.5197800e+00  -1.0754200e+04
   5.9898200e+00  -1.8587100e+00   6.0198600e+00   2.8094000e+00   5.4957900e+00   2.5197200e+00  -1.0755100e+04
   5.9895700e+00  -1.8624800e+00   6.0194600e+00   2.8092800e+00   5.4972600e+00   2.5197300e+00  -1.0756400e+04
   5.9895800e+00  -1.8609200e+00   6.0193500e+00   2.8086900e+00   5.4954400e+00   2.5196300e+00  -1.0753400e+04
   5.9897400e+00  -1.8569000e+00   6.0205200e+00   2.8068000e+00   5.4984000e+00   2.5196900e+00  -1.0757500e+04
   5.9891100e+00  -1.8646300e+00   6.0195600e+00   2.8059900e+00   5.4972200e+00   2.5196500e+00  -1.0754600e+04
   5.9893300e+00  -1.8607600e+00   6.0197800e+00   2.8063100e+00   5.4973800e+00   2.5199700e+00  -1.0753000e+04
   5.9900100e+00  -1.8561100e+00   6.0199900e+00   2.8071900e+00   5.4956700e+00   2.5196000e+00  -1.0755500e+04
   5.9893000e+00  -1.8548500e+00   6.0197500e+00   2.8074900e+00   5.4983400e+00   2.5194600e+00  -1.0754600e+04
   5.9894800e+00  -1.8581000e+00   6.0192300e+00   2.8086300e+00   5.4961300e+00   2.5194400e+00  -1.0754800e+04
   5.9895400e+00  -1.8554200e+00   6.0198600e+00   2.8078600e+00   5.4963700e+00   2.5191200e+00  -1.0754300e+04
   5.9895100e+00  -1.8532400e+00   6.0198000e+00   2.8073100e+00   5.4982400e+00   2.5190700e+00  -1.0754500e+04
   5.9895900e+00  -1.8538600e+00   6.0197700e+00   2.8079400e+00   5.4970500e+00   2.5186500e+00  -1.0753500e+04
   5.9899400e+00  -1.8561100e+00   6.0200300e+00   2.8075300e+00   5.4976500e+00   2.5187700e+00  -1.0754400e+04
   5.9895800e+00  -1.8564200e+00   6.0200300e+00   2.8087000e+00   5.4975300e+00   2.5183300e+00  -1.0754900e+04
   5.9895700e+00  -1.8583800e+00   6.0197100e+00   2.8083300e+00   5.4960400e+00   2.5179800e+00  -1.0754000e+04
   5.9897000e+00  -1.8603900e+00   6.0193400e+00   2.8090700e+00   5.4952100e+00   2.5180700e+00  -1.0754400e+04
   5.9895800e+00  -1.8609400e+00   6.0194200e+00   2.8087500e+00   5.4956000e+00   2.5181900e+00  -1.0753700e+04
   5.9896200e+00  -1.8591200e+00   6.0195700e+00   2.8076700e+00   5.4963500e+00   2.5184500e+00  -1.0752900e+04
   5.9892100e+00  -1.8634500e+00   6.0193900e+00   2.8090600e+00   5.4962200e+00   2.5186500e+00  -1.0755500e+04
   5.9895200e+00  -1.8610300e+00   6.0197200e+00   2.8084600e+00   5.4960700e+00   2.5187300e+00  -1.0754800e+04
   5.9896100e+00  -1.8631400e+00   6.0192200e+00   2.8088300e+00   5.4957600e+00   2.5186800e+00  -1.0754500e+04
   5.9900100e+00  -1.8604300e+00   6.0197200e+00   2.8094200e+00   5.4949100e+00   2.5185200e+00  -1.0756500e+04
   5.9896300e+00  -1.8606200e+00   6.0195500e+00   2.8099400e+00   5.4955100e+00   2.5181900e+00  -1.0754800e+04
   5.9896800e+00  -1.8563600e+00   6.0196600e+00   2.8094300e+00   5.4961300e+00   2.5183200e+00  -1.0754100e+04
   5.9896500e+00  -1.8563100e+00   6.0196600e+00   2.8084500e+00   5.4960300e+00   2.5186300e+00  -1.0753700e+04
   5.9893500e+00  -1.8588300e+00   6.0195900e+00   2.8077000e+00   5.4959100e+00   2.5188200e+00  -1.0754400e+04
   5.9895300e+00  -1.8553700e+00   6.0202200e+00   2.8064900e+00   5.4985600e+00   2.5185600e+00  -1.0754100e+04
   5.9892900e+00  -1.8529100e+00   6.0200200e+00   2.8063200e+00   5.4984300e+00   2.5189300e+00  -1.0753900e+04
   5.9896700e+00  -1.8570200e+00   6.0199700e+00   2.8055300e+00   5.4973800e+00   2.5187700e+00  -1.0751900e+04
   5.9891700e+00  -1.8550500e+00   6.0198000e+00   2.8066700e+00   5.4981400e+00   2.5187800e+00  -1.0754200e+04
   5.9894400e+00  -1.8541900e+00   6.0199200e+00   2.8075000e+00   5.4980300e+00   2.5186300e+00  -1.0753700e+04
   5.9893000e+00  -1.8524000e+00   6.0200600e+00   2.8066700e+00   5.4991000e+00   2.5187400e+00  -1.0754900e+04
   5.9893900e+00  -1.8536300e+00   6.0201200e+00   2.8066800e+00   5.4988400e+00   2.5187500e+00  -1.0754300e+04
   5.9894900e+00  -1.8522900e+00   6.0197200e+00   2.8058800e+00   5.4976500e+00   2.5188100e+00  -1.0754000e+04
   5.9899300e+00  -1.8549800e+00   6.0198700e+00   2.8056900e+00   5.4969900e+00   2.5189400e+00  -1.0753600e+04
   5.9899500e+00  -1.8568300e+00   6.0199300e+00   2.8060900e+00   5.4958800e+00   2.5191800e+00  -1.0754300e+04
   5.9898800e+00  -1.8543800e+00   6.0199700e+00   2.8073800e+00   5.4968600e+00   2.5192400e+00  -1.0753400e+04
   5.9897200e+00  -1.8550500e+00   6.0198100e+00   2.8085100e+00   5.4972700e+00   2.5193700e+00  -1.0753700e+04
   5.9892300e+00  -1.8528900e+00   6.0197000e+00   2.8087100e+00   5.4983400e+00   2.5192600e+00  -1.0756600e+04
   5.9902600e+00  -1.8523200e+00   6.0202400e+00   2.8070100e+00   5.4975400e+00   2.5193900e+00  -1.0756000e+04
   5.9896700e+00  -1.8489400e+00   6.0203700e+00   2.8064400e+00   5.4984900e+00   2.5196900e+00  -1.0753900e+04
   5.9896400e+00  -1.8540100e+00   6.0199600e+00   2.8072900e+00   5.4968500e+00   2.5195700e+00  -1.0753400e+04
   5.9899200e+00  -1.8524300e+00   6.0199400e+00   2.8074200e+00   5.4969000e+00   2.5196400e+00  -1.0754100e+04
   5.9895400e+00  -1.8509600e+00   6.0198200e+00   2.8074100e+00   5.4967400e+00   2.5195100e+00  -1.0755100e+04
   5.9894000e+00  -1.8565500e+00   6.0194900e+00   2.8082000e+00   5.4974800e+00   2.5194800e+00  -1.0754700e+04
   5.9898000e+00  -1.8560500e+00   6.0195500e+00   2.8082400e+00   5.4959600e+00   2.5197500e+00  -1.0754300e+04
   5.9889600e+00  -1.8566500e+00   6.0191900e+00   2.8083100e+00   5.4964100e+00   2.5195100e+00  -1.0757200e+04
   5.9896500e+00  -1.8562200e+00   6.0197900e+00   2.8074600e+00   5.4972400e+00   2.5196700e+00  -1.0752700e+04
   5.9895800e+00  -1.8587300e+00   6.0197400e+00   2.8062200e+00   5.4961100e+00   2.5196000e+00  -1.0752800e+04
   5.9894500e+00  -1.8575800e+00   6.0198700e+00   2.8062900e+00   5.4979700e+00   2.5192600e+00  -1.0752600e+04
   5.9893500e+00  -1.8586700e+00   6.0192300e+00   2.8068200e+00   5.4961700e+00   2.5189500e+00  -1.0754000e+04
   5.9895100e+00  -1.8538800e+00   6.0202500e+00   2.8059700e+00   5.4988800e+00   2.5190100e+00  -1.0753500e+04
   5.9894600e+00  -1.8572700e+00   6.0197900e+00   2.8039900e+00   5.4975100e+00   2.5184700e+00  -1.0751200e+04
   5.9894900e+00  -1.8620700e+00   6.0192400e+00   2.8047900e+00   5.4963800e+00   2.5182700e+00  -1.0753300e+04
   5.9896400e+00  -1.8589600e+00   6.0197200e+00   2.8057700e+00   5.4982900e+00   2.5185600e+00  -1.0754900e+04
   5.9895700e+00  -1.8576000e+00   6.0201500e+00   2.8037000e+00   5.4976200e+00   2.5187800e+00  -1.0752100e+04
   5.9898000e+00  -1.8578900e+00   6.0197100e+00   2.8068300e+00   5.4956200e+00   2.5189400e+00  -1.0753800e+04
   5.9893600e+00  -1.8601900e+00   6.0194300e+00   2.8069200e+00   5.4953000e+00   2.5190300e+00  -1.0754500e+04
   5.9893500e+00  -1.8597900e+00   6.0193800e+00   2.8060800e+00   5.4970700e+00   2.5190500e+00  -1.0752900e+04
   5.9892700e+00  -1.8637700e+00   6.0191100e+00   2.8074100e+00   5.4955200e+00   2.5192800e+00  -1.0753400e+04
   5.9892100e+00  -1.8623900e+00   6.0190900e+00   2.8061000e+00   5.4962700e+00   2.5193500e+00  -1.0753500e+04
   5.9891400e+00  -1.8591700e+00   6.0195400e+00   2.8045300e+00   5.4981000e+00   2.5196300e+00  -1.0752700e+04
   5.9896000e+00  -1.8592500e+00   6.0201100e+00   2.8048900e+00   5.4974900e+00   2.5196700e+00  -1.0752700e+04
   5.9894900e+00  -1.8580300e+00   6.0201600e+00   2.8029300e+00   5.4977000e+00   2.5196600e+00  -1.0752000e+04
   5.9894600e+00  -1.8576300e+00   6.0199400e+00   2.8002400e+00   5.4970600e+00   2.5196400e+00  -1.0752100e+04
   5.9891700e+00  -1.8593200e+00   6.0200000e+00   2.7996200e+00   5.4982000e+00   2.5198800e+00  -1.0750900e+04
   5.9896700e+00  -1.8566300e+00   6.0202700e+00   2.7991800e+00   5.4981200e+00   2.5198400e+00  -1.0750600e+04
   5.9896000e+00  -1.8536900e+00   6.0203800e+00   2.7976800e+00   5.4998400e+00   2.5197100e+00  -1.0750100e+04
   5.9893500e+00  -1.8498600e+00   6.0205300e+00   2.7973600e+00   5.5006600e+00   2.5197500e+00  -1.0751100e+04
   5.9892800e+00  -1.8543900e+00   6.0203800e+00   2.7991200e+00   5.5004600e+00   2.5199800e+00  -1.0750800e+04
   5.9890400e+00  -1.8531100e+00   6.0201800e+00   2.8000600e+00   5.4991400e+00   2.5200400e+00  -1.0752900e+04
   5.9898700e+00  -1.8522900e+00   6.0209700e+00   2.7996700e+00   5.5004000e+00   2.5196100e+00  -1.0752800e+04
   5.9897300e+00  -1.8501100e+00   6.0206800e+00   2.8012400e+00   5.4998000e+00   2.5197200e+00  -1.0751600e+04
   5.9900400e+00  -1.8507500e+00   6.0206800e+00   2.8010700e+00   5.4991700e+00   2.5194900e+00  -1.0752600e+04
   5.9897600e+00  -1.8569600e+00   6.0198400e+00   2.7992800e+00   5.4971900e+00   2.5189300e+00  -1.0753400e+04
   5.9891000e+00  -1.8591800e+00   6.0195500e+00   2.7997500e+00   5.4984500e+00   2.5184200e+00  -1.0751900e+04
   5.9892400e+00  -1.8581400e+00   6.0199200e+00   2.8004600e+00   5.4983800e+00   2.5184300e+00  -1.0750300e+04
   5.9894000e+00  -1.8644600e+00   6.0196900e+00   2.8016100e+00   5.4966700e+00   2.5186800e+00  -1.0751600e+04
   5.9892000e+00  -1.8616900e+00   6.0194700e+00   2.8005300e+00   5.4980100e+00   2.5187900e+00  -1.0751500e+04
   5.9893300e+00  -1.8629300e+00   6.0199000e+00   2.7999700e+00   5.4990100e+00   2.5192000e+00  -1.0751100e+04
   5.9893300e+00  -1.8678800e+00   6.0198400e+00   2.7990900e+00   5.4991400e+00   2.5193700e+00  -1.0754000e+04
   5.9892500e+00  -1.8639600e+00   6.0191400e+00   2.7987000e+00   5.4964300e+00   2.5189200e+00  -1.0754200e+04
   5.9899900e+00  -1.8645400e+00   6.0203100e+00   2.7986400e+00   5.4986000e+00   2.5191400e+00  -1.0755000e+04
   5.9891200e+00  -1.8613800e+00   6.0201200e+00   2.7983600e+00   5.4988800e+00   2.5191300e+00  -1.0751400e+04
   5.9893600e+00  -1.8588300e+00   6.0201800e+00   2.7976900e+00   5.4994200e+00   2.5191000e+00  -1.0749500e+04
   5.9894000e+00  -1.8599100e+00   6.0202500e+00   2.7973600e+00   5.4995800e+00   2.5194300e+00  -1.0749600e+04
   5.9892300e+00  -1.8642700e+00   6.0197200e+00   2.7974900e+00   5.4976000e+00   2.5192100e+00  -1.0750400e+04
   5.9894500e+00  -1.8608700e+00   6.0198000e+00   2.7979700e+00   5.4989000e+00   2.5190800e+00  -1.0751200e+04
   5.9894600e+00  -1.8587000e+00   6.0201800e+00   2.7972400e+00   5.4989300e+00   2.5191200e+00  -1.0749400e+04
   5.9892500e+00  -1.8575300e+00   6.0203400e+00   2.7968800e+00   5.4993200e+00   2.5189900e+00  -1.0750400e+04
   5.9892800e+00  -1.8606500e+00   6.0204300e+00   2.7946900e+00   5.4997600e+00   2.5189200e+00  -1.0750500e+04
   5.9893600e+00  -1.8609500e+00   6.0199800e+00   2.7956200e+00   5.4992500e+00   2.5191400e+00  -1.0749700e+04
   5.9892300e+00  -1.8597500e+00   6.0202900e+00   2.7949700e+00   5.4999300e+00   2.5191900e+00  -1.0749500e+04
   5.9890200e+00  -1.8580100e+00   6.0203800e+00   2.7951400e+00   5.5006800e+00   2.5194700e+00  -1.0750800e+04
   5.9892800e+00  -1.8576900e+00   6.0204600e+00   2.7957200e+00   5.4995700e+00   2.5194700e+00  -1.0750500e+04
   5.9892500e+00  -1.8571100e+00   6.0206400e+00   2.7962100e+00   5.5006200e+00   2.5192900e+00  -1.0751300e+04
   5.9895400e+00  -1.8568000e+00   6.0202700e+00   2.7958800e+00   5.5001500e+00   2.5189600e+00  -1.0750600e+04
   5.9891800e+00  -1.8535900e+00   6.0202000e+00   2.7977900e+00   5.5000500e+00   2.5185700e+00  -1.0750800e+04
   5.9892700e+00  -1.8560400e+00   6.0199300e+00   2.7974200e+00   5.4978800e+00   2.5184600e+00  -1.0752400e+04
   5.9893600e+00  -1.8570600e+00   6.0201000e+00   2.7972200e+00   5.5004800e+00   2.5183800e+00  -1.0752300e+04
   5.9896000e+00  -1.8554400e+00   6.0200600e+00   2.7982400e+00   5.4985100e+00   2.5186300e+00  -1.0751100e+04
   5.9898100e+00  -1.8532900e+00   6.0205700e+00   2.7989100e+00   5.4990100e+00   2.5184400e+00  -1.0751200e+04
   5.9897300e+00  -1.8519700e+00   6.0205700e+00   2.7977100e+00   5.4993200e+00   2.5185500e+00  -1.0751000e+04
   5.9896500e+00  -1.8495900e+00   6.0208000e+00   2.7981600e+00   5.4999300e+00   2.5184500e+00  -1.0751600e+04
   5.9897000e+00  -1.8524500e+00   6.0205200e+00   2.7977400e+00   5.4995300e+00   2.5186100e+00  -1.0750600e+04
   5.9896700e+00  -1.8543900e+00   6.0203400e+00   2.7980900e+00   5.4996200e+00   2.5185200e+00  -1.0750600e+04
   5.9900600e+00  -1.8527700e+00   6.0204900e+00   2.7982600e+00   5.4991700e+00   2.5183700e+00  -1.0753500e+04
   5.9898500e+00  -1.8562300e+00   6.0208300e+00   2.7976500e+00   5.5003300e+00   2.5182800e+00  -1.0752700e+04
   5.9894300e+00  -1.8565200e+00   6.0203500e+00   2.7978600e+00   5.4984800e+00   2.5184600e+00  -1.0751300e+04
   5.9894500e+00  -1.8569600e+00   6.0200000e+00   2.7970100e+00   5.4992700e+00   2.5183400e+00  -1.0750900e+04
   5.9893000e+00  -1.8560600e+00   6.0209800e+00   2.7958700e+00   5.5008000e+00   2.5180900e+00  -1.0755300e+04
   5.9891000e+00  -1.8612300e+00   6.0202200e+00   2.7970000e+00   5.4993900e+00   2.5182900e+00  -1.0751400e+04
   5.9885800e+00  -1.8618900e+00   6.0194100e+00   2.7982900e+00   5.4984900e+00   2.5178600e+00  -1.0754400e+04
   5.9894100e+00  -1.8631900e+00   6.0198600e+00   2.7959200e+00   5.4968400e+00   2.5173800e+00  -1.0753600e+04
   5.9890600e+00  -1.8630600e+00   6.0197100e+00   2.7941800e+00   5.4986100e+00   2.5172500e+00  -1.0751000e+04
   5.9892200e+00  -1.8606000e+00   6.0203800e+00   2.7933400e+00   5.5010600e+00   2.5173500e+00  -1.0751200e+04
   5.9893000e+00  -1.8572400e+00   6.0206100e+00   2.7933300e+00   5.5008200e+00   2.5171400e+00  -1.0750200e+04
   5.9895200e+00  -1.8574200e+00   6.0207400e+00   2.7932500e+00   5.5011800e+00   2.5168300e+00  -1.0751300e+04
   5.9897600e+00  -1.8555600e+00   6.0208600e+00   2.7933300e+00   5.5004700e+00   2.5168100e+00  -1.0751700e+04
   5.9895300e+00  -1.8552600e+00   6.0205800e+00   2.7932200e+00   5.5000400e+00   2.5169900e+00  -1.0750500e+04
   5.9891500e+00  -1.8500700e+00   6.0202300e+00   2.7927900e+00   5.4999300e+00   2.5173100e+00  -1.0755300e+04
   5.9895100e+00  -1.8497300e+00   6.0212300e+00   2.7926000e+00   5.5029200e+00   2.5173100e+00  -1.0752500e+04
   5.9894400e+00  -1.8520200e+00   6.0205100e+00   2.7948900e+00   5.5006800e+00   2.5173300e+00  -1.0750700e+04
   5.9893400e+00  -1.8480000e+00   6.0206400e+00   2.7964000e+00   5.5013100e+00   2.5169700e+00  -1.0752200e+04
   5.9896100e+00  -1.8502600e+00   6.0209900e+00   2.7963800e+00   5.5009700e+00   2.5173700e+00  -1.0751500e+04
   5.9893200e+00  -1.8536600e+00   6.0204900e+00   2.7950300e+00   5.4994200e+00   2.5174900e+00  -1.0751500e+04
   5.9896400e+00  -1.8509800e+00   6.0207800e+00   2.7960900e+00   5.4996400e+00   2.5172700e+00  -1.0752000e+04
   5.9896400e+00  -1.8556500e+00   6.0212200e+00   2.7957400e+00   5.5006500e+00   2.5171500e+00  -1.0757000e+04
   5.9895000e+00  -1.8524700e+00   6.0205800e+00   2.7962200e+00   5.4998100e+00   2.5171000e+00  -1.0750600e+04
   5.9893800e+00  -1.8524700e+00   6.0205700e+00   2.7963600e+00   5.4999400e+00   2.5170300e+00  -1.0750700e+04
   5.9896600e+00  -1.8536000e+00   6.0209600e+00   2.7970400e+00   5.5008500e+00   2.5163200e+00  -1.0752700e+04
   5.9891100e+00  -1.8521900e+00   6.0201400e+00   2.7958500e+00   5.5006700e+00   2.5165200e+00  -1.0753000e+04
   5.9894900e+00  -1.8580800e+00   6.0208100e+00   2.7953900e+00   5.4990700e+00   2.5164800e+00  -1.0756400e+04
   5.9895200e+00  -1.8580300e+00   6.0207200e+00   2.7960500e+00   5.4992300e+00   2.5165800e+00  -1.0753900e+04
   5.9894800e+00  -1.8583500e+00   6.0199900e+00   2.7965500e+00   5.4989800e+00   2.5164400e+00  -1.0751100e+04
   5.9894600e+00  -1.8569300e+00   6.0203200e+00   2.7968900e+00   5.5000100e+00   2.5165000e+00  -1.0750500e+04
   5.9895600e+00  -1.8547400e+00   6.0208500e+00   2.7971100e+00   5.5001800e+00   2.5159100e+00  -1.0752700e+04
   5.9891600e+00  -1.8515600e+00   6.0206300e+00   2.7975400e+00   5.4996100e+00   2.5154900e+00  -1.0754400e+04
   5.9896800e+00  -1.8526400e+00   6.0203900e+00   2.7963900e+00   5.4996100e+00   2.5158600e+00  -1.0751900e+04
   5.9895700e+00  -1.8568600e+00   6.0207700e+00   2.7956000e+00   5.4995700e+00   2.5155000e+00  -1.0753000e+04
   5.9897500e+00  -1.8528700e+00   6.0206900e+00   2.7947700e+00   5.5010500e+00   2.5151400e+00  -1.0752900e+04
   5.9892800e+00  -1.8531200e+00   6.0205200e+00   2.7947900e+00   5.5009800e+00   2.5153400e+00  -1.0750800e+04
   5.9891300e+00  -1.8540000e+00   6.0200600e+00   2.7948700e+00   5.4990800e+00   2.5153100e+00  -1.0752700e+04
   5.9894600e+00  -1.8536700e+00   6.0205200e+00   2.7954900e+00   5.4995600e+00   2.5150800e+00  -1.0751000e+04
   5.9902000e+00  -1.8526500e+00   6.0212000e+00   2.7961300e+00   5.5007300e+00   2.5151700e+00  -1.0756600e+04
   5.9898500e+00  -1.8495300e+00   6.0208600e+00   2.7963900e+00   5.4999600e+00   2.5152400e+00  -1.0752600e+04
   5.9898200e+00  -1.8485000e+00   6.0211600e+00   2.7938700e+00   5.5004600e+00   2.5154300e+00  -1.0753900e+04
   5.9896100e+00  -1.8463900e+00   6.0212700e+00   2.7948200e+00   5.5017100e+00   2.5150300e+00  -1.0753100e+04
   5.9894100e+00  -1.8464800e+00   6.0205900e+00   2.7938300e+00   5.5008600e+00   2.5150300e+00  -1.0754200e+04
   5.9891400e+00  -1.8475400e+00   6.0205900e+00   2.7953700e+00   5.5003900e+00   2.5152500e+00  -1.0753800e+04
   5.9895100e+00  -1.8475400e+00   6.0208700e+00   2.7943100e+00   5.5016700e+00   2.5153500e+00  -1.0752100e+04
   5.9896400e+00  -1.8490400e+00   6.0208600e+00   2.7944600e+00   5.5003900e+00   2.5157900e+00  -1.0752100e+04
   5.9893200e+00  -1.8480600e+00   6.0209000e+00   2.7935000e+00   5.5021800e+00   2.5157900e+00  -1.0752000e+04
   5.9894700e+00  -1.8501600e+00   6.0215200e+00   2.7928400e+00   5.5031200e+00   2.5156700e+00  -1.0755900e+04
   5.9889200e+00  -1.8534600e+00   6.0202500e+00   2.7925300e+00   5.5013000e+00   2.5154800e+00  -1.0752800e+04
   5.9893700e+00  -1.8556600e+00   6.0204700e+00   2.7918200e+00   5.5022400e+00   2.5153900e+00  -1.0755200e+04
   5.9891300e+00  -1.8539800e+00   6.0205700e+00   2.7926400e+00   5.5013400e+00   2.5156100e+00  -1.0750800e+04
   5.9891800e+00  -1.8538600e+00   6.0201600e+00   2.7907800e+00   5.5003800e+00   2.5153500e+00  -1.0754100e+04
   5.9893700e+00  -1.8510500e+00   6.0208100e+00   2.7903000e+00   5.5015600e+00   2.5156000e+00  -1.0751500e+04
   5.9894800e+00  -1.8534400e+00   6.0206600e+00   2.7908200e+00   5.5011900e+00   2.5155000e+00  -1.0751600e+04
   5.9891800e+00  -1.8561200e+00   6.0206100e+00   2.7902800e+00   5.5023400e+00   2.5152000e+00  -1.0752500e+04
   5.9892800e+00  -1.8588500e+00   6.0205000e+00   2.7909600e+00   5.5010600e+00   2.5151700e+00  -1.0751000e+04
   5.9890100e+00  -1.8595900e+00   6.0203500e+00   2.7903300e+00   5.5011600e+00   2.5151300e+00  -1.0751300e+04
   5.9894400e+00  -1.8583000e+00   6.0202800e+00   2.7908700e+00   5.5012000e+00   2.5150500e+00  -1.0754600e+04
   5.9891000e+00  -1.8579400e+00   6.0199700e+00   2.7920000e+00   5.5002400e+00   2.5151100e+00  -1.0752700e+04
   5.9890500e+00  -1.8594600e+00   6.0202800e+00   2.7937800e+00   5.4997800e+00   2.5149800e+00  -1.0751200e+04
   5.9892100e+00  -1.8591000e+00   6.0202800e+00   2.7938200e+00   5.4991900e+00   2.5153200e+00  -1.0751100e+04
   5.9896700e+00  -1.8559100e+00   6.0203600e+00   2.7936400e+00   5.4994900e+00   2.5154600e+00  -1.0752200e+04
   5.9896700e+00  -1.8546500e+00   6.0209100e+00   2.7952200e+00   5.5013500e+00   2.5151000e+00  -1.0752900e+04
   5.9889200e+00  -1.8578600e+00   6.0202900e+00   2.7942700e+00   5.5016500e+00   2.5148300e+00  -1.0753500e+04
   5.9896200e+00  -1.8548300e+00   6.0205700e+00   2.7958400e+00   5.5000000e+00   2.5150100e+00  -1.0750900e+04
   5.9893000e+00  -1.8543700e+00   6.0205400e+00   2.7973000e+00   5.5000900e+00   2.5151100e+00  -1.0751200e+04
   5.9894000e+00  -1.8544200e+00   6.0198900e+00   2.7979600e+00   5.4976700e+00   2.5147300e+00  -1.0753700e+04
   5.9896800e+00  -1.8557000e+00   6.0202300e+00   2.7984100e+00   5.4989700e+00   2.5147700e+00  -1.0751600e+04
   5.9898500e+00  -1.8549400e+00   6.0204900e+00   2.7979400e+00   5.4986600e+00   2.5145400e+00  -1.0752500e+04
   5.9894700e+00  -1.8531300e+00   6.0202700e+00   2.7974500e+00   5.4993500e+00   2.5147000e+00  -1.0751100e+04
   5.9895200e+00  -1.8519900e+00   6.0201800e+00   2.7978300e+00   5.4986100e+00   2.5146900e+00  -1.0752600e+04
   5.9896600e+00  -1.8503900e+00   6.0207900e+00   2.7980800e+00   5.4989500e+00   2.5147200e+00  -1.0754200e+04
   5.9895500e+00  -1.8527400e+00   6.0205900e+00   2.7958800e+00   5.5000400e+00   2.5143200e+00  -1.0750900e+04
   5.9897600e+00  -1.8528300e+00   6.0204400e+00   2.7978300e+00   5.4995400e+00   2.5142200e+00  -1.0752200e+04
   5.9893500e+00  -1.8548800e+00   6.0203300e+00   2.7981800e+00   5.5001200e+00   2.5138300e+00  -1.0751400e+04
   5.9894700e+00  -1.8511200e+00   6.0205000e+00   2.7988500e+00   5.4983500e+00   2.5138300e+00  -1.0754300e+04
   5.9897200e+00  -1.8529900e+00   6.0203900e+00   2.8002800e+00   5.4988700e+00   2.5135400e+00  -1.0752000e+04
   5.9891800e+00  -1.8511200e+00   6.0205900e+00   2.7983700e+00   5.5000400e+00   2.5134700e+00  -1.0753000e+04
   5.9896800e+00  -1.8508800e+00   6.0204400e+00   2.7994500e+00   5.4998800e+00   2.5134000e+00  -1.0752700e+04
   5.9894200e+00  -1.8485000e+00   6.0204200e+00   2.7996800e+00   5.4988700e+00   2.5132900e+00  -1.0753400e+04
   5.9888900e+00  -1.8504300e+00   6.0203200e+00   2.7991700e+00   5.4994600e+00   2.5128800e+00  -1.0755700e+04
   5.9895700e+00  -1.8473800e+00   6.0207500e+00   2.8000900e+00   5.4991500e+00   2.5128800e+00  -1.0754400e+04
   5.9896300e+00  -1.8509100e+00   6.0201500e+00   2.7990100e+00   5.4992800e+00   2.5127900e+00  -1.0754200e+04
   5.9892700e+00  -1.8482600e+00   6.0207200e+00   2.7983600e+00   5.5011400e+00   2.5123800e+00  -1.0753100e+04
   5.9895100e+00  -1.8497900e+00   6.0208900e+00   2.7977700e+00   5.5011100e+00   2.5119900e+00  -1.0753000e+04
   5.9896300e+00  -1.8489000e+00   6.0205800e+00   2.7970500e+00   5.4990600e+00   2.5119100e+00  -1.0753600e+04
   5.9894100e+00  -1.8481900e+00   6.0209800e+00   2.7974200e+00   5.5008000e+00   2.5124100e+00  -1.0753600e+04
   5.9896200e+00  -1.8447800e+00   6.0210600e+00   2.7948900e+00   5.5012400e+00   2.5125000e+00  -1.0753300e+04
   5.9894400e+00  -1.8468900e+00   6.0203700e+00   2.7954900e+00   5.5010400e+00   2.5126200e+00  -1.0756800e+04
   5.9897900e+00  -1.8502900e+00   6.0208000e+00   2.7965500e+00   5.5006600e+00   2.5125100e+00  -1.0753000e+04
   5.9898100e+00  -1.8502800e+00   6.0210800e+00   2.7972100e+00   5.5016000e+00   2.5127200e+00  -1.0755000e+04
   5.9893400e+00  -1.8527600e+00   6.0202600e+00   2.7991500e+00   5.4993600e+00   2.5126700e+00  -1.0751500e+04
   5.9896300e+00  -1.8563000e+00   6.0200500e+00   2.7999100e+00   5.4990000e+00   2.5125400e+00  -1.0753400e+04
   5.9897100e+00  -1.8541600e+00   6.0201700e+00   2.7990100e+00   5.4986900e+00   2.5124800e+00  -1.0752800e+04
   5.9895500e+00  -1.8550700e+00   6.0201100e+00   2.7975000e+00   5.4988000e+00   2.5127000e+00  -1.0752200e+04
   5.9893700e+00  -1.8541300e+00   6.0203700e+00   2.7973600e+00   5.4999400e+00   2.5124800e+00  -1.0751200e+04
   5.9892700e+00  -1.8549400e+00   6.0202200e+00   2.7958000e+00   5.5004300e+00   2.5124600e+00  -1.0752200e+04
   5.9896700e+00  -1.8540400e+00   6.0209500e+00   2.7943000e+00   5.5003800e+00   2.5127500e+00  -1.0753100e+04
   5.9896500e+00  -1.8522700e+00   6.0208600e+00   2.7950100e+00   5.5003400e+00   2.5130200e+00  -1.0752000e+04
   5.9889800e+00  -1.8547600e+00   6.0204600e+00   2.7937800e+00   5.5003300e+00   2.5130900e+00  -1.0752200e+04
   5.9893500e+00  -1.8576100e+00   6.0203200e+00   2.7936800e+00   5.5010000e+00   2.5130900e+00  -1.0753000e+04
   5.9893300e+00  -1.8591000e+00   6.0201500e+00   2.7936400e+00   5.4994500e+00   2.5128400e+00  -1.0751300e+04
   5.9895000e+00  -1.8601900e+00   6.0203600e+00   2.7929800e+00   5.4992100e+00   2.5129700e+00  -1.0752200e+04
   5.9891300e+00  -1.8566000e+00   6.0204700e+00   2.7906900e+00   5.5006300e+00   2.5130500e+00  -1.0751300e+04
   5.9892900e+00  -1.8521100e+00   6.0210400e+00   2.7900000e+00   5.5019900e+00   2.5128200e+00  -1.0752200e+04
   5.9891200e+00  -1.8520600e+00   6.0209000e+00   2.7901400e+00   5.5021600e+00   2.5123000e+00  -1.0752100e+04
   5.9894000e+00  -1.8527900e+00   6.0208400e+00   2.7908800e+00   5.4997400e+00   2.5120600e+00  -1.0755500e+04
   5.9892400e+00  -1.8534700e+00   6.0207800e+00   2.7903700e+00   5.5020100e+00   2.5120600e+00  -1.0751900e+04
   5.9893400e+00  -1.8515300e+00   6.0207600e+00   2.7902500e+00   5.5021600e+00   2.5119400e+00  -1.0752900e+04
   5.9892800e+00  -1.8531200e+00   6.0207400e+00   2.7915400e+00   5.5011400e+00   2.5124400e+00  -1.0751400e+04
   5.9891300e+00  -1.8573700e+00   6.0202500e+00   2.7918300e+00   5.4987600e+00   2.5122700e+00  -1.0754300e+04
   5.9894600e+00  -1.8548100e+00   6.0208500e+00   2.7918300e+00   5.5008300e+00   2.5123700e+00  -1.0752000e+04
   5.9891200e+00  -1.8543000e+00   6.0206800e+00   2.7926500e+00   5.5001300e+00   2.5125100e+00  -1.0753500e+04
   5.9890300e+00  -1.8550500e+00   6.0205600e+00   2.7919100e+00   5.5009800e+00   2.5123800e+00  -1.0751700e+04
   5.9892500e+00  -1.8543000e+00   6.0205900e+00   2.7912600e+00   5.4997600e+00   2.5123900e+00  -1.0753300e+04
   5.9895600e+00  -1.8528800e+00   6.0209200e+00   2.7908000e+00   5.5013400e+00   2.5124700e+00  -1.0752200e+04
   5.9892800e+00  -1.8551800e+00   6.0209700e+00   2.7906200e+00   5.5016600e+00   2.5125900e+00  -1.0752600e+04
   5.9889700e+00  -1.8570200e+00   6.0203600e+00   2.7916000e+00   5.5013900e+00   2.5127100e+00  -1.0752000e+04
   5.9895100e+00  -1.8565300e+00   6.0210400e+00   2.7906700e+00   5.5011200e+00   2.5125700e+00  -1.0753900e+04
   5.9892200e+00  -1.8567700e+00   6.0205300e+00   2.7903200e+00   5.5007700e+00   2.5123500e+00  -1.0751500e+04
   5.9890100e+00  -1.8583600e+00   6.0201100e+00   2.7915900e+00   5.4997200e+00   2.5124100e+00  -1.0752000e+04
   5.9889900e+00  -1.8544700e+00   6.0206000e+00   2.7933200e+00   5.5009800e+00   2.5122700e+00  -1.0752400e+04
   5.9895600e+00  -1.8568200e+00   6.0208400e+00   2.7952200e+00   5.4991100e+00   2.5121800e+00  -1.0756400e+04
   5.9899900e+00  -1.8594600e+00   6.0205400e+00   2.7945600e+00   5.4995300e+00   2.5120400e+00  -1.0756500e+04
   5.9893500e+00  -1.8594400e+00   6.0202500e+00   2.7969000e+00   5.4978200e+00   2.5122000e+00  -1.0754300e+04
   5.9892000e+00  -1.8544000e+00   6.0203500e+00   2.7957700e+00   5.4992700e+00   2.5119000e+00  -1.0751900e+04
   5.9897900e+00  -1.8553300e+00   6.0202600e+00   2.7966700e+00   5.4994500e+00   2.5122600e+00  -1.0754400e+04
   5.9897000e+00  -1.8529600e+00   6.0206000e+00   2.7956400e+00   5.4996300e+00   2.5123500e+00  -1.0752100e+04
   5.9898200e+00  -1.8562700e+00   6.0203200e+00   2.7953700e+00   5.4987500e+00   2.5126400e+00  -1.0753800e+04
   5.9894000e+00  -1.8534600e+00   6.0201700e+00   2.7947900e+00   5.4992800e+00   2.5125200e+00  -1.0752700e+04
   5.9894400e+00  -1.8528400e+00   6.0205600e+00   2.7957000e+00   5.5000600e+00   2.5121900e+00  -1.0751200e+04
   5.9889800e+00  -1.8552300e+00   6.0197600e+00   2.7982100e+00   5.4989300e+00   2.5122300e+00  -1.0753200e+04
   5.9890800e+00  -1.8565800e+00   6.0203600e+00   2.7983000e+00   5.4994800e+00   2.5121800e+00  -1.0753300e+04
   5.9895600e+00  -1.8527100e+00   6.0203400e+00   2.7978900e+00   5.4995600e+00   2.5124100e+00  -1.0751800e+04
   5.9897200e+00  -1.8515600e+00   6.0203700e+00   2.7988000e+00   5.4986400e+00   2.5126400e+00  -1.0752800e+04
   5.9894900e+00  -1.8535700e+00   6.0204700e+00   2.7984600e+00   5.5001000e+00   2.5126100e+00  -1.0751800e+04
   5.9893100e+00  -1.8499600e+00   6.0204300e+00   2.7986400e+00   5.4995100e+00   2.5130100e+00  -1.0752200e+04
   5.9890700e+00  -1.8541500e+00   6.0202200e+00   2.7976600e+00   5.4997000e+00   2.5129800e+00  -1.0751700e+04
   5.9889600e+00  -1.8548300e+00   6.0201200e+00   2.7991700e+00   5.4990000e+00   2.5132400e+00  -1.0753200e+04
   5.9892100e+00  -1.8578700e+00   6.0195700e+00   2.7969800e+00   5.4974900e+00   2.5132300e+00  -1.0754400e+04
   5.9892600e+00  -1.8582700e+00   6.0204900e+00   2.7966300e+00   5.4992200e+00   2.5127000e+00  -1.0753600e+04
   5.9892900e+00  -1.8595000e+00   6.0204500e+00   2.7950200e+00   5.4995100e+00   2.5124900e+00  -1.0752500e+04
   5.9889200e+00  -1.8583000e+00   6.0200500e+00   2.7935500e+00   5.4992100e+00   2.5125600e+00  -1.0752400e+04
   5.9894600e+00  -1.8541400e+00   6.0208300e+00   2.7935400e+00   5.5009800e+00   2.5127700e+00  -1.0751700e+04
   5.9889400e+00  -1.8545900e+00   6.0196800e+00   2.7944000e+00   5.4985600e+00   2.5128600e+00  -1.0756700e+04
   5.9894300e+00  -1.8522300e+00   6.0206200e+00   2.7949700e+00   5.5018200e+00   2.5126400e+00  -1.0753800e+04
   5.9893000e+00  -1.8551900e+00   6.0199000e+00   2.7943700e+00   5.4985300e+00   2.5127000e+00  -1.0754400e+04
   5.9894400e+00  -1.8526700e+00   6.0208900e+00   2.7932600e+00   5.5006600e+00   2.5127000e+00  -1.0752100e+04
   5.9892600e+00  -1.8507200e+00   6.0206700e+00   2.7937400e+00   5.5003300e+00   2.5126500e+00  -1.0752200e+04
   5.9895800e+00  -1.8505000e+00   6.0206100e+00   2.7943900e+00   5.5019000e+00   2.5128700e+00  -1.0755800e+04
   5.9898600e+00  -1.8540600e+00   6.0208900e+00   2.7938800e+00   5.4994500e+00   2.5130900e+00  -1.0754600e+04
   5.9889900e+00  -1.8534600e+00   6.0207500e+00   2.7927100e+00   5.5014900e+00   2.5128800e+00  -1.0752700e+04
   5.9892200e+00  -1.8550300e+00   6.0206700e+00   2.7926800e+00   5.5001200e+00   2.5127600e+00  -1.0752500e+04
   5.9893700e+00  -1.8536100e+00   6.0205000e+00   2.7924600e+00   5.5004700e+00   2.5126500e+00  -1.0751500e+04
   5.9894100e+00  -1.8551000e+00   6.0209200e+00   2.7902700e+00   5.5012700e+00   2.5125400e+00  -1.0752200e+04
   5.9898200e+00  -1.8596500e+00   6.0208300e+00   2.7897500e+00   5.5009300e+00   2.5122300e+00  -1.0756300e+04
   5.9894200e+00  -1.8619500e+00   6.0202300e+00   2.7902500e+00   5.4987600e+00   2.5123100e+00  -1.0754200e+04
   5.9889200e+00  -1.8641900e+00   6.0200700e+00   2.7896700e+00   5.4999900e+00   2.5122200e+00  -1.0752900e+04
   5.9889000e+00  -1.8619500e+00   6.0203900e+00   2.7897900e+00   5.5010100e+00   2.5121100e+00  -1.0753200e+04
   5.9887700e+00  -1.8558400e+00   6.0207000e+00   2.7899000e+00   5.5017000e+00   2.5122800e+00  -1.0754200e+04
   5.9887900e+00  -1.8550100e+00   6.0201300e+00   2.7890100e+00   5.5000600e+00   2.5121700e+00  -1.0755700e+04
   5.9892200e+00  -1.8532100e+00   6.0211900e+00   2.7882700e+00   5.5027800e+00   2.5122600e+00  -1.0753400e+04
   5.9896500e+00  -1.8521000e+00   6.0212700e+00   2.7881300e+00   5.5029300e+00   2.5122100e+00  -1.0754700e+04
   5.9890100e+00  -1.8528400e+00   6.0207600e+00   2.7863400e+00   5.5023300e+00   2.5122700e+00  -1.0753300e+04
   5.9888400e+00  -1.8550900e+00   6.0207300e+00   2.7861900e+00   5.5027600e+00   2.5117400e+00  -1.0753600e+04
   5.9885000e+00  -1.8559200e+00   6.0201600e+00   2.7861400e+00   5.5012400e+00   2.5119800e+00  -1.0757400e+04
   5.9893000e+00  -1.8533900e+00   6.0211400e+00   2.7872500e+00   5.5021100e+00   2.5117700e+00  -1.0753400e+04
   5.9890200e+00  -1.8530800e+00   6.0208600e+00   2.7869900e+00   5.5032400e+00   2.5118500e+00  -1.0753700e+04
   5.9889600e+00  -1.8510000e+00   6.0213800e+00   2.7865500e+00   5.5046500e+00   2.5119800e+00  -1.0756400e+04
   5.9892900e+00  -1.8501600e+00   6.0212100e+00   2.7860800e+00   5.5036200e+00   2.5117400e+00  -1.0754000e+04
   5.9889300e+00  -1.8545400e+00   6.0208600e+00   2.7868200e+00   5.5031700e+00   2.5121900e+00  -1.0753600e+04
   5.9891100e+00  -1.8558100e+00   6.0205200e+00   2.7873800e+00   5.5012100e+00   2.5121800e+00  -1.0752800e+04
   5.9889200e+00  -1.8542700e+00   6.0209900e+00   2.7869100e+00   5.5032800e+00   2.5124500e+00  -1.0753800e+04
   5.9890600e+00  -1.8485400e+00   6.0211200e+00   2.7874400e+00   5.5032700e+00   2.5124200e+00  -1.0753600e+04
   5.9891200e+00  -1.8500800e+00   6.0210600e+00   2.7874100e+00   5.5017600e+00   2.5123800e+00  -1.0754700e+04
   5.9894800e+00  -1.8516000e+00   6.0208700e+00   2.7884200e+00   5.5022500e+00   2.5125700e+00  -1.0753700e+04
   5.9894600e+00  -1.8498400e+00   6.0215800e+00   2.7871700e+00   5.5026900e+00   2.5123900e+00  -1.0755900e+04
   5.9891000e+00  -1.8492700e+00   6.0213000e+00   2.7882000e+00   5.5039900e+00   2.5124900e+00  -1.0754400e+04
   5.9890800e+00  -1.8492800e+00   6.0208900e+00   2.7890700e+00   5.5009900e+00   2.5125100e+00  -1.0755700e+04
   5.9894000e+00  -1.8518600e+00   6.0211400e+00   2.7889700e+00   5.5024000e+00   2.5126300e+00  -1.0752500e+04
   5.9889100e+00  -1.8510100e+00   6.0204800e+00   2.7925900e+00   5.5013100e+00   2.5129000e+00  -1.0752900e+04
   5.9892000e+00  -1.8546700e+00   6.0206100e+00   2.7948000e+00   5.5010300e+00   2.5129200e+00  -1.0751600e+04
   5.9892600e+00  -1.8560300e+00   6.0200100e+00   2.7950400e+00   5.4992400e+00   2.5130100e+00  -1.0752000e+04
   5.9895400e+00  -1.8516200e+00   6.0207100e+00   2.7965400e+00   5.4998600e+00   2.5131200e+00  -1.0751800e+04
   5.9892700e+00  -1.8513600e+00   6.0206700e+00   2.7951800e+00   5.5010800e+00   2.5129200e+00  -1.0751500e+04
   5.9892800e+00  -1.8554700e+00   6.0205500e+00   2.7959300e+00   5.4996500e+00   2.5128000e+00  -1.0752100e+04
   5.9891400e+00  -1.8574300e+00   6.0199400e+00   2.7967800e+00   5.4996100e+00   2.5125800e+00  -1.0752000e+04
   5.9890000e+00  -1.8561800e+00   6.0198600e+00   2.7974800e+00   5.4993900e+00   2.5124900e+00  -1.0752400e+04
   5.9893100e+00  -1.8589400e+00   6.0199900e+00   2.7972200e+00   5.4989700e+00   2.5127600e+00  -1.0751200e+04
   5.9892400e+00  -1.8589000e+00   6.0201600e+00   2.7981300e+00   5.4992600e+00   2.5129200e+00  -1.0751500e+04
   5.9895000e+00  -1.8593200e+00   6.0201800e+00   2.7989000e+00   5.4989100e+00   2.5127000e+00  -1.0752000e+04
   5.9894300e+00  -1.8616000e+00   6.0201800e+00   2.7971800e+00   5.4990600e+00   2.5129000e+00  -1.0752200e+04
   5.9885900e+00  -1.8631100e+00   6.0195200e+00   2.7963000e+00   5.4988000e+00   2.5129300e+00  -1.0754300e+04
   5.9891000e+00  -1.8640300e+00   6.0196200e+00   2.7967400e+00   5.4984300e+00   2.5125700e+00  -1.0752400e+04
   5.9892600e+00  -1.8629700e+00   6.0196600e+00   2.7955600e+00   5.4977100e+00   2.5124200e+00  -1.0752700e+04
   5.9892300e+00  -1.8640500e+00   6.0196100e+00   2.7960700e+00   5.4976100e+00   2.5128600e+00  -1.0752500e+04
   5.9888200e+00  -1.8655600e+00   6.0196000e+00   2.7964200e+00   5.4973800e+00   2.5127400e+00  -1.0754700e+04
   5.9892100e+00  -1.8675600e+00   6.0194300e+00   2.7949100e+00   5.4978700e+00   2.5129700e+00  -1.0754300e+04
   5.9892500e+00  -1.8663800e+00   6.0194800e+00   2.7955500e+00   5.4979900e+00   2.5126100e+00  -1.0754100e+04
   5.9892000e+00  -1.8613900e+00   6.0199300e+00   2.7943100e+00   5.4981300e+00   2.5125300e+00  -1.0752400e+04
   5.9893600e+00  -1.8583800e+00   6.0201800e+00   2.7938700e+00   5.4993800e+00   2.5126500e+00  -1.0751300e+04
   5.9890900e+00  -1.8563400e+00   6.0206100e+00   2.7959000e+00   5.5012600e+00   2.5126700e+00  -1.0753800e+04
   5.9895300e+00  -1.8552500e+00   6.0206100e+00   2.7965200e+00   5.5002200e+00   2.5127100e+00  -1.0751800e+04
   5.9890000e+00  -1.8568100e+00   6.0206300e+00   2.7952500e+00   5.5018900e+00   2.5126200e+00  -1.0755400e+04
   5.9891700e+00  -1.8554400e+00   6.0208100e+00   2.7945300e+00   5.5015400e+00   2.5126300e+00  -1.0753600e+04
   5.9894100e+00  -1.8565000e+00   6.0198100e+00   2.7939900e+00   5.4985100e+00   2.5123500e+00  -1.0755800e+04
   5.9886100e+00  -1.8547300e+00   6.0199500e+00   2.7956400e+00   5.5009100e+00   2.5122600e+00  -1.0755700e+04
   5.9894900e+00  -1.8565700e+00   6.0202700e+00   2.7955700e+00   5.4995000e+00   2.5124100e+00  -1.0751500e+04
   5.9885900e+00  -1.8554700e+00   6.0198700e+00   2.7951200e+00   5.4999200e+00   2.5122700e+00  -1.0755100e+04
   5.9895900e+00  -1.8532800e+00   6.0209600e+00   2.7938200e+00   5.5007600e+00   2.5124300e+00  -1.0752600e+04
   5.9894900e+00  -1.8534800e+00   6.0209700e+00   2.7936400e+00   5.5006800e+00   2.5121300e+00  -1.0753000e+04
   5.9894500e+00  -1.8562200e+00   6.0206100e+00   2.7933300e+00   5.5013100e+00   2.5121900e+00  -1.0752800e+04
   5.9891800e+00  -1.8567200e+00   6.0198400e+00   2.7949700e+00   5.4988800e+00   2.5123900e+00  -1.0753000e+04
   5.9894800e+00  -1.8556500e+00   6.0206600e+00   2.7962800e+00   5.5001900e+00   2.5126500e+00  -1.0752000e+04
   5.9892500e+00  -1.8520500e+00   6.0207900e+00   2.7962900e+00   5.5001300e+00   2.5126200e+00  -1.0753800e+04
   5.9891200e+00  -1.8496000e+00   6.0208000e+00   2.7938600e+00   5.5023700e+00   2.5125100e+00  -1.0753100e+04
   5.9890200e+00  -1.8524600e+00   6.0207100e+00   2.7924400e+00   5.5017400e+00   2.5123900e+00  -1.0752200e+04
   5.9888300e+00  -1.8529600e+00   6.0199300e+00   2.7938800e+00   5.5000100e+00   2.5122800e+00  -1.0755000e+04
   5.9889900e+00  -1.8577900e+00   6.0202000e+00   2.7950200e+00   5.4998400e+00   2.5123300e+00  -1.0751600e+04
   5.9890200e+00  -1.8564500e+00   6.0201700e+00   2.7949500e+00   5.5006800e+00   2.5126600e+00  -1.0752100e+04
   5.9893900e+00  -1.8532000e+00   6.0210400e+00   2.7940300e+00   5.5016700e+00   2.5128900e+00  -1.0753300e+04
   5.9891500e+00  -1.8485700e+00   6.0207000e+00   2.7932500e+00   5.5023000e+00   2.5130200e+00  -1.0753400e+04
   5.9895000e+00  -1.8488900e+00   6.0209900e+00   2.7926700e+00   5.5010400e+00   2.5130300e+00  -1.0752300e+04
   5.9895500e+00  -1.8490200e+00   6.0207300e+00   2.7921700e+00   5.5014200e+00   2.5130000e+00  -1.0753400e+04
   5.9886600e+00  -1.8494600e+00   6.0205600e+00   2.7920800e+00   5.5022800e+00   2.5125900e+00  -1.0755600e+04
   5.9896600e+00  -1.8507400e+00   6.0209400e+00   2.7922100e+00   5.5008100e+00   2.5127800e+00  -1.0752500e+04
   5.9893200e+00  -1.8492500e+00   6.0207500e+00   2.7924900e+00   5.5007800e+00   2.5126600e+00  -1.0752400e+04
   5.9891400e+00  -1.8518700e+00   6.0206400e+00   2.7900800e+00   5.5030300e+00   2.5129000e+00  -1.0755200e+04
   5.9895500e+00  -1.8510500e+00   6.0207400e+00   2.7903500e+00   5.5006300e+00   2.5127300e+00  -1.0753500e+04
   5.9892000e+00  -1.8494900e+00   6.0206900e+00   2.7908000e+00   5.5011500e+00   2.5128300e+00  -1.0752800e+04
   5.9891900e+00  -1.8523400e+00   6.0209700e+00   2.7910100e+00   5.5018500e+00   2.5123500e+00  -1.0752400e+04
   5.9895900e+00  -1.8516900e+00   6.0210600e+00   2.7902700e+00   5.5013100e+00   2.5128400e+00  -1.0752700e+04
   5.9893400e+00  -1.8518100e+00   6.0209100e+00   2.7912300e+00   5.5011200e+00   2.5132400e+00  -1.0752000e+04
   5.9893200e+00  -1.8552000e+00   6.0203500e+00   2.7936000e+00   5.4995600e+00   2.5133500e+00  -1.0751300e+04
   5.9894700e+00  -1.8504600e+00   6.0204500e+00   2.7939100e+00   5.5006800e+00   2.5132300e+00  -1.0753100e+04
   5.9895400e+00  -1.8542600e+00   6.0207700e+00   2.7946500e+00   5.5012900e+00   2.5130700e+00  -1.0752400e+04
   5.9887700e+00  -1.8559900e+00   6.0198800e+00   2.7960600e+00   5.5000500e+00   2.5134700e+00  -1.0753500e+04
   5.9888600e+00  -1.8577600e+00   6.0198600e+00   2.7964700e+00   5.4988600e+00   2.5135000e+00  -1.0752500e+04
   5.9892600e+00  -1.8564600e+00   6.0203000e+00   2.7971800e+00   5.4996700e+00   2.5136300e+00  -1.0750900e+04
   5.9892400e+00  -1.8541400e+00   6.0201500e+00   2.7969300e+00   5.4994400e+00   2.5137700e+00  -1.0751200e+04
   5.9894200e+00  -1.8516400e+00   6.0211600e+00   2.7959200e+00   5.5022100e+00   2.5140000e+00  -1.0755100e+04
   5.9895500e+00  -1.8535800e+00   6.0206100e+00   2.7968400e+00   5.5000700e+00   2.5138900e+00  -1.0751100e+04
   5.9893900e+00  -1.8545600e+00   6.0203300e+00   2.7972800e+00   5.4995300e+00   2.5138000e+00  -1.0750700e+04
   5.9891800e+00  -1.8541000e+00   6.0207300e+00   2.7956500e+00   5.5006400e+00   2.5141000e+00  -1.0752700e+04
   5.9893200e+00  -1.8532400e+00   6.0203700e+00   2.7947200e+00   5.4993200e+00   2.5143900e+00  -1.0751800e+04
   5.9890500e+00  -1.8547800e+00   6.0205100e+00   2.7957700e+00   5.5018700e+00   2.5146500e+00  -1.0753600e+04
   5.9898100e+00  -1.8569000e+00   6.0205200e+00   2.7957100e+00   5.4991100e+00   2.5140800e+00  -1.0752600e+04
   5.9892600e+00  -1.8559700e+00   6.0200600e+00   2.7954300e+00   5.4991500e+00   2.5142200e+00  -1.0751300e+04
   5.9892500e+00  -1.8514500e+00   6.0203100e+00   2.7957200e+00   5.5001200e+00   2.5136900e+00  -1.0751800e+04
   5.9896600e+00  -1.8483700e+00   6.0207100e+00   2.7961700e+00   5.5006700e+00   2.5133100e+00  -1.0752700e+04
   5.9894100e+00  -1.8454600e+00   6.0207200e+00   2.7956900e+00   5.5010900e+00   2.5133300e+00  -1.0753400e+04
   5.9897100e+00  -1.8453100e+00   6.0210700e+00   2.7952800e+00   5.5005400e+00   2.5136500e+00  -1.0754000e+04
   5.9896100e+00  -1.8491800e+00   6.0206000e+00   2.7944700e+00   5.5001300e+00   2.5135000e+00  -1.0752900e+04
   5.9894300e+00  -1.8496500e+00   6.0200900e+00   2.7968200e+00   5.4993400e+00   2.5140400e+00  -1.0755200e+04
