   5.9889600e+00  -1.8412300e+00   6.0210700e+00   2.7921700e+00   5.5012000e+00   2.4893200e+00  -1.7931800e+04
   5.9890900e+00  -1.8475200e+00   6.0211700e+00   2.7878800e+00   5.5020000e+00   2.4891100e+00  -1.7931700e+04
   5.9891000e+00  -1.8482100e+00   6.0208600e+00   2.7907000e+00   5.5020400e+00   2.4886400e+00  -1.7931700e+04
   5.9887700e+00  -1.8429200e+00   6.0208600e+00   2.7904800e+00   5.5015500e+00   2.4888300e+00  -1.7930800e+04
   5.9886400e+00  -1.8516900e+00   6.0203600e+00   2.7925000e+00   5.5012700e+00   2.4886300e+00  -1.7932000e+04
   5.9890200e+00  -1.8483200e+00   6.0205600e+00   2.7932000e+00   5.5007900e+00   2.4885700e+00  -1.7929300e+04
   5.9887200e+00  -1.8504900e+00   6.0198900e+00   2.7928700e+00   5.4979900e+00   2.4888500e+00  -1.7937400e+04
   5.9890800e+00  -1.8477900e+00   6.0205500e+00   2.7935200e+00   5.4998500e+00   2.4891600e+00  -1.7929100e+04
   5.9890600e+00  -1.8442100e+00   6.0212100e+00   2.7910600e+00   5.5017000e+00   2.4889200e+00  -1.7931400e+04
   5.9888200e+00  -1.8435600e+00   6.0204600e+00   2.7938100e+00   5.5007000e+00   2.4887000e+00  -1.7930600e+04
   5.9891200e+00  -1.8464100e+00   6.0204700e+00   2.7970400e+00   5.4996800e+00   2.4892000e+00  -1.7928700e+04
   5.9888200e+00  -1.8484200e+00   6.0203800e+00   2.7933700e+00   5.5002400e+00   2.4895000e+00  -1.7928800e+04
   5.9891700e+00  -1.8484500e+00   6.0206700e+00   2.7938400e+00   5.5001600e+00   2.4898100e+00  -1.7928800e+04
   5.9886900e+00  -1.8526900e+00   6.0197400e+00   2.7943900e+00   5.4987300e+00   2.4899700e+00  -1.7932400e+04
   5.9893200e+00  -1.8414500e+00   6.0211100e+00   2.7954400e+00   5.5018200e+00   2.4898700e+00  -1.7930800e+04
   5.9891200e+00  -1.8450700e+00   6.0206000e+00   2.7941800e+00   5.5008700e+00   2.4899600e+00  -1.7929000e+04
   5.9892000e+00  -1.8507000e+00   6.0205500e+00   2.7937500e+00   5.4997200e+00   2.4904100e+00  -1.7929100e+04
   5.9889000e+00  -1.8545700e+00   6.0199600e+00   2.7944300e+00   5.4987100e+00   2.4906300e+00  -1.7929800e+04
   5.9891200e+00  -1.8383000e+00   6.0210200e+00   2.7964600e+00   5.5008600e+00   2.4909100e+00  -1.7931400e+04
   5.9894700e+00  -1.8504600e+00   6.0202200e+00   2.7964600e+00   5.4986400e+00   2.4905400e+00  -1.7932200e+04
   5.9892000e+00  -1.8396300e+00   6.0212700e+00   2.7947200e+00   5.5016400e+00   2.4903300e+00  -1.7931100e+04
   5.9890100e+00  -1.8433300e+00   6.0207300e+00   2.7944100e+00   5.5010500e+00   2.4902500e+00  -1.7928500e+04
   5.9891800e+00  -1.8484800e+00   6.0207500e+00   2.7941300e+00   5.5005300e+00   2.4905400e+00  -1.7928800e+04
   5.9893200e+00  -1.8503500e+00   6.0203900e+00   2.7948900e+00   5.4992100e+00   2.4905300e+00  -1.7929700e+04
   5.9889300e+00  -1.8466800e+00   6.0203100e+00   2.7951900e+00   5.4997900e+00   2.4905400e+00  -1.7928700e+04
   5.9889400e+00  -1.8520200e+00   6.0204100e+00   2.7906500e+00   5.4999200e+00   2.4904300e+00  -1.7929600e+04
   5.9888400e+00  -1.8476300e+00   6.0207400e+00   2.7927700e+00   5.5000600e+00   2.4908500e+00  -1.7932400e+04
   5.9888600e+00  -1.8471200e+00   6.0207900e+00   2.7914600e+00   5.5010400e+00   2.4907300e+00  -1.7929100e+04
   5.9891300e+00  -1.8472000e+00   6.0209400e+00   2.7908500e+00   5.5012100e+00   2.4911600e+00  -1.7928700e+04
   5.9887900e+00  -1.8430500e+00   6.0208300e+00   2.7903400e+00   5.5022300e+00   2.4914400e+00  -1.7929600e+04
   5.9888400e+00  -1.8488600e+00   6.0203200e+00   2.7920000e+00   5.5008100e+00   2.4919700e+00  -1.7928900e+04
   5.9890900e+00  -1.8475300e+00   6.0211000e+00   2.7905600e+00   5.5016900e+00   2.4916100e+00  -1.7929800e+04
   5.9889200e+00  -1.8428300e+00   6.0210800e+00   2.7916200e+00   5.5023000e+00   2.4915900e+00  -1.7929100e+04
   5.9889500e+00  -1.8517500e+00   6.0206300e+00   2.7911200e+00   5.5001400e+00   2.4919800e+00  -1.7929700e+04
   5.9888900e+00  -1.8474000e+00   6.0210000e+00   2.7892700e+00   5.5023500e+00   2.4915100e+00  -1.7929300e+04
   5.9889600e+00  -1.8482500e+00   6.0207000e+00   2.7889700e+00   5.5012200e+00   2.4912900e+00  -1.7928800e+04
   5.9891900e+00  -1.8442100e+00   6.0210700e+00   2.7914300e+00   5.5016100e+00   2.4910900e+00  -1.7928600e+04
   5.9889900e+00  -1.8431800e+00   6.0207600e+00   2.7922400e+00   5.5008600e+00   2.4915500e+00  -1.7929100e+04
   5.9888600e+00  -1.8551000e+00   6.0201700e+00   2.7937500e+00   5.4997300e+00   2.4914200e+00  -1.7929200e+04
   5.9889300e+00  -1.8482700e+00   6.0204900e+00   2.7940200e+00   5.5006600e+00   2.4918400e+00  -1.7927500e+04
   5.9894700e+00  -1.8472100e+00   6.0205300e+00   2.7942100e+00   5.4992300e+00   2.4919500e+00  -1.7931000e+04
   5.9886300e+00  -1.8477200e+00   6.0206000e+00   2.7940400e+00   5.5012600e+00   2.4922100e+00  -1.7930400e+04
   5.9891500e+00  -1.8485500e+00   6.0207800e+00   2.7935000e+00   5.5011600e+00   2.4924900e+00  -1.7928000e+04
   5.9889500e+00  -1.8439300e+00   6.0205200e+00   2.7949600e+00   5.5003100e+00   2.4927300e+00  -1.7928500e+04
   5.9887900e+00  -1.8526200e+00   6.0203900e+00   2.7948400e+00   5.4996900e+00   2.4922600e+00  -1.7929900e+04
   5.9891100e+00  -1.8530300e+00   6.0200900e+00   2.7946200e+00   5.4991400e+00   2.4926300e+00  -1.7928700e+04
   5.9887200e+00  -1.8522700e+00   6.0202200e+00   2.7947900e+00   5.4995300e+00   2.4921100e+00  -1.7929100e+04
   5.9889900e+00  -1.8451900e+00   6.0210700e+00   2.7936600e+00   5.5018200e+00   2.4921700e+00  -1.7930200e+04
   5.9889800e+00  -1.8507300e+00   6.0206700e+00   2.7924800e+00   5.5010400e+00   2.4921000e+00  -1.7928300e+04
   5.9889600e+00  -1.8473600e+00   6.0206000e+00   2.7934000e+00   5.5007700e+00   2.4918700e+00  -1.7927300e+04
   5.9888000e+00  -1.8449700e+00   6.0207400e+00   2.7929500e+00   5.5017200e+00   2.4917000e+00  -1.7928800e+04
   5.9892000e+00  -1.8494800e+00   6.0206200e+00   2.7914300e+00   5.5011600e+00   2.4919700e+00  -1.7929400e+04
   5.9893400e+00  -1.8437100e+00   6.0212100e+00   2.7921600e+00   5.5008700e+00   2.4924300e+00  -1.7930900e+04
   5.9889000e+00  -1.8452000e+00   6.0208800e+00   2.7919800e+00   5.5028300e+00   2.4924100e+00  -1.7930700e+04
   5.9892300e+00  -1.8445300e+00   6.0209200e+00   2.7892000e+00   5.5013900e+00   2.4925000e+00  -1.7929700e+04
   5.9891800e+00  -1.8497500e+00   6.0206700e+00   2.7899300e+00   5.4997100e+00   2.4926200e+00  -1.7931300e+04
   5.9885500e+00  -1.8531200e+00   6.0200100e+00   2.7928200e+00   5.4993800e+00   2.4920300e+00  -1.7930900e+04
   5.9888800e+00  -1.8454600e+00   6.0204800e+00   2.7946300e+00   5.5005600e+00   2.4920900e+00  -1.7928100e+04
   5.9889100e+00  -1.8490700e+00   6.0201400e+00   2.7940500e+00   5.4999900e+00   2.4915400e+00  -1.7929500e+04
   5.9892300e+00  -1.8440400e+00   6.0208300e+00   2.7943200e+00   5.5013700e+00   2.4913000e+00  -1.7928700e+04
   5.9887300e+00  -1.8532600e+00   6.0202600e+00   2.7934100e+00   5.4995100e+00   2.4906900e+00  -1.7930200e+04
   5.9888100e+00  -1.8528100e+00   6.0202000e+00   2.7931600e+00   5.4998700e+00   2.4909600e+00  -1.7928700e+04
   5.9892300e+00  -1.8506800e+00   6.0203400e+00   2.7971700e+00   5.4994700e+00   2.4906600e+00  -1.7929300e+04
   5.9891100e+00  -1.8466600e+00   6.0204900e+00   2.7960300e+00   5.4998600e+00   2.4905100e+00  -1.7928000e+04
   5.9889200e+00  -1.8473600e+00   6.0205000e+00   2.7953600e+00   5.4999000e+00   2.4903500e+00  -1.7928600e+04
   5.9892600e+00  -1.8466800e+00   6.0206700e+00   2.7960500e+00   5.4998500e+00   2.4903100e+00  -1.7928700e+04
   5.9892500e+00  -1.8513400e+00   6.0201700e+00   2.7947200e+00   5.4988600e+00   2.4905300e+00  -1.7930500e+04
   5.9889400e+00  -1.8488400e+00   6.0203200e+00   2.7941000e+00   5.5002800e+00   2.4905400e+00  -1.7928600e+04
   5.9887200e+00  -1.8472500e+00   6.0208400e+00   2.7888300e+00   5.5005500e+00   2.4910000e+00  -1.7935700e+04
   5.9895100e+00  -1.8383000e+00   6.0218000e+00   2.7886800e+00   5.5033100e+00   2.4906900e+00  -1.7934200e+04
   5.9888800e+00  -1.8553400e+00   6.0201100e+00   2.7921100e+00   5.5004800e+00   2.4907400e+00  -1.7932300e+04
   5.9891000e+00  -1.8511900e+00   6.0202400e+00   2.7922500e+00   5.5004700e+00   2.4907600e+00  -1.7932000e+04
   5.9895200e+00  -1.8401800e+00   6.0214100e+00   2.7909800e+00   5.5015700e+00   2.4913500e+00  -1.7932300e+04
   5.9892900e+00  -1.8438100e+00   6.0209300e+00   2.7891900e+00   5.5015200e+00   2.4914600e+00  -1.7931000e+04
   5.9890200e+00  -1.8487400e+00   6.0201900e+00   2.7956600e+00   5.4994400e+00   2.4916500e+00  -1.7928300e+04
   5.9889700e+00  -1.8513900e+00   6.0204400e+00   2.7923800e+00   5.5004200e+00   2.4911800e+00  -1.7928200e+04
   5.9890300e+00  -1.8465300e+00   6.0207500e+00   2.7928700e+00   5.5001400e+00   2.4913200e+00  -1.7929500e+04
   5.9889800e+00  -1.8438800e+00   6.0208600e+00   2.7934200e+00   5.5018500e+00   2.4914600e+00  -1.7928500e+04
   5.9891200e+00  -1.8531400e+00   6.0202100e+00   2.7939200e+00   5.5002800e+00   2.4911000e+00  -1.7931700e+04
   5.9889700e+00  -1.8380500e+00   6.0212500e+00   2.7925000e+00   5.5024500e+00   2.4914400e+00  -1.7931100e+04
   5.9890400e+00  -1.8511100e+00   6.0204300e+00   2.7954500e+00   5.4988800e+00   2.4913900e+00  -1.7930200e+04
   5.9887700e+00  -1.8557400e+00   6.0200800e+00   2.7952100e+00   5.4993200e+00   2.4916100e+00  -1.7929900e+04
   5.9888800e+00  -1.8433300e+00   6.0206600e+00   2.7929000e+00   5.5012100e+00   2.4915400e+00  -1.7928900e+04
   5.9891000e+00  -1.8450800e+00   6.0207300e+00   2.7929100e+00   5.5000200e+00   2.4920200e+00  -1.7929600e+04
   5.9888000e+00  -1.8501500e+00   6.0204800e+00   2.7914900e+00   5.5008800e+00   2.4916800e+00  -1.7928100e+04
   5.9892000e+00  -1.8522400e+00   6.0202400e+00   2.7936600e+00   5.4988000e+00   2.4915500e+00  -1.7929800e+04
   5.9893500e+00  -1.8501100e+00   6.0202400e+00   2.7980000e+00   5.4986300e+00   2.4916200e+00  -1.7929200e+04
   5.9890700e+00  -1.8470700e+00   6.0204900e+00   2.7954700e+00   5.5001600e+00   2.4918400e+00  -1.7927300e+04
   5.9890400e+00  -1.8433900e+00   6.0210000e+00   2.7900100e+00   5.5026500e+00   2.4918600e+00  -1.7929300e+04
   5.9891400e+00  -1.8464100e+00   6.0209400e+00   2.7891900e+00   5.5024000e+00   2.4916600e+00  -1.7929900e+04
   5.9889500e+00  -1.8485800e+00   6.0210100e+00   2.7890100e+00   5.5016600e+00   2.4916500e+00  -1.7929900e+04
   5.9888000e+00  -1.8464800e+00   6.0205700e+00   2.7913700e+00   5.5012800e+00   2.4919800e+00  -1.7928400e+04
   5.9890100e+00  -1.8455600e+00   6.0211100e+00   2.7937700e+00   5.5019200e+00   2.4920000e+00  -1.7930900e+04
   5.9892500e+00  -1.8487500e+00   6.0204700e+00   2.7951300e+00   5.4991000e+00   2.4921600e+00  -1.7928500e+04
   5.9891300e+00  -1.8442500e+00   6.0207800e+00   2.7937900e+00   5.5006500e+00   2.4923600e+00  -1.7927600e+04
   5.9890500e+00  -1.8514500e+00   6.0205700e+00   2.7911100e+00   5.5005200e+00   2.4923000e+00  -1.7927900e+04
   5.9885600e+00  -1.8577500e+00   6.0201200e+00   2.7915900e+00   5.4998900e+00   2.4917400e+00  -1.7932000e+04
   5.9886700e+00  -1.8500600e+00   6.0201600e+00   2.7949100e+00   5.4997900e+00   2.4913300e+00  -1.7929300e+04
   5.9887600e+00  -1.8463000e+00   6.0206700e+00   2.7927600e+00   5.5009700e+00   2.4914800e+00  -1.7929000e+04
   5.9892100e+00  -1.8438400e+00   6.0209300e+00   2.7900900e+00   5.5021400e+00   2.4911900e+00  -1.7930300e+04
   5.9891900e+00  -1.8477600e+00   6.0204500e+00   2.7917400e+00   5.5002500e+00   2.4913300e+00  -1.7930200e+04
   5.9892400e+00  -1.8471100e+00   6.0209000e+00   2.7913700e+00   5.5018500e+00   2.4917600e+00  -1.7929500e+04
   5.9887200e+00  -1.8502100e+00   6.0204500e+00   2.7914700e+00   5.5005800e+00   2.4919700e+00  -1.7928600e+04
   5.9888700e+00  -1.8467400e+00   6.0209000e+00   2.7921400e+00   5.5016600e+00   2.4917800e+00  -1.7929100e+04
   5.9888000e+00  -1.8511200e+00   6.0204600e+00   2.7932600e+00   5.5000100e+00   2.4922300e+00  -1.7928900e+04
   5.9888200e+00  -1.8521700e+00   6.0201300e+00   2.7942300e+00   5.4995600e+00   2.4918900e+00  -1.7928200e+04
   5.9887800e+00  -1.8441700e+00   6.0201100e+00   2.7946000e+00   5.4990500e+00   2.4915300e+00  -1.7935800e+04
   5.9892700e+00  -1.8544500e+00   6.0199600e+00   2.7988400e+00   5.4981400e+00   2.4918600e+00  -1.7930300e+04
   5.9889900e+00  -1.8435900e+00   6.0206000e+00   2.7979500e+00   5.5008000e+00   2.4915100e+00  -1.7929400e+04
   5.9891700e+00  -1.8464800e+00   6.0207700e+00   2.7969000e+00   5.4999700e+00   2.4911000e+00  -1.7929600e+04
   5.9887700e+00  -1.8493700e+00   6.0201700e+00   2.7920300e+00   5.5008500e+00   2.4908200e+00  -1.7931500e+04
   5.9893900e+00  -1.8440000e+00   6.0209000e+00   2.7951700e+00   5.5013400e+00   2.4909700e+00  -1.7930200e+04
   5.9890000e+00  -1.8491000e+00   6.0206200e+00   2.7898200e+00   5.5015100e+00   2.4906400e+00  -1.7929700e+04
   5.9891000e+00  -1.8486500e+00   6.0211400e+00   2.7913300e+00   5.5014400e+00   2.4905400e+00  -1.7932800e+04
   5.9892800e+00  -1.8451300e+00   6.0209300e+00   2.7935700e+00   5.5011000e+00   2.4905400e+00  -1.7928800e+04
   5.9887100e+00  -1.8447500e+00   6.0205800e+00   2.7921400e+00   5.5016400e+00   2.4907600e+00  -1.7929800e+04
   5.9892200e+00  -1.8422200e+00   6.0210600e+00   2.7920700e+00   5.5018500e+00   2.4908600e+00  -1.7928800e+04
   5.9887100e+00  -1.8450200e+00   6.0203800e+00   2.7962400e+00   5.5007400e+00   2.4905400e+00  -1.7930500e+04
   5.9892600e+00  -1.8434800e+00   6.0207800e+00   2.7958800e+00   5.5005400e+00   2.4909900e+00  -1.7928300e+04
   5.9889900e+00  -1.8474300e+00   6.0207800e+00   2.7944400e+00   5.5011300e+00   2.4907700e+00  -1.7929100e+04
   5.9893800e+00  -1.8421400e+00   6.0215000e+00   2.7911900e+00   5.5030000e+00   2.4908500e+00  -1.7932500e+04
   5.9893000e+00  -1.8464600e+00   6.0208100e+00   2.7939700e+00   5.5007100e+00   2.4908400e+00  -1.7928600e+04
   5.9888800e+00  -1.8520100e+00   6.0198200e+00   2.7974600e+00   5.4990600e+00   2.4904400e+00  -1.7931100e+04
   5.9892100e+00  -1.8434300e+00   6.0206500e+00   2.7996400e+00   5.5003700e+00   2.4903300e+00  -1.7930200e+04
   5.9892100e+00  -1.8520700e+00   6.0199500e+00   2.7999800e+00   5.4989800e+00   2.4902500e+00  -1.7933400e+04
   5.9889600e+00  -1.8494500e+00   6.0199500e+00   2.7971800e+00   5.4993100e+00   2.4897700e+00  -1.7931400e+04
   5.9889600e+00  -1.8536500e+00   6.0201100e+00   2.7972100e+00   5.4980800e+00   2.4897300e+00  -1.7931300e+04
   5.9893800e+00  -1.8497800e+00   6.0201900e+00   2.8007700e+00   5.4974900e+00   2.4895500e+00  -1.7931900e+04
   5.9894100e+00  -1.8424600e+00   6.0207000e+00   2.7972800e+00   5.4995100e+00   2.4897000e+00  -1.7930500e+04
   5.9889000e+00  -1.8477000e+00   6.0205000e+00   2.7992500e+00   5.4998400e+00   2.4900100e+00  -1.7931700e+04
   5.9893800e+00  -1.8464300e+00   6.0204900e+00   2.7996800e+00   5.4995000e+00   2.4899400e+00  -1.7930400e+04
   5.9892000e+00  -1.8405300e+00   6.0208000e+00   2.8002400e+00   5.5002500e+00   2.4901600e+00  -1.7931200e+04
   5.9891900e+00  -1.8472200e+00   6.0200200e+00   2.8052100e+00   5.4979600e+00   2.4898200e+00  -1.7932800e+04
   5.9895200e+00  -1.8554600e+00   6.0199800e+00   2.7995200e+00   5.4976600e+00   2.4900000e+00  -1.7935300e+04
   5.9891600e+00  -1.8455200e+00   6.0202800e+00   2.7981500e+00   5.4994800e+00   2.4900100e+00  -1.7929800e+04
   5.9894400e+00  -1.8478900e+00   6.0204200e+00   2.7998200e+00   5.4988500e+00   2.4897800e+00  -1.7930700e+04
   5.9890900e+00  -1.8438300e+00   6.0206200e+00   2.7994100e+00   5.4997100e+00   2.4900100e+00  -1.7930200e+04
   5.9891100e+00  -1.8480300e+00   6.0201000e+00   2.8006000e+00   5.4981900e+00   2.4898200e+00  -1.7929900e+04
   5.9893600e+00  -1.8464000e+00   6.0201800e+00   2.8011700e+00   5.4990700e+00   2.4901300e+00  -1.7932500e+04
   5.9892100e+00  -1.8481800e+00   6.0206400e+00   2.7995600e+00   5.4988200e+00   2.4898600e+00  -1.7933700e+04
   5.9893200e+00  -1.8506300e+00   6.0205800e+00   2.7971700e+00   5.4993800e+00   2.4897200e+00  -1.7931200e+04
   5.9892900e+00  -1.8512300e+00   6.0200200e+00   2.7986200e+00   5.4975000e+00   2.4896000e+00  -1.7931600e+04
   5.9889700e+00  -1.8469900e+00   6.0206100e+00   2.7988300e+00   5.5014700e+00   2.4895400e+00  -1.7935900e+04
   5.9893200e+00  -1.8401700e+00   6.0209900e+00   2.7996400e+00   5.5014900e+00   2.4897200e+00  -1.7933700e+04
   5.9887900e+00  -1.8492200e+00   6.0201200e+00   2.7966900e+00   5.4992400e+00   2.4895100e+00  -1.7929500e+04
   5.9888700e+00  -1.8444700e+00   6.0207700e+00   2.7931800e+00   5.5003800e+00   2.4899500e+00  -1.7931200e+04
   5.9891400e+00  -1.8444200e+00   6.0204700e+00   2.7942700e+00   5.5000500e+00   2.4899000e+00  -1.7930000e+04
   5.9891300e+00  -1.8534400e+00   6.0202300e+00   2.7942500e+00   5.4992400e+00   2.4903100e+00  -1.7929700e+04
   5.9890500e+00  -1.8543100e+00   6.0202800e+00   2.7943200e+00   5.4992700e+00   2.4904900e+00  -1.7929700e+04
   5.9888000e+00  -1.8413400e+00   6.0209600e+00   2.7933900e+00   5.5024300e+00   2.4906100e+00  -1.7930800e+04
   5.9887600e+00  -1.8548400e+00   6.0202100e+00   2.7900700e+00   5.5014000e+00   2.4903500e+00  -1.7934100e+04
   5.9889600e+00  -1.8402000e+00   6.0211500e+00   2.7869100e+00   5.5033900e+00   2.4904900e+00  -1.7932400e+04
   5.9889200e+00  -1.8497000e+00   6.0208700e+00   2.7877700e+00   5.5019000e+00   2.4904400e+00  -1.7929900e+04
   5.9890100e+00  -1.8441500e+00   6.0208100e+00   2.7915500e+00   5.5022700e+00   2.4903300e+00  -1.7930300e+04
   5.9893600e+00  -1.8426900e+00   6.0209700e+00   2.7959000e+00   5.5005000e+00   2.4906000e+00  -1.7929400e+04
   5.9893000e+00  -1.8515700e+00   6.0201900e+00   2.7956000e+00   5.4992500e+00   2.4910100e+00  -1.7930700e+04
   5.9891600e+00  -1.8457000e+00   6.0205800e+00   2.7932400e+00   5.5011300e+00   2.4913900e+00  -1.7929700e+04
   5.9889800e+00  -1.8414800e+00   6.0209500e+00   2.7933100e+00   5.5027100e+00   2.4913800e+00  -1.7930900e+04
   5.9892600e+00  -1.8464700e+00   6.0209700e+00   2.7898100e+00   5.5014900e+00   2.4909400e+00  -1.7929500e+04
   5.9886200e+00  -1.8512800e+00   6.0207100e+00   2.7853500e+00   5.5018800e+00   2.4914300e+00  -1.7931600e+04
   5.9891000e+00  -1.8501900e+00   6.0207300e+00   2.7875500e+00   5.5018300e+00   2.4916400e+00  -1.7931000e+04
   5.9889700e+00  -1.8391600e+00   6.0215000e+00   2.7883100e+00   5.5035200e+00   2.4916100e+00  -1.7931400e+04
   5.9894600e+00  -1.8474600e+00   6.0210900e+00   2.7887000e+00   5.5017200e+00   2.4913300e+00  -1.7932400e+04
   5.9889400e+00  -1.8459100e+00   6.0208300e+00   2.7900200e+00   5.5028800e+00   2.4914000e+00  -1.7931400e+04
   5.9889400e+00  -1.8435800e+00   6.0207000e+00   2.7927000e+00   5.5018900e+00   2.4913100e+00  -1.7929600e+04
   5.9892600e+00  -1.8465400e+00   6.0207400e+00   2.7945300e+00   5.5007100e+00   2.4912900e+00  -1.7928100e+04
   5.9888700e+00  -1.8492400e+00   6.0202600e+00   2.7935800e+00   5.5001500e+00   2.4913400e+00  -1.7928400e+04
   5.9890400e+00  -1.8403300e+00   6.0210300e+00   2.7941500e+00   5.5030700e+00   2.4914200e+00  -1.7932900e+04
   5.9890900e+00  -1.8534000e+00   6.0204300e+00   2.7962100e+00   5.4988600e+00   2.4913500e+00  -1.7931200e+04
   5.9893000e+00  -1.8505700e+00   6.0203000e+00   2.7968600e+00   5.4983500e+00   2.4914200e+00  -1.7929600e+04
   5.9895400e+00  -1.8485100e+00   6.0208300e+00   2.7971900e+00   5.5002400e+00   2.4912800e+00  -1.7932200e+04
   5.9887400e+00  -1.8535100e+00   6.0199200e+00   2.7974800e+00   5.4976300e+00   2.4912900e+00  -1.7933300e+04
   5.9891900e+00  -1.8533100e+00   6.0197700e+00   2.7979300e+00   5.4970500e+00   2.4909900e+00  -1.7932500e+04
   5.9887800e+00  -1.8502100e+00   6.0203500e+00   2.7959700e+00   5.5004000e+00   2.4911000e+00  -1.7929400e+04
   5.9891700e+00  -1.8506800e+00   6.0206100e+00   2.7943600e+00   5.4998300e+00   2.4913100e+00  -1.7928800e+04
   5.9889500e+00  -1.8523100e+00   6.0202600e+00   2.7936000e+00   5.5001100e+00   2.4916200e+00  -1.7928300e+04
   5.9887300e+00  -1.8472000e+00   6.0202800e+00   2.7942000e+00   5.5007800e+00   2.4911500e+00  -1.7929800e+04
   5.9891100e+00  -1.8465200e+00   6.0206300e+00   2.7919900e+00   5.5008000e+00   2.4912800e+00  -1.7928200e+04
   5.9886100e+00  -1.8494300e+00   6.0203600e+00   2.7940500e+00   5.5004900e+00   2.4909600e+00  -1.7929900e+04
   5.9891400e+00  -1.8489900e+00   6.0200800e+00   2.7978500e+00   5.4980700e+00   2.4909600e+00  -1.7930000e+04
   5.9893800e+00  -1.8467900e+00   6.0202700e+00   2.7976800e+00   5.4995300e+00   2.4915200e+00  -1.7931600e+04
   5.9891900e+00  -1.8479300e+00   6.0203500e+00   2.7985600e+00   5.4995500e+00   2.4915300e+00  -1.7928300e+04
   5.9890000e+00  -1.8449600e+00   6.0203500e+00   2.8008600e+00   5.4990800e+00   2.4915500e+00  -1.7930200e+04
   5.9892600e+00  -1.8452900e+00   6.0198900e+00   2.8032900e+00   5.4979000e+00   2.4916100e+00  -1.7933300e+04
   5.9891200e+00  -1.8461700e+00   6.0200900e+00   2.8014000e+00   5.4990200e+00   2.4916000e+00  -1.7930500e+04
   5.9888400e+00  -1.8488000e+00   6.0200000e+00   2.8032300e+00   5.4985000e+00   2.4918900e+00  -1.7932200e+04
   5.9889500e+00  -1.8538000e+00   6.0196400e+00   2.8034100e+00   5.4973400e+00   2.4916500e+00  -1.7931700e+04
   5.9892900e+00  -1.8449700e+00   6.0205500e+00   2.8022700e+00   5.4993200e+00   2.4916800e+00  -1.7930700e+04
   5.9891500e+00  -1.8455700e+00   6.0200000e+00   2.8016300e+00   5.4979700e+00   2.4914000e+00  -1.7931300e+04
   5.9889900e+00  -1.8521000e+00   6.0199000e+00   2.8021400e+00   5.4981400e+00   2.4915000e+00  -1.7930500e+04
   5.9891700e+00  -1.8528300e+00   6.0198200e+00   2.8009900e+00   5.4971200e+00   2.4916000e+00  -1.7930400e+04
   5.9887000e+00  -1.8585200e+00   6.0194000e+00   2.8001100e+00   5.4971400e+00   2.4923100e+00  -1.7932400e+04
   5.9892800e+00  -1.8485100e+00   6.0203900e+00   2.7951700e+00   5.4991100e+00   2.4921800e+00  -1.7928700e+04
   5.9889400e+00  -1.8526600e+00   6.0205900e+00   2.7935800e+00   5.4998900e+00   2.4926100e+00  -1.7930200e+04
   5.9888800e+00  -1.8405800e+00   6.0207200e+00   2.7939800e+00   5.5013100e+00   2.4924800e+00  -1.7930300e+04
   5.9888500e+00  -1.8484800e+00   6.0206900e+00   2.7916600e+00   5.5009000e+00   2.4925700e+00  -1.7928100e+04
   5.9887300e+00  -1.8476400e+00   6.0203900e+00   2.7928400e+00   5.5005100e+00   2.4926200e+00  -1.7928500e+04
   5.9887100e+00  -1.8524400e+00   6.0205000e+00   2.7923700e+00   5.5012600e+00   2.4929900e+00  -1.7929500e+04
   5.9889800e+00  -1.8446800e+00   6.0203400e+00   2.7976700e+00   5.4990200e+00   2.4929200e+00  -1.7930100e+04
   5.9890800e+00  -1.8509800e+00   6.0198900e+00   2.7947800e+00   5.4985000e+00   2.4927100e+00  -1.7931800e+04
   5.9890400e+00  -1.8512300e+00   6.0202600e+00   2.7959500e+00   5.4984900e+00   2.4922200e+00  -1.7929300e+04
   5.9893000e+00  -1.8443600e+00   6.0209000e+00   2.7942400e+00   5.4998400e+00   2.4921200e+00  -1.7930500e+04
   5.9896100e+00  -1.8441500e+00   6.0209300e+00   2.7960600e+00   5.4999300e+00   2.4918100e+00  -1.7930600e+04
   5.9893100e+00  -1.8554800e+00   6.0201200e+00   2.7947000e+00   5.4993100e+00   2.4918700e+00  -1.7932800e+04
   5.9889400e+00  -1.8495900e+00   6.0207700e+00   2.7931100e+00   5.5015800e+00   2.4916400e+00  -1.7929800e+04
   5.9889800e+00  -1.8462300e+00   6.0207700e+00   2.7921600e+00   5.5014400e+00   2.4915900e+00  -1.7927700e+04
   5.9891600e+00  -1.8422500e+00   6.0209900e+00   2.7889900e+00   5.5008600e+00   2.4917700e+00  -1.7933200e+04
   5.9887600e+00  -1.8535600e+00   6.0207100e+00   2.7899800e+00   5.5018000e+00   2.4915300e+00  -1.7932000e+04
   5.9890800e+00  -1.8437400e+00   6.0213400e+00   2.7896500e+00   5.5030700e+00   2.4914400e+00  -1.7930500e+04
   5.9890300e+00  -1.8541900e+00   6.0205800e+00   2.7874100e+00   5.4999900e+00   2.4913400e+00  -1.7933100e+04
   5.9888500e+00  -1.8467500e+00   6.0208100e+00   2.7918700e+00   5.5008700e+00   2.4911900e+00  -1.7929800e+04
   5.9891300e+00  -1.8491100e+00   6.0206500e+00   2.7907200e+00   5.5013600e+00   2.4911700e+00  -1.7929600e+04
   5.9885800e+00  -1.8540300e+00   6.0201900e+00   2.7879900e+00   5.5010100e+00   2.4910800e+00  -1.7931900e+04
   5.9886900e+00  -1.8490100e+00   6.0205900e+00   2.7899400e+00   5.5015600e+00   2.4913500e+00  -1.7929000e+04
   5.9892300e+00  -1.8493700e+00   6.0210400e+00   2.7883800e+00   5.5006500e+00   2.4915500e+00  -1.7933100e+04
   5.9888300e+00  -1.8491000e+00   6.0201600e+00   2.7953200e+00   5.4987400e+00   2.4916500e+00  -1.7930500e+04
   5.9894300e+00  -1.8438700e+00   6.0208700e+00   2.7965700e+00   5.5005200e+00   2.4919000e+00  -1.7928800e+04
   5.9890700e+00  -1.8488800e+00   6.0204600e+00   2.7933200e+00   5.5004800e+00   2.4921300e+00  -1.7927600e+04
   5.9888800e+00  -1.8548800e+00   6.0200400e+00   2.7939400e+00   5.4998800e+00   2.4922700e+00  -1.7929600e+04
   5.9893400e+00  -1.8516400e+00   6.0205300e+00   2.7935700e+00   5.4997000e+00   2.4923600e+00  -1.7929100e+04
   5.9889300e+00  -1.8425500e+00   6.0205300e+00   2.7963500e+00   5.5008300e+00   2.4923800e+00  -1.7929300e+04
   5.9887800e+00  -1.8555100e+00   6.0201500e+00   2.7938500e+00   5.4991600e+00   2.4925700e+00  -1.7929400e+04
   5.9884900e+00  -1.8502700e+00   6.0204500e+00   2.7909800e+00   5.5006700e+00   2.4927600e+00  -1.7931700e+04
   5.9891200e+00  -1.8466400e+00   6.0206100e+00   2.7941700e+00   5.4994600e+00   2.4929600e+00  -1.7929300e+04
   5.9892500e+00  -1.8364500e+00   6.0213700e+00   2.7912900e+00   5.5031000e+00   2.4930000e+00  -1.7931200e+04
   5.9889500e+00  -1.8466400e+00   6.0209100e+00   2.7903800e+00   5.5010400e+00   2.4929300e+00  -1.7929200e+04
   5.9888300e+00  -1.8518500e+00   6.0208400e+00   2.7876600e+00   5.5015500e+00   2.4928200e+00  -1.7930000e+04
   5.9891300e+00  -1.8460600e+00   6.0211200e+00   2.7909400e+00   5.5021600e+00   2.4927300e+00  -1.7928600e+04
   5.9889200e+00  -1.8523900e+00   6.0202100e+00   2.7942100e+00   5.4982900e+00   2.4927200e+00  -1.7931700e+04
   5.9889200e+00  -1.8491900e+00   6.0207600e+00   2.7918800e+00   5.5013100e+00   2.4923500e+00  -1.7928000e+04
   5.9893300e+00  -1.8445700e+00   6.0208000e+00   2.7921900e+00   5.5007800e+00   2.4924800e+00  -1.7929000e+04
   5.9890500e+00  -1.8442700e+00   6.0205300e+00   2.7950800e+00   5.5009000e+00   2.4922500e+00  -1.7928600e+04
   5.9893600e+00  -1.8492200e+00   6.0203300e+00   2.7967100e+00   5.4984400e+00   2.4923400e+00  -1.7929400e+04
   5.9892900e+00  -1.8450800e+00   6.0205600e+00   2.7949100e+00   5.5003900e+00   2.4923800e+00  -1.7928800e+04
   5.9891300e+00  -1.8504900e+00   6.0203200e+00   2.7934200e+00   5.4997900e+00   2.4921300e+00  -1.7928300e+04
   5.9889100e+00  -1.8501600e+00   6.0205500e+00   2.7932800e+00   5.5000600e+00   2.4921100e+00  -1.7928400e+04
   5.9895600e+00  -1.8411600e+00   6.0215300e+00   2.7920800e+00   5.5023400e+00   2.4924000e+00  -1.7932000e+04
   5.9890500e+00  -1.8519400e+00   6.0203100e+00   2.7901500e+00   5.5001100e+00   2.4919200e+00  -1.7930200e+04
   5.9890500e+00  -1.8481000e+00   6.0207900e+00   2.7916000e+00   5.5002800e+00   2.4915800e+00  -1.7929700e+04
   5.9892200e+00  -1.8465000e+00   6.0211100e+00   2.7899900e+00   5.5023100e+00   2.4914700e+00  -1.7929800e+04
   5.9889400e+00  -1.8429700e+00   6.0211000e+00   2.7921700e+00   5.5018800e+00   2.4915300e+00  -1.7929700e+04
   5.9888600e+00  -1.8439600e+00   6.0206700e+00   2.7939000e+00   5.5013200e+00   2.4913600e+00  -1.7928600e+04
   5.9887700e+00  -1.8487400e+00   6.0205800e+00   2.7940800e+00   5.5018500e+00   2.4912600e+00  -1.7931300e+04
   5.9891500e+00  -1.8467800e+00   6.0207700e+00   2.7959700e+00   5.5005400e+00   2.4914300e+00  -1.7928500e+04
   5.9886900e+00  -1.8485700e+00   6.0205100e+00   2.7918100e+00   5.5010400e+00   2.4914900e+00  -1.7928700e+04
   5.9891500e+00  -1.8531600e+00   6.0201400e+00   2.7936800e+00   5.4992100e+00   2.4913400e+00  -1.7930000e+04
   5.9890400e+00  -1.8416700e+00   6.0214000e+00   2.7913600e+00   5.5025200e+00   2.4914100e+00  -1.7931500e+04
   5.9889300e+00  -1.8457700e+00   6.0207600e+00   2.7899200e+00   5.5011600e+00   2.4915000e+00  -1.7928800e+04
   5.9887400e+00  -1.8544400e+00   6.0201300e+00   2.7889600e+00   5.5003500e+00   2.4912900e+00  -1.7931200e+04
   5.9888900e+00  -1.8512600e+00   6.0199600e+00   2.7983300e+00   5.4984300e+00   2.4917500e+00  -1.7928900e+04
   5.9888500e+00  -1.8467300e+00   6.0205100e+00   2.7912500e+00   5.5010700e+00   2.4917200e+00  -1.7928700e+04
   5.9887700e+00  -1.8483800e+00   6.0207400e+00   2.7936900e+00   5.5017400e+00   2.4916800e+00  -1.7930600e+04
   5.9889400e+00  -1.8533100e+00   6.0201800e+00   2.7910100e+00   5.4993000e+00   2.4911900e+00  -1.7930400e+04
   5.9889100e+00  -1.8542900e+00   6.0201300e+00   2.7932300e+00   5.4988400e+00   2.4915200e+00  -1.7929600e+04
   5.9890500e+00  -1.8524100e+00   6.0204100e+00   2.7935900e+00   5.5000300e+00   2.4914000e+00  -1.7928400e+04
   5.9891900e+00  -1.8485000e+00   6.0208000e+00   2.7934500e+00   5.5008600e+00   2.4911900e+00  -1.7928600e+04
   5.9896400e+00  -1.8450200e+00   6.0212600e+00   2.7950700e+00   5.5012300e+00   2.4917600e+00  -1.7933300e+04
   5.9892800e+00  -1.8484800e+00   6.0204500e+00   2.7983600e+00   5.4990900e+00   2.4921100e+00  -1.7928200e+04
   5.9887400e+00  -1.8454200e+00   6.0202000e+00   2.7975200e+00   5.5007000e+00   2.4920500e+00  -1.7931900e+04
   5.9895700e+00  -1.8501300e+00   6.0205200e+00   2.7995300e+00   5.4988900e+00   2.4919600e+00  -1.7931500e+04
   5.9891500e+00  -1.8536600e+00   6.0197000e+00   2.7989400e+00   5.4978900e+00   2.4918600e+00  -1.7931500e+04
   5.9889800e+00  -1.8489300e+00   6.0204500e+00   2.7956000e+00   5.5004000e+00   2.4916600e+00  -1.7927800e+04
   5.9889800e+00  -1.8407300e+00   6.0207800e+00   2.7964000e+00   5.5014600e+00   2.4917900e+00  -1.7929800e+04
   5.9889500e+00  -1.8375300e+00   6.0209400e+00   2.7973000e+00   5.5009700e+00   2.4919000e+00  -1.7933200e+04
   5.9891300e+00  -1.8526900e+00   6.0204300e+00   2.7956600e+00   5.4986100e+00   2.4920500e+00  -1.7930900e+04
   5.9887800e+00  -1.8563800e+00   6.0197500e+00   2.7999900e+00   5.4974400e+00   2.4922200e+00  -1.7932000e+04
   5.9890600e+00  -1.8460300e+00   6.0205200e+00   2.7991100e+00   5.4994400e+00   2.4924000e+00  -1.7929000e+04
   5.9893800e+00  -1.8430500e+00   6.0205900e+00   2.7993400e+00   5.4998900e+00   2.4924700e+00  -1.7929100e+04
   5.9890500e+00  -1.8502100e+00   6.0202300e+00   2.7949800e+00   5.4991200e+00   2.4924000e+00  -1.7927800e+04
   5.9890600e+00  -1.8485400e+00   6.0206300e+00   2.7938600e+00   5.5001000e+00   2.4922500e+00  -1.7927700e+04
   5.9887900e+00  -1.8511000e+00   6.0203500e+00   2.7903100e+00   5.5001100e+00   2.4919500e+00  -1.7929300e+04
   5.9891400e+00  -1.8533000e+00   6.0203700e+00   2.7929400e+00   5.5005800e+00   2.4922100e+00  -1.7930300e+04
   5.9891400e+00  -1.8431600e+00   6.0211800e+00   2.7910400e+00   5.5017700e+00   2.4920100e+00  -1.7929000e+04
   5.9895300e+00  -1.8450100e+00   6.0207800e+00   2.7919200e+00   5.5002300e+00   2.4919200e+00  -1.7932400e+04
   5.9892700e+00  -1.8555700e+00   6.0202600e+00   2.7923700e+00   5.4992700e+00   2.4919500e+00  -1.7931300e+04
   5.9892000e+00  -1.8556500e+00   6.0202200e+00   2.7946800e+00   5.4991900e+00   2.4919000e+00  -1.7930100e+04
   5.9889200e+00  -1.8522700e+00   6.0198100e+00   2.7997200e+00   5.4988800e+00   2.4920800e+00  -1.7930600e+04
   5.9889200e+00  -1.8460300e+00   6.0205800e+00   2.7973500e+00   5.5000800e+00   2.4918700e+00  -1.7929200e+04
   5.9892900e+00  -1.8526700e+00   6.0201000e+00   2.7976000e+00   5.4970900e+00   2.4917800e+00  -1.7933000e+04
   5.9890400e+00  -1.8456200e+00   6.0204400e+00   2.7981700e+00   5.4997100e+00   2.4915900e+00  -1.7928200e+04
   5.9890400e+00  -1.8466500e+00   6.0202700e+00   2.7981200e+00   5.5004300e+00   2.4917300e+00  -1.7930800e+04
   5.9887900e+00  -1.8432700e+00   6.0204900e+00   2.7968300e+00   5.4997700e+00   2.4914900e+00  -1.7931900e+04
   5.9887100e+00  -1.8491600e+00   6.0200600e+00   2.7951900e+00   5.4994500e+00   2.4916400e+00  -1.7929700e+04
   5.9894300e+00  -1.8510900e+00   6.0205300e+00   2.7954300e+00   5.5004100e+00   2.4916000e+00  -1.7932600e+04
   5.9893300e+00  -1.8383300e+00   6.0210200e+00   2.7934700e+00   5.5016400e+00   2.4917300e+00  -1.7931000e+04
   5.9895500e+00  -1.8390200e+00   6.0211600e+00   2.7945500e+00   5.4999600e+00   2.4917300e+00  -1.7934900e+04
   5.9891400e+00  -1.8512000e+00   6.0207800e+00   2.7895500e+00   5.5017500e+00   2.4917900e+00  -1.7930500e+04
   5.9893100e+00  -1.8425900e+00   6.0211900e+00   2.7903800e+00   5.5029500e+00   2.4917800e+00  -1.7931500e+04
   5.9890900e+00  -1.8526000e+00   6.0209000e+00   2.7875500e+00   5.5017100e+00   2.4919700e+00  -1.7931100e+04
   5.9889200e+00  -1.8431300e+00   6.0208300e+00   2.7883500e+00   5.5018100e+00   2.4921800e+00  -1.7930700e+04
   5.9885400e+00  -1.8464500e+00   6.0212600e+00   2.7861700e+00   5.5033800e+00   2.4921800e+00  -1.7935200e+04
   5.9889500e+00  -1.8451200e+00   6.0210200e+00   2.7856900e+00   5.5026500e+00   2.4920700e+00  -1.7930500e+04
   5.9887500e+00  -1.8513000e+00   6.0204500e+00   2.7862700e+00   5.5017200e+00   2.4919900e+00  -1.7931700e+04
   5.9888400e+00  -1.8515200e+00   6.0205400e+00   2.7876900e+00   5.5011000e+00   2.4916000e+00  -1.7929700e+04
   5.9890800e+00  -1.8445200e+00   6.0209100e+00   2.7949000e+00   5.5013600e+00   2.4918100e+00  -1.7928400e+04
   5.9888900e+00  -1.8433400e+00   6.0214300e+00   2.7882200e+00   5.5028100e+00   2.4916500e+00  -1.7933000e+04
   5.9884900e+00  -1.8518800e+00   6.0200800e+00   2.7937900e+00   5.4999900e+00   2.4917600e+00  -1.7930700e+04
   5.9887600e+00  -1.8390500e+00   6.0214000e+00   2.7917800e+00   5.5031700e+00   2.4917500e+00  -1.7934700e+04
   5.9889200e+00  -1.8430100e+00   6.0210700e+00   2.7911800e+00   5.5017300e+00   2.4912600e+00  -1.7929700e+04
   5.9889900e+00  -1.8488500e+00   6.0204800e+00   2.7893800e+00   5.5008300e+00   2.4914900e+00  -1.7929900e+04
   5.9889100e+00  -1.8484900e+00   6.0204500e+00   2.7906400e+00   5.5006900e+00   2.4914100e+00  -1.7928900e+04
   5.9889500e+00  -1.8445700e+00   6.0206800e+00   2.7891900e+00   5.5023000e+00   2.4913700e+00  -1.7932000e+04
   5.9887100e+00  -1.8497000e+00   6.0203100e+00   2.7931500e+00   5.5003700e+00   2.4909100e+00  -1.7928800e+04
   5.9888800e+00  -1.8470900e+00   6.0206300e+00   2.7882700e+00   5.5012400e+00   2.4910900e+00  -1.7930100e+04
   5.9892200e+00  -1.8538700e+00   6.0205300e+00   2.7878400e+00   5.5005300e+00   2.4911400e+00  -1.7933200e+04
   5.9888000e+00  -1.8439700e+00   6.0211600e+00   2.7857700e+00   5.5026600e+00   2.4910000e+00  -1.7931600e+04
   5.9883700e+00  -1.8548000e+00   6.0202700e+00   2.7868800e+00   5.5015100e+00   2.4911800e+00  -1.7933400e+04
   5.9887900e+00  -1.8527000e+00   6.0203900e+00   2.7878000e+00   5.5012800e+00   2.4909300e+00  -1.7931000e+04
   5.9890800e+00  -1.8516000e+00   6.0210200e+00   2.7880300e+00   5.5010900e+00   2.4907100e+00  -1.7933500e+04
   5.9893200e+00  -1.8475600e+00   6.0206600e+00   2.7918500e+00   5.5003600e+00   2.4907500e+00  -1.7930000e+04
   5.9889700e+00  -1.8459500e+00   6.0206500e+00   2.7921400e+00   5.5010600e+00   2.4908500e+00  -1.7928100e+04
   5.9893500e+00  -1.8413400e+00   6.0209300e+00   2.7914900e+00   5.5012100e+00   2.4907900e+00  -1.7931300e+04
   5.9889500e+00  -1.8479600e+00   6.0201900e+00   2.7937700e+00   5.5002100e+00   2.4907000e+00  -1.7930600e+04
   5.9889400e+00  -1.8440700e+00   6.0207400e+00   2.7935300e+00   5.5019500e+00   2.4907800e+00  -1.7929600e+04
   5.9888900e+00  -1.8482600e+00   6.0203500e+00   2.7991000e+00   5.4991500e+00   2.4909300e+00  -1.7930500e+04
   5.9889300e+00  -1.8464700e+00   6.0200600e+00   2.7989000e+00   5.4986500e+00   2.4908300e+00  -1.7930300e+04
   5.9889400e+00  -1.8515700e+00   6.0199200e+00   2.7981000e+00   5.4985600e+00   2.4907000e+00  -1.7929300e+04
   5.9896400e+00  -1.8431800e+00   6.0211600e+00   2.7959700e+00   5.5005900e+00   2.4908300e+00  -1.7932200e+04
   5.9887300e+00  -1.8448900e+00   6.0208500e+00   2.7916600e+00   5.5020000e+00   2.4905600e+00  -1.7929700e+04
   5.9893300e+00  -1.8438300e+00   6.0207500e+00   2.7933700e+00   5.5005800e+00   2.4906700e+00  -1.7929700e+04
   5.9890200e+00  -1.8460900e+00   6.0206200e+00   2.7938900e+00   5.5008000e+00   2.4909600e+00  -1.7927700e+04
   5.9892200e+00  -1.8473100e+00   6.0205000e+00   2.7914800e+00   5.5002500e+00   2.4910200e+00  -1.7930700e+04
   5.9892100e+00  -1.8491600e+00   6.0204100e+00   2.7948600e+00   5.4995300e+00   2.4910500e+00  -1.7928400e+04
   5.9889400e+00  -1.8429200e+00   6.0208000e+00   2.7952100e+00   5.5019900e+00   2.4912400e+00  -1.7930200e+04
   5.9888200e+00  -1.8497600e+00   6.0205600e+00   2.7947100e+00   5.4999700e+00   2.4912400e+00  -1.7930500e+04
   5.9887900e+00  -1.8605600e+00   6.0196200e+00   2.7959100e+00   5.4975800e+00   2.4912500e+00  -1.7932700e+04
   5.9891400e+00  -1.8469700e+00   6.0203700e+00   2.7950400e+00   5.4999900e+00   2.4912800e+00  -1.7928700e+04
   5.9891100e+00  -1.8487600e+00   6.0204900e+00   2.7952600e+00   5.5002600e+00   2.4914100e+00  -1.7927700e+04
   5.9894300e+00  -1.8412700e+00   6.0208600e+00   2.7968900e+00   5.5012700e+00   2.4912500e+00  -1.7931400e+04
   5.9889300e+00  -1.8547900e+00   6.0200200e+00   2.7997900e+00   5.4984600e+00   2.4911000e+00  -1.7931300e+04
   5.9888300e+00  -1.8543300e+00   6.0194700e+00   2.8018500e+00   5.4968300e+00   2.4910900e+00  -1.7932500e+04
   5.9890500e+00  -1.8485300e+00   6.0201900e+00   2.7971500e+00   5.4993400e+00   2.4911500e+00  -1.7928300e+04
   5.9889900e+00  -1.8467400e+00   6.0201800e+00   2.7969100e+00   5.4999300e+00   2.4909400e+00  -1.7930000e+04
   5.9889200e+00  -1.8488200e+00   6.0201500e+00   2.7961800e+00   5.4983600e+00   2.4909200e+00  -1.7931100e+04
   5.9891300e+00  -1.8499500e+00   6.0205800e+00   2.7953800e+00   5.5003900e+00   2.4909100e+00  -1.7928900e+04
   5.9884700e+00  -1.8496400e+00   6.0201100e+00   2.7918100e+00   5.5004300e+00   2.4909300e+00  -1.7932000e+04
   5.9888600e+00  -1.8443700e+00   6.0207200e+00   2.7920700e+00   5.5017600e+00   2.4911600e+00  -1.7928700e+04
   5.9893300e+00  -1.8384700e+00   6.0216700e+00   2.7938000e+00   5.5028600e+00   2.4911400e+00  -1.7934400e+04
   5.9890200e+00  -1.8440900e+00   6.0209100e+00   2.7936700e+00   5.5008600e+00   2.4913100e+00  -1.7929100e+04
   5.9894400e+00  -1.8533200e+00   6.0205900e+00   2.7965000e+00   5.4983600e+00   2.4913300e+00  -1.7934700e+04
   5.9888400e+00  -1.8582400e+00   6.0198800e+00   2.7974600e+00   5.4987700e+00   2.4915600e+00  -1.7931800e+04
   5.9893900e+00  -1.8451300e+00   6.0205300e+00   2.7969500e+00   5.5000200e+00   2.4917100e+00  -1.7929600e+04
   5.9889400e+00  -1.8482900e+00   6.0203500e+00   2.7984200e+00   5.4991400e+00   2.4917100e+00  -1.7929300e+04
   5.9891900e+00  -1.8497100e+00   6.0206100e+00   2.7921900e+00   5.5005900e+00   2.4921300e+00  -1.7928000e+04
   5.9892500e+00  -1.8508800e+00   6.0203000e+00   2.7921400e+00   5.4991500e+00   2.4921800e+00  -1.7930900e+04
   5.9891500e+00  -1.8481400e+00   6.0203200e+00   2.7944600e+00   5.4998500e+00   2.4922900e+00  -1.7928500e+04
   5.9888800e+00  -1.8490400e+00   6.0204900e+00   2.7954800e+00   5.4993800e+00   2.4924400e+00  -1.7930200e+04
   5.9888500e+00  -1.8527700e+00   6.0201800e+00   2.7957200e+00   5.4996200e+00   2.4924800e+00  -1.7928000e+04
   5.9892900e+00  -1.8524600e+00   6.0205700e+00   2.7961800e+00   5.4989200e+00   2.4920300e+00  -1.7931300e+04
   5.9890800e+00  -1.8481100e+00   6.0201000e+00   2.7978000e+00   5.4989700e+00   2.4924800e+00  -1.7928600e+04
   5.9887900e+00  -1.8501900e+00   6.0200200e+00   2.7976600e+00   5.4993400e+00   2.4926500e+00  -1.7928700e+04
   5.9890000e+00  -1.8530600e+00   6.0203200e+00   2.7951300e+00   5.4994900e+00   2.4929000e+00  -1.7927700e+04
   5.9888300e+00  -1.8565700e+00   6.0200900e+00   2.7941200e+00   5.4995600e+00   2.4929000e+00  -1.7929100e+04
   5.9889100e+00  -1.8475400e+00   6.0204100e+00   2.7924500e+00   5.5006500e+00   2.4927600e+00  -1.7928000e+04
   5.9893500e+00  -1.8453400e+00   6.0211500e+00   2.7902100e+00   5.5015100e+00   2.4926600e+00  -1.7929300e+04
   5.9889100e+00  -1.8476300e+00   6.0208000e+00   2.7885500e+00   5.5012300e+00   2.4925000e+00  -1.7929000e+04
   5.9887100e+00  -1.8500100e+00   6.0209600e+00   2.7865600e+00   5.5014700e+00   2.4926500e+00  -1.7933900e+04
   5.9889800e+00  -1.8493400e+00   6.0211000e+00   2.7858500e+00   5.5030100e+00   2.4928500e+00  -1.7930500e+04
   5.9889000e+00  -1.8429200e+00   6.0214600e+00   2.7873900e+00   5.5024300e+00   2.4929800e+00  -1.7935000e+04
   5.9891100e+00  -1.8450800e+00   6.0209600e+00   2.7871600e+00   5.5026600e+00   2.4930300e+00  -1.7930700e+04
   5.9889800e+00  -1.8508400e+00   6.0206300e+00   2.7892700e+00   5.5003100e+00   2.4930700e+00  -1.7929400e+04
   5.9888400e+00  -1.8467800e+00   6.0209100e+00   2.7900100e+00   5.5024800e+00   2.4930200e+00  -1.7928500e+04
   5.9886000e+00  -1.8497600e+00   6.0204800e+00   2.7918300e+00   5.5013300e+00   2.4928300e+00  -1.7929200e+04
   5.9891400e+00  -1.8415800e+00   6.0214100e+00   2.7893000e+00   5.5036600e+00   2.4928300e+00  -1.7930600e+04
   5.9886300e+00  -1.8568300e+00   6.0202100e+00   2.7867700e+00   5.5011900e+00   2.4925300e+00  -1.7932400e+04
   5.9892800e+00  -1.8463000e+00   6.0213500e+00   2.7873000e+00   5.5026100e+00   2.4924200e+00  -1.7930900e+04
   5.9891300e+00  -1.8491400e+00   6.0209700e+00   2.7903600e+00   5.5026000e+00   2.4924500e+00  -1.7931300e+04
   5.9886300e+00  -1.8509400e+00   6.0205100e+00   2.7899700e+00   5.5001900e+00   2.4924100e+00  -1.7932300e+04
   5.9892300e+00  -1.8432300e+00   6.0207000e+00   2.7930800e+00   5.5005300e+00   2.4923400e+00  -1.7929200e+04
   5.9894700e+00  -1.8493800e+00   6.0208800e+00   2.7922900e+00   5.4999600e+00   2.4925200e+00  -1.7930900e+04
   5.9887300e+00  -1.8532300e+00   6.0204500e+00   2.7913700e+00   5.5006900e+00   2.4925100e+00  -1.7928900e+04
   5.9890600e+00  -1.8475300e+00   6.0206100e+00   2.7938100e+00   5.4995800e+00   2.4926100e+00  -1.7929200e+04
   5.9889700e+00  -1.8519800e+00   6.0196200e+00   2.7959900e+00   5.4984600e+00   2.4922400e+00  -1.7934600e+04
   5.9888000e+00  -1.8534400e+00   6.0203000e+00   2.7944800e+00   5.4996300e+00   2.4922200e+00  -1.7929200e+04
   5.9891100e+00  -1.8496900e+00   6.0204800e+00   2.7946300e+00   5.4995600e+00   2.4920200e+00  -1.7927700e+04
   5.9893500e+00  -1.8450200e+00   6.0210500e+00   2.7971100e+00   5.5006200e+00   2.4921700e+00  -1.7930800e+04
   5.9891500e+00  -1.8420400e+00   6.0206900e+00   2.7981000e+00   5.5003300e+00   2.4918900e+00  -1.7928800e+04
   5.9892600e+00  -1.8482500e+00   6.0206500e+00   2.7968800e+00   5.4992900e+00   2.4916500e+00  -1.7929500e+04
   5.9889300e+00  -1.8547400e+00   6.0198200e+00   2.7986500e+00   5.4987200e+00   2.4917600e+00  -1.7930200e+04
   5.9893700e+00  -1.8467200e+00   6.0203600e+00   2.7988100e+00   5.4983900e+00   2.4920100e+00  -1.7929500e+04
   5.9889700e+00  -1.8537900e+00   6.0200300e+00   2.7956600e+00   5.4991300e+00   2.4919400e+00  -1.7928500e+04
   5.9892700e+00  -1.8471800e+00   6.0206400e+00   2.7944700e+00   5.5004000e+00   2.4920600e+00  -1.7927800e+04
   5.9892200e+00  -1.8484400e+00   6.0207800e+00   2.7934900e+00   5.5014600e+00   2.4918800e+00  -1.7929700e+04
   5.9885700e+00  -1.8582200e+00   6.0198300e+00   2.7909800e+00   5.4997100e+00   2.4918500e+00  -1.7932000e+04
   5.9890200e+00  -1.8547500e+00   6.0205500e+00   2.7931700e+00   5.5003800e+00   2.4917700e+00  -1.7930900e+04
   5.9889300e+00  -1.8484800e+00   6.0202900e+00   2.7963000e+00   5.4991000e+00   2.4917400e+00  -1.7928700e+04
   5.9893900e+00  -1.8486500e+00   6.0206000e+00   2.7942100e+00   5.4999700e+00   2.4916000e+00  -1.7929100e+04
   5.9888500e+00  -1.8476600e+00   6.0206500e+00   2.7919400e+00   5.5011100e+00   2.4916500e+00  -1.7927800e+04
   5.9889000e+00  -1.8491700e+00   6.0204300e+00   2.7946800e+00   5.4991500e+00   2.4918900e+00  -1.7930300e+04
   5.9886900e+00  -1.8593600e+00   6.0196400e+00   2.7941100e+00   5.4989700e+00   2.4918600e+00  -1.7932400e+04
   5.9891800e+00  -1.8454200e+00   6.0207700e+00   2.7955500e+00   5.5019800e+00   2.4916300e+00  -1.7932200e+04
   5.9889000e+00  -1.8473400e+00   6.0206500e+00   2.7962700e+00   5.5012200e+00   2.4917000e+00  -1.7930000e+04
   5.9892800e+00  -1.8408800e+00   6.0210400e+00   2.7943600e+00   5.5016200e+00   2.4914200e+00  -1.7929000e+04
   5.9888700e+00  -1.8450000e+00   6.0205000e+00   2.7955500e+00   5.5007000e+00   2.4915300e+00  -1.7928500e+04
   5.9886100e+00  -1.8464500e+00   6.0203600e+00   2.7931200e+00   5.4996100e+00   2.4916600e+00  -1.7934000e+04
   5.9890400e+00  -1.8456400e+00   6.0209700e+00   2.7929400e+00   5.5012300e+00   2.4918200e+00  -1.7928700e+04
   5.9891500e+00  -1.8489200e+00   6.0207700e+00   2.7916200e+00   5.5014200e+00   2.4919600e+00  -1.7928500e+04
   5.9891800e+00  -1.8435200e+00   6.0209100e+00   2.7939500e+00   5.5022900e+00   2.4918500e+00  -1.7930700e+04
   5.9888500e+00  -1.8473600e+00   6.0203200e+00   2.7934000e+00   5.5002200e+00   2.4918700e+00  -1.7928600e+04
   5.9892600e+00  -1.8470100e+00   6.0208600e+00   2.7927700e+00   5.5008800e+00   2.4918300e+00  -1.7928100e+04
   5.9891900e+00  -1.8493600e+00   6.0206700e+00   2.7922900e+00   5.5010900e+00   2.4919500e+00  -1.7928600e+04
   5.9892400e+00  -1.8514500e+00   6.0205900e+00   2.7934100e+00   5.5004400e+00   2.4919300e+00  -1.7929100e+04
   5.9893800e+00  -1.8453400e+00   6.0209500e+00   2.7951400e+00   5.5011300e+00   2.4918100e+00  -1.7929300e+04
   5.9890000e+00  -1.8488900e+00   6.0205500e+00   2.7938100e+00   5.4998800e+00   2.4918200e+00  -1.7928100e+04
   5.9888200e+00  -1.8556900e+00   6.0198200e+00   2.7966200e+00   5.4979800e+00   2.4920500e+00  -1.7929900e+04
   5.9888500e+00  -1.8509300e+00   6.0201700e+00   2.7936800e+00   5.4990400e+00   2.4921300e+00  -1.7929300e+04
   5.9890500e+00  -1.8525300e+00   6.0202900e+00   2.7926200e+00   5.4999000e+00   2.4919300e+00  -1.7928400e+04
   5.9889400e+00  -1.8547700e+00   6.0199700e+00   2.7941500e+00   5.4997100e+00   2.4919500e+00  -1.7930600e+04
   5.9892900e+00  -1.8506900e+00   6.0202700e+00   2.7963500e+00   5.4990500e+00   2.4920700e+00  -1.7928600e+04
   5.9890000e+00  -1.8519600e+00   6.0202700e+00   2.7931900e+00   5.4990500e+00   2.4919000e+00  -1.7929000e+04
   5.9888800e+00  -1.8458100e+00   6.0205300e+00   2.7926400e+00   5.5013600e+00   2.4918300e+00  -1.7928800e+04
   5.9892100e+00  -1.8368400e+00   6.0209400e+00   2.7939900e+00   5.5013500e+00   2.4918400e+00  -1.7932300e+04
   5.9891900e+00  -1.8476700e+00   6.0204600e+00   2.7969500e+00   5.4996400e+00   2.4917600e+00  -1.7927600e+04
   5.9891900e+00  -1.8390000e+00   6.0209400e+00   2.7948300e+00   5.5012000e+00   2.4916600e+00  -1.7929700e+04
   5.9886900e+00  -1.8449800e+00   6.0207000e+00   2.7966200e+00   5.5021100e+00   2.4916000e+00  -1.7934100e+04
   5.9890700e+00  -1.8478700e+00   6.0202700e+00   2.7935200e+00   5.5003800e+00   2.4916100e+00  -1.7930600e+04
   5.9890400e+00  -1.8527100e+00   6.0204300e+00   2.7951300e+00   5.5000500e+00   2.4911700e+00  -1.7929300e+04
   5.9889000e+00  -1.8488800e+00   6.0201900e+00   2.7952900e+00   5.4996300e+00   2.4909600e+00  -1.7928500e+04
   5.9891300e+00  -1.8490700e+00   6.0201200e+00   2.7981100e+00   5.4990900e+00   2.4909300e+00  -1.7929200e+04
   5.9892800e+00  -1.8453300e+00   6.0202600e+00   2.7976500e+00   5.4990500e+00   2.4907800e+00  -1.7930600e+04
   5.9888700e+00  -1.8429500e+00   6.0205600e+00   2.7979200e+00   5.4997600e+00   2.4908100e+00  -1.7931400e+04
   5.9890300e+00  -1.8458300e+00   6.0204400e+00   2.7944700e+00   5.5006000e+00   2.4908900e+00  -1.7929000e+04
   5.9889000e+00  -1.8537700e+00   6.0202200e+00   2.7953200e+00   5.4995700e+00   2.4911500e+00  -1.7929000e+04
   5.9888500e+00  -1.8481900e+00   6.0208600e+00   2.7914800e+00   5.5016300e+00   2.4912800e+00  -1.7929300e+04
   5.9889900e+00  -1.8472400e+00   6.0207600e+00   2.7879000e+00   5.5007400e+00   2.4913200e+00  -1.7931400e+04
   5.9888400e+00  -1.8495800e+00   6.0209700e+00   2.7895300e+00   5.5023800e+00   2.4911300e+00  -1.7931000e+04
   5.9894800e+00  -1.8490400e+00   6.0206700e+00   2.7926400e+00   5.5003100e+00   2.4911000e+00  -1.7931500e+04
   5.9890600e+00  -1.8427500e+00   6.0212100e+00   2.7890900e+00   5.5032500e+00   2.4909800e+00  -1.7930400e+04
   5.9891400e+00  -1.8510300e+00   6.0205600e+00   2.7907200e+00   5.5010100e+00   2.4909600e+00  -1.7930100e+04
   5.9892000e+00  -1.8489300e+00   6.0209300e+00   2.7893000e+00   5.5016800e+00   2.4909300e+00  -1.7930000e+04
   5.9886400e+00  -1.8399200e+00   6.0210800e+00   2.7864700e+00   5.5037900e+00   2.4910000e+00  -1.7934100e+04
   5.9888200e+00  -1.8476500e+00   6.0210700e+00   2.7881200e+00   5.5020400e+00   2.4910300e+00  -1.7931100e+04
   5.9890300e+00  -1.8491300e+00   6.0204700e+00   2.7917900e+00   5.4999500e+00   2.4909200e+00  -1.7928800e+04
   5.9889600e+00  -1.8435800e+00   6.0211200e+00   2.7901100e+00   5.5021800e+00   2.4907600e+00  -1.7929300e+04
   5.9894700e+00  -1.8396500e+00   6.0209600e+00   2.7930400e+00   5.5014100e+00   2.4910300e+00  -1.7932800e+04
   5.9892900e+00  -1.8550700e+00   6.0205800e+00   2.7908000e+00   5.5007000e+00   2.4906900e+00  -1.7934000e+04
   5.9889400e+00  -1.8568500e+00   6.0202600e+00   2.7912600e+00   5.4997900e+00   2.4905400e+00  -1.7931200e+04
   5.9890100e+00  -1.8521100e+00   6.0204700e+00   2.7909400e+00   5.5004800e+00   2.4904700e+00  -1.7929200e+04
   5.9888000e+00  -1.8433900e+00   6.0208100e+00   2.7927500e+00   5.5008100e+00   2.4905600e+00  -1.7931300e+04
   5.9887900e+00  -1.8577300e+00   6.0201900e+00   2.7941000e+00   5.4993300e+00   2.4906800e+00  -1.7932700e+04
   5.9889000e+00  -1.8521800e+00   6.0205700e+00   2.7879300e+00   5.5017900e+00   2.4907600e+00  -1.7931300e+04
   5.9889500e+00  -1.8416600e+00   6.0213300e+00   2.7854200e+00   5.5041000e+00   2.4906300e+00  -1.7932500e+04
   5.9893600e+00  -1.8402000e+00   6.0214900e+00   2.7885900e+00   5.5032400e+00   2.4907900e+00  -1.7931900e+04
   5.9888600e+00  -1.8475000e+00   6.0208100e+00   2.7884600e+00   5.5024500e+00   2.4907600e+00  -1.7929800e+04
   5.9889900e+00  -1.8459100e+00   6.0211200e+00   2.7870500e+00   5.5036200e+00   2.4906500e+00  -1.7932500e+04
   5.9891100e+00  -1.8448200e+00   6.0211400e+00   2.7894400e+00   5.5016700e+00   2.4907900e+00  -1.7929900e+04
   5.9891900e+00  -1.8454300e+00   6.0205400e+00   2.7932200e+00   5.5014700e+00   2.4908900e+00  -1.7933000e+04
   5.9891600e+00  -1.8458300e+00   6.0204700e+00   2.7950700e+00   5.4997300e+00   2.4908600e+00  -1.7928600e+04
   5.9890700e+00  -1.8445900e+00   6.0207700e+00   2.7912100e+00   5.5006700e+00   2.4908000e+00  -1.7929400e+04
   5.9892300e+00  -1.8518900e+00   6.0206900e+00   2.7911000e+00   5.5002500e+00   2.4907500e+00  -1.7930400e+04
   5.9886900e+00  -1.8466100e+00   6.0206600e+00   2.7922700e+00   5.5013500e+00   2.4908400e+00  -1.7929500e+04
   5.9887400e+00  -1.8508800e+00   6.0199400e+00   2.7938300e+00   5.4995100e+00   2.4908100e+00  -1.7930800e+04
   5.9893100e+00  -1.8467100e+00   6.0207300e+00   2.7940600e+00   5.4995700e+00   2.4908300e+00  -1.7929900e+04
   5.9888000e+00  -1.8487400e+00   6.0203600e+00   2.7968800e+00   5.5003300e+00   2.4908200e+00  -1.7929500e+04
   5.9892400e+00  -1.8495700e+00   6.0200700e+00   2.7982300e+00   5.4990300e+00   2.4906200e+00  -1.7931000e+04
   5.9894700e+00  -1.8402100e+00   6.0208600e+00   2.7947400e+00   5.5011200e+00   2.4905200e+00  -1.7932500e+04
   5.9889800e+00  -1.8454500e+00   6.0206800e+00   2.7918200e+00   5.5007600e+00   2.4905500e+00  -1.7928600e+04
   5.9892400e+00  -1.8444500e+00   6.0209100e+00   2.7934100e+00   5.5011700e+00   2.4907000e+00  -1.7928400e+04
   5.9892100e+00  -1.8458000e+00   6.0209100e+00   2.7935900e+00   5.5004300e+00   2.4906800e+00  -1.7929400e+04
   5.9889400e+00  -1.8437800e+00   6.0209400e+00   2.7909600e+00   5.5025900e+00   2.4908100e+00  -1.7929600e+04
   5.9889800e+00  -1.8426200e+00   6.0209400e+00   2.7920400e+00   5.5024200e+00   2.4909100e+00  -1.7929500e+04
   5.9891900e+00  -1.8427800e+00   6.0207900e+00   2.7946100e+00   5.5002100e+00   2.4910100e+00  -1.7929200e+04
   5.9890100e+00  -1.8433900e+00   6.0208800e+00   2.7936000e+00   5.5008500e+00   2.4908900e+00  -1.7929100e+04
   5.9887700e+00  -1.8564400e+00   6.0201900e+00   2.7904500e+00   5.4998700e+00   2.4908600e+00  -1.7930700e+04
   5.9892900e+00  -1.8484100e+00   6.0205500e+00   2.7964900e+00   5.5005700e+00   2.4907600e+00  -1.7930600e+04
   5.9890000e+00  -1.8436100e+00   6.0209200e+00   2.7969300e+00   5.5009100e+00   2.4906100e+00  -1.7931100e+04
   5.9890600e+00  -1.8446100e+00   6.0205400e+00   2.7952900e+00   5.5004000e+00   2.4905500e+00  -1.7928300e+04
   5.9894300e+00  -1.8477800e+00   6.0210300e+00   2.7933300e+00   5.5003700e+00   2.4906900e+00  -1.7931800e+04
   5.9892300e+00  -1.8411700e+00   6.0212700e+00   2.7930800e+00   5.5015000e+00   2.4908800e+00  -1.7930700e+04
   5.9888700e+00  -1.8602600e+00   6.0198200e+00   2.7908500e+00   5.4991400e+00   2.4910600e+00  -1.7934100e+04
   5.9887000e+00  -1.8475700e+00   6.0207000e+00   2.7901400e+00   5.5010000e+00   2.4908300e+00  -1.7930500e+04
   5.9888300e+00  -1.8487900e+00   6.0204100e+00   2.7914700e+00   5.5001800e+00   2.4908500e+00  -1.7929100e+04
   5.9891000e+00  -1.8409400e+00   6.0211400e+00   2.7926000e+00   5.5025500e+00   2.4909200e+00  -1.7929600e+04
   5.9886100e+00  -1.8509300e+00   6.0204000e+00   2.7914100e+00   5.5005200e+00   2.4910300e+00  -1.7930000e+04
   5.9893500e+00  -1.8418600e+00   6.0210100e+00   2.7963600e+00   5.5017000e+00   2.4907700e+00  -1.7931000e+04
   5.9891500e+00  -1.8514500e+00   6.0198300e+00   2.7982400e+00   5.4980900e+00   2.4908600e+00  -1.7931300e+04
   5.9893000e+00  -1.8443600e+00   6.0209600e+00   2.7971300e+00   5.5005000e+00   2.4910600e+00  -1.7930100e+04
   5.9893000e+00  -1.8456300e+00   6.0203700e+00   2.7954700e+00   5.4987800e+00   2.4909800e+00  -1.7931600e+04
   5.9891300e+00  -1.8465400e+00   6.0208000e+00   2.7919300e+00   5.5012600e+00   2.4909600e+00  -1.7928100e+04
   5.9889800e+00  -1.8504700e+00   6.0203700e+00   2.7942100e+00   5.4996300e+00   2.4911000e+00  -1.7928000e+04
   5.9887800e+00  -1.8480300e+00   6.0202500e+00   2.7980600e+00   5.4994900e+00   2.4911200e+00  -1.7929600e+04
   5.9888900e+00  -1.8400100e+00   6.0206900e+00   2.7954400e+00   5.5010300e+00   2.4914100e+00  -1.7930800e+04
   5.9890300e+00  -1.8479100e+00   6.0204200e+00   2.7942000e+00   5.5000100e+00   2.4914900e+00  -1.7927700e+04
   5.9885000e+00  -1.8497300e+00   6.0200000e+00   2.7945100e+00   5.4996200e+00   2.4916000e+00  -1.7931700e+04
   5.9891700e+00  -1.8386700e+00   6.0212100e+00   2.7974400e+00   5.5018000e+00   2.4917500e+00  -1.7931900e+04
   5.9892300e+00  -1.8439200e+00   6.0208700e+00   2.7982400e+00   5.4999600e+00   2.4916800e+00  -1.7930500e+04
   5.9890100e+00  -1.8430700e+00   6.0208100e+00   2.7953500e+00   5.5013300e+00   2.4917800e+00  -1.7928400e+04
   5.9888400e+00  -1.8510100e+00   6.0202400e+00   2.7913400e+00   5.5004800e+00   2.4917900e+00  -1.7929200e+04
   5.9889900e+00  -1.8443300e+00   6.0212600e+00   2.7885600e+00   5.5024700e+00   2.4917500e+00  -1.7930000e+04
   5.9887900e+00  -1.8470800e+00   6.0206300e+00   2.7908400e+00   5.5019300e+00   2.4918500e+00  -1.7928900e+04
   5.9885900e+00  -1.8437600e+00   6.0207100e+00   2.7902600e+00   5.5025300e+00   2.4917900e+00  -1.7931400e+04
   5.9885400e+00  -1.8446300e+00   6.0208800e+00   2.7910000e+00   5.5030400e+00   2.4917500e+00  -1.7932800e+04
   5.9890600e+00  -1.8520700e+00   6.0203500e+00   2.7929800e+00   5.5001800e+00   2.4916000e+00  -1.7928500e+04
   5.9888900e+00  -1.8434800e+00   6.0211100e+00   2.7910700e+00   5.5018700e+00   2.4918200e+00  -1.7930200e+04
   5.9895500e+00  -1.8416800e+00   6.0213800e+00   2.7927500e+00   5.5014600e+00   2.4918400e+00  -1.7931500e+04
   5.9889000e+00  -1.8441700e+00   6.0205500e+00   2.7940800e+00   5.4999100e+00   2.4918100e+00  -1.7930500e+04
   5.9889900e+00  -1.8545700e+00   6.0200700e+00   2.7933900e+00   5.4984800e+00   2.4919300e+00  -1.7930100e+04
   5.9892200e+00  -1.8345800e+00   6.0217800e+00   2.7925100e+00   5.5036300e+00   2.4921700e+00  -1.7934400e+04
   5.9889900e+00  -1.8491200e+00   6.0208000e+00   2.7905300e+00   5.5024600e+00   2.4923800e+00  -1.7930500e+04
   5.9894600e+00  -1.8524900e+00   6.0202300e+00   2.7976500e+00   5.4982300e+00   2.4924100e+00  -1.7930300e+04
   5.9893400e+00  -1.8474700e+00   6.0206400e+00   2.7960000e+00   5.5001000e+00   2.4922600e+00  -1.7928000e+04
