   6.9453800e+00  -1.1240500e+00   6.0263300e+00   2.9625900e+00   5.2141600e+00   5.6941000e-01  -8.8506000e+05
   6.9452600e+00  -1.1236800e+00   6.0262200e+00   2.9627100e+00   5.2142600e+00   5.6935500e-01  -8.8506200e+05
   6.9453200e+00  -1.1234600e+00   6.0263300e+00   2.9627000e+00   5.2143600e+00   5.6941200e-01  -8.8505900e+05
   6.9450400e+00  -1.1231900e+00   6.0263800e+00   2.9627300e+00   5.2145800e+00   5.6955300e-01  -8.8506000e+05
   6.9451900e+00  -1.1226700e+00   6.0263000e+00   2.9628900e+00   5.2144700e+00   5.6960200e-01  -8.8505900e+05
   6.9448500e+00  -1.1222500e+00   6.0263300e+00   2.9629600e+00   5.2148200e+00   5.6972500e-01  -8.8505900e+05
   6.9450100e+00  -1.1218100e+00   6.0263200e+00   2.9630700e+00   5.2146000e+00   5.6974000e-01  -8.8505800e+05
   6.9448500e+00  -1.1222200e+00   6.0263700e+00   2.9629900e+00   5.2147300e+00   5.6973300e-01  -8.8506100e+05
   6.9448900e+00  -1.1232900e+00   6.0263200e+00   2.9629500e+00   5.2149800e+00   5.6986200e-01  -8.8505900e+05
   6.9448900e+00  -1.1226800e+00   6.0263000e+00   2.9629600e+00   5.2145700e+00   5.6972400e-01  -8.8506000e+05
   6.9449700e+00  -1.1234700e+00   6.0262200e+00   2.9629300e+00   5.2145200e+00   5.6974200e-01  -8.8506200e+05
   6.9449500e+00  -1.1218500e+00   6.0263400e+00   2.9629800e+00   5.2146800e+00   5.6968700e-01  -8.8505800e+05
   6.9450900e+00  -1.1219400e+00   6.0263500e+00   2.9630400e+00   5.2144200e+00   5.6951000e-01  -8.8505800e+05
   6.9451000e+00  -1.1225500e+00   6.0262700e+00   2.9630600e+00   5.2143200e+00   5.6944100e-01  -8.8505900e+05
   6.9452200e+00  -1.1211500e+00   6.0263500e+00   2.9630400e+00   5.2142100e+00   5.6936200e-01  -8.8505900e+05
   6.9450100e+00  -1.1218800e+00   6.0262800e+00   2.9629500e+00   5.2145200e+00   5.6940300e-01  -8.8506000e+05
   6.9451100e+00  -1.1212700e+00   6.0263400e+00   2.9629800e+00   5.2145300e+00   5.6955800e-01  -8.8505900e+05
   6.9449200e+00  -1.1221900e+00   6.0263500e+00   2.9628600e+00   5.2147500e+00   5.6969600e-01  -8.8505800e+05
   6.9449500e+00  -1.1220700e+00   6.0263100e+00   2.9628600e+00   5.2145900e+00   5.6967900e-01  -8.8505800e+05
   6.9449700e+00  -1.1222900e+00   6.0263100e+00   2.9629100e+00   5.2147200e+00   5.6973000e-01  -8.8505800e+05
   6.9450900e+00  -1.1222400e+00   6.0263200e+00   2.9628700e+00   5.2147400e+00   5.6970800e-01  -8.8506100e+05
   6.9451900e+00  -1.1228800e+00   6.0262800e+00   2.9628800e+00   5.2142500e+00   5.6977100e-01  -8.8506100e+05
   6.9448300e+00  -1.1232700e+00   6.0262700e+00   2.9628200e+00   5.2147600e+00   5.6990700e-01  -8.8506000e+05
   6.9449200e+00  -1.1232400e+00   6.0263000e+00   2.9627900e+00   5.2148900e+00   5.6994400e-01  -8.8505800e+05
   6.9448000e+00  -1.1231500e+00   6.0262600e+00   2.9628100e+00   5.2149700e+00   5.6995200e-01  -8.8506000e+05
   6.9449200e+00  -1.1229800e+00   6.0263100e+00   2.9627800e+00   5.2146800e+00   5.6988000e-01  -8.8505800e+05
   6.9449900e+00  -1.1228000e+00   6.0262900e+00   2.9628000e+00   5.2146300e+00   5.6994900e-01  -8.8505900e+05
   6.9447400e+00  -1.1233700e+00   6.0263600e+00   2.9629700e+00   5.2152500e+00   5.7008700e-01  -8.8506100e+05
   6.9449400e+00  -1.1228100e+00   6.0262900e+00   2.9630800e+00   5.2145700e+00   5.7004900e-01  -8.8506100e+05
   6.9448300e+00  -1.1234800e+00   6.0262800e+00   2.9630400e+00   5.2150100e+00   5.7005500e-01  -8.8505900e+05
   6.9450500e+00  -1.1244100e+00   6.0262500e+00   2.9629900e+00   5.2147000e+00   5.6990700e-01  -8.8505900e+05
   6.9448200e+00  -1.1240000e+00   6.0263000e+00   2.9629600e+00   5.2151700e+00   5.6988200e-01  -8.8506100e+05
   6.9449800e+00  -1.1233100e+00   6.0263000e+00   2.9628300e+00   5.2147300e+00   5.6978200e-01  -8.8505800e+05
   6.9450400e+00  -1.1235100e+00   6.0262800e+00   2.9629200e+00   5.2146100e+00   5.6980200e-01  -8.8505800e+05
   6.9449800e+00  -1.1233900e+00   6.0262800e+00   2.9629200e+00   5.2147800e+00   5.6983000e-01  -8.8505900e+05
   6.9449800e+00  -1.1226600e+00   6.0263000e+00   2.9626100e+00   5.2148200e+00   5.6981300e-01  -8.8505900e+05
   6.9449000e+00  -1.1228600e+00   6.0263200e+00   2.9626800e+00   5.2147700e+00   5.6968400e-01  -8.8505800e+05
   6.9448300e+00  -1.1231600e+00   6.0263200e+00   2.9627200e+00   5.2149600e+00   5.6986200e-01  -8.8505800e+05
   6.9449500e+00  -1.1223900e+00   6.0263200e+00   2.9627900e+00   5.2146000e+00   5.6969600e-01  -8.8505800e+05
   6.9448700e+00  -1.1221500e+00   6.0263900e+00   2.9627000e+00   5.2147500e+00   5.6959300e-01  -8.8506100e+05
   6.9450900e+00  -1.1212800e+00   6.0263500e+00   2.9627300e+00   5.2145800e+00   5.6965800e-01  -8.8505900e+05
   6.9449400e+00  -1.1213800e+00   6.0263700e+00   2.9627300e+00   5.2147300e+00   5.6989800e-01  -8.8505900e+05
   6.9449200e+00  -1.1228000e+00   6.0262500e+00   2.9629000e+00   5.2147000e+00   5.6983500e-01  -8.8506000e+05
   6.9447400e+00  -1.1226100e+00   6.0263500e+00   2.9629200e+00   5.2151000e+00   5.7012300e-01  -8.8505900e+05
   6.9448700e+00  -1.1227800e+00   6.0262000e+00   2.9629500e+00   5.2148100e+00   5.6998100e-01  -8.8506500e+05
   6.9448600e+00  -1.1240900e+00   6.0263800e+00   2.9629700e+00   5.2150600e+00   5.7004500e-01  -8.8506100e+05
   6.9447700e+00  -1.1227500e+00   6.0263000e+00   2.9629400e+00   5.2150200e+00   5.7009500e-01  -8.8505900e+05
   6.9448000e+00  -1.1225800e+00   6.0262200e+00   2.9631100e+00   5.2147900e+00   5.7012500e-01  -8.8506300e+05
   6.9448800e+00  -1.1236400e+00   6.0263500e+00   2.9630900e+00   5.2148100e+00   5.7004700e-01  -8.8506000e+05
   6.9448100e+00  -1.1240400e+00   6.0262200e+00   2.9631200e+00   5.2146500e+00   5.7014800e-01  -8.8506500e+05
   6.9448700e+00  -1.1240700e+00   6.0262600e+00   2.9630700e+00   5.2149900e+00   5.7021400e-01  -8.8505900e+05
   6.9446800e+00  -1.1232800e+00   6.0262500e+00   2.9629300e+00   5.2151300e+00   5.7030100e-01  -8.8506100e+05
   6.9446900e+00  -1.1231800e+00   6.0262800e+00   2.9628700e+00   5.2150700e+00   5.7040400e-01  -8.8506000e+05
   6.9446500e+00  -1.1240200e+00   6.0263300e+00   2.9630300e+00   5.2153500e+00   5.7036200e-01  -8.8505900e+05
   6.9447800e+00  -1.1247400e+00   6.0263600e+00   2.9631500e+00   5.2152100e+00   5.7040200e-01  -8.8506100e+05
   6.9449600e+00  -1.1251300e+00   6.0263100e+00   2.9631700e+00   5.2150400e+00   5.7028800e-01  -8.8506100e+05
   6.9447900e+00  -1.1261000e+00   6.0262200e+00   2.9632300e+00   5.2151500e+00   5.7031200e-01  -8.8506100e+05
   6.9449800e+00  -1.1269600e+00   6.0261900e+00   2.9632800e+00   5.2149200e+00   5.7040600e-01  -8.8506200e+05
   6.9448600e+00  -1.1266600e+00   6.0262800e+00   2.9632100e+00   5.2152800e+00   5.7030300e-01  -8.8506200e+05
   6.9448700e+00  -1.1258500e+00   6.0262600e+00   2.9632500e+00   5.2151000e+00   5.7036900e-01  -8.8505900e+05
   6.9447800e+00  -1.1253900e+00   6.0263000e+00   2.9633000e+00   5.2152200e+00   5.7047700e-01  -8.8506000e+05
   6.9447000e+00  -1.1251900e+00   6.0263000e+00   2.9633900e+00   5.2152700e+00   5.7043500e-01  -8.8506000e+05
   6.9450300e+00  -1.1247600e+00   6.0263300e+00   2.9632900e+00   5.2148400e+00   5.7011000e-01  -8.8506100e+05
   6.9448700e+00  -1.1249700e+00   6.0262500e+00   2.9633100e+00   5.2148700e+00   5.7014700e-01  -8.8506000e+05
   6.9450100e+00  -1.1244800e+00   6.0262700e+00   2.9634400e+00   5.2147300e+00   5.7005400e-01  -8.8505900e+05
   6.9449200e+00  -1.1250100e+00   6.0262400e+00   2.9635000e+00   5.2148400e+00   5.7022500e-01  -8.8506000e+05
   6.9445100e+00  -1.1243200e+00   6.0262700e+00   2.9634000e+00   5.2153900e+00   5.7045900e-01  -8.8506200e+05
   6.9447400e+00  -1.1245500e+00   6.0262700e+00   2.9634300e+00   5.2151500e+00   5.7046300e-01  -8.8506000e+05
   6.9445700e+00  -1.1235700e+00   6.0263200e+00   2.9634800e+00   5.2152300e+00   5.7054700e-01  -8.8506200e+05
   6.9445700e+00  -1.1231100e+00   6.0263500e+00   2.9633900e+00   5.2155500e+00   5.7063600e-01  -8.8506400e+05
   6.9445200e+00  -1.1232500e+00   6.0262900e+00   2.9634500e+00   5.2152300e+00   5.7073300e-01  -8.8506400e+05
   6.9445100e+00  -1.1226100e+00   6.0262600e+00   2.9634800e+00   5.2154900e+00   5.7070700e-01  -8.8506600e+05
   6.9445500e+00  -1.1237600e+00   6.0262900e+00   2.9633100e+00   5.2152800e+00   5.7059700e-01  -8.8506100e+05
   6.9447400e+00  -1.1237600e+00   6.0262300e+00   2.9635000e+00   5.2150000e+00   5.7053400e-01  -8.8506300e+05
   6.9445900e+00  -1.1240600e+00   6.0263400e+00   2.9635100e+00   5.2153200e+00   5.7052500e-01  -8.8506300e+05
   6.9448200e+00  -1.1231100e+00   6.0263300e+00   2.9635400e+00   5.2149000e+00   5.7065300e-01  -8.8506700e+05
   6.9446900e+00  -1.1248800e+00   6.0262800e+00   2.9634900e+00   5.2152900e+00   5.7051700e-01  -8.8506000e+05
   6.9446700e+00  -1.1255400e+00   6.0262200e+00   2.9636200e+00   5.2152000e+00   5.7054200e-01  -8.8506200e+05
   6.9447200e+00  -1.1253600e+00   6.0262700e+00   2.9636500e+00   5.2153300e+00   5.7047900e-01  -8.8506200e+05
   6.9448800e+00  -1.1269300e+00   6.0262200e+00   2.9636600e+00   5.2150300e+00   5.7037500e-01  -8.8506200e+05
   6.9449400e+00  -1.1281200e+00   6.0262000e+00   2.9637100e+00   5.2151800e+00   5.7026000e-01  -8.8506600e+05
   6.9450200e+00  -1.1273400e+00   6.0262000e+00   2.9635600e+00   5.2148500e+00   5.7036300e-01  -8.8506200e+05
   6.9448300e+00  -1.1257600e+00   6.0262100e+00   2.9636000e+00   5.2151100e+00   5.7035200e-01  -8.8506200e+05
   6.9449800e+00  -1.1256300e+00   6.0261900e+00   2.9636200e+00   5.2148700e+00   5.7037900e-01  -8.8506300e+05
   6.9450400e+00  -1.1260300e+00   6.0261700e+00   2.9636300e+00   5.2147800e+00   5.7042900e-01  -8.8506500e+05
   6.9447300e+00  -1.1255400e+00   6.0262500e+00   2.9636600e+00   5.2150300e+00   5.7042000e-01  -8.8506200e+05
   6.9447000e+00  -1.1261100e+00   6.0262300e+00   2.9637600e+00   5.2154400e+00   5.7037400e-01  -8.8506500e+05
   6.9446700e+00  -1.1262900e+00   6.0262700e+00   2.9637700e+00   5.2153800e+00   5.7049000e-01  -8.8506300e+05
   6.9447600e+00  -1.1250700e+00   6.0261600e+00   2.9638700e+00   5.2148800e+00   5.7061300e-01  -8.8506800e+05
   6.9447900e+00  -1.1270400e+00   6.0262100e+00   2.9638600e+00   5.2153500e+00   5.7059100e-01  -8.8506400e+05
   6.9447400e+00  -1.1254900e+00   6.0262700e+00   2.9638700e+00   5.2151400e+00   5.7050100e-01  -8.8506200e+05
   6.9446900e+00  -1.1238800e+00   6.0263300e+00   2.9637600e+00   5.2151300e+00   5.7044100e-01  -8.8506300e+05
   6.9445100e+00  -1.1240000e+00   6.0262500e+00   2.9638000e+00   5.2154100e+00   5.7054600e-01  -8.8506400e+05
   6.9447500e+00  -1.1234400e+00   6.0262200e+00   2.9636300e+00   5.2150300e+00   5.7038200e-01  -8.8506300e+05
   6.9450500e+00  -1.1247700e+00   6.0262900e+00   2.9636600e+00   5.2145900e+00   5.7022100e-01  -8.8506300e+05
   6.9448700e+00  -1.1246000e+00   6.0262900e+00   2.9635600e+00   5.2147600e+00   5.7023800e-01  -8.8506200e+05
   6.9448500e+00  -1.1226900e+00   6.0263600e+00   2.9636500e+00   5.2146800e+00   5.7013100e-01  -8.8506500e+05
   6.9451100e+00  -1.1233900e+00   6.0262700e+00   2.9636200e+00   5.2145700e+00   5.7001900e-01  -8.8506100e+05
   6.9449400e+00  -1.1230100e+00   6.0262900e+00   2.9636600e+00   5.2147500e+00   5.7000700e-01  -8.8506000e+05
   6.9447700e+00  -1.1238600e+00   6.0263300e+00   2.9637100e+00   5.2151500e+00   5.7004700e-01  -8.8506300e+05
   6.9449000e+00  -1.1234500e+00   6.0262600e+00   2.9636800e+00   5.2147500e+00   5.7009900e-01  -8.8506100e+05
   6.9451300e+00  -1.1245200e+00   6.0262200e+00   2.9636200e+00   5.2145100e+00   5.7014500e-01  -8.8506300e+05
   6.9446000e+00  -1.1235300e+00   6.0263100e+00   2.9636900e+00   5.2152900e+00   5.7034900e-01  -8.8506200e+05
   6.9448900e+00  -1.1245300e+00   6.0262500e+00   2.9638200e+00   5.2147300e+00   5.7025100e-01  -8.8506200e+05
   6.9446200e+00  -1.1232600e+00   6.0263200e+00   2.9638600e+00   5.2150600e+00   5.7015300e-01  -8.8506500e+05
   6.9446200e+00  -1.1227100e+00   6.0263400e+00   2.9639700e+00   5.2152600e+00   5.7021700e-01  -8.8506500e+05
   6.9449800e+00  -1.1240200e+00   6.0262400e+00   2.9641400e+00   5.2146200e+00   5.7023900e-01  -8.8506400e+05
   6.9447600e+00  -1.1243400e+00   6.0262300e+00   2.9640300e+00   5.2149500e+00   5.7020200e-01  -8.8506300e+05
   6.9449200e+00  -1.1252300e+00   6.0262100e+00   2.9641700e+00   5.2150500e+00   5.7020900e-01  -8.8506600e+05
   6.9450000e+00  -1.1250600e+00   6.0262200e+00   2.9642800e+00   5.2147300e+00   5.7020300e-01  -8.8506400e+05
   6.9450100e+00  -1.1251400e+00   6.0263100e+00   2.9642700e+00   5.2147800e+00   5.7005600e-01  -8.8506600e+05
   6.9448200e+00  -1.1252900e+00   6.0262200e+00   2.9643700e+00   5.2149500e+00   5.7032800e-01  -8.8506500e+05
   6.9449800e+00  -1.1240100e+00   6.0262600e+00   2.9643300e+00   5.2146800e+00   5.7026700e-01  -8.8506500e+05
   6.9449200e+00  -1.1234900e+00   6.0262000e+00   2.9642300e+00   5.2147000e+00   5.7035600e-01  -8.8506600e+05
   6.9449200e+00  -1.1250000e+00   6.0262600e+00   2.9643100e+00   5.2150100e+00   5.7036500e-01  -8.8506500e+05
   6.9451300e+00  -1.1247600e+00   6.0262100e+00   2.9642400e+00   5.2144900e+00   5.7034200e-01  -8.8506700e+05
   6.9450800e+00  -1.1245500e+00   6.0262300e+00   2.9643700e+00   5.2145600e+00   5.7026700e-01  -8.8506600e+05
   6.9448700e+00  -1.1250200e+00   6.0262400e+00   2.9643500e+00   5.2150400e+00   5.7016200e-01  -8.8506600e+05
   6.9451100e+00  -1.1256600e+00   6.0261700e+00   2.9644100e+00   5.2145400e+00   5.7004500e-01  -8.8506700e+05
   6.9447800e+00  -1.1249500e+00   6.0262300e+00   2.9644500e+00   5.2149100e+00   5.6999300e-01  -8.8506800e+05
   6.9451500e+00  -1.1250500e+00   6.0262400e+00   2.9644500e+00   5.2145700e+00   5.7002700e-01  -8.8506600e+05
   6.9449200e+00  -1.1236400e+00   6.0263000e+00   2.9644600e+00   5.2146900e+00   5.6997800e-01  -8.8506600e+05
   6.9449800e+00  -1.1245900e+00   6.0262400e+00   2.9645500e+00   5.2147700e+00   5.6998700e-01  -8.8506600e+05
   6.9448200e+00  -1.1232800e+00   6.0263100e+00   2.9646200e+00   5.2147900e+00   5.7010000e-01  -8.8506700e+05
   6.9449700e+00  -1.1230500e+00   6.0263300e+00   2.9646400e+00   5.2146300e+00   5.7018300e-01  -8.8506900e+05
   6.9448200e+00  -1.1210500e+00   6.0262500e+00   2.9645800e+00   5.2146800e+00   5.7001000e-01  -8.8506700e+05
   6.9450700e+00  -1.1227700e+00   6.0262300e+00   2.9646100e+00   5.2145000e+00   5.7009400e-01  -8.8506700e+05
   6.9448700e+00  -1.1222600e+00   6.0262500e+00   2.9646100e+00   5.2145600e+00   5.7009700e-01  -8.8506700e+05
   6.9448900e+00  -1.1214500e+00   6.0263600e+00   2.9645700e+00   5.2145500e+00   5.7009500e-01  -8.8507100e+05
   6.9448900e+00  -1.1230100e+00   6.0262900e+00   2.9644900e+00   5.2147500e+00   5.7000000e-01  -8.8506500e+05
   6.9449600e+00  -1.1237400e+00   6.0262700e+00   2.9644900e+00   5.2148200e+00   5.7004600e-01  -8.8506500e+05
   6.9449500e+00  -1.1251200e+00   6.0261500e+00   2.9645200e+00   5.2148100e+00   5.7017600e-01  -8.8506900e+05
   6.9448700e+00  -1.1251600e+00   6.0262100e+00   2.9645000e+00   5.2148300e+00   5.7030200e-01  -8.8506600e+05
   6.9450700e+00  -1.1261900e+00   6.0261800e+00   2.9645100e+00   5.2147000e+00   5.7025200e-01  -8.8506700e+05
   6.9447000e+00  -1.1259000e+00   6.0262600e+00   2.9644500e+00   5.2153500e+00   5.7039700e-01  -8.8506800e+05
   6.9448300e+00  -1.1251700e+00   6.0262600e+00   2.9644100e+00   5.2149600e+00   5.7027500e-01  -8.8506500e+05
   6.9446700e+00  -1.1240400e+00   6.0262600e+00   2.9643500e+00   5.2150600e+00   5.7022600e-01  -8.8506600e+05
   6.9449500e+00  -1.1238300e+00   6.0262600e+00   2.9643900e+00   5.2147800e+00   5.7019100e-01  -8.8506400e+05
   6.9449800e+00  -1.1254000e+00   6.0261800e+00   2.9644500e+00   5.2147500e+00   5.7005500e-01  -8.8506700e+05
   6.9451100e+00  -1.1261800e+00   6.0261600e+00   2.9646100e+00   5.2147500e+00   5.7003000e-01  -8.8507100e+05
   6.9450000e+00  -1.1243000e+00   6.0262200e+00   2.9646500e+00   5.2147400e+00   5.6999400e-01  -8.8506700e+05
   6.9450500e+00  -1.1237900e+00   6.0262400e+00   2.9645600e+00   5.2145300e+00   5.7000000e-01  -8.8506500e+05
   6.9449900e+00  -1.1239600e+00   6.0262600e+00   2.9646300e+00   5.2146100e+00   5.7016800e-01  -8.8506600e+05
   6.9447000e+00  -1.1246400e+00   6.0262200e+00   2.9646100e+00   5.2152200e+00   5.7038000e-01  -8.8506800e+05
   6.9446600e+00  -1.1241000e+00   6.0263100e+00   2.9646400e+00   5.2152300e+00   5.7032200e-01  -8.8506900e+05
   6.9448600e+00  -1.1243100e+00   6.0262200e+00   2.9645600e+00   5.2148900e+00   5.7024900e-01  -8.8506600e+05
   6.9447900e+00  -1.1242700e+00   6.0262300e+00   2.9645800e+00   5.2150100e+00   5.7022000e-01  -8.8506600e+05
   6.9449200e+00  -1.1245400e+00   6.0262600e+00   2.9646200e+00   5.2149500e+00   5.7025600e-01  -8.8506700e+05
   6.9449900e+00  -1.1256000e+00   6.0262400e+00   2.9645100e+00   5.2148700e+00   5.7013500e-01  -8.8506600e+05
   6.9450400e+00  -1.1259500e+00   6.0261900e+00   2.9644900e+00   5.2146600e+00   5.7006200e-01  -8.8506600e+05
   6.9451000e+00  -1.1270900e+00   6.0261700e+00   2.9644100e+00   5.2146800e+00   5.7010100e-01  -8.8506800e+05
   6.9449700e+00  -1.1269900e+00   6.0262200e+00   2.9643900e+00   5.2148200e+00   5.7012700e-01  -8.8506700e+05
   6.9450300e+00  -1.1256600e+00   6.0262400e+00   2.9642500e+00   5.2146300e+00   5.7021200e-01  -8.8506500e+05
   6.9450800e+00  -1.1265100e+00   6.0262200e+00   2.9643700e+00   5.2147300e+00   5.7014600e-01  -8.8506600e+05
   6.9451800e+00  -1.1260900e+00   6.0262500e+00   2.9641900e+00   5.2146500e+00   5.6989000e-01  -8.8506600e+05
   6.9450100e+00  -1.1253400e+00   6.0262000e+00   2.9641500e+00   5.2147400e+00   5.6983000e-01  -8.8506500e+05
   6.9448400e+00  -1.1247700e+00   6.0263100e+00   2.9641000e+00   5.2149800e+00   5.6993900e-01  -8.8506600e+05
   6.9450500e+00  -1.1244000e+00   6.0263000e+00   2.9640400e+00   5.2149000e+00   5.6987300e-01  -8.8506600e+05
   6.9453600e+00  -1.1258700e+00   6.0262500e+00   2.9640800e+00   5.2141700e+00   5.6982100e-01  -8.8506700e+05
   6.9452800e+00  -1.1254900e+00   6.0261500e+00   2.9640700e+00   5.2144000e+00   5.7009700e-01  -8.8507000e+05
   6.9451100e+00  -1.1258500e+00   6.0261800e+00   2.9640600e+00   5.2146800e+00   5.7012500e-01  -8.8506500e+05
   6.9451800e+00  -1.1269800e+00   6.0262500e+00   2.9641300e+00   5.2149200e+00   5.7016000e-01  -8.8507100e+05
   6.9449400e+00  -1.1261100e+00   6.0261800e+00   2.9641400e+00   5.2149200e+00   5.7014300e-01  -8.8506500e+05
   6.9451300e+00  -1.1253600e+00   6.0262600e+00   2.9642300e+00   5.2145400e+00   5.7007000e-01  -8.8506500e+05
   6.9449100e+00  -1.1257600e+00   6.0262600e+00   2.9643600e+00   5.2149500e+00   5.7007700e-01  -8.8506600e+05
   6.9451500e+00  -1.1251200e+00   6.0262400e+00   2.9643400e+00   5.2145800e+00   5.7005100e-01  -8.8506500e+05
   6.9449200e+00  -1.1245800e+00   6.0262300e+00   2.9643300e+00   5.2149100e+00   5.7007000e-01  -8.8506500e+05
   6.9450400e+00  -1.1254400e+00   6.0261700e+00   2.9642600e+00   5.2146200e+00   5.7008600e-01  -8.8506500e+05
   6.9449900e+00  -1.1245100e+00   6.0262000e+00   2.9641800e+00   5.2149000e+00   5.7016900e-01  -8.8506700e+05
   6.9449300e+00  -1.1255600e+00   6.0262900e+00   2.9641900e+00   5.2148300e+00   5.7031600e-01  -8.8506500e+05
   6.9448900e+00  -1.1242300e+00   6.0262800e+00   2.9640700e+00   5.2149400e+00   5.7036600e-01  -8.8506300e+05
   6.9449100e+00  -1.1255700e+00   6.0262400e+00   2.9640000e+00   5.2148800e+00   5.7031200e-01  -8.8506200e+05
   6.9447400e+00  -1.1252400e+00   6.0262500e+00   2.9639600e+00   5.2151200e+00   5.7038100e-01  -8.8506200e+05
   6.9444900e+00  -1.1233000e+00   6.0262900e+00   2.9640000e+00   5.2156600e+00   5.7049400e-01  -8.8506900e+05
   6.9447600e+00  -1.1242000e+00   6.0262500e+00   2.9641000e+00   5.2151200e+00   5.7058200e-01  -8.8506400e+05
   6.9445900e+00  -1.1247600e+00   6.0262800e+00   2.9642300e+00   5.2152200e+00   5.7074800e-01  -8.8506700e+05
   6.9444600e+00  -1.1259200e+00   6.0262500e+00   2.9641300e+00   5.2155900e+00   5.7075900e-01  -8.8506600e+05
   6.9445600e+00  -1.1261200e+00   6.0262800e+00   2.9641200e+00   5.2155100e+00   5.7080200e-01  -8.8506500e+05
   6.9448700e+00  -1.1263400e+00   6.0261800e+00   2.9641300e+00   5.2150200e+00   5.7070500e-01  -8.8506600e+05
   6.9448700e+00  -1.1256000e+00   6.0262400e+00   2.9641000e+00   5.2150900e+00   5.7055500e-01  -8.8506400e+05
   6.9448800e+00  -1.1258200e+00   6.0261400e+00   2.9642300e+00   5.2149100e+00   5.7044600e-01  -8.8506800e+05
   6.9449300e+00  -1.1251300e+00   6.0262500e+00   2.9643800e+00   5.2149200e+00   5.7033200e-01  -8.8506500e+05
   6.9448300e+00  -1.1245500e+00   6.0263000e+00   2.9643300e+00   5.2149200e+00   5.7032200e-01  -8.8506600e+05
   6.9448100e+00  -1.1257700e+00   6.0262600e+00   2.9643000e+00   5.2151400e+00   5.7049000e-01  -8.8506500e+05
   6.9448200e+00  -1.1255500e+00   6.0262200e+00   2.9642600e+00   5.2149900e+00   5.7050900e-01  -8.8506400e+05
   6.9446200e+00  -1.1233800e+00   6.0262800e+00   2.9642900e+00   5.2151200e+00   5.7031200e-01  -8.8506500e+05
   6.9450100e+00  -1.1260000e+00   6.0261400e+00   2.9643800e+00   5.2146700e+00   5.7024300e-01  -8.8506800e+05
   6.9447600e+00  -1.1254400e+00   6.0262400e+00   2.9642700e+00   5.2150900e+00   5.7030000e-01  -8.8506500e+05
   6.9447600e+00  -1.1239300e+00   6.0262900e+00   2.9642700e+00   5.2152000e+00   5.7023600e-01  -8.8506600e+05
   6.9448300e+00  -1.1231700e+00   6.0262400e+00   2.9642500e+00   5.2148200e+00   5.7011600e-01  -8.8506400e+05
   6.9447700e+00  -1.1223200e+00   6.0263100e+00   2.9642600e+00   5.2149600e+00   5.7022900e-01  -8.8506400e+05
   6.9450200e+00  -1.1243000e+00   6.0261700e+00   2.9642200e+00   5.2144400e+00   5.7001500e-01  -8.8506600e+05
   6.9449500e+00  -1.1235300e+00   6.0262400e+00   2.9641900e+00   5.2147100e+00   5.7003700e-01  -8.8506300e+05
   6.9448100e+00  -1.1238300e+00   6.0262600e+00   2.9641900e+00   5.2149500e+00   5.7012700e-01  -8.8506300e+05
   6.9447300e+00  -1.1232800e+00   6.0262400e+00   2.9641700e+00   5.2151600e+00   5.7029200e-01  -8.8506600e+05
   6.9450600e+00  -1.1231100e+00   6.0262900e+00   2.9640600e+00   5.2146900e+00   5.7016400e-01  -8.8506500e+05
   6.9448400e+00  -1.1226200e+00   6.0263100e+00   2.9640400e+00   5.2148900e+00   5.7010900e-01  -8.8506200e+05
   6.9447700e+00  -1.1234000e+00   6.0263400e+00   2.9640600e+00   5.2149800e+00   5.7028200e-01  -8.8506500e+05
   6.9447800e+00  -1.1243900e+00   6.0262600e+00   2.9640200e+00   5.2152700e+00   5.7029100e-01  -8.8506600e+05
   6.9448000e+00  -1.1254500e+00   6.0261800e+00   2.9639100e+00   5.2150300e+00   5.7028700e-01  -8.8506400e+05
   6.9448100e+00  -1.1256400e+00   6.0263000e+00   2.9638900e+00   5.2152200e+00   5.7032900e-01  -8.8506400e+05
   6.9448200e+00  -1.1260800e+00   6.0262500e+00   2.9638400e+00   5.2150500e+00   5.7032300e-01  -8.8506200e+05
   6.9449300e+00  -1.1258000e+00   6.0262200e+00   2.9637400e+00   5.2148200e+00   5.7035500e-01  -8.8506200e+05
   6.9450800e+00  -1.1267000e+00   6.0262700e+00   2.9636200e+00   5.2146900e+00   5.7034200e-01  -8.8506500e+05
   6.9448300e+00  -1.1274300e+00   6.0262400e+00   2.9638000e+00   5.2151900e+00   5.7049900e-01  -8.8506300e+05
   6.9449000e+00  -1.1264900e+00   6.0262600e+00   2.9638300e+00   5.2148900e+00   5.7024400e-01  -8.8506300e+05
   6.9447600e+00  -1.1251400e+00   6.0262700e+00   2.9637500e+00   5.2149900e+00   5.7031600e-01  -8.8506200e+05
   6.9447300e+00  -1.1246300e+00   6.0262500e+00   2.9636600e+00   5.2150400e+00   5.7042100e-01  -8.8506100e+05
   6.9445800e+00  -1.1233600e+00   6.0262400e+00   2.9635500e+00   5.2154700e+00   5.7032600e-01  -8.8506700e+05
   6.9445500e+00  -1.1226500e+00   6.0263000e+00   2.9633400e+00   5.2153800e+00   5.7037200e-01  -8.8506200e+05
   6.9447900e+00  -1.1239700e+00   6.0263000e+00   2.9633900e+00   5.2151400e+00   5.7042500e-01  -8.8506000e+05
   6.9449400e+00  -1.1255700e+00   6.0262700e+00   2.9633700e+00   5.2151300e+00   5.7033700e-01  -8.8506200e+05
   6.9447300e+00  -1.1241200e+00   6.0263200e+00   2.9632900e+00   5.2152900e+00   5.7048900e-01  -8.8506000e+05
   6.9447100e+00  -1.1245100e+00   6.0263300e+00   2.9633800e+00   5.2151400e+00   5.7060800e-01  -8.8506300e+05
   6.9444900e+00  -1.1260800e+00   6.0262500e+00   2.9634400e+00   5.2156400e+00   5.7073500e-01  -8.8506200e+05
   6.9446500e+00  -1.1253000e+00   6.0262400e+00   2.9634100e+00   5.2154700e+00   5.7060300e-01  -8.8506200e+05
   6.9447600e+00  -1.1242200e+00   6.0263000e+00   2.9634700e+00   5.2151500e+00   5.7055300e-01  -8.8506100e+05
   6.9446900e+00  -1.1260800e+00   6.0262800e+00   2.9634700e+00   5.2152700e+00   5.7063600e-01  -8.8506100e+05
   6.9448900e+00  -1.1258600e+00   6.0262600e+00   2.9634800e+00   5.2151700e+00   5.7064300e-01  -8.8506300e+05
   6.9447500e+00  -1.1271200e+00   6.0262200e+00   2.9634800e+00   5.2152200e+00   5.7064600e-01  -8.8506100e+05
   6.9446300e+00  -1.1258200e+00   6.0262800e+00   2.9634200e+00   5.2155700e+00   5.7068300e-01  -8.8506200e+05
   6.9447000e+00  -1.1246300e+00   6.0262800e+00   2.9632800e+00   5.2153700e+00   5.7055200e-01  -8.8506000e+05
   6.9444800e+00  -1.1244900e+00   6.0262900e+00   2.9633800e+00   5.2154200e+00   5.7059900e-01  -8.8506200e+05
   6.9448200e+00  -1.1252200e+00   6.0262800e+00   2.9634200e+00   5.2152200e+00   5.7066600e-01  -8.8506200e+05
   6.9448400e+00  -1.1264000e+00   6.0262400e+00   2.9634600e+00   5.2150400e+00   5.7060900e-01  -8.8506100e+05
   6.9446700e+00  -1.1263200e+00   6.0262100e+00   2.9635300e+00   5.2153000e+00   5.7069300e-01  -8.8506100e+05
   6.9448100e+00  -1.1276700e+00   6.0262900e+00   2.9635300e+00   5.2153900e+00   5.7078200e-01  -8.8506400e+05
   6.9448500e+00  -1.1272400e+00   6.0262300e+00   2.9636100e+00   5.2151200e+00   5.7070900e-01  -8.8506200e+05
   6.9448400e+00  -1.1266400e+00   6.0262600e+00   2.9636700e+00   5.2151100e+00   5.7060500e-01  -8.8506200e+05
   6.9445900e+00  -1.1263700e+00   6.0263000e+00   2.9636500e+00   5.2153700e+00   5.7060700e-01  -8.8506400e+05
   6.9447800e+00  -1.1273500e+00   6.0262400e+00   2.9637100e+00   5.2151100e+00   5.7065000e-01  -8.8506300e+05
   6.9447000e+00  -1.1260900e+00   6.0262200e+00   2.9636100e+00   5.2154200e+00   5.7073500e-01  -8.8506200e+05
   6.9448400e+00  -1.1268400e+00   6.0262300e+00   2.9636200e+00   5.2150900e+00   5.7067200e-01  -8.8506200e+05
   6.9445400e+00  -1.1277500e+00   6.0262100e+00   2.9636200e+00   5.2155100e+00   5.7072100e-01  -8.8506400e+05
   6.9447300e+00  -1.1282000e+00   6.0262500e+00   2.9636700e+00   5.2154900e+00   5.7084500e-01  -8.8506300e+05
   6.9445200e+00  -1.1256100e+00   6.0262900e+00   2.9636300e+00   5.2155200e+00   5.7083300e-01  -8.8506200e+05
   6.9447200e+00  -1.1242500e+00   6.0263000e+00   2.9636200e+00   5.2152400e+00   5.7084300e-01  -8.8506400e+05
   6.9443700e+00  -1.1241000e+00   6.0262800e+00   2.9635600e+00   5.2158200e+00   5.7071800e-01  -8.8506600e+05
   6.9446500e+00  -1.1233800e+00   6.0263300e+00   2.9634200e+00   5.2153600e+00   5.7077500e-01  -8.8506300e+05
   6.9447000e+00  -1.1230600e+00   6.0263200e+00   2.9633600e+00   5.2151000e+00   5.7077200e-01  -8.8506500e+05
   6.9446500e+00  -1.1216200e+00   6.0263600e+00   2.9634400e+00   5.2151000e+00   5.7058100e-01  -8.8506500e+05
   6.9446200e+00  -1.1240600e+00   6.0262100e+00   2.9633400e+00   5.2150800e+00   5.7057200e-01  -8.8506400e+05
   6.9447600e+00  -1.1240600e+00   6.0262700e+00   2.9634000e+00   5.2152900e+00   5.7067500e-01  -8.8506300e+05
   6.9446700e+00  -1.1248600e+00   6.0262400e+00   2.9634800e+00   5.2150800e+00   5.7058900e-01  -8.8506200e+05
   6.9447600e+00  -1.1252700e+00   6.0262600e+00   2.9633800e+00   5.2150000e+00   5.7060800e-01  -8.8506200e+05
   6.9447400e+00  -1.1238100e+00   6.0263400e+00   2.9633700e+00   5.2151400e+00   5.7052600e-01  -8.8506200e+05
   6.9445600e+00  -1.1239600e+00   6.0263300e+00   2.9632900e+00   5.2153800e+00   5.7045100e-01  -8.8506100e+05
   6.9447500e+00  -1.1238300e+00   6.0262400e+00   2.9633500e+00   5.2151700e+00   5.7046700e-01  -8.8506200e+05
   6.9446100e+00  -1.1230600e+00   6.0262800e+00   2.9634400e+00   5.2151400e+00   5.7036900e-01  -8.8506100e+05
   6.9449700e+00  -1.1234900e+00   6.0263200e+00   2.9635000e+00   5.2150000e+00   5.7031700e-01  -8.8506400e+05
   6.9449500e+00  -1.1242500e+00   6.0263200e+00   2.9635000e+00   5.2147900e+00   5.7019400e-01  -8.8506100e+05
   6.9450600e+00  -1.1255000e+00   6.0262900e+00   2.9633800e+00   5.2146000e+00   5.7003900e-01  -8.8506100e+05
   6.9450400e+00  -1.1262400e+00   6.0262500e+00   2.9634400e+00   5.2147800e+00   5.6999100e-01  -8.8506100e+05
   6.9451300e+00  -1.1261900e+00   6.0263000e+00   2.9635300e+00   5.2146200e+00   5.7011800e-01  -8.8506400e+05
   6.9448800e+00  -1.1260000e+00   6.0262100e+00   2.9635800e+00   5.2148100e+00   5.7008900e-01  -8.8506300e+05
   6.9450400e+00  -1.1264400e+00   6.0262600e+00   2.9635300e+00   5.2149700e+00   5.7011500e-01  -8.8506300e+05
   6.9449500e+00  -1.1275000e+00   6.0262400e+00   2.9636000e+00   5.2149800e+00   5.7012800e-01  -8.8506300e+05
   6.9449900e+00  -1.1272900e+00   6.0262700e+00   2.9635600e+00   5.2149000e+00   5.7011400e-01  -8.8506400e+05
   6.9448700e+00  -1.1258000e+00   6.0262800e+00   2.9635900e+00   5.2148200e+00   5.7000400e-01  -8.8506400e+05
   6.9450300e+00  -1.1256100e+00   6.0262500e+00   2.9635800e+00   5.2148800e+00   5.7002300e-01  -8.8506200e+05
   6.9450200e+00  -1.1246000e+00   6.0262200e+00   2.9636000e+00   5.2147600e+00   5.6992200e-01  -8.8506200e+05
   6.9451100e+00  -1.1250000e+00   6.0262800e+00   2.9635100e+00   5.2145800e+00   5.6975300e-01  -8.8506000e+05
   6.9452900e+00  -1.1240100e+00   6.0262800e+00   2.9633700e+00   5.2142700e+00   5.6962800e-01  -8.8506000e+05
   6.9450800e+00  -1.1240800e+00   6.0262600e+00   2.9634200e+00   5.2145800e+00   5.6965100e-01  -8.8506000e+05
   6.9449000e+00  -1.1238000e+00   6.0263200e+00   2.9633800e+00   5.2147800e+00   5.6984400e-01  -8.8506000e+05
   6.9449000e+00  -1.1239300e+00   6.0262500e+00   2.9634400e+00   5.2147500e+00   5.6999700e-01  -8.8506000e+05
   6.9450800e+00  -1.1229700e+00   6.0263200e+00   2.9634600e+00   5.2145100e+00   5.6991400e-01  -8.8506100e+05
   6.9450100e+00  -1.1235400e+00   6.0263300e+00   2.9633800e+00   5.2146300e+00   5.6991200e-01  -8.8506000e+05
   6.9450000e+00  -1.1237900e+00   6.0263400e+00   2.9634300e+00   5.2146400e+00   5.6992400e-01  -8.8506100e+05
   6.9450600e+00  -1.1241400e+00   6.0262800e+00   2.9633300e+00   5.2145900e+00   5.6978700e-01  -8.8505900e+05
   6.9449600e+00  -1.1249400e+00   6.0262700e+00   2.9634100e+00   5.2147000e+00   5.6981200e-01  -8.8506100e+05
   6.9451500e+00  -1.1256400e+00   6.0262500e+00   2.9632500e+00   5.2145600e+00   5.6983300e-01  -8.8506000e+05
   6.9451400e+00  -1.1242600e+00   6.0263000e+00   2.9632300e+00   5.2147200e+00   5.6972300e-01  -8.8506100e+05
   6.9451300e+00  -1.1242200e+00   6.0262600e+00   2.9633000e+00   5.2146300e+00   5.6989800e-01  -8.8506000e+05
   6.9451100e+00  -1.1237300e+00   6.0262800e+00   2.9632600e+00   5.2145300e+00   5.6977700e-01  -8.8505900e+05
   6.9450400e+00  -1.1236200e+00   6.0263300e+00   2.9633600e+00   5.2147200e+00   5.6978900e-01  -8.8506000e+05
   6.9449600e+00  -1.1220200e+00   6.0262700e+00   2.9633300e+00   5.2146400e+00   5.6965600e-01  -8.8506000e+05
   6.9451700e+00  -1.1236700e+00   6.0263100e+00   2.9634100e+00   5.2146300e+00   5.6936800e-01  -8.8506300e+05
   6.9452600e+00  -1.1222200e+00   6.0262400e+00   2.9634600e+00   5.2140400e+00   5.6924700e-01  -8.8506100e+05
   6.9452500e+00  -1.1228000e+00   6.0262600e+00   2.9633400e+00   5.2139500e+00   5.6918400e-01  -8.8506200e+05
   6.9453600e+00  -1.1218900e+00   6.0263400e+00   2.9631800e+00   5.2141800e+00   5.6919400e-01  -8.8506000e+05
   6.9453800e+00  -1.1228100e+00   6.0262700e+00   2.9630800e+00   5.2140700e+00   5.6924800e-01  -8.8506000e+05
   6.9455900e+00  -1.1212800e+00   6.0263200e+00   2.9630800e+00   5.2136700e+00   5.6916800e-01  -8.8506300e+05
   6.9449400e+00  -1.1198400e+00   6.0263300e+00   2.9629500e+00   5.2145000e+00   5.6934600e-01  -8.8506000e+05
   6.9450700e+00  -1.1201600e+00   6.0262900e+00   2.9630200e+00   5.2143300e+00   5.6938100e-01  -8.8506000e+05
   6.9450900e+00  -1.1213500e+00   6.0263000e+00   2.9629900e+00   5.2143900e+00   5.6935800e-01  -8.8505900e+05
   6.9453100e+00  -1.1225100e+00   6.0263300e+00   2.9631500e+00   5.2140500e+00   5.6924500e-01  -8.8506000e+05
   6.9454200e+00  -1.1229700e+00   6.0263000e+00   2.9632500e+00   5.2139800e+00   5.6917900e-01  -8.8506000e+05
   6.9451500e+00  -1.1213400e+00   6.0263300e+00   2.9633400e+00   5.2143900e+00   5.6925900e-01  -8.8506000e+05
   6.9452400e+00  -1.1219200e+00   6.0263100e+00   2.9633600e+00   5.2140200e+00   5.6923000e-01  -8.8506000e+05
   6.9452200e+00  -1.1221700e+00   6.0262600e+00   2.9633100e+00   5.2141400e+00   5.6935600e-01  -8.8506000e+05
   6.9452900e+00  -1.1216700e+00   6.0263100e+00   2.9632800e+00   5.2143400e+00   5.6937200e-01  -8.8506200e+05
   6.9452700e+00  -1.1220500e+00   6.0263300e+00   2.9633100e+00   5.2141500e+00   5.6929300e-01  -8.8505900e+05
   6.9452200e+00  -1.1206500e+00   6.0263800e+00   2.9633300e+00   5.2143600e+00   5.6936400e-01  -8.8506100e+05
   6.9451700e+00  -1.1214200e+00   6.0263100e+00   2.9633300e+00   5.2142900e+00   5.6945600e-01  -8.8505900e+05
   6.9452200e+00  -1.1206200e+00   6.0263100e+00   2.9632700e+00   5.2142600e+00   5.6927700e-01  -8.8506000e+05
   6.9452500e+00  -1.1218600e+00   6.0263400e+00   2.9632700e+00   5.2141200e+00   5.6911500e-01  -8.8505900e+05
   6.9456100e+00  -1.1231200e+00   6.0262800e+00   2.9632800e+00   5.2136700e+00   5.6920600e-01  -8.8506300e+05
   6.9454500e+00  -1.1246900e+00   6.0262700e+00   2.9632400e+00   5.2141500e+00   5.6922200e-01  -8.8506200e+05
   6.9454200e+00  -1.1240300e+00   6.0262500e+00   2.9632800e+00   5.2139700e+00   5.6915700e-01  -8.8506100e+05
   6.9453900e+00  -1.1243800e+00   6.0262700e+00   2.9631400e+00   5.2138900e+00   5.6913600e-01  -8.8506300e+05
   6.9455900e+00  -1.1237600e+00   6.0263100e+00   2.9630200e+00   5.2138500e+00   5.6909500e-01  -8.8506200e+05
   6.9451200e+00  -1.1231600e+00   6.0262600e+00   2.9630600e+00   5.2143800e+00   5.6920800e-01  -8.8506100e+05
   6.9454200e+00  -1.1219300e+00   6.0262400e+00   2.9630400e+00   5.2139800e+00   5.6920500e-01  -8.8506200e+05
   6.9453800e+00  -1.1229000e+00   6.0263100e+00   2.9631500e+00   5.2141500e+00   5.6923400e-01  -8.8506000e+05
   6.9452300e+00  -1.1219200e+00   6.0263200e+00   2.9632800e+00   5.2143500e+00   5.6919800e-01  -8.8506000e+05
   6.9451300e+00  -1.1204800e+00   6.0263000e+00   2.9632400e+00   5.2143700e+00   5.6921300e-01  -8.8506100e+05
   6.9451400e+00  -1.1198600e+00   6.0264100e+00   2.9632300e+00   5.2143000e+00   5.6915900e-01  -8.8506100e+05
   6.9452700e+00  -1.1187200e+00   6.0263300e+00   2.9633000e+00   5.2140800e+00   5.6911600e-01  -8.8506200e+05
   6.9451700e+00  -1.1206100e+00   6.0262800e+00   2.9632600e+00   5.2140900e+00   5.6913900e-01  -8.8506000e+05
   6.9451800e+00  -1.1197200e+00   6.0263000e+00   2.9632500e+00   5.2141100e+00   5.6893900e-01  -8.8506100e+05
   6.9455200e+00  -1.1193800e+00   6.0263200e+00   2.9633500e+00   5.2137200e+00   5.6881100e-01  -8.8506100e+05
   6.9454700e+00  -1.1201500e+00   6.0262900e+00   2.9632800e+00   5.2137000e+00   5.6879100e-01  -8.8506000e+05
   6.9452900e+00  -1.1197000e+00   6.0263700e+00   2.9633700e+00   5.2138600e+00   5.6882600e-01  -8.8506100e+05
   6.9453100e+00  -1.1198200e+00   6.0263800e+00   2.9632800e+00   5.2139000e+00   5.6895600e-01  -8.8506000e+05
   6.9453800e+00  -1.1198600e+00   6.0263100e+00   2.9632300e+00   5.2138400e+00   5.6882700e-01  -8.8506000e+05
   6.9453000e+00  -1.1204100e+00   6.0263600e+00   2.9632300e+00   5.2141600e+00   5.6892600e-01  -8.8506000e+05
   6.9453300e+00  -1.1201000e+00   6.0263600e+00   2.9632700e+00   5.2138200e+00   5.6881700e-01  -8.8506000e+05
   6.9453000e+00  -1.1170600e+00   6.0263700e+00   2.9632200e+00   5.2137600e+00   5.6875100e-01  -8.8506100e+05
   6.9455000e+00  -1.1176700e+00   6.0263700e+00   2.9632200e+00   5.2136300e+00   5.6875100e-01  -8.8506200e+05
   6.9452700e+00  -1.1172300e+00   6.0264100e+00   2.9630700e+00   5.2139100e+00   5.6874900e-01  -8.8506100e+05
   6.9450600e+00  -1.1172600e+00   6.0263900e+00   2.9630300e+00   5.2142800e+00   5.6897300e-01  -8.8506200e+05
   6.9451400e+00  -1.1182700e+00   6.0264000e+00   2.9629600e+00   5.2141200e+00   5.6904100e-01  -8.8506000e+05
   6.9452300e+00  -1.1197300e+00   6.0263800e+00   2.9629800e+00   5.2142100e+00   5.6909900e-01  -8.8505900e+05
   6.9452600e+00  -1.1208600e+00   6.0263200e+00   2.9630000e+00   5.2140200e+00   5.6912900e-01  -8.8505900e+05
   6.9452100e+00  -1.1215300e+00   6.0263900e+00   2.9629200e+00   5.2142100e+00   5.6917400e-01  -8.8506000e+05
   6.9452800e+00  -1.1217500e+00   6.0263500e+00   2.9628500e+00   5.2140100e+00   5.6904900e-01  -8.8505900e+05
   6.9454700e+00  -1.1219000e+00   6.0263300e+00   2.9627600e+00   5.2138900e+00   5.6902200e-01  -8.8505900e+05
   6.9452900e+00  -1.1215900e+00   6.0263400e+00   2.9627200e+00   5.2141600e+00   5.6911000e-01  -8.8505800e+05
   6.9450500e+00  -1.1207200e+00   6.0263600e+00   2.9627900e+00   5.2145300e+00   5.6936600e-01  -8.8505900e+05
   6.9452100e+00  -1.1203000e+00   6.0263700e+00   2.9629200e+00   5.2141900e+00   5.6931600e-01  -8.8505900e+05
   6.9450800e+00  -1.1199800e+00   6.0263600e+00   2.9630600e+00   5.2143000e+00   5.6922800e-01  -8.8505900e+05
   6.9452700e+00  -1.1202500e+00   6.0263200e+00   2.9631100e+00   5.2140900e+00   5.6909800e-01  -8.8505900e+05
   6.9451300e+00  -1.1177900e+00   6.0264300e+00   2.9630300e+00   5.2140500e+00   5.6913400e-01  -8.8506300e+05
   6.9451200e+00  -1.1178500e+00   6.0264300e+00   2.9630600e+00   5.2141200e+00   5.6917200e-01  -8.8506200e+05
   6.9450800e+00  -1.1182400e+00   6.0263900e+00   2.9631800e+00   5.2143200e+00   5.6916400e-01  -8.8506100e+05
   6.9449700e+00  -1.1189900e+00   6.0263800e+00   2.9629500e+00   5.2143800e+00   5.6927300e-01  -8.8506000e+05
   6.9451800e+00  -1.1184000e+00   6.0263800e+00   2.9629200e+00   5.2141400e+00   5.6910900e-01  -8.8506000e+05
   6.9450100e+00  -1.1168600e+00   6.0263900e+00   2.9629300e+00   5.2145400e+00   5.6916200e-01  -8.8506800e+05
   6.9450000e+00  -1.1184600e+00   6.0263500e+00   2.9629500e+00   5.2143100e+00   5.6910800e-01  -8.8506100e+05
   6.9451200e+00  -1.1194500e+00   6.0264100e+00   2.9631100e+00   5.2142400e+00   5.6904200e-01  -8.8506100e+05
   6.9452300e+00  -1.1181400e+00   6.0264200e+00   2.9631200e+00   5.2140300e+00   5.6906300e-01  -8.8506200e+05
   6.9448800e+00  -1.1182900e+00   6.0264000e+00   2.9630900e+00   5.2145800e+00   5.6930000e-01  -8.8506200e+05
   6.9450500e+00  -1.1183200e+00   6.0263400e+00   2.9630500e+00   5.2142900e+00   5.6917300e-01  -8.8506200e+05
   6.9451100e+00  -1.1174900e+00   6.0264500e+00   2.9630000e+00   5.2142100e+00   5.6900200e-01  -8.8506300e+05
   6.9452600e+00  -1.1176300e+00   6.0264100e+00   2.9629700e+00   5.2139400e+00   5.6900900e-01  -8.8506100e+05
   6.9450700e+00  -1.1183400e+00   6.0263600e+00   2.9629200e+00   5.2143500e+00   5.6900300e-01  -8.8506200e+05
   6.9449600e+00  -1.1180700e+00   6.0263800e+00   2.9628800e+00   5.2142100e+00   5.6893300e-01  -8.8506400e+05
   6.9450700e+00  -1.1195100e+00   6.0263600e+00   2.9628100e+00   5.2141300e+00   5.6899700e-01  -8.8506100e+05
   6.9453300e+00  -1.1185000e+00   6.0263700e+00   2.9628000e+00   5.2139000e+00   5.6902100e-01  -8.8506000e+05
   6.9454400e+00  -1.1192700e+00   6.0263700e+00   2.9627700e+00   5.2135800e+00   5.6906000e-01  -8.8506400e+05
   6.9450500e+00  -1.1185400e+00   6.0263300e+00   2.9627300e+00   5.2142700e+00   5.6903700e-01  -8.8506200e+05
   6.9452500e+00  -1.1198300e+00   6.0263700e+00   2.9628400e+00   5.2140600e+00   5.6907200e-01  -8.8505900e+05
   6.9452600e+00  -1.1217600e+00   6.0263700e+00   2.9629900e+00   5.2144800e+00   5.6919500e-01  -8.8506300e+05
   6.9453100e+00  -1.1225900e+00   6.0262600e+00   2.9628900e+00   5.2140700e+00   5.6932400e-01  -8.8506000e+05
   6.9452200e+00  -1.1229100e+00   6.0263800e+00   2.9630300e+00   5.2143200e+00   5.6925800e-01  -8.8506200e+05
   6.9454400e+00  -1.1223100e+00   6.0263000e+00   2.9630900e+00   5.2141400e+00   5.6941000e-01  -8.8506300e+05
   6.9450500e+00  -1.1227500e+00   6.0263800e+00   2.9629800e+00   5.2145900e+00   5.6942400e-01  -8.8506100e+05
   6.9452200e+00  -1.1208700e+00   6.0263400e+00   2.9630400e+00   5.2142000e+00   5.6940000e-01  -8.8505900e+05
   6.9451000e+00  -1.1228100e+00   6.0263400e+00   2.9629600e+00   5.2145500e+00   5.6941400e-01  -8.8505900e+05
   6.9452000e+00  -1.1236000e+00   6.0262900e+00   2.9629200e+00   5.2144600e+00   5.6935000e-01  -8.8505900e+05
   6.9450300e+00  -1.1233200e+00   6.0263500e+00   2.9628800e+00   5.2145600e+00   5.6949900e-01  -8.8506000e+05
   6.9450900e+00  -1.1232400e+00   6.0263200e+00   2.9629500e+00   5.2143900e+00   5.6933600e-01  -8.8506000e+05
   6.9452200e+00  -1.1240400e+00   6.0262400e+00   2.9629100e+00   5.2143800e+00   5.6939400e-01  -8.8506000e+05
   6.9453300e+00  -1.1231800e+00   6.0262800e+00   2.9628600e+00   5.2140700e+00   5.6943700e-01  -8.8506000e+05
   6.9452600e+00  -1.1223800e+00   6.0263300e+00   2.9628400e+00   5.2142500e+00   5.6944100e-01  -8.8505800e+05
   6.9453200e+00  -1.1221400e+00   6.0263200e+00   2.9628400e+00   5.2141500e+00   5.6925600e-01  -8.8505800e+05
   6.9452900e+00  -1.1225500e+00   6.0263000e+00   2.9628800e+00   5.2143200e+00   5.6917700e-01  -8.8506000e+05
   6.9452200e+00  -1.1218900e+00   6.0263400e+00   2.9628700e+00   5.2141500e+00   5.6911000e-01  -8.8505900e+05
   6.9452300e+00  -1.1208600e+00   6.0263600e+00   2.9627900e+00   5.2140900e+00   5.6911500e-01  -8.8505800e+05
   6.9452300e+00  -1.1199300e+00   6.0263300e+00   2.9627300e+00   5.2140900e+00   5.6904200e-01  -8.8505900e+05
   6.9453500e+00  -1.1191900e+00   6.0263200e+00   2.9627700e+00   5.2137900e+00   5.6896700e-01  -8.8506000e+05
   6.9451200e+00  -1.1198500e+00   6.0263500e+00   2.9626800e+00   5.2140800e+00   5.6876600e-01  -8.8506200e+05
   6.9453000e+00  -1.1195100e+00   6.0264100e+00   2.9626500e+00   5.2142200e+00   5.6870200e-01  -8.8506300e+05
   6.9455700e+00  -1.1199700e+00   6.0263500e+00   2.9626400e+00   5.2136800e+00   5.6867200e-01  -8.8506000e+05
   6.9454200e+00  -1.1192700e+00   6.0263200e+00   2.9626800e+00   5.2136400e+00   5.6851300e-01  -8.8506000e+05
   6.9454400e+00  -1.1177100e+00   6.0263600e+00   2.9627900e+00   5.2134400e+00   5.6850600e-01  -8.8506200e+05
   6.9454800e+00  -1.1189200e+00   6.0263800e+00   2.9628400e+00   5.2137100e+00   5.6847000e-01  -8.8506000e+05
   6.9451200e+00  -1.1190800e+00   6.0263200e+00   2.9628300e+00   5.2139300e+00   5.6857100e-01  -8.8506600e+05
   6.9455600e+00  -1.1206100e+00   6.0263100e+00   2.9628400e+00   5.2135500e+00   5.6875900e-01  -8.8506000e+05
   6.9456100e+00  -1.1213000e+00   6.0262800e+00   2.9629300e+00   5.2136900e+00   5.6869600e-01  -8.8506200e+05
   6.9453100e+00  -1.1203300e+00   6.0263400e+00   2.9629000e+00   5.2138500e+00   5.6877400e-01  -8.8506000e+05
   6.9453600e+00  -1.1212000e+00   6.0263800e+00   2.9629000e+00   5.2139400e+00   5.6901200e-01  -8.8506000e+05
   6.9451200e+00  -1.1208300e+00   6.0263100e+00   2.9628300e+00   5.2143000e+00   5.6910800e-01  -8.8505900e+05
   6.9451700e+00  -1.1194900e+00   6.0263500e+00   2.9627300e+00   5.2143000e+00   5.6915900e-01  -8.8506000e+05
   6.9450600e+00  -1.1193700e+00   6.0263700e+00   2.9627200e+00   5.2144100e+00   5.6913000e-01  -8.8506000e+05
   6.9450200e+00  -1.1196400e+00   6.0264700e+00   2.9627200e+00   5.2145000e+00   5.6920000e-01  -8.8506400e+05
   6.9451600e+00  -1.1202600e+00   6.0263100e+00   2.9627100e+00   5.2142900e+00   5.6925700e-01  -8.8506000e+05
   6.9450300e+00  -1.1201700e+00   6.0263400e+00   2.9626700e+00   5.2143100e+00   5.6938100e-01  -8.8505900e+05
   6.9450100e+00  -1.1210600e+00   6.0262900e+00   2.9626800e+00   5.2144800e+00   5.6958000e-01  -8.8506000e+05
   6.9450500e+00  -1.1215900e+00   6.0262900e+00   2.9627100e+00   5.2145600e+00   5.6937400e-01  -8.8506000e+05
   6.9450200e+00  -1.1235400e+00   6.0263200e+00   2.9627300e+00   5.2146400e+00   5.6951400e-01  -8.8505900e+05
   6.9453100e+00  -1.1223400e+00   6.0263300e+00   2.9626700e+00   5.2142200e+00   5.6936000e-01  -8.8505900e+05
   6.9452000e+00  -1.1232900e+00   6.0264000e+00   2.9627300e+00   5.2142600e+00   5.6928600e-01  -8.8506400e+05
   6.9453600e+00  -1.1215300e+00   6.0263100e+00   2.9626800e+00   5.2138000e+00   5.6928800e-01  -8.8506200e+05
   6.9450500e+00  -1.1199600e+00   6.0263500e+00   2.9626800e+00   5.2143600e+00   5.6922200e-01  -8.8505900e+05
   6.9454200e+00  -1.1217200e+00   6.0264000e+00   2.9627900e+00   5.2138600e+00   5.6914300e-01  -8.8506400e+05
   6.9453900e+00  -1.1210900e+00   6.0263400e+00   2.9627100e+00   5.2140800e+00   5.6934100e-01  -8.8506100e+05
   6.9451500e+00  -1.1216300e+00   6.0263200e+00   2.9625600e+00   5.2142800e+00   5.6923500e-01  -8.8505800e+05
   6.9451200e+00  -1.1199400e+00   6.0264100e+00   2.9624700e+00   5.2141900e+00   5.6916100e-01  -8.8506000e+05
   6.9449900e+00  -1.1186200e+00   6.0263800e+00   2.9622800e+00   5.2144800e+00   5.6916400e-01  -8.8506100e+05
   6.9452400e+00  -1.1188000e+00   6.0263700e+00   2.9622200e+00   5.2138900e+00   5.6929800e-01  -8.8506500e+05
   6.9448300e+00  -1.1188500e+00   6.0263400e+00   2.9623100e+00   5.2145200e+00   5.6929800e-01  -8.8506400e+05
   6.9450600e+00  -1.1203500e+00   6.0263800e+00   2.9622900e+00   5.2143200e+00   5.6920400e-01  -8.8505900e+05
   6.9452700e+00  -1.1218800e+00   6.0263000e+00   2.9623800e+00   5.2141300e+00   5.6919100e-01  -8.8505800e+05
   6.9454000e+00  -1.1226800e+00   6.0263000e+00   2.9623400e+00   5.2138900e+00   5.6916200e-01  -8.8506000e+05
   6.9455200e+00  -1.1216500e+00   6.0263300e+00   2.9623000e+00   5.2137900e+00   5.6925300e-01  -8.8506300e+05
   6.9453500e+00  -1.1220600e+00   6.0263100e+00   2.9623500e+00   5.2139900e+00   5.6919400e-01  -8.8505900e+05
   6.9452100e+00  -1.1225200e+00   6.0263700e+00   2.9624800e+00   5.2143200e+00   5.6917000e-01  -8.8505900e+05
   6.9452200e+00  -1.1210300e+00   6.0263800e+00   2.9624800e+00   5.2144200e+00   5.6923800e-01  -8.8506000e+05
   6.9452500e+00  -1.1227000e+00   6.0263700e+00   2.9625300e+00   5.2143500e+00   5.6926500e-01  -8.8505900e+05
   6.9454700e+00  -1.1217400e+00   6.0263600e+00   2.9626200e+00   5.2139900e+00   5.6907800e-01  -8.8506000e+05
   6.9452200e+00  -1.1209600e+00   6.0262800e+00   2.9627900e+00   5.2141300e+00   5.6908200e-01  -8.8506000e+05
   6.9451600e+00  -1.1204600e+00   6.0263700e+00   2.9626900e+00   5.2143700e+00   5.6911400e-01  -8.8505900e+05
   6.9453700e+00  -1.1195400e+00   6.0263800e+00   2.9626300e+00   5.2139400e+00   5.6894200e-01  -8.8505900e+05
   6.9454400e+00  -1.1213900e+00   6.0263800e+00   2.9625800e+00   5.2141400e+00   5.6894500e-01  -8.8506200e+05
   6.9451700e+00  -1.1200700e+00   6.0263500e+00   2.9625200e+00   5.2140700e+00   5.6924300e-01  -8.8506000e+05
   6.9450300e+00  -1.1195900e+00   6.0263600e+00   2.9625100e+00   5.2145000e+00   5.6924700e-01  -8.8506000e+05
   6.9452000e+00  -1.1196300e+00   6.0263800e+00   2.9625200e+00   5.2141700e+00   5.6903500e-01  -8.8505900e+05
   6.9452000e+00  -1.1213300e+00   6.0263300e+00   2.9625300e+00   5.2143000e+00   5.6919400e-01  -8.8505800e+05
   6.9452700e+00  -1.1215800e+00   6.0262900e+00   2.9625000e+00   5.2140500e+00   5.6909100e-01  -8.8505900e+05
   6.9452100e+00  -1.1205500e+00   6.0263900e+00   2.9624600e+00   5.2141600e+00   5.6918000e-01  -8.8505900e+05
   6.9452700e+00  -1.1209900e+00   6.0263800e+00   2.9624500e+00   5.2141600e+00   5.6920700e-01  -8.8505900e+05
   6.9451600e+00  -1.1214500e+00   6.0263500e+00   2.9623700e+00   5.2142600e+00   5.6917600e-01  -8.8505800e+05
   6.9451600e+00  -1.1203300e+00   6.0264100e+00   2.9624200e+00   5.2141600e+00   5.6921400e-01  -8.8506100e+05
   6.9452500e+00  -1.1206400e+00   6.0263700e+00   2.9624100e+00   5.2142200e+00   5.6923000e-01  -8.8505800e+05
   6.9451200e+00  -1.1206500e+00   6.0263600e+00   2.9623800e+00   5.2145100e+00   5.6914100e-01  -8.8506000e+05
   6.9452000e+00  -1.1209800e+00   6.0263700e+00   2.9623800e+00   5.2143900e+00   5.6926200e-01  -8.8505900e+05
   6.9452400e+00  -1.1199600e+00   6.0263200e+00   2.9622300e+00   5.2142000e+00   5.6924000e-01  -8.8506100e+05
   6.9451700e+00  -1.1212600e+00   6.0263400e+00   2.9623200e+00   5.2143300e+00   5.6928300e-01  -8.8505800e+05
   6.9450300e+00  -1.1202800e+00   6.0263500e+00   2.9622600e+00   5.2145100e+00   5.6926000e-01  -8.8505900e+05
   6.9450200e+00  -1.1197400e+00   6.0263900e+00   2.9622600e+00   5.2143000e+00   5.6943700e-01  -8.8506100e+05
   6.9449100e+00  -1.1207000e+00   6.0263100e+00   2.9622200e+00   5.2146900e+00   5.6968100e-01  -8.8506100e+05
   6.9449400e+00  -1.1207100e+00   6.0263800e+00   2.9622600e+00   5.2147500e+00   5.6956400e-01  -8.8505900e+05
   6.9449800e+00  -1.1195900e+00   6.0264200e+00   2.9622400e+00   5.2145400e+00   5.6934500e-01  -8.8506000e+05
   6.9449400e+00  -1.1188600e+00   6.0263800e+00   2.9622100e+00   5.2145200e+00   5.6940200e-01  -8.8506100e+05
   6.9450100e+00  -1.1187500e+00   6.0264100e+00   2.9623000e+00   5.2143200e+00   5.6942100e-01  -8.8506200e+05
   6.9449200e+00  -1.1194200e+00   6.0263300e+00   2.9624600e+00   5.2144200e+00   5.6924500e-01  -8.8506200e+05
   6.9450000e+00  -1.1212100e+00   6.0263100e+00   2.9624500e+00   5.2145300e+00   5.6933200e-01  -8.8506000e+05
   6.9452100e+00  -1.1215100e+00   6.0263400e+00   2.9623200e+00   5.2142400e+00   5.6935300e-01  -8.8505800e+05
   6.9452100e+00  -1.1232400e+00   6.0263200e+00   2.9623200e+00   5.2142200e+00   5.6932500e-01  -8.8505900e+05
   6.9451300e+00  -1.1237600e+00   6.0262800e+00   2.9623500e+00   5.2145500e+00   5.6921900e-01  -8.8506100e+05
   6.9454600e+00  -1.1238700e+00   6.0263500e+00   2.9622900e+00   5.2141000e+00   5.6919300e-01  -8.8506100e+05
   6.9454300e+00  -1.1238700e+00   6.0262800e+00   2.9623200e+00   5.2140200e+00   5.6911200e-01  -8.8506000e+05
   6.9453000e+00  -1.1232400e+00   6.0263200e+00   2.9623100e+00   5.2142200e+00   5.6910000e-01  -8.8505900e+05
   6.9454200e+00  -1.1241000e+00   6.0263000e+00   2.9622100e+00   5.2143000e+00   5.6911700e-01  -8.8506200e+05
   6.9452400e+00  -1.1228900e+00   6.0263200e+00   2.9622800e+00   5.2142500e+00   5.6920800e-01  -8.8505800e+05
   6.9451900e+00  -1.1224100e+00   6.0263500e+00   2.9621600e+00   5.2142200e+00   5.6915700e-01  -8.8505900e+05
   6.9450800e+00  -1.1210400e+00   6.0263500e+00   2.9620700e+00   5.2146600e+00   5.6938000e-01  -8.8506100e+05
   6.9451200e+00  -1.1196900e+00   6.0263700e+00   2.9621100e+00   5.2142100e+00   5.6914800e-01  -8.8505900e+05
   6.9451300e+00  -1.1206300e+00   6.0264000e+00   2.9621700e+00   5.2143700e+00   5.6898300e-01  -8.8506000e+05
   6.9453500e+00  -1.1214400e+00   6.0262900e+00   2.9621200e+00   5.2139800e+00   5.6894400e-01  -8.8506000e+05
   6.9453100e+00  -1.1214100e+00   6.0263200e+00   2.9620200e+00   5.2142200e+00   5.6903900e-01  -8.8506000e+05
   6.9451600e+00  -1.1198400e+00   6.0264100e+00   2.9620600e+00   5.2142400e+00   5.6910900e-01  -8.8505900e+05
   6.9453300e+00  -1.1198100e+00   6.0263800e+00   2.9619700e+00   5.2140400e+00   5.6900300e-01  -8.8506000e+05
   6.9453200e+00  -1.1197800e+00   6.0264200e+00   2.9619700e+00   5.2140400e+00   5.6888400e-01  -8.8506000e+05
   6.9454300e+00  -1.1211500e+00   6.0263800e+00   2.9620400e+00   5.2140400e+00   5.6884900e-01  -8.8506000e+05
   6.9455200e+00  -1.1210600e+00   6.0263100e+00   2.9620500e+00   5.2138800e+00   5.6881500e-01  -8.8506200e+05
   6.9454400e+00  -1.1205200e+00   6.0263600e+00   2.9619900e+00   5.2138900e+00   5.6886600e-01  -8.8505900e+05
   6.9450800e+00  -1.1196400e+00   6.0263800e+00   2.9619600e+00   5.2143600e+00   5.6895700e-01  -8.8506000e+05
   6.9454900e+00  -1.1207600e+00   6.0263700e+00   2.9620200e+00   5.2140100e+00   5.6890000e-01  -8.8506100e+05
   6.9452200e+00  -1.1190800e+00   6.0264000e+00   2.9619600e+00   5.2140400e+00   5.6891900e-01  -8.8506000e+05
   6.9453900e+00  -1.1200100e+00   6.0262900e+00   2.9620300e+00   5.2137800e+00   5.6871100e-01  -8.8506300e+05
   6.9453500e+00  -1.1189700e+00   6.0263800e+00   2.9621600e+00   5.2139800e+00   5.6895600e-01  -8.8506000e+05
   6.9452300e+00  -1.1193900e+00   6.0263900e+00   2.9622900e+00   5.2140100e+00   5.6902300e-01  -8.8506000e+05
   6.9452700e+00  -1.1192600e+00   6.0264100e+00   2.9623000e+00   5.2138700e+00   5.6899000e-01  -8.8506200e+05
   6.9452700e+00  -1.1194300e+00   6.0263200e+00   2.9622600e+00   5.2138400e+00   5.6908600e-01  -8.8506200e+05
   6.9453600e+00  -1.1197200e+00   6.0263700e+00   2.9621600e+00   5.2138300e+00   5.6919900e-01  -8.8506300e+05
   6.9452500e+00  -1.1211400e+00   6.0263100e+00   2.9620400e+00   5.2141200e+00   5.6923800e-01  -8.8506000e+05
   6.9451900e+00  -1.1211700e+00   6.0263400e+00   2.9619700e+00   5.2143000e+00   5.6920200e-01  -8.8505900e+05
   6.9449300e+00  -1.1223700e+00   6.0263600e+00   2.9619500e+00   5.2146200e+00   5.6927700e-01  -8.8506100e+05
   6.9449600e+00  -1.1204600e+00   6.0263900e+00   2.9619000e+00   5.2144900e+00   5.6911200e-01  -8.8506100e+05
   6.9453500e+00  -1.1218000e+00   6.0263400e+00   2.9619100e+00   5.2139600e+00   5.6906500e-01  -8.8506000e+05
   6.9453700e+00  -1.1215500e+00   6.0263500e+00   2.9619600e+00   5.2139300e+00   5.6893100e-01  -8.8505900e+05
   6.9451400e+00  -1.1197600e+00   6.0263600e+00   2.9620500e+00   5.2142600e+00   5.6902100e-01  -8.8506000e+05
   6.9452100e+00  -1.1191200e+00   6.0264100e+00   2.9621900e+00   5.2140900e+00   5.6891100e-01  -8.8506000e+05
   6.9454000e+00  -1.1202600e+00   6.0263700e+00   2.9622400e+00   5.2139000e+00   5.6888600e-01  -8.8505900e+05
   6.9452200e+00  -1.1190200e+00   6.0263600e+00   2.9622600e+00   5.2139900e+00   5.6871400e-01  -8.8506000e+05
   6.9452300e+00  -1.1186400e+00   6.0264100e+00   2.9622500e+00   5.2141400e+00   5.6882400e-01  -8.8506000e+05
   6.9452900e+00  -1.1208000e+00   6.0264000e+00   2.9621900e+00   5.2140600e+00   5.6875100e-01  -8.8506000e+05
   6.9452800e+00  -1.1203100e+00   6.0263900e+00   2.9622100e+00   5.2140600e+00   5.6880800e-01  -8.8505900e+05
   6.9453300e+00  -1.1203200e+00   6.0264200e+00   2.9622400e+00   5.2139200e+00   5.6873600e-01  -8.8506100e+05
   6.9456000e+00  -1.1217700e+00   6.0262900e+00   2.9622300e+00   5.2135700e+00   5.6872200e-01  -8.8506100e+05
   6.9453500e+00  -1.1220400e+00   6.0264000e+00   2.9622200e+00   5.2141800e+00   5.6866800e-01  -8.8506300e+05
   6.9455600e+00  -1.1208900e+00   6.0263100e+00   2.9623600e+00   5.2137100e+00   5.6870800e-01  -8.8506000e+05
   6.9451800e+00  -1.1214300e+00   6.0263600e+00   2.9623600e+00   5.2142600e+00   5.6884800e-01  -8.8506000e+05
   6.9455800e+00  -1.1219700e+00   6.0263700e+00   2.9623800e+00   5.2135800e+00   5.6872500e-01  -8.8506200e+05
