   6.9453100e+00  -1.1226000e+00   6.0262500e+00   2.9632400e+00   5.2139800e+00   5.6933700e-01  -7.5862400e+05
   6.9454100e+00  -1.1226100e+00   6.0262800e+00   2.9632600e+00   5.2140700e+00   5.6938700e-01  -7.5862300e+05
   6.9452100e+00  -1.1228300e+00   6.0262000e+00   2.9632700e+00   5.2141700e+00   5.6938300e-01  -7.5862600e+05
   6.9451200e+00  -1.1226300e+00   6.0262700e+00   2.9632800e+00   5.2143200e+00   5.6939800e-01  -7.5862200e+05
   6.9451900e+00  -1.1225500e+00   6.0262600e+00   2.9632700e+00   5.2144000e+00   5.6939900e-01  -7.5862300e+05
   6.9453400e+00  -1.1226300e+00   6.0262700e+00   2.9632600e+00   5.2140000e+00   5.6941200e-01  -7.5862300e+05
   6.9452400e+00  -1.1229600e+00   6.0263000e+00   2.9632300e+00   5.2143600e+00   5.6937800e-01  -7.5862200e+05
   6.9454400e+00  -1.1231900e+00   6.0262800e+00   2.9632300e+00   5.2140300e+00   5.6938100e-01  -7.5862400e+05
   6.9452500e+00  -1.1234100e+00   6.0263100e+00   2.9632300e+00   5.2141700e+00   5.6939100e-01  -7.5862300e+05
   6.9448300e+00  -1.1236300e+00   6.0263500e+00   2.9632300e+00   5.2148600e+00   5.6942300e-01  -7.5862800e+05
   6.9453100e+00  -1.1236400e+00   6.0262700e+00   2.9632300e+00   5.2140700e+00   5.6944300e-01  -7.5862300e+05
   6.9452000e+00  -1.1233600e+00   6.0262700e+00   2.9632500e+00   5.2144900e+00   5.6951800e-01  -7.5862300e+05
   6.9451700e+00  -1.1235800e+00   6.0262600e+00   2.9632600e+00   5.2144900e+00   5.6954300e-01  -7.5862300e+05
   6.9450600e+00  -1.1236000e+00   6.0263100e+00   2.9632500e+00   5.2145100e+00   5.6957300e-01  -7.5862200e+05
   6.9453000e+00  -1.1238100e+00   6.0263300e+00   2.9632400e+00   5.2141200e+00   5.6956000e-01  -7.5862500e+05
   6.9451600e+00  -1.1235400e+00   6.0262400e+00   2.9632600e+00   5.2143700e+00   5.6954900e-01  -7.5862300e+05
   6.9452300e+00  -1.1234100e+00   6.0263200e+00   2.9632500e+00   5.2142700e+00   5.6953600e-01  -7.5862300e+05
   6.9450900e+00  -1.1234700e+00   6.0263100e+00   2.9632200e+00   5.2145400e+00   5.6953500e-01  -7.5862200e+05
   6.9451900e+00  -1.1234000e+00   6.0262500e+00   2.9632100e+00   5.2143700e+00   5.6952300e-01  -7.5862300e+05
   6.9452000e+00  -1.1229500e+00   6.0263200e+00   2.9632100e+00   5.2143200e+00   5.6947300e-01  -7.5862200e+05
   6.9451500e+00  -1.1231900e+00   6.0262900e+00   2.9632000e+00   5.2144700e+00   5.6948500e-01  -7.5862200e+05
   6.9450800e+00  -1.1232800e+00   6.0263100e+00   2.9632300e+00   5.2144200e+00   5.6948300e-01  -7.5862300e+05
   6.9452900e+00  -1.1231200e+00   6.0262400e+00   2.9632100e+00   5.2142600e+00   5.6950100e-01  -7.5862400e+05
   6.9451900e+00  -1.1234200e+00   6.0262600e+00   2.9632400e+00   5.2144200e+00   5.6949800e-01  -7.5862300e+05
   6.9451400e+00  -1.1232300e+00   6.0262800e+00   2.9632500e+00   5.2144100e+00   5.6949200e-01  -7.5862200e+05
   6.9448800e+00  -1.1230700e+00   6.0262900e+00   2.9632600e+00   5.2146200e+00   5.6950500e-01  -7.5862500e+05
   6.9453400e+00  -1.1228600e+00   6.0263100e+00   2.9632400e+00   5.2141100e+00   5.6952100e-01  -7.5862300e+05
   6.9448900e+00  -1.1227200e+00   6.0263400e+00   2.9632500e+00   5.2147900e+00   5.6951500e-01  -7.5862400e+05
   6.9450400e+00  -1.1228500e+00   6.0263200e+00   2.9632600e+00   5.2147100e+00   5.6951900e-01  -7.5862300e+05
   6.9451900e+00  -1.1224100e+00   6.0262900e+00   2.9633000e+00   5.2143100e+00   5.6951300e-01  -7.5862200e+05
   6.9450400e+00  -1.1222400e+00   6.0262900e+00   2.9633000e+00   5.2145600e+00   5.6956100e-01  -7.5862200e+05
   6.9448800e+00  -1.1224300e+00   6.0262700e+00   2.9632900e+00   5.2145700e+00   5.6956200e-01  -7.5862400e+05
   6.9450100e+00  -1.1226300e+00   6.0263400e+00   2.9633100e+00   5.2146500e+00   5.6957200e-01  -7.5862200e+05
   6.9451100e+00  -1.1225000e+00   6.0263400e+00   2.9633100e+00   5.2143500e+00   5.6957000e-01  -7.5862300e+05
   6.9447700e+00  -1.1221700e+00   6.0262900e+00   2.9633100e+00   5.2148300e+00   5.6959400e-01  -7.5862500e+05
   6.9450400e+00  -1.1224100e+00   6.0263400e+00   2.9633100e+00   5.2144700e+00   5.6956900e-01  -7.5862300e+05
   6.9452300e+00  -1.1222300e+00   6.0262600e+00   2.9633100e+00   5.2143800e+00   5.6956200e-01  -7.5862400e+05
   6.9451000e+00  -1.1222800e+00   6.0263800e+00   2.9633100e+00   5.2146100e+00   5.6959400e-01  -7.5862400e+05
   6.9452800e+00  -1.1222000e+00   6.0263500e+00   2.9633300e+00   5.2142100e+00   5.6960700e-01  -7.5862400e+05
   6.9451300e+00  -1.1224200e+00   6.0263700e+00   2.9633400e+00   5.2146300e+00   5.6959300e-01  -7.5862400e+05
   6.9451800e+00  -1.1226800e+00   6.0262400e+00   2.9633200e+00   5.2142200e+00   5.6959600e-01  -7.5862400e+05
   6.9452800e+00  -1.1225700e+00   6.0263100e+00   2.9633100e+00   5.2143500e+00   5.6956900e-01  -7.5862300e+05
   6.9451500e+00  -1.1226300e+00   6.0263500e+00   2.9633300e+00   5.2144300e+00   5.6957600e-01  -7.5862300e+05
   6.9452000e+00  -1.1225800e+00   6.0262900e+00   2.9633300e+00   5.2143400e+00   5.6956600e-01  -7.5862200e+05
   6.9450700e+00  -1.1223600e+00   6.0262800e+00   2.9633200e+00   5.2144400e+00   5.6956800e-01  -7.5862200e+05
   6.9450300e+00  -1.1220900e+00   6.0262900e+00   2.9632800e+00   5.2147300e+00   5.6956500e-01  -7.5862500e+05
   6.9450800e+00  -1.1222900e+00   6.0263200e+00   2.9632700e+00   5.2145100e+00   5.6954500e-01  -7.5862200e+05
   6.9448400e+00  -1.1221500e+00   6.0263200e+00   2.9632600e+00   5.2147100e+00   5.6952200e-01  -7.5862400e+05
   6.9450500e+00  -1.1219000e+00   6.0263800e+00   2.9632700e+00   5.2147200e+00   5.6953300e-01  -7.5862500e+05
   6.9448100e+00  -1.1219300e+00   6.0263000e+00   2.9632800e+00   5.2148100e+00   5.6956300e-01  -7.5862400e+05
   6.9451000e+00  -1.1219900e+00   6.0263400e+00   2.9632800e+00   5.2145200e+00   5.6958300e-01  -7.5862200e+05
   6.9451600e+00  -1.1221200e+00   6.0263200e+00   2.9632900e+00   5.2145800e+00   5.6960400e-01  -7.5862400e+05
   6.9453700e+00  -1.1219200e+00   6.0262500e+00   2.9633000e+00   5.2140200e+00   5.6958800e-01  -7.5862600e+05
   6.9450100e+00  -1.1221900e+00   6.0263700e+00   2.9633000e+00   5.2144500e+00   5.6958400e-01  -7.5862400e+05
   6.9451800e+00  -1.1220300e+00   6.0263000e+00   2.9633000e+00   5.2145700e+00   5.6959600e-01  -7.5862500e+05
   6.9450400e+00  -1.1222200e+00   6.0263200e+00   2.9633200e+00   5.2145200e+00   5.6957500e-01  -7.5862200e+05
   6.9452200e+00  -1.1218300e+00   6.0263100e+00   2.9633100e+00   5.2142000e+00   5.6958900e-01  -7.5862300e+05
   6.9451300e+00  -1.1217100e+00   6.0263100e+00   2.9633000e+00   5.2144400e+00   5.6955600e-01  -7.5862200e+05
   6.9452500e+00  -1.1219000e+00   6.0263300e+00   2.9632800e+00   5.2144000e+00   5.6952800e-01  -7.5862400e+05
   6.9449600e+00  -1.1220600e+00   6.0263600e+00   2.9632900e+00   5.2144900e+00   5.6955600e-01  -7.5862400e+05
   6.9452200e+00  -1.1221300e+00   6.0263500e+00   2.9632900e+00   5.2143400e+00   5.6954300e-01  -7.5862300e+05
   6.9452700e+00  -1.1223000e+00   6.0262500e+00   2.9633100e+00   5.2141800e+00   5.6949200e-01  -7.5862400e+05
   6.9450500e+00  -1.1222600e+00   6.0262900e+00   2.9633000e+00   5.2145100e+00   5.6949800e-01  -7.5862200e+05
   6.9450900e+00  -1.1222500e+00   6.0263000e+00   2.9632900e+00   5.2146500e+00   5.6952600e-01  -7.5862400e+05
   6.9448600e+00  -1.1221500e+00   6.0263200e+00   2.9632900e+00   5.2149000e+00   5.6956300e-01  -7.5862500e+05
   6.9451200e+00  -1.1220600e+00   6.0263400e+00   2.9632900e+00   5.2147000e+00   5.6958200e-01  -7.5862500e+05
   6.9451700e+00  -1.1220400e+00   6.0262600e+00   2.9632700e+00   5.2141400e+00   5.6958400e-01  -7.5862400e+05
   6.9451500e+00  -1.1218800e+00   6.0263500e+00   2.9632600e+00   5.2143100e+00   5.6955100e-01  -7.5862300e+05
   6.9452400e+00  -1.1218000e+00   6.0263600e+00   2.9632400e+00   5.2142600e+00   5.6955500e-01  -7.5862400e+05
   6.9449000e+00  -1.1220200e+00   6.0263200e+00   2.9632400e+00   5.2147100e+00   5.6954800e-01  -7.5862300e+05
   6.9451500e+00  -1.1220100e+00   6.0263600e+00   2.9632200e+00   5.2144300e+00   5.6952200e-01  -7.5862300e+05
   6.9450400e+00  -1.1221100e+00   6.0263300e+00   2.9632400e+00   5.2143700e+00   5.6950400e-01  -7.5862300e+05
   6.9453900e+00  -1.1218100e+00   6.0262900e+00   2.9632200e+00   5.2141700e+00   5.6949000e-01  -7.5862600e+05
   6.9450000e+00  -1.1219600e+00   6.0263600e+00   2.9632300e+00   5.2147000e+00   5.6947400e-01  -7.5862300e+05
   6.9450000e+00  -1.1219500e+00   6.0263100e+00   2.9632400e+00   5.2144800e+00   5.6949700e-01  -7.5862200e+05
   6.9452800e+00  -1.1220800e+00   6.0262900e+00   2.9632600e+00   5.2141100e+00   5.6945900e-01  -7.5862200e+05
   6.9453200e+00  -1.1219900e+00   6.0263500e+00   2.9632600e+00   5.2142400e+00   5.6946300e-01  -7.5862400e+05
   6.9451000e+00  -1.1222500e+00   6.0263000e+00   2.9632600e+00   5.2144200e+00   5.6944100e-01  -7.5862200e+05
   6.9451000e+00  -1.1223300e+00   6.0263500e+00   2.9632800e+00   5.2144100e+00   5.6947000e-01  -7.5862300e+05
   6.9452400e+00  -1.1223100e+00   6.0262900e+00   2.9632700e+00   5.2143700e+00   5.6942900e-01  -7.5862300e+05
   6.9451000e+00  -1.1222100e+00   6.0263700e+00   2.9633000e+00   5.2144700e+00   5.6941900e-01  -7.5862300e+05
   6.9453400e+00  -1.1223200e+00   6.0263100e+00   2.9633000e+00   5.2143600e+00   5.6942400e-01  -7.5862500e+05
   6.9450700e+00  -1.1222200e+00   6.0263200e+00   2.9632800e+00   5.2145000e+00   5.6940100e-01  -7.5862200e+05
   6.9449800e+00  -1.1222000e+00   6.0263300e+00   2.9632600e+00   5.2147100e+00   5.6941400e-01  -7.5862400e+05
   6.9449900e+00  -1.1219500e+00   6.0263600e+00   2.9632500e+00   5.2145600e+00   5.6940700e-01  -7.5862300e+05
   6.9453600e+00  -1.1217300e+00   6.0263600e+00   2.9632400e+00   5.2140800e+00   5.6942000e-01  -7.5862400e+05
   6.9450500e+00  -1.1218100e+00   6.0263600e+00   2.9632300e+00   5.2145400e+00   5.6939700e-01  -7.5862300e+05
   6.9451700e+00  -1.1218900e+00   6.0263300e+00   2.9632500e+00   5.2144700e+00   5.6941000e-01  -7.5862300e+05
   6.9451600e+00  -1.1218700e+00   6.0262700e+00   2.9632500e+00   5.2144700e+00   5.6940800e-01  -7.5862500e+05
   6.9453100e+00  -1.1219200e+00   6.0262400e+00   2.9632200e+00   5.2140500e+00   5.6938300e-01  -7.5862400e+05
   6.9450100e+00  -1.1219500e+00   6.0263600e+00   2.9632100e+00   5.2144900e+00   5.6936900e-01  -7.5862300e+05
   6.9452600e+00  -1.1220000e+00   6.0262800e+00   2.9632000e+00   5.2141100e+00   5.6935100e-01  -7.5862200e+05
   6.9451500e+00  -1.1219300e+00   6.0262800e+00   2.9632100e+00   5.2142400e+00   5.6931900e-01  -7.5862200e+05
   6.9453200e+00  -1.1222100e+00   6.0263000e+00   2.9632000e+00   5.2142200e+00   5.6932500e-01  -7.5862300e+05
   6.9453100e+00  -1.1220700e+00   6.0263100e+00   2.9632000e+00   5.2141800e+00   5.6933200e-01  -7.5862200e+05
   6.9451100e+00  -1.1220800e+00   6.0263000e+00   2.9631600e+00   5.2143800e+00   5.6936600e-01  -7.5862200e+05
   6.9451600e+00  -1.1223900e+00   6.0262900e+00   2.9631700e+00   5.2143800e+00   5.6936700e-01  -7.5862200e+05
   6.9453200e+00  -1.1224500e+00   6.0263000e+00   2.9631900e+00   5.2137900e+00   5.6936100e-01  -7.5862700e+05
   6.9453500e+00  -1.1226100e+00   6.0262600e+00   2.9631900e+00   5.2142000e+00   5.6935800e-01  -7.5862400e+05
   6.9451300e+00  -1.1223400e+00   6.0262900e+00   2.9632100e+00   5.2141800e+00   5.6937400e-01  -7.5862300e+05
   6.9453600e+00  -1.1225600e+00   6.0262600e+00   2.9632200e+00   5.2141700e+00   5.6935900e-01  -7.5862400e+05
   6.9452900e+00  -1.1231600e+00   6.0262200e+00   2.9632000e+00   5.2141900e+00   5.6936500e-01  -7.5862400e+05
   6.9451900e+00  -1.1229000e+00   6.0263100e+00   2.9632200e+00   5.2143000e+00   5.6938200e-01  -7.5862200e+05
   6.9450000e+00  -1.1227600e+00   6.0263400e+00   2.9632200e+00   5.2145000e+00   5.6937200e-01  -7.5862400e+05
   6.9451600e+00  -1.1228100e+00   6.0262600e+00   2.9632300e+00   5.2141700e+00   5.6938400e-01  -7.5862300e+05
   6.9452500e+00  -1.1225000e+00   6.0263300e+00   2.9632200e+00   5.2141500e+00   5.6938100e-01  -7.5862300e+05
   6.9450900e+00  -1.1222100e+00   6.0262800e+00   2.9632200e+00   5.2140800e+00   5.6936200e-01  -7.5862600e+05
   6.9452100e+00  -1.1227300e+00   6.0263100e+00   2.9632100e+00   5.2144600e+00   5.6936600e-01  -7.5862300e+05
   6.9451500e+00  -1.1230200e+00   6.0263400e+00   2.9632200e+00   5.2142900e+00   5.6940000e-01  -7.5862300e+05
   6.9452500e+00  -1.1230600e+00   6.0262700e+00   2.9632200e+00   5.2143100e+00   5.6940200e-01  -7.5862200e+05
   6.9450800e+00  -1.1230400e+00   6.0262800e+00   2.9632300e+00   5.2142800e+00   5.6941900e-01  -7.5862400e+05
   6.9451200e+00  -1.1233200e+00   6.0263400e+00   2.9632200e+00   5.2144200e+00   5.6941100e-01  -7.5862300e+05
   6.9450800e+00  -1.1231800e+00   6.0262700e+00   2.9632400e+00   5.2144300e+00   5.6944300e-01  -7.5862300e+05
   6.9453200e+00  -1.1235000e+00   6.0262200e+00   2.9632500e+00   5.2140200e+00   5.6944200e-01  -7.5862400e+05
   6.9450200e+00  -1.1236700e+00   6.0263100e+00   2.9632400e+00   5.2146600e+00   5.6945200e-01  -7.5862400e+05
   6.9452200e+00  -1.1236400e+00   6.0262700e+00   2.9632500e+00   5.2143000e+00   5.6944500e-01  -7.5862200e+05
   6.9452500e+00  -1.1236300e+00   6.0263500e+00   2.9632700e+00   5.2143100e+00   5.6942200e-01  -7.5862400e+05
   6.9452300e+00  -1.1235300e+00   6.0262700e+00   2.9632800e+00   5.2142000e+00   5.6942300e-01  -7.5862200e+05
   6.9450600e+00  -1.1236700e+00   6.0262500e+00   2.9632900e+00   5.2144200e+00   5.6944300e-01  -7.5862400e+05
   6.9452800e+00  -1.1236700e+00   6.0262400e+00   2.9633100e+00   5.2142600e+00   5.6944700e-01  -7.5862300e+05
   6.9453500e+00  -1.1236000e+00   6.0263000e+00   2.9633100e+00   5.2143500e+00   5.6944800e-01  -7.5862400e+05
   6.9449800e+00  -1.1236400e+00   6.0262800e+00   2.9633100e+00   5.2145300e+00   5.6945700e-01  -7.5862400e+05
   6.9450200e+00  -1.1238300e+00   6.0262900e+00   2.9632800e+00   5.2145000e+00   5.6950400e-01  -7.5862400e+05
   6.9452800e+00  -1.1238700e+00   6.0262300e+00   2.9633200e+00   5.2140900e+00   5.6951700e-01  -7.5862400e+05
   6.9453100e+00  -1.1240600e+00   6.0262400e+00   2.9633400e+00   5.2142100e+00   5.6948800e-01  -7.5862300e+05
   6.9450200e+00  -1.1246900e+00   6.0262700e+00   2.9633600e+00   5.2144600e+00   5.6948600e-01  -7.5862600e+05
   6.9452000e+00  -1.1246400e+00   6.0263000e+00   2.9633300e+00   5.2145800e+00   5.6946800e-01  -7.5862400e+05
   6.9451400e+00  -1.1244300e+00   6.0262800e+00   2.9633200e+00   5.2143500e+00   5.6947000e-01  -7.5862400e+05
   6.9453200e+00  -1.1242000e+00   6.0263000e+00   2.9633100e+00   5.2143500e+00   5.6947000e-01  -7.5862400e+05
   6.9450300e+00  -1.1243400e+00   6.0263000e+00   2.9633000e+00   5.2146200e+00   5.6946500e-01  -7.5862400e+05
   6.9452300e+00  -1.1243300e+00   6.0262200e+00   2.9633100e+00   5.2141700e+00   5.6943400e-01  -7.5862400e+05
   6.9451700e+00  -1.1245100e+00   6.0262800e+00   2.9633400e+00   5.2143800e+00   5.6943200e-01  -7.5862400e+05
   6.9451300e+00  -1.1243500e+00   6.0262900e+00   2.9633300e+00   5.2143900e+00   5.6941700e-01  -7.5862400e+05
   6.9454100e+00  -1.1244100e+00   6.0262000e+00   2.9633400e+00   5.2140700e+00   5.6943300e-01  -7.5862500e+05
   6.9454800e+00  -1.1242400e+00   6.0262500e+00   2.9633100e+00   5.2140000e+00   5.6943100e-01  -7.5862500e+05
   6.9454600e+00  -1.1241800e+00   6.0262800e+00   2.9633100e+00   5.2140600e+00   5.6942400e-01  -7.5862400e+05
   6.9453000e+00  -1.1242900e+00   6.0262200e+00   2.9633000e+00   5.2142200e+00   5.6943300e-01  -7.5862400e+05
   6.9449900e+00  -1.1241000e+00   6.0262700e+00   2.9632900e+00   5.2146700e+00   5.6943300e-01  -7.5862500e+05
   6.9453300e+00  -1.1241800e+00   6.0263000e+00   2.9632700e+00   5.2142600e+00   5.6936900e-01  -7.5862300e+05
   6.9453700e+00  -1.1241900e+00   6.0262400e+00   2.9632600e+00   5.2140100e+00   5.6932500e-01  -7.5862400e+05
   6.9451500e+00  -1.1245100e+00   6.0262900e+00   2.9632700e+00   5.2144600e+00   5.6934800e-01  -7.5862400e+05
   6.9452800e+00  -1.1242300e+00   6.0262900e+00   2.9632700e+00   5.2141200e+00   5.6932200e-01  -7.5862400e+05
   6.9450000e+00  -1.1244400e+00   6.0262900e+00   2.9632400e+00   5.2145900e+00   5.6934900e-01  -7.5862600e+05
   6.9450500e+00  -1.1245900e+00   6.0262700e+00   2.9632600e+00   5.2144900e+00   5.6934900e-01  -7.5862600e+05
   6.9455000e+00  -1.1246500e+00   6.0262100e+00   2.9632600e+00   5.2140200e+00   5.6933300e-01  -7.5862600e+05
   6.9455500e+00  -1.1249300e+00   6.0262500e+00   2.9632700e+00   5.2140600e+00   5.6933300e-01  -7.5862600e+05
   6.9454300e+00  -1.1251400e+00   6.0262900e+00   2.9632400e+00   5.2141000e+00   5.6932100e-01  -7.5862500e+05
   6.9452400e+00  -1.1248800e+00   6.0262600e+00   2.9632700e+00   5.2143200e+00   5.6934500e-01  -7.5862400e+05
   6.9452200e+00  -1.1249300e+00   6.0262000e+00   2.9632600e+00   5.2141000e+00   5.6929700e-01  -7.5862800e+05
   6.9451900e+00  -1.1251000e+00   6.0263200e+00   2.9632500e+00   5.2145300e+00   5.6927900e-01  -7.5862700e+05
   6.9452400e+00  -1.1249000e+00   6.0262500e+00   2.9632300e+00   5.2141600e+00   5.6925200e-01  -7.5862600e+05
   6.9452700e+00  -1.1245100e+00   6.0262000e+00   2.9632600e+00   5.2141700e+00   5.6928400e-01  -7.5862500e+05
   6.9451300e+00  -1.1242900e+00   6.0262800e+00   2.9632500e+00   5.2143500e+00   5.6925600e-01  -7.5862500e+05
   6.9452800e+00  -1.1239800e+00   6.0263200e+00   2.9632300e+00   5.2143800e+00   5.6928300e-01  -7.5862400e+05
   6.9454100e+00  -1.1238400e+00   6.0262600e+00   2.9632200e+00   5.2138400e+00   5.6931000e-01  -7.5862500e+05
   6.9453900e+00  -1.1237100e+00   6.0263200e+00   2.9632300e+00   5.2141400e+00   5.6931200e-01  -7.5862300e+05
   6.9452700e+00  -1.1234500e+00   6.0263600e+00   2.9632200e+00   5.2143400e+00   5.6929700e-01  -7.5862400e+05
   6.9452700e+00  -1.1236200e+00   6.0262400e+00   2.9632400e+00   5.2143000e+00   5.6926900e-01  -7.5862400e+05
   6.9452400e+00  -1.1237100e+00   6.0263300e+00   2.9632400e+00   5.2142400e+00   5.6929100e-01  -7.5862400e+05
   6.9453000e+00  -1.1238600e+00   6.0262700e+00   2.9632400e+00   5.2141100e+00   5.6931000e-01  -7.5862300e+05
   6.9452400e+00  -1.1243500e+00   6.0262700e+00   2.9632200e+00   5.2142600e+00   5.6931800e-01  -7.5862300e+05
   6.9451300e+00  -1.1243100e+00   6.0263200e+00   2.9632300e+00   5.2143600e+00   5.6929800e-01  -7.5862600e+05
   6.9453400e+00  -1.1242600e+00   6.0262800e+00   2.9632400e+00   5.2143700e+00   5.6927400e-01  -7.5862500e+05
   6.9454900e+00  -1.1243200e+00   6.0263200e+00   2.9632500e+00   5.2142400e+00   5.6923200e-01  -7.5862700e+05
   6.9453000e+00  -1.1241600e+00   6.0263400e+00   2.9632500e+00   5.2141600e+00   5.6924400e-01  -7.5862600e+05
   6.9452300e+00  -1.1240900e+00   6.0262800e+00   2.9632800e+00   5.2144000e+00   5.6923700e-01  -7.5862400e+05
   6.9454900e+00  -1.1240100e+00   6.0263600e+00   2.9633000e+00   5.2139900e+00   5.6922900e-01  -7.5862700e+05
   6.9455200e+00  -1.1237300e+00   6.0262900e+00   2.9633200e+00   5.2139800e+00   5.6923500e-01  -7.5862400e+05
   6.9454400e+00  -1.1234900e+00   6.0262600e+00   2.9633200e+00   5.2139700e+00   5.6922200e-01  -7.5862300e+05
   6.9451400e+00  -1.1231400e+00   6.0263500e+00   2.9633200e+00   5.2144800e+00   5.6920300e-01  -7.5862500e+05
   6.9453800e+00  -1.1232600e+00   6.0263500e+00   2.9633500e+00   5.2140900e+00   5.6920200e-01  -7.5862500e+05
   6.9454300e+00  -1.1234200e+00   6.0263000e+00   2.9633400e+00   5.2141100e+00   5.6919200e-01  -7.5862400e+05
   6.9452000e+00  -1.1233700e+00   6.0263000e+00   2.9633500e+00   5.2142700e+00   5.6918500e-01  -7.5862400e+05
   6.9450900e+00  -1.1233700e+00   6.0262100e+00   2.9633500e+00   5.2142700e+00   5.6916700e-01  -7.5862800e+05
   6.9452800e+00  -1.1232000e+00   6.0262700e+00   2.9633500e+00   5.2142400e+00   5.6916800e-01  -7.5862300e+05
   6.9451600e+00  -1.1235500e+00   6.0262900e+00   2.9633300e+00   5.2142800e+00   5.6917300e-01  -7.5862500e+05
   6.9453100e+00  -1.1237000e+00   6.0263200e+00   2.9633500e+00   5.2141200e+00   5.6915400e-01  -7.5862400e+05
   6.9455400e+00  -1.1236300e+00   6.0263100e+00   2.9633500e+00   5.2139500e+00   5.6915100e-01  -7.5862500e+05
   6.9453100e+00  -1.1231000e+00   6.0262900e+00   2.9633200e+00   5.2141600e+00   5.6911900e-01  -7.5862300e+05
   6.9456300e+00  -1.1230000e+00   6.0262500e+00   2.9633200e+00   5.2136700e+00   5.6909400e-01  -7.5862600e+05
   6.9455700e+00  -1.1230700e+00   6.0262700e+00   2.9633200e+00   5.2139200e+00   5.6912000e-01  -7.5862500e+05
   6.9454600e+00  -1.1232000e+00   6.0262800e+00   2.9633200e+00   5.2141300e+00   5.6914200e-01  -7.5862500e+05
   6.9453100e+00  -1.1231000e+00   6.0262900e+00   2.9633500e+00   5.2140900e+00   5.6911300e-01  -7.5862300e+05
   6.9452000e+00  -1.1230900e+00   6.0262500e+00   2.9633400e+00   5.2142200e+00   5.6916400e-01  -7.5862400e+05
   6.9454400e+00  -1.1229600e+00   6.0263000e+00   2.9633300e+00   5.2141400e+00   5.6915200e-01  -7.5862400e+05
   6.9452900e+00  -1.1229300e+00   6.0263400e+00   2.9633600e+00   5.2142300e+00   5.6912800e-01  -7.5862400e+05
   6.9454500e+00  -1.1228100e+00   6.0263000e+00   2.9633600e+00   5.2140800e+00   5.6910400e-01  -7.5862400e+05
   6.9453300e+00  -1.1226800e+00   6.0262800e+00   2.9633800e+00   5.2140200e+00   5.6911700e-01  -7.5862300e+05
   6.9453100e+00  -1.1227000e+00   6.0262500e+00   2.9633700e+00   5.2140800e+00   5.6912600e-01  -7.5862300e+05
   6.9453200e+00  -1.1226600e+00   6.0263400e+00   2.9633700e+00   5.2142300e+00   5.6913000e-01  -7.5862400e+05
   6.9452000e+00  -1.1223800e+00   6.0263300e+00   2.9633600e+00   5.2142200e+00   5.6916300e-01  -7.5862300e+05
   6.9454000e+00  -1.1226100e+00   6.0262600e+00   2.9633500e+00   5.2139000e+00   5.6914300e-01  -7.5862300e+05
   6.9451100e+00  -1.1227700e+00   6.0262800e+00   2.9633600e+00   5.2145400e+00   5.6916300e-01  -7.5862600e+05
   6.9455400e+00  -1.1227200e+00   6.0263100e+00   2.9633700e+00   5.2140200e+00   5.6915600e-01  -7.5862600e+05
   6.9451900e+00  -1.1224900e+00   6.0262900e+00   2.9633800e+00   5.2141600e+00   5.6913100e-01  -7.5862300e+05
   6.9454200e+00  -1.1222000e+00   6.0264000e+00   2.9633800e+00   5.2140900e+00   5.6914700e-01  -7.5862700e+05
   6.9453200e+00  -1.1222800e+00   6.0262800e+00   2.9633900e+00   5.2140500e+00   5.6917700e-01  -7.5862200e+05
   6.9454100e+00  -1.1223400e+00   6.0263100e+00   2.9633900e+00   5.2138800e+00   5.6921000e-01  -7.5862300e+05
   6.9455000e+00  -1.1226100e+00   6.0263100e+00   2.9633800e+00   5.2139400e+00   5.6922000e-01  -7.5862400e+05
   6.9452700e+00  -1.1228100e+00   6.0261900e+00   2.9633800e+00   5.2141600e+00   5.6919500e-01  -7.5862700e+05
   6.9451900e+00  -1.1226400e+00   6.0262900e+00   2.9633700e+00   5.2142600e+00   5.6920200e-01  -7.5862300e+05
   6.9455100e+00  -1.1226400e+00   6.0262900e+00   2.9633300e+00   5.2137400e+00   5.6916900e-01  -7.5862400e+05
   6.9452600e+00  -1.1231200e+00   6.0262800e+00   2.9633400e+00   5.2140200e+00   5.6915800e-01  -7.5862400e+05
   6.9452400e+00  -1.1229800e+00   6.0263400e+00   2.9633500e+00   5.2140800e+00   5.6916800e-01  -7.5862600e+05
   6.9454700e+00  -1.1226900e+00   6.0263200e+00   2.9633400e+00   5.2138400e+00   5.6917100e-01  -7.5862400e+05
   6.9451800e+00  -1.1226600e+00   6.0262900e+00   2.9633600e+00   5.2142300e+00   5.6917700e-01  -7.5862300e+05
   6.9453300e+00  -1.1226600e+00   6.0263000e+00   2.9633600e+00   5.2139500e+00   5.6918900e-01  -7.5862300e+05
   6.9453100e+00  -1.1226500e+00   6.0262600e+00   2.9633600e+00   5.2140600e+00   5.6915900e-01  -7.5862300e+05
   6.9455500e+00  -1.1225600e+00   6.0262600e+00   2.9633700e+00   5.2135100e+00   5.6917400e-01  -7.5862700e+05
   6.9452500e+00  -1.1223100e+00   6.0262800e+00   2.9633600e+00   5.2140200e+00   5.6919300e-01  -7.5862300e+05
   6.9452600e+00  -1.1226100e+00   6.0262700e+00   2.9633600e+00   5.2141100e+00   5.6919100e-01  -7.5862300e+05
   6.9454700e+00  -1.1228800e+00   6.0262400e+00   2.9633500e+00   5.2138000e+00   5.6915900e-01  -7.5862400e+05
   6.9453400e+00  -1.1226800e+00   6.0263300e+00   2.9633300e+00   5.2138400e+00   5.6913600e-01  -7.5862600e+05
   6.9452500e+00  -1.1226900e+00   6.0262400e+00   2.9633400e+00   5.2141000e+00   5.6914600e-01  -7.5862400e+05
   6.9452000e+00  -1.1224400e+00   6.0263800e+00   2.9633400e+00   5.2145400e+00   5.6914400e-01  -7.5862700e+05
   6.9453700e+00  -1.1221500e+00   6.0263700e+00   2.9633300e+00   5.2141600e+00   5.6914700e-01  -7.5862400e+05
   6.9451300e+00  -1.1222200e+00   6.0263300e+00   2.9633200e+00   5.2141400e+00   5.6915100e-01  -7.5862500e+05
   6.9452900e+00  -1.1221100e+00   6.0262700e+00   2.9633100e+00   5.2141300e+00   5.6913200e-01  -7.5862300e+05
   6.9449800e+00  -1.1217400e+00   6.0263200e+00   2.9633100e+00   5.2143100e+00   5.6909700e-01  -7.5862700e+05
   6.9455000e+00  -1.1217800e+00   6.0263100e+00   2.9633200e+00   5.2137100e+00   5.6905700e-01  -7.5862300e+05
   6.9452600e+00  -1.1217000e+00   6.0262800e+00   2.9633500e+00   5.2140500e+00   5.6904900e-01  -7.5862300e+05
   6.9454800e+00  -1.1220000e+00   6.0262900e+00   2.9633600e+00   5.2138500e+00   5.6905300e-01  -7.5862300e+05
   6.9452300e+00  -1.1219000e+00   6.0263000e+00   2.9633700e+00   5.2141700e+00   5.6907400e-01  -7.5862300e+05
   6.9452600e+00  -1.1217700e+00   6.0263000e+00   2.9633700e+00   5.2140200e+00   5.6912200e-01  -7.5862200e+05
   6.9452600e+00  -1.1217200e+00   6.0263400e+00   2.9633400e+00   5.2142200e+00   5.6909500e-01  -7.5862300e+05
   6.9454900e+00  -1.1217800e+00   6.0263000e+00   2.9633300e+00   5.2139500e+00   5.6909800e-01  -7.5862400e+05
   6.9452200e+00  -1.1218400e+00   6.0263400e+00   2.9633300e+00   5.2143200e+00   5.6906500e-01  -7.5862400e+05
   6.9454300e+00  -1.1219300e+00   6.0262600e+00   2.9633700e+00   5.2140000e+00   5.6902500e-01  -7.5862400e+05
   6.9453600e+00  -1.1218000e+00   6.0263500e+00   2.9633600e+00   5.2138700e+00   5.6902400e-01  -7.5862400e+05
   6.9454300e+00  -1.1221800e+00   6.0263300e+00   2.9633600e+00   5.2138000e+00   5.6900000e-01  -7.5862400e+05
   6.9452600e+00  -1.1224800e+00   6.0263000e+00   2.9633500e+00   5.2142700e+00   5.6897500e-01  -7.5862500e+05
   6.9452900e+00  -1.1223500e+00   6.0263200e+00   2.9633500e+00   5.2141700e+00   5.6900000e-01  -7.5862300e+05
   6.9451900e+00  -1.1226200e+00   6.0263100e+00   2.9633900e+00   5.2142600e+00   5.6897900e-01  -7.5862500e+05
   6.9452200e+00  -1.1225000e+00   6.0263700e+00   2.9634000e+00   5.2144000e+00   5.6900400e-01  -7.5862700e+05
   6.9454300e+00  -1.1224100e+00   6.0263300e+00   2.9633800e+00   5.2136900e+00   5.6899700e-01  -7.5862600e+05
   6.9452200e+00  -1.1226000e+00   6.0262700e+00   2.9633800e+00   5.2142800e+00   5.6896800e-01  -7.5862500e+05
   6.9454700e+00  -1.1224900e+00   6.0262900e+00   2.9633400e+00   5.2138400e+00   5.6900000e-01  -7.5862300e+05
   6.9455900e+00  -1.1223000e+00   6.0263100e+00   2.9633600e+00   5.2137800e+00   5.6900200e-01  -7.5862400e+05
   6.9455100e+00  -1.1221700e+00   6.0263300e+00   2.9633900e+00   5.2137500e+00   5.6899400e-01  -7.5862400e+05
   6.9452000e+00  -1.1219400e+00   6.0262900e+00   2.9633700e+00   5.2141600e+00   5.6899200e-01  -7.5862400e+05
   6.9454700e+00  -1.1220900e+00   6.0263700e+00   2.9633800e+00   5.2140800e+00   5.6895500e-01  -7.5862600e+05
   6.9454400e+00  -1.1219000e+00   6.0263200e+00   2.9633900e+00   5.2137400e+00   5.6896200e-01  -7.5862400e+05
   6.9452700e+00  -1.1219400e+00   6.0263200e+00   2.9633700e+00   5.2139300e+00   5.6897500e-01  -7.5862400e+05
   6.9454700e+00  -1.1218700e+00   6.0263100e+00   2.9633800e+00   5.2139600e+00   5.6895900e-01  -7.5862300e+05
   6.9455000e+00  -1.1220600e+00   6.0262900e+00   2.9633700e+00   5.2139200e+00   5.6894200e-01  -7.5862400e+05
   6.9454700e+00  -1.1219600e+00   6.0263200e+00   2.9633800e+00   5.2139200e+00   5.6893100e-01  -7.5862300e+05
   6.9453800e+00  -1.1221100e+00   6.0263100e+00   2.9633900e+00   5.2138000e+00   5.6891900e-01  -7.5862400e+05
   6.9453400e+00  -1.1220900e+00   6.0263200e+00   2.9633800e+00   5.2141300e+00   5.6892900e-01  -7.5862400e+05
   6.9455100e+00  -1.1218800e+00   6.0263300e+00   2.9633800e+00   5.2138000e+00   5.6886500e-01  -7.5862300e+05
   6.9453600e+00  -1.1219400e+00   6.0263000e+00   2.9633700e+00   5.2139600e+00   5.6885400e-01  -7.5862300e+05
   6.9454800e+00  -1.1220500e+00   6.0263500e+00   2.9634100e+00   5.2139300e+00   5.6883400e-01  -7.5862400e+05
   6.9454300e+00  -1.1221600e+00   6.0262700e+00   2.9634200e+00   5.2137400e+00   5.6881800e-01  -7.5862400e+05
   6.9456800e+00  -1.1222200e+00   6.0262700e+00   2.9634200e+00   5.2135900e+00   5.6884100e-01  -7.5862500e+05
   6.9452200e+00  -1.1223400e+00   6.0262700e+00   2.9634200e+00   5.2139800e+00   5.6886800e-01  -7.5862600e+05
   6.9454500e+00  -1.1219800e+00   6.0262700e+00   2.9634100e+00   5.2135100e+00   5.6883000e-01  -7.5862700e+05
   6.9454000e+00  -1.1220400e+00   6.0263200e+00   2.9634200e+00   5.2139000e+00   5.6884800e-01  -7.5862300e+05
   6.9454000e+00  -1.1223400e+00   6.0262700e+00   2.9634200e+00   5.2139600e+00   5.6886100e-01  -7.5862400e+05
   6.9454600e+00  -1.1222900e+00   6.0263600e+00   2.9634600e+00   5.2140400e+00   5.6883200e-01  -7.5862600e+05
   6.9456100e+00  -1.1223200e+00   6.0263100e+00   2.9634600e+00   5.2136500e+00   5.6880600e-01  -7.5862400e+05
   6.9455300e+00  -1.1224000e+00   6.0262700e+00   2.9634800e+00   5.2138400e+00   5.6878400e-01  -7.5862500e+05
   6.9453500e+00  -1.1223500e+00   6.0261900e+00   2.9635000e+00   5.2140400e+00   5.6880000e-01  -7.5863100e+05
   6.9453300e+00  -1.1223800e+00   6.0262700e+00   2.9634900e+00   5.2140300e+00   5.6881100e-01  -7.5862500e+05
   6.9457000e+00  -1.1222900e+00   6.0262800e+00   2.9634900e+00   5.2134300e+00   5.6883200e-01  -7.5862500e+05
   6.9455100e+00  -1.1224800e+00   6.0263300e+00   2.9635000e+00   5.2138300e+00   5.6884500e-01  -7.5862400e+05
   6.9455700e+00  -1.1225500e+00   6.0263200e+00   2.9635000e+00   5.2138200e+00   5.6886400e-01  -7.5862500e+05
   6.9457400e+00  -1.1226400e+00   6.0262800e+00   2.9634700e+00   5.2135900e+00   5.6885400e-01  -7.5862700e+05
   6.9456300e+00  -1.1229900e+00   6.0262800e+00   2.9634600e+00   5.2137100e+00   5.6886300e-01  -7.5862500e+05
   6.9458000e+00  -1.1230100e+00   6.0262600e+00   2.9634400e+00   5.2134100e+00   5.6886400e-01  -7.5862700e+05
   6.9457600e+00  -1.1230000e+00   6.0262700e+00   2.9634600e+00   5.2135600e+00   5.6884900e-01  -7.5862700e+05
   6.9456600e+00  -1.1231100e+00   6.0262900e+00   2.9634800e+00   5.2136800e+00   5.6886300e-01  -7.5862500e+05
   6.9455500e+00  -1.1232000e+00   6.0262800e+00   2.9634900e+00   5.2136600e+00   5.6885600e-01  -7.5862500e+05
   6.9453900e+00  -1.1230000e+00   6.0262600e+00   2.9634800e+00   5.2139300e+00   5.6885900e-01  -7.5862500e+05
   6.9454800e+00  -1.1229900e+00   6.0263000e+00   2.9634900e+00   5.2138900e+00   5.6885400e-01  -7.5862400e+05
   6.9453200e+00  -1.1229300e+00   6.0263000e+00   2.9634900e+00   5.2139400e+00   5.6889400e-01  -7.5862600e+05
   6.9454900e+00  -1.1230400e+00   6.0263600e+00   2.9635000e+00   5.2140100e+00   5.6891100e-01  -7.5862700e+05
   6.9453000e+00  -1.1229700e+00   6.0262300e+00   2.9635000e+00   5.2139600e+00   5.6895600e-01  -7.5862600e+05
   6.9453300e+00  -1.1231500e+00   6.0263300e+00   2.9634900e+00   5.2140400e+00   5.6897200e-01  -7.5862500e+05
   6.9455300e+00  -1.1233000e+00   6.0262600e+00   2.9635000e+00   5.2137900e+00   5.6896700e-01  -7.5862400e+05
   6.9454900e+00  -1.1230300e+00   6.0263400e+00   2.9634900e+00   5.2139500e+00   5.6896700e-01  -7.5862500e+05
   6.9453700e+00  -1.1232400e+00   6.0262600e+00   2.9635000e+00   5.2138300e+00   5.6896200e-01  -7.5862500e+05
   6.9453500e+00  -1.1232800e+00   6.0262900e+00   2.9635000e+00   5.2140600e+00   5.6894100e-01  -7.5862500e+05
   6.9454400e+00  -1.1234100e+00   6.0263100e+00   2.9635100e+00   5.2140900e+00   5.6894000e-01  -7.5862600e+05
   6.9453600e+00  -1.1232100e+00   6.0263000e+00   2.9635200e+00   5.2138000e+00   5.6894100e-01  -7.5862700e+05
   6.9454600e+00  -1.1236900e+00   6.0262800e+00   2.9635300e+00   5.2136400e+00   5.6893700e-01  -7.5862800e+05
   6.9455500e+00  -1.1238700e+00   6.0262800e+00   2.9635200e+00   5.2136300e+00   5.6896300e-01  -7.5862700e+05
   6.9455800e+00  -1.1243000e+00   6.0262500e+00   2.9635300e+00   5.2139500e+00   5.6897800e-01  -7.5862700e+05
   6.9455600e+00  -1.1244700e+00   6.0262500e+00   2.9635500e+00   5.2137000e+00   5.6900400e-01  -7.5862600e+05
   6.9456800e+00  -1.1245000e+00   6.0262100e+00   2.9635100e+00   5.2137400e+00   5.6896600e-01  -7.5862800e+05
   6.9455600e+00  -1.1248400e+00   6.0261700e+00   2.9635400e+00   5.2136100e+00   5.6901000e-01  -7.5863000e+05
   6.9455900e+00  -1.1245200e+00   6.0262300e+00   2.9635400e+00   5.2140500e+00   5.6899800e-01  -7.5863000e+05
   6.9455400e+00  -1.1245200e+00   6.0263100e+00   2.9635700e+00   5.2140600e+00   5.6897000e-01  -7.5862800e+05
   6.9454900e+00  -1.1246800e+00   6.0262400e+00   2.9635800e+00   5.2136700e+00   5.6897000e-01  -7.5862900e+05
   6.9456500e+00  -1.1244800e+00   6.0263000e+00   2.9636000e+00   5.2138900e+00   5.6896100e-01  -7.5862900e+05
   6.9454400e+00  -1.1245600e+00   6.0261900e+00   2.9636000e+00   5.2137700e+00   5.6896900e-01  -7.5862900e+05
   6.9455800e+00  -1.1248700e+00   6.0262900e+00   2.9636200e+00   5.2137600e+00   5.6894400e-01  -7.5862800e+05
   6.9454800e+00  -1.1250100e+00   6.0262000e+00   2.9636300e+00   5.2138300e+00   5.6893900e-01  -7.5862800e+05
   6.9455900e+00  -1.1248700e+00   6.0262500e+00   2.9636700e+00   5.2135700e+00   5.6894300e-01  -7.5862900e+05
   6.9454400e+00  -1.1248000e+00   6.0263000e+00   2.9636400e+00   5.2140800e+00   5.6891800e-01  -7.5862900e+05
   6.9455700e+00  -1.1248800e+00   6.0261900e+00   2.9636400e+00   5.2137900e+00   5.6892300e-01  -7.5862800e+05
   6.9457100e+00  -1.1249200e+00   6.0262100e+00   2.9636500e+00   5.2137100e+00   5.6891900e-01  -7.5862900e+05
   6.9456400e+00  -1.1247400e+00   6.0262900e+00   2.9636500e+00   5.2137800e+00   5.6889300e-01  -7.5862800e+05
   6.9453700e+00  -1.1250500e+00   6.0262500e+00   2.9636900e+00   5.2141400e+00   5.6890100e-01  -7.5863000e+05
   6.9457100e+00  -1.1249900e+00   6.0261600e+00   2.9636700e+00   5.2134900e+00   5.6884700e-01  -7.5863100e+05
   6.9456200e+00  -1.1249400e+00   6.0262400e+00   2.9636400e+00   5.2136900e+00   5.6882300e-01  -7.5862800e+05
   6.9456500e+00  -1.1249500e+00   6.0262200e+00   2.9636400e+00   5.2136800e+00   5.6881900e-01  -7.5862800e+05
   6.9456300e+00  -1.1248000e+00   6.0262300e+00   2.9636500e+00   5.2137900e+00   5.6885200e-01  -7.5862800e+05
   6.9455600e+00  -1.1248600e+00   6.0263000e+00   2.9636700e+00   5.2137800e+00   5.6883700e-01  -7.5863000e+05
   6.9455200e+00  -1.1246800e+00   6.0262400e+00   2.9636700e+00   5.2138300e+00   5.6886400e-01  -7.5862700e+05
   6.9453600e+00  -1.1244800e+00   6.0262000e+00   2.9637000e+00   5.2139100e+00   5.6889400e-01  -7.5863000e+05
   6.9456700e+00  -1.1244100e+00   6.0262500e+00   2.9636800e+00   5.2135600e+00   5.6894100e-01  -7.5862700e+05
   6.9454500e+00  -1.1243600e+00   6.0261900e+00   2.9636800e+00   5.2140100e+00   5.6897700e-01  -7.5862900e+05
   6.9454400e+00  -1.1243500e+00   6.0262700e+00   2.9636800e+00   5.2138900e+00   5.6898600e-01  -7.5862600e+05
   6.9452400e+00  -1.1247200e+00   6.0263100e+00   2.9637000e+00   5.2142200e+00   5.6900800e-01  -7.5863100e+05
   6.9454700e+00  -1.1245800e+00   6.0262700e+00   2.9637200e+00   5.2139400e+00   5.6901200e-01  -7.5862700e+05
   6.9455100e+00  -1.1243300e+00   6.0262500e+00   2.9637000e+00   5.2136600e+00   5.6899700e-01  -7.5862800e+05
   6.9456000e+00  -1.1243800e+00   6.0262800e+00   2.9637100e+00   5.2137000e+00   5.6902400e-01  -7.5862700e+05
   6.9455000e+00  -1.1242500e+00   6.0262300e+00   2.9637100e+00   5.2136900e+00   5.6903100e-01  -7.5862700e+05
   6.9453700e+00  -1.1241100e+00   6.0262200e+00   2.9637100e+00   5.2137900e+00   5.6900100e-01  -7.5862800e+05
   6.9455900e+00  -1.1244700e+00   6.0262500e+00   2.9637100e+00   5.2139100e+00   5.6900000e-01  -7.5862700e+05
   6.9455200e+00  -1.1241900e+00   6.0262500e+00   2.9637000e+00   5.2139200e+00   5.6902900e-01  -7.5862600e+05
   6.9454500e+00  -1.1241600e+00   6.0262000e+00   2.9636800e+00   5.2139000e+00   5.6906400e-01  -7.5862600e+05
   6.9452700e+00  -1.1243500e+00   6.0262900e+00   2.9636600e+00   5.2140000e+00   5.6911800e-01  -7.5862900e+05
   6.9455300e+00  -1.1243000e+00   6.0262800e+00   2.9636800e+00   5.2140900e+00   5.6911400e-01  -7.5862800e+05
   6.9454300e+00  -1.1240600e+00   6.0262700e+00   2.9637300e+00   5.2141000e+00   5.6913400e-01  -7.5862500e+05
   6.9454900e+00  -1.1241100e+00   6.0262800e+00   2.9637200e+00   5.2141700e+00   5.6914100e-01  -7.5862800e+05
   6.9457700e+00  -1.1241900e+00   6.0262200e+00   2.9637300e+00   5.2137200e+00   5.6915400e-01  -7.5863200e+05
   6.9454100e+00  -1.1243300e+00   6.0263000e+00   2.9637500e+00   5.2140800e+00   5.6917100e-01  -7.5862600e+05
   6.9454500e+00  -1.1239900e+00   6.0262700e+00   2.9637300e+00   5.2139600e+00   5.6916500e-01  -7.5862500e+05
   6.9454000e+00  -1.1238300e+00   6.0262700e+00   2.9637500e+00   5.2139200e+00   5.6914700e-01  -7.5862500e+05
   6.9455600e+00  -1.1241000e+00   6.0262600e+00   2.9637500e+00   5.2139100e+00   5.6913800e-01  -7.5862600e+05
   6.9456100e+00  -1.1239800e+00   6.0262700e+00   2.9637500e+00   5.2137700e+00   5.6917300e-01  -7.5862600e+05
   6.9453800e+00  -1.1239300e+00   6.0263200e+00   2.9637400e+00   5.2141100e+00   5.6918700e-01  -7.5862600e+05
   6.9456400e+00  -1.1237100e+00   6.0262300e+00   2.9637500e+00   5.2136800e+00   5.6922100e-01  -7.5862700e+05
   6.9454400e+00  -1.1236000e+00   6.0262400e+00   2.9637500e+00   5.2140800e+00   5.6921200e-01  -7.5862600e+05
   6.9453800e+00  -1.1236600e+00   6.0263100e+00   2.9637800e+00   5.2142600e+00   5.6920100e-01  -7.5862600e+05
   6.9455800e+00  -1.1233600e+00   6.0261900e+00   2.9637900e+00   5.2136000e+00   5.6917400e-01  -7.5862800e+05
   6.9453800e+00  -1.1235500e+00   6.0262800e+00   2.9637800e+00   5.2143500e+00   5.6917300e-01  -7.5862900e+05
   6.9455500e+00  -1.1239300e+00   6.0262300e+00   2.9637500e+00   5.2140600e+00   5.6915400e-01  -7.5862900e+05
   6.9451300e+00  -1.1240400e+00   6.0262600e+00   2.9637600e+00   5.2143100e+00   5.6915600e-01  -7.5862800e+05
   6.9456000e+00  -1.1241400e+00   6.0262400e+00   2.9637800e+00   5.2135100e+00   5.6916100e-01  -7.5862900e+05
   6.9454900e+00  -1.1239200e+00   6.0262500e+00   2.9637800e+00   5.2138300e+00   5.6920200e-01  -7.5862500e+05
   6.9454400e+00  -1.1238200e+00   6.0262500e+00   2.9637500e+00   5.2140000e+00   5.6922900e-01  -7.5862500e+05
   6.9452800e+00  -1.1233600e+00   6.0262400e+00   2.9637700e+00   5.2141100e+00   5.6925200e-01  -7.5862400e+05
   6.9453100e+00  -1.1232800e+00   6.0262700e+00   2.9637500e+00   5.2142000e+00   5.6923200e-01  -7.5862400e+05
   6.9455400e+00  -1.1234100e+00   6.0262900e+00   2.9637600e+00   5.2139300e+00   5.6924800e-01  -7.5862600e+05
   6.9453600e+00  -1.1234400e+00   6.0262600e+00   2.9637200e+00   5.2139000e+00   5.6926600e-01  -7.5862500e+05
   6.9454300e+00  -1.1234200e+00   6.0262900e+00   2.9637300e+00   5.2140600e+00   5.6925400e-01  -7.5862400e+05
   6.9452000e+00  -1.1233300e+00   6.0262800e+00   2.9637000e+00   5.2143300e+00   5.6928700e-01  -7.5862400e+05
   6.9455400e+00  -1.1235200e+00   6.0262500e+00   2.9637100e+00   5.2138500e+00   5.6927900e-01  -7.5862600e+05
   6.9454700e+00  -1.1233700e+00   6.0263100e+00   2.9637100e+00   5.2141000e+00   5.6926700e-01  -7.5862600e+05
   6.9454000e+00  -1.1229100e+00   6.0262900e+00   2.9637300e+00   5.2138700e+00   5.6928000e-01  -7.5862500e+05
   6.9453200e+00  -1.1224800e+00   6.0263400e+00   2.9637200e+00   5.2141900e+00   5.6925800e-01  -7.5862400e+05
   6.9454200e+00  -1.1220900e+00   6.0262900e+00   2.9637100e+00   5.2138800e+00   5.6926800e-01  -7.5862400e+05
   6.9450900e+00  -1.1220700e+00   6.0263100e+00   2.9637200e+00   5.2143400e+00   5.6928200e-01  -7.5862400e+05
   6.9454700e+00  -1.1221100e+00   6.0262700e+00   2.9637300e+00   5.2137400e+00   5.6930400e-01  -7.5862500e+05
   6.9451100e+00  -1.1223900e+00   6.0263300e+00   2.9637100e+00   5.2142100e+00   5.6929500e-01  -7.5862600e+05
   6.9452800e+00  -1.1222300e+00   6.0262700e+00   2.9637000e+00   5.2142400e+00   5.6931300e-01  -7.5862400e+05
   6.9449600e+00  -1.1221100e+00   6.0263700e+00   2.9637100e+00   5.2146100e+00   5.6931400e-01  -7.5862700e+05
   6.9452500e+00  -1.1223300e+00   6.0262500e+00   2.9637500e+00   5.2141100e+00   5.6931000e-01  -7.5862400e+05
   6.9452000e+00  -1.1221200e+00   6.0262800e+00   2.9637500e+00   5.2142400e+00   5.6935300e-01  -7.5862300e+05
   6.9450300e+00  -1.1218800e+00   6.0262500e+00   2.9637400e+00   5.2142100e+00   5.6933600e-01  -7.5862600e+05
   6.9452100e+00  -1.1214900e+00   6.0263400e+00   2.9637400e+00   5.2143400e+00   5.6933500e-01  -7.5862400e+05
   6.9451800e+00  -1.1217800e+00   6.0262500e+00   2.9637300e+00   5.2140700e+00   5.6935700e-01  -7.5862400e+05
   6.9451800e+00  -1.1219300e+00   6.0263000e+00   2.9637300e+00   5.2142300e+00   5.6932800e-01  -7.5862300e+05
   6.9452400e+00  -1.1222400e+00   6.0263400e+00   2.9637500e+00   5.2142500e+00   5.6937000e-01  -7.5862400e+05
   6.9452500e+00  -1.1221500e+00   6.0262900e+00   2.9637400e+00   5.2144100e+00   5.6939000e-01  -7.5862500e+05
   6.9452100e+00  -1.1218800e+00   6.0262900e+00   2.9637500e+00   5.2138900e+00   5.6935600e-01  -7.5862700e+05
   6.9452100e+00  -1.1222100e+00   6.0262500e+00   2.9637300e+00   5.2141800e+00   5.6934100e-01  -7.5862400e+05
   6.9453300e+00  -1.1221600e+00   6.0262900e+00   2.9637100e+00   5.2140300e+00   5.6935300e-01  -7.5862300e+05
   6.9451800e+00  -1.1221500e+00   6.0262900e+00   2.9637000e+00   5.2140800e+00   5.6931800e-01  -7.5862400e+05
   6.9453800e+00  -1.1221900e+00   6.0263200e+00   2.9636900e+00   5.2139900e+00   5.6932600e-01  -7.5862400e+05
   6.9449900e+00  -1.1221600e+00   6.0262600e+00   2.9636800e+00   5.2144600e+00   5.6939000e-01  -7.5862500e+05
   6.9452700e+00  -1.1220400e+00   6.0262700e+00   2.9636600e+00   5.2139600e+00   5.6936600e-01  -7.5862400e+05
   6.9451800e+00  -1.1221000e+00   6.0263300e+00   2.9636600e+00   5.2144000e+00   5.6938800e-01  -7.5862300e+05
   6.9449300e+00  -1.1221000e+00   6.0262000e+00   2.9636300e+00   5.2144200e+00   5.6934700e-01  -7.5863000e+05
   6.9452300e+00  -1.1220600e+00   6.0263000e+00   2.9636200e+00   5.2142000e+00   5.6933500e-01  -7.5862200e+05
   6.9453800e+00  -1.1222900e+00   6.0263000e+00   2.9636200e+00   5.2142400e+00   5.6933400e-01  -7.5862500e+05
   6.9452500e+00  -1.1220800e+00   6.0262800e+00   2.9636100e+00   5.2139800e+00   5.6934300e-01  -7.5862400e+05
   6.9452500e+00  -1.1219500e+00   6.0262700e+00   2.9636200e+00   5.2140900e+00   5.6934600e-01  -7.5862300e+05
   6.9452600e+00  -1.1218900e+00   6.0263100e+00   2.9636000e+00   5.2141900e+00   5.6934200e-01  -7.5862300e+05
   6.9451200e+00  -1.1218700e+00   6.0263200e+00   2.9636200e+00   5.2144400e+00   5.6937000e-01  -7.5862300e+05
   6.9450700e+00  -1.1219800e+00   6.0263000e+00   2.9636000e+00   5.2145800e+00   5.6937400e-01  -7.5862400e+05
   6.9453100e+00  -1.1220800e+00   6.0263300e+00   2.9636000e+00   5.2139500e+00   5.6939000e-01  -7.5862500e+05
   6.9453800e+00  -1.1220100e+00   6.0263100e+00   2.9636100e+00   5.2139700e+00   5.6941800e-01  -7.5862400e+05
   6.9451000e+00  -1.1220900e+00   6.0263300e+00   2.9636100e+00   5.2145000e+00   5.6939700e-01  -7.5862300e+05
   6.9451500e+00  -1.1220900e+00   6.0262300e+00   2.9636200e+00   5.2142000e+00   5.6936600e-01  -7.5862400e+05
   6.9453400e+00  -1.1220800e+00   6.0262900e+00   2.9636300e+00   5.2139300e+00   5.6934200e-01  -7.5862400e+05
   6.9452400e+00  -1.1222500e+00   6.0262700e+00   2.9636500e+00   5.2142900e+00   5.6932500e-01  -7.5862400e+05
   6.9452300e+00  -1.1226300e+00   6.0263700e+00   2.9636400e+00   5.2142300e+00   5.6931700e-01  -7.5862600e+05
   6.9453300e+00  -1.1226700e+00   6.0262200e+00   2.9636500e+00   5.2139100e+00   5.6930800e-01  -7.5862500e+05
   6.9452800e+00  -1.1225200e+00   6.0262800e+00   2.9636600e+00   5.2141700e+00   5.6928000e-01  -7.5862300e+05
   6.9451400e+00  -1.1222900e+00   6.0262800e+00   2.9636500e+00   5.2143600e+00   5.6927400e-01  -7.5862400e+05
   6.9453000e+00  -1.1223000e+00   6.0262900e+00   2.9636500e+00   5.2141200e+00   5.6924400e-01  -7.5862300e+05
   6.9453800e+00  -1.1223400e+00   6.0263200e+00   2.9636300e+00   5.2140900e+00   5.6924800e-01  -7.5862400e+05
   6.9452800e+00  -1.1225800e+00   6.0263200e+00   2.9636300e+00   5.2139500e+00   5.6924900e-01  -7.5862600e+05
   6.9452300e+00  -1.1228500e+00   6.0263100e+00   2.9636000e+00   5.2142500e+00   5.6927900e-01  -7.5862300e+05
   6.9455100e+00  -1.1226300e+00   6.0262100e+00   2.9635900e+00   5.2137300e+00   5.6925800e-01  -7.5862700e+05
   6.9452600e+00  -1.1225200e+00   6.0262500e+00   2.9635700e+00   5.2141700e+00   5.6927800e-01  -7.5862300e+05
   6.9452800e+00  -1.1226800e+00   6.0262700e+00   2.9635900e+00   5.2141600e+00   5.6930800e-01  -7.5862300e+05
   6.9453800e+00  -1.1227400e+00   6.0262900e+00   2.9636100e+00   5.2141100e+00   5.6932900e-01  -7.5862400e+05
   6.9452200e+00  -1.1224800e+00   6.0262800e+00   2.9636000e+00   5.2141500e+00   5.6934800e-01  -7.5862300e+05
   6.9452900e+00  -1.1225100e+00   6.0263100e+00   2.9635900e+00   5.2139700e+00   5.6934800e-01  -7.5862400e+05
   6.9450900e+00  -1.1229200e+00   6.0262900e+00   2.9635800e+00   5.2144600e+00   5.6930800e-01  -7.5862400e+05
   6.9452000e+00  -1.1227000e+00   6.0262700e+00   2.9635300e+00   5.2142000e+00   5.6929800e-01  -7.5862300e+05
   6.9452200e+00  -1.1226600e+00   6.0262900e+00   2.9635500e+00   5.2141000e+00   5.6929800e-01  -7.5862300e+05
   6.9449100e+00  -1.1229600e+00   6.0262600e+00   2.9635300e+00   5.2146000e+00   5.6927300e-01  -7.5862800e+05
   6.9453600e+00  -1.1225600e+00   6.0262400e+00   2.9635600e+00   5.2138800e+00   5.6928700e-01  -7.5862400e+05
   6.9456100e+00  -1.1224200e+00   6.0263400e+00   2.9635600e+00   5.2138600e+00   5.6929700e-01  -7.5862800e+05
   6.9453500e+00  -1.1226100e+00   6.0262900e+00   2.9635700e+00   5.2140700e+00   5.6928700e-01  -7.5862300e+05
   6.9452700e+00  -1.1226800e+00   6.0263300e+00   2.9635600e+00   5.2142000e+00   5.6931700e-01  -7.5862300e+05
   6.9452600e+00  -1.1225900e+00   6.0262300e+00   2.9635500e+00   5.2140000e+00   5.6930200e-01  -7.5862400e+05
   6.9451900e+00  -1.1223400e+00   6.0263100e+00   2.9635600e+00   5.2142800e+00   5.6929000e-01  -7.5862300e+05
   6.9455200e+00  -1.1224000e+00   6.0262700e+00   2.9635400e+00   5.2137200e+00   5.6923600e-01  -7.5862500e+05
   6.9454000e+00  -1.1222500e+00   6.0262700e+00   2.9635100e+00   5.2139600e+00   5.6926200e-01  -7.5862300e+05
   6.9453200e+00  -1.1225200e+00   6.0263100e+00   2.9634900e+00   5.2143000e+00   5.6926400e-01  -7.5862400e+05
   6.9452800e+00  -1.1224100e+00   6.0263100e+00   2.9635000e+00   5.2141200e+00   5.6927300e-01  -7.5862200e+05
   6.9452700e+00  -1.1225400e+00   6.0262800e+00   2.9635000e+00   5.2141800e+00   5.6927000e-01  -7.5862300e+05
   6.9451300e+00  -1.1222700e+00   6.0263200e+00   2.9634600e+00   5.2143100e+00   5.6926500e-01  -7.5862300e+05
   6.9453100e+00  -1.1224500e+00   6.0263200e+00   2.9634800e+00   5.2142600e+00   5.6927000e-01  -7.5862300e+05
   6.9450800e+00  -1.1224200e+00   6.0262900e+00   2.9634800e+00   5.2144700e+00   5.6926800e-01  -7.5862400e+05
   6.9455200e+00  -1.1223500e+00   6.0263300e+00   2.9635000e+00   5.2140500e+00   5.6925900e-01  -7.5862700e+05
   6.9454000e+00  -1.1224100e+00   6.0263000e+00   2.9635200e+00   5.2139400e+00   5.6920100e-01  -7.5862300e+05
   6.9451300e+00  -1.1225300e+00   6.0263600e+00   2.9635000e+00   5.2143600e+00   5.6916400e-01  -7.5862600e+05
   6.9452400e+00  -1.1225100e+00   6.0263000e+00   2.9635000e+00   5.2143900e+00   5.6916600e-01  -7.5862500e+05
   6.9455700e+00  -1.1226600e+00   6.0262700e+00   2.9634900e+00   5.2139600e+00   5.6917600e-01  -7.5862700e+05
   6.9451400e+00  -1.1226700e+00   6.0263500e+00   2.9635100e+00   5.2143100e+00   5.6919800e-01  -7.5862500e+05
   6.9454000e+00  -1.1228100e+00   6.0262700e+00   2.9635200e+00   5.2138600e+00   5.6920200e-01  -7.5862400e+05
   6.9453900e+00  -1.1225600e+00   6.0262300e+00   2.9635600e+00   5.2137100e+00   5.6915900e-01  -7.5862600e+05
   6.9453700e+00  -1.1226300e+00   6.0262700e+00   2.9635400e+00   5.2140500e+00   5.6918700e-01  -7.5862300e+05
   6.9451600e+00  -1.1226100e+00   6.0263500e+00   2.9635200e+00   5.2141700e+00   5.6917300e-01  -7.5862600e+05
   6.9454200e+00  -1.1226400e+00   6.0262600e+00   2.9635200e+00   5.2140300e+00   5.6914600e-01  -7.5862400e+05
   6.9455000e+00  -1.1228600e+00   6.0263100e+00   2.9635100e+00   5.2139800e+00   5.6911900e-01  -7.5862400e+05
   6.9454800e+00  -1.1231500e+00   6.0262800e+00   2.9635300e+00   5.2138700e+00   5.6911000e-01  -7.5862400e+05
   6.9454500e+00  -1.1231300e+00   6.0262700e+00   2.9635100e+00   5.2138300e+00   5.6915700e-01  -7.5862400e+05
   6.9453200e+00  -1.1234000e+00   6.0263000e+00   2.9634900e+00   5.2143100e+00   5.6914400e-01  -7.5862500e+05
   6.9453700e+00  -1.1233900e+00   6.0262500e+00   2.9634500e+00   5.2138700e+00   5.6907500e-01  -7.5862500e+05
   6.9453300e+00  -1.1232600e+00   6.0262800e+00   2.9634500e+00   5.2143200e+00   5.6908900e-01  -7.5862600e+05
   6.9452500e+00  -1.1233800e+00   6.0263100e+00   2.9634200e+00   5.2143600e+00   5.6911400e-01  -7.5862500e+05
   6.9451900e+00  -1.1234900e+00   6.0262200e+00   2.9634300e+00   5.2143000e+00   5.6913500e-01  -7.5862600e+05
   6.9453200e+00  -1.1238100e+00   6.0262600e+00   2.9634100e+00   5.2138900e+00   5.6915000e-01  -7.5862600e+05
   6.9453900e+00  -1.1241700e+00   6.0262600e+00   2.9633900e+00   5.2142900e+00   5.6918100e-01  -7.5862600e+05
   6.9453600e+00  -1.1239500e+00   6.0262600e+00   2.9634000e+00   5.2142000e+00   5.6918500e-01  -7.5862400e+05
   6.9451500e+00  -1.1237000e+00   6.0262600e+00   2.9633800e+00   5.2142400e+00   5.6916500e-01  -7.5862600e+05
   6.9453100e+00  -1.1238500e+00   6.0262400e+00   2.9633800e+00   5.2138700e+00   5.6917700e-01  -7.5862700e+05
   6.9454400e+00  -1.1239100e+00   6.0262200e+00   2.9633800e+00   5.2141000e+00   5.6915800e-01  -7.5862600e+05
   6.9455200e+00  -1.1240600e+00   6.0262600e+00   2.9634200e+00   5.2138000e+00   5.6913200e-01  -7.5862500e+05
   6.9455600e+00  -1.1240300e+00   6.0262700e+00   2.9634000e+00   5.2137900e+00   5.6913700e-01  -7.5862500e+05
   6.9455000e+00  -1.1240300e+00   6.0262100e+00   2.9634000e+00   5.2139600e+00   5.6914000e-01  -7.5862600e+05
   6.9454000e+00  -1.1239600e+00   6.0263100e+00   2.9634100e+00   5.2139500e+00   5.6915700e-01  -7.5862500e+05
   6.9453000e+00  -1.1239200e+00   6.0262600e+00   2.9634000e+00   5.2141600e+00   5.6918600e-01  -7.5862400e+05
   6.9455300e+00  -1.1241300e+00   6.0261900e+00   2.9634000e+00   5.2138400e+00   5.6916100e-01  -7.5862700e+05
   6.9456100e+00  -1.1239800e+00   6.0262300e+00   2.9634000e+00   5.2137400e+00   5.6916500e-01  -7.5862600e+05
   6.9455800e+00  -1.1243300e+00   6.0262800e+00   2.9634200e+00   5.2138200e+00   5.6913900e-01  -7.5862500e+05
   6.9454900e+00  -1.1243500e+00   6.0263000e+00   2.9634000e+00   5.2139500e+00   5.6915400e-01  -7.5862500e+05
   6.9452100e+00  -1.1241000e+00   6.0263000e+00   2.9633900e+00   5.2141100e+00   5.6912600e-01  -7.5862800e+05
   6.9453400e+00  -1.1239000e+00   6.0263100e+00   2.9634000e+00   5.2141100e+00   5.6915300e-01  -7.5862400e+05
   6.9454400e+00  -1.1237300e+00   6.0263600e+00   2.9634000e+00   5.2141800e+00   5.6912300e-01  -7.5862700e+05
   6.9454900e+00  -1.1237500e+00   6.0263200e+00   2.9633900e+00   5.2141100e+00   5.6913500e-01  -7.5862600e+05
   6.9453000e+00  -1.1236800e+00   6.0262300e+00   2.9634200e+00   5.2138800e+00   5.6913200e-01  -7.5862700e+05
   6.9453800e+00  -1.1237400e+00   6.0262400e+00   2.9634200e+00   5.2140200e+00   5.6912500e-01  -7.5862400e+05
   6.9453700e+00  -1.1237700e+00   6.0262800e+00   2.9634300e+00   5.2139500e+00   5.6913700e-01  -7.5862400e+05
   6.9455500e+00  -1.1237500e+00   6.0262100e+00   2.9634300e+00   5.2139800e+00   5.6914500e-01  -7.5862800e+05
   6.9455000e+00  -1.1232600e+00   6.0262400e+00   2.9634100e+00   5.2136600e+00   5.6913300e-01  -7.5862600e+05
   6.9453900e+00  -1.1235100e+00   6.0262600e+00   2.9634000e+00   5.2139600e+00   5.6911100e-01  -7.5862400e+05
   6.9453800e+00  -1.1233000e+00   6.0262300e+00   2.9634200e+00   5.2139600e+00   5.6914400e-01  -7.5862400e+05
   6.9453900e+00  -1.1233900e+00   6.0263100e+00   2.9634400e+00   5.2141200e+00   5.6916800e-01  -7.5862400e+05
   6.9452900e+00  -1.1232400e+00   6.0262800e+00   2.9634600e+00   5.2141100e+00   5.6918000e-01  -7.5862300e+05
   6.9454100e+00  -1.1237500e+00   6.0262300e+00   2.9634500e+00   5.2140000e+00   5.6917000e-01  -7.5862400e+05
   6.9453500e+00  -1.1236600e+00   6.0262600e+00   2.9634100e+00   5.2141000e+00   5.6919600e-01  -7.5862300e+05
   6.9453500e+00  -1.1233100e+00   6.0262700e+00   2.9634000e+00   5.2140800e+00   5.6917600e-01  -7.5862300e+05
   6.9453000e+00  -1.1233400e+00   6.0262700e+00   2.9633900e+00   5.2141200e+00   5.6920100e-01  -7.5862300e+05
   6.9454900e+00  -1.1234400e+00   6.0263400e+00   2.9633900e+00   5.2140500e+00   5.6920600e-01  -7.5862600e+05
   6.9454500e+00  -1.1232700e+00   6.0262900e+00   2.9633800e+00   5.2140800e+00   5.6920500e-01  -7.5862400e+05
   6.9452100e+00  -1.1230700e+00   6.0262600e+00   2.9633900e+00   5.2142600e+00   5.6920300e-01  -7.5862400e+05
   6.9453300e+00  -1.1231400e+00   6.0262900e+00   2.9633800e+00   5.2142200e+00   5.6921200e-01  -7.5862300e+05
   6.9449900e+00  -1.1234500e+00   6.0262900e+00   2.9633800e+00   5.2145400e+00   5.6919000e-01  -7.5862700e+05
   6.9454500e+00  -1.1232800e+00   6.0262000e+00   2.9633700e+00   5.2138800e+00   5.6916700e-01  -7.5862600e+05
   6.9452400e+00  -1.1233000e+00   6.0262900e+00   2.9633600e+00   5.2140000e+00   5.6917200e-01  -7.5862600e+05
   6.9452700e+00  -1.1233000e+00   6.0262500e+00   2.9633600e+00   5.2142300e+00   5.6919900e-01  -7.5862400e+05
   6.9452800e+00  -1.1234700e+00   6.0262500e+00   2.9633800e+00   5.2142100e+00   5.6915800e-01  -7.5862400e+05
   6.9454700e+00  -1.1233800e+00   6.0262500e+00   2.9633900e+00   5.2136900e+00   5.6918500e-01  -7.5862600e+05
   6.9453500e+00  -1.1238300e+00   6.0262800e+00   2.9633800e+00   5.2140100e+00   5.6918500e-01  -7.5862400e+05
   6.9454500e+00  -1.1239300e+00   6.0262800e+00   2.9633400e+00   5.2138500e+00   5.6918600e-01  -7.5862500e+05
   6.9453600e+00  -1.1237900e+00   6.0262300e+00   2.9633100e+00   5.2140900e+00   5.6915900e-01  -7.5862400e+05
   6.9456000e+00  -1.1237100e+00   6.0261800e+00   2.9633000e+00   5.2136100e+00   5.6915800e-01  -7.5862900e+05
   6.9453900e+00  -1.1232600e+00   6.0262900e+00   2.9633200e+00   5.2142400e+00   5.6916500e-01  -7.5862500e+05
   6.9455300e+00  -1.1233000e+00   6.0262600e+00   2.9633400e+00   5.2139000e+00   5.6918100e-01  -7.5862400e+05
   6.9452800e+00  -1.1228100e+00   6.0263000e+00   2.9633500e+00   5.2139500e+00   5.6915900e-01  -7.5862400e+05
   6.9453500e+00  -1.1231100e+00   6.0262900e+00   2.9633600e+00   5.2141600e+00   5.6917200e-01  -7.5862300e+05
   6.9454900e+00  -1.1226900e+00   6.0262500e+00   2.9633300e+00   5.2139100e+00   5.6911900e-01  -7.5862400e+05
   6.9453200e+00  -1.1226400e+00   6.0262300e+00   2.9633300e+00   5.2138800e+00   5.6915400e-01  -7.5862500e+05
   6.9454000e+00  -1.1227000e+00   6.0262800e+00   2.9633300e+00   5.2140100e+00   5.6912800e-01  -7.5862300e+05
   6.9453900e+00  -1.1227600e+00   6.0262800e+00   2.9633400e+00   5.2138600e+00   5.6910100e-01  -7.5862300e+05
   6.9453500e+00  -1.1229600e+00   6.0263300e+00   2.9633300e+00   5.2140500e+00   5.6914400e-01  -7.5862300e+05
   6.9452000e+00  -1.1230300e+00   6.0262400e+00   2.9633300e+00   5.2140900e+00   5.6912600e-01  -7.5862500e+05
   6.9454100e+00  -1.1228800e+00   6.0263000e+00   2.9633100e+00   5.2140600e+00   5.6914800e-01  -7.5862300e+05
   6.9455800e+00  -1.1227500e+00   6.0263200e+00   2.9633300e+00   5.2136600e+00   5.6912300e-01  -7.5862600e+05
   6.9452200e+00  -1.1226600e+00   6.0262800e+00   2.9633300e+00   5.2140800e+00   5.6912900e-01  -7.5862300e+05
   6.9451800e+00  -1.1223600e+00   6.0263700e+00   2.9633300e+00   5.2143100e+00   5.6915000e-01  -7.5862400e+05
   6.9453000e+00  -1.1223800e+00   6.0263200e+00   2.9633100e+00   5.2142000e+00   5.6915100e-01  -7.5862200e+05
   6.9456100e+00  -1.1222500e+00   6.0262700e+00   2.9633100e+00   5.2136700e+00   5.6917900e-01  -7.5862600e+05
   6.9452800e+00  -1.1219800e+00   6.0263200e+00   2.9633000e+00   5.2142400e+00   5.6913100e-01  -7.5862300e+05
   6.9452500e+00  -1.1220100e+00   6.0263200e+00   2.9633000e+00   5.2143000e+00   5.6916000e-01  -7.5862300e+05
   6.9453100e+00  -1.1219100e+00   6.0262900e+00   2.9632800e+00   5.2141000e+00   5.6920200e-01  -7.5862200e+05
   6.9452200e+00  -1.1220900e+00   6.0262100e+00   2.9632800e+00   5.2138200e+00   5.6924700e-01  -7.5862900e+05
   6.9453600e+00  -1.1224300e+00   6.0262400e+00   2.9632700e+00   5.2140000e+00   5.6921600e-01  -7.5862300e+05
   6.9454500e+00  -1.1222700e+00   6.0263500e+00   2.9632700e+00   5.2141900e+00   5.6920000e-01  -7.5862600e+05
   6.9453400e+00  -1.1223600e+00   6.0263400e+00   2.9632900e+00   5.2140800e+00   5.6917400e-01  -7.5862300e+05
   6.9455300e+00  -1.1223100e+00   6.0263000e+00   2.9633100e+00   5.2138800e+00   5.6918800e-01  -7.5862400e+05
   6.9452000e+00  -1.1223400e+00   6.0263200e+00   2.9632700e+00   5.2142700e+00   5.6918900e-01  -7.5862200e+05
   6.9450200e+00  -1.1224600e+00   6.0262600e+00   2.9633000e+00   5.2146600e+00   5.6922500e-01  -7.5862800e+05
   6.9453200e+00  -1.1223900e+00   6.0263200e+00   2.9632800e+00   5.2139600e+00   5.6920000e-01  -7.5862300e+05
   6.9452300e+00  -1.1224400e+00   6.0262900e+00   2.9632500e+00   5.2143900e+00   5.6918700e-01  -7.5862400e+05
