   6.9449000e+00  -1.1282600e+00   6.0263100e+00   2.9616400e+00   5.2153100e+00   5.7036500e-01  -3.7931100e+05
   6.9448000e+00  -1.1272200e+00   6.0262100e+00   2.9633800e+00   5.2148300e+00   5.7019600e-01  -3.7931500e+05
   6.9450400e+00  -1.1249500e+00   6.0262900e+00   2.9629200e+00   5.2146400e+00   5.6991600e-01  -3.7931100e+05
   6.9450600e+00  -1.1272700e+00   6.0263000e+00   2.9628400e+00   5.2149300e+00   5.7022400e-01  -3.7931200e+05
   6.9445900e+00  -1.1262700e+00   6.0263900e+00   2.9621700e+00   5.2154800e+00   5.7040900e-01  -3.7931300e+05
   6.9449800e+00  -1.1241900e+00   6.0264100e+00   2.9613300e+00   5.2148000e+00   5.6993100e-01  -3.7931200e+05
   6.9447000e+00  -1.1243000e+00   6.0263100e+00   2.9616600e+00   5.2151900e+00   5.6994300e-01  -3.7931100e+05
   6.9450800e+00  -1.1242100e+00   6.0262500e+00   2.9627200e+00   5.2147900e+00   5.6981200e-01  -3.7931200e+05
   6.9444200e+00  -1.1224600e+00   6.0263600e+00   2.9624000e+00   5.2153400e+00   5.7017000e-01  -3.7931300e+05
   6.9446900e+00  -1.1269100e+00   6.0263200e+00   2.9626000e+00   5.2156500e+00   5.7063900e-01  -3.7931200e+05
   6.9453000e+00  -1.1305400e+00   6.0261200e+00   2.9625900e+00   5.2148800e+00   5.7058000e-01  -3.7931700e+05
   6.9444200e+00  -1.1270500e+00   6.0262000e+00   2.9626300e+00   5.2157200e+00   5.7096600e-01  -3.7931200e+05
   6.9442600e+00  -1.1257100e+00   6.0262400e+00   2.9639700e+00   5.2160300e+00   5.7116900e-01  -3.7931500e+05
   6.9447600e+00  -1.1284500e+00   6.0263000e+00   2.9638000e+00   5.2154900e+00   5.7054600e-01  -3.7931500e+05
   6.9448500e+00  -1.1246100e+00   6.0263400e+00   2.9632700e+00   5.2147800e+00   5.7021900e-01  -3.7931300e+05
   6.9450600e+00  -1.1199100e+00   6.0263400e+00   2.9628000e+00   5.2144400e+00   5.6932600e-01  -3.7931100e+05
   6.9455100e+00  -1.1236100e+00   6.0263400e+00   2.9625000e+00   5.2138200e+00   5.6924500e-01  -3.7931300e+05
   6.9453000e+00  -1.1237900e+00   6.0262200e+00   2.9617300e+00   5.2144000e+00   5.6924900e-01  -3.7931500e+05
   6.9456100e+00  -1.1216400e+00   6.0262900e+00   2.9617500e+00   5.2136300e+00   5.6833300e-01  -3.7931300e+05
   6.9456800e+00  -1.1151000e+00   6.0264400e+00   2.9620200e+00   5.2133100e+00   5.6780900e-01  -3.7931400e+05
   6.9456700e+00  -1.1160300e+00   6.0264200e+00   2.9623700e+00   5.2132500e+00   5.6831400e-01  -3.7931300e+05
   6.9455300e+00  -1.1198900e+00   6.0264800e+00   2.9625100e+00   5.2138100e+00   5.6831900e-01  -3.7931500e+05
   6.9454600e+00  -1.1213100e+00   6.0262800e+00   2.9625700e+00   5.2135800e+00   5.6878000e-01  -3.7931200e+05
   6.9446800e+00  -1.1217200e+00   6.0263600e+00   2.9613400e+00   5.2152800e+00   5.6968800e-01  -3.7931300e+05
   6.9447700e+00  -1.1223300e+00   6.0264200e+00   2.9617900e+00   5.2152300e+00   5.6999300e-01  -3.7931200e+05
   6.9449600e+00  -1.1220700e+00   6.0263900e+00   2.9616500e+00   5.2145900e+00   5.6969000e-01  -3.7931200e+05
   6.9452200e+00  -1.1272400e+00   6.0262900e+00   2.9619900e+00   5.2146800e+00   5.7003100e-01  -3.7931200e+05
   6.9451600e+00  -1.1272000e+00   6.0263200e+00   2.9619600e+00   5.2148700e+00   5.6994100e-01  -3.7931200e+05
   6.9451500e+00  -1.1268200e+00   6.0262900e+00   2.9622800e+00   5.2147800e+00   5.7012900e-01  -3.7931100e+05
   6.9447500e+00  -1.1281700e+00   6.0262500e+00   2.9626200e+00   5.2151600e+00   5.7022800e-01  -3.7931300e+05
   6.9448900e+00  -1.1283800e+00   6.0262700e+00   2.9625100e+00   5.2155200e+00   5.7040900e-01  -3.7931300e+05
   6.9448900e+00  -1.1250700e+00   6.0262600e+00   2.9635100e+00   5.2151000e+00   5.7023100e-01  -3.7931200e+05
   6.9445400e+00  -1.1237100e+00   6.0262800e+00   2.9624700e+00   5.2154100e+00   5.7008600e-01  -3.7931300e+05
   6.9449900e+00  -1.1232500e+00   6.0263400e+00   2.9620400e+00   5.2149500e+00   5.7023100e-01  -3.7931200e+05
   6.9446000e+00  -1.1245300e+00   6.0262700e+00   2.9626900e+00   5.2152700e+00   5.7013900e-01  -3.7931200e+05
   6.9451800e+00  -1.1247300e+00   6.0263900e+00   2.9621400e+00   5.2147100e+00   5.6981400e-01  -3.7931200e+05
   6.9450800e+00  -1.1249600e+00   6.0261700e+00   2.9630600e+00   5.2144300e+00   5.6958900e-01  -3.7931400e+05
   6.9453700e+00  -1.1217300e+00   6.0262900e+00   2.9623500e+00   5.2141200e+00   5.6944500e-01  -3.7931200e+05
   6.9456300e+00  -1.1224100e+00   6.0263900e+00   2.9608700e+00   5.2136400e+00   5.6855900e-01  -3.7931400e+05
   6.9457600e+00  -1.1199400e+00   6.0264100e+00   2.9621200e+00   5.2129800e+00   5.6825000e-01  -3.7931600e+05
   6.9455500e+00  -1.1237700e+00   6.0262600e+00   2.9624800e+00   5.2138900e+00   5.6903400e-01  -3.7931200e+05
   6.9456200e+00  -1.1248100e+00   6.0261900e+00   2.9629000e+00   5.2137700e+00   5.6877700e-01  -3.7931500e+05
   6.9457500e+00  -1.1231600e+00   6.0263200e+00   2.9618600e+00   5.2135800e+00   5.6875400e-01  -3.7931300e+05
   6.9455200e+00  -1.1231900e+00   6.0263500e+00   2.9620900e+00   5.2139700e+00   5.6929000e-01  -3.7931200e+05
   6.9447800e+00  -1.1217400e+00   6.0263100e+00   2.9631800e+00   5.2148000e+00   5.6986700e-01  -3.7931100e+05
   6.9446900e+00  -1.1210500e+00   6.0263300e+00   2.9639400e+00   5.2148500e+00   5.7022700e-01  -3.7931400e+05
   6.9449300e+00  -1.1307600e+00   6.0261200e+00   2.9637800e+00   5.2150800e+00   5.7070900e-01  -3.7931500e+05
   6.9445300e+00  -1.1265100e+00   6.0262700e+00   2.9635800e+00   5.2156700e+00   5.7100700e-01  -3.7931200e+05
   6.9448000e+00  -1.1326900e+00   6.0261400e+00   2.9638500e+00   5.2156200e+00   5.7152700e-01  -3.7931700e+05
   6.9440600e+00  -1.1283800e+00   6.0263200e+00   2.9637800e+00   5.2166200e+00   5.7174200e-01  -3.7931700e+05
   6.9444800e+00  -1.1296700e+00   6.0262200e+00   2.9636500e+00   5.2159400e+00   5.7144300e-01  -3.7931300e+05
   6.9447800e+00  -1.1322100e+00   6.0260400e+00   2.9634800e+00   5.2155500e+00   5.7133300e-01  -3.7931800e+05
   6.9444800e+00  -1.1322400e+00   6.0260700e+00   2.9635900e+00   5.2159000e+00   5.7128000e-01  -3.7931700e+05
   6.9438600e+00  -1.1307700e+00   6.0262200e+00   2.9629200e+00   5.2167500e+00   5.7174900e-01  -3.7931600e+05
   6.9440700e+00  -1.1274500e+00   6.0263500e+00   2.9628200e+00   5.2165500e+00   5.7168400e-01  -3.7931400e+05
   6.9441000e+00  -1.1330200e+00   6.0262700e+00   2.9617200e+00   5.2167500e+00   5.7178500e-01  -3.7931400e+05
   6.9445200e+00  -1.1328700e+00   6.0262500e+00   2.9615700e+00   5.2162700e+00   5.7213100e-01  -3.7931500e+05
   6.9441600e+00  -1.1301300e+00   6.0262100e+00   2.9608700e+00   5.2167400e+00   5.7226800e-01  -3.7931600e+05
   6.9442700e+00  -1.1368400e+00   6.0261300e+00   2.9613300e+00   5.2170700e+00   5.7246800e-01  -3.7931700e+05
   6.9438300e+00  -1.1287500e+00   6.0262400e+00   2.9626700e+00   5.2168700e+00   5.7221000e-01  -3.7931400e+05
   6.9443700e+00  -1.1323200e+00   6.0262600e+00   2.9614500e+00   5.2165700e+00   5.7186800e-01  -3.7931300e+05
   6.9443000e+00  -1.1311200e+00   6.0262700e+00   2.9617000e+00   5.2163200e+00   5.7200700e-01  -3.7931300e+05
   6.9439000e+00  -1.1284500e+00   6.0263000e+00   2.9612100e+00   5.2169800e+00   5.7207400e-01  -3.7931300e+05
   6.9442900e+00  -1.1325000e+00   6.0261700e+00   2.9616200e+00   5.2166000e+00   5.7211000e-01  -3.7931400e+05
   6.9436100e+00  -1.1337300e+00   6.0262100e+00   2.9619900e+00   5.2174200e+00   5.7285500e-01  -3.7931500e+05
   6.9436600e+00  -1.1348700e+00   6.0261500e+00   2.9620000e+00   5.2173800e+00   5.7277700e-01  -3.7931600e+05
   6.9439700e+00  -1.1283100e+00   6.0263800e+00   2.9615200e+00   5.2168400e+00   5.7220100e-01  -3.7931400e+05
   6.9438300e+00  -1.1309400e+00   6.0262300e+00   2.9623300e+00   5.2168800e+00   5.7202800e-01  -3.7931400e+05
   6.9445800e+00  -1.1250800e+00   6.0264400e+00   2.9625800e+00   5.2154300e+00   5.7059700e-01  -3.7931500e+05
   6.9450700e+00  -1.1266600e+00   6.0263300e+00   2.9624800e+00   5.2148600e+00   5.7006800e-01  -3.7931200e+05
   6.9444900e+00  -1.1220800e+00   6.0262600e+00   2.9631100e+00   5.2155200e+00   5.7045000e-01  -3.7931500e+05
   6.9445000e+00  -1.1316700e+00   6.0261700e+00   2.9629000e+00   5.2161500e+00   5.7130900e-01  -3.7931400e+05
   6.9442800e+00  -1.1276300e+00   6.0262000e+00   2.9626400e+00   5.2161000e+00   5.7153500e-01  -3.7931300e+05
   6.9443200e+00  -1.1268800e+00   6.0262700e+00   2.9622800e+00   5.2161300e+00   5.7121800e-01  -3.7931200e+05
   6.9444700e+00  -1.1295800e+00   6.0262400e+00   2.9621600e+00   5.2157900e+00   5.7093500e-01  -3.7931200e+05
   6.9447300e+00  -1.1289900e+00   6.0262000e+00   2.9618800e+00   5.2157700e+00   5.7118600e-01  -3.7931400e+05
   6.9446700e+00  -1.1276200e+00   6.0261500e+00   2.9623300e+00   5.2153000e+00   5.7129100e-01  -3.7931600e+05
   6.9442600e+00  -1.1274200e+00   6.0264000e+00   2.9612200e+00   5.2161200e+00   5.7130500e-01  -3.7931400e+05
   6.9443500e+00  -1.1257700e+00   6.0262800e+00   2.9620200e+00   5.2160400e+00   5.7085900e-01  -3.7931200e+05
   6.9450000e+00  -1.1282800e+00   6.0262600e+00   2.9621100e+00   5.2153000e+00   5.7091300e-01  -3.7931400e+05
   6.9441300e+00  -1.1288400e+00   6.0262100e+00   2.9620300e+00   5.2160300e+00   5.7129200e-01  -3.7931500e+05
   6.9443500e+00  -1.1266100e+00   6.0262400e+00   2.9623500e+00   5.2159200e+00   5.7123800e-01  -3.7931200e+05
   6.9443700e+00  -1.1228000e+00   6.0263100e+00   2.9637300e+00   5.2156400e+00   5.7124900e-01  -3.7931500e+05
   6.9445900e+00  -1.1273500e+00   6.0262300e+00   2.9638700e+00   5.2154700e+00   5.7070400e-01  -3.7931300e+05
   6.9449500e+00  -1.1256200e+00   6.0262100e+00   2.9635100e+00   5.2144300e+00   5.7023600e-01  -3.7931600e+05
   6.9452000e+00  -1.1214900e+00   6.0263200e+00   2.9632500e+00   5.2144600e+00   5.7026500e-01  -3.7931700e+05
   6.9443900e+00  -1.1261600e+00   6.0262300e+00   2.9633400e+00   5.2155700e+00   5.7102400e-01  -3.7931300e+05
   6.9448400e+00  -1.1292900e+00   6.0260900e+00   2.9629000e+00   5.2152800e+00   5.7072800e-01  -3.7931600e+05
   6.9448300e+00  -1.1263100e+00   6.0262500e+00   2.9628600e+00   5.2149900e+00   5.7054700e-01  -3.7931200e+05
   6.9445200e+00  -1.1246300e+00   6.0263000e+00   2.9635500e+00   5.2153500e+00   5.7042400e-01  -3.7931300e+05
   6.9445800e+00  -1.1254400e+00   6.0262300e+00   2.9640600e+00   5.2154800e+00   5.7049300e-01  -3.7931400e+05
   6.9446600e+00  -1.1217900e+00   6.0263000e+00   2.9639600e+00   5.2152600e+00   5.7066700e-01  -3.7931500e+05
   6.9449400e+00  -1.1246800e+00   6.0262800e+00   2.9633000e+00   5.2149400e+00   5.7046100e-01  -3.7931200e+05
   6.9451000e+00  -1.1200900e+00   6.0263500e+00   2.9641600e+00   5.2142300e+00   5.6960800e-01  -3.7931300e+05
   6.9449800e+00  -1.1192500e+00   6.0263000e+00   2.9636000e+00   5.2141500e+00   5.6952000e-01  -3.7931300e+05
   6.9449400e+00  -1.1192600e+00   6.0263700e+00   2.9629100e+00   5.2146800e+00   5.6956000e-01  -3.7931200e+05
   6.9454300e+00  -1.1236600e+00   6.0263500e+00   2.9622800e+00   5.2140500e+00   5.6927200e-01  -3.7931200e+05
   6.9453900e+00  -1.1214300e+00   6.0263200e+00   2.9622500e+00   5.2139600e+00   5.6886100e-01  -3.7931100e+05
   6.9449400e+00  -1.1166000e+00   6.0264800e+00   2.9620600e+00   5.2144600e+00   5.6864200e-01  -3.7931500e+05
   6.9453500e+00  -1.1200500e+00   6.0264400e+00   2.9624400e+00   5.2137800e+00   5.6837400e-01  -3.7931400e+05
   6.9458400e+00  -1.1221500e+00   6.0263300e+00   2.9624200e+00   5.2131300e+00   5.6839500e-01  -3.7931400e+05
   6.9451200e+00  -1.1194500e+00   6.0264200e+00   2.9628200e+00   5.2143900e+00   5.6859700e-01  -3.7931400e+05
   6.9455400e+00  -1.1158000e+00   6.0263800e+00   2.9638500e+00   5.2132900e+00   5.6840200e-01  -3.7931300e+05
   6.9454500e+00  -1.1212400e+00   6.0264100e+00   2.9632200e+00   5.2136800e+00   5.6870300e-01  -3.7931400e+05
   6.9452400e+00  -1.1169600e+00   6.0263400e+00   2.9633800e+00   5.2141100e+00   5.6915800e-01  -3.7931500e+05
   6.9449500e+00  -1.1235800e+00   6.0262700e+00   2.9641400e+00   5.2144600e+00   5.6995500e-01  -3.7931400e+05
   6.9450100e+00  -1.1196900e+00   6.0262300e+00   2.9648400e+00   5.2142400e+00   5.6979400e-01  -3.7931600e+05
   6.9452900e+00  -1.1239300e+00   6.0261300e+00   2.9643900e+00   5.2142100e+00   5.6961900e-01  -3.7931600e+05
   6.9453500e+00  -1.1224400e+00   6.0263100e+00   2.9645000e+00   5.2140500e+00   5.6931100e-01  -3.7931400e+05
   6.9445800e+00  -1.1212000e+00   6.0262100e+00   2.9647900e+00   5.2147900e+00   5.7013600e-01  -3.7931800e+05
   6.9449800e+00  -1.1205700e+00   6.0262800e+00   2.9649000e+00   5.2144000e+00   5.6955700e-01  -3.7931500e+05
   6.9451000e+00  -1.1250900e+00   6.0261900e+00   2.9646100e+00   5.2145200e+00   5.7001000e-01  -3.7931400e+05
   6.9453400e+00  -1.1219500e+00   6.0263900e+00   2.9641400e+00   5.2142700e+00   5.6929600e-01  -3.7931500e+05
   6.9451400e+00  -1.1197100e+00   6.0263700e+00   2.9644300e+00   5.2141800e+00   5.6952400e-01  -3.7931400e+05
   6.9454300e+00  -1.1205100e+00   6.0262400e+00   2.9641800e+00   5.2137500e+00   5.6902800e-01  -3.7931300e+05
   6.9449800e+00  -1.1220000e+00   6.0262700e+00   2.9647500e+00   5.2141600e+00   5.6927100e-01  -3.7931700e+05
   6.9452500e+00  -1.1218400e+00   6.0263100e+00   2.9638000e+00   5.2140800e+00   5.6960100e-01  -3.7931300e+05
   6.9444600e+00  -1.1223800e+00   6.0262900e+00   2.9622900e+00   5.2152800e+00   5.7059400e-01  -3.7931300e+05
   6.9445900e+00  -1.1261700e+00   6.0263700e+00   2.9616300e+00   5.2156700e+00   5.7074600e-01  -3.7931100e+05
   6.9446300e+00  -1.1309100e+00   6.0261700e+00   2.9627100e+00   5.2154000e+00   5.7079600e-01  -3.7931500e+05
   6.9445300e+00  -1.1299300e+00   6.0262600e+00   2.9624100e+00   5.2157800e+00   5.7083300e-01  -3.7931300e+05
   6.9443900e+00  -1.1250400e+00   6.0263200e+00   2.9633400e+00   5.2155800e+00   5.7078000e-01  -3.7931300e+05
   6.9451600e+00  -1.1215700e+00   6.0262900e+00   2.9639400e+00   5.2138300e+00   5.6946800e-01  -3.7931600e+05
   6.9452100e+00  -1.1229300e+00   6.0262800e+00   2.9632500e+00   5.2138200e+00   5.6943600e-01  -3.7931600e+05
   6.9449300e+00  -1.1176600e+00   6.0263000e+00   2.9631900e+00   5.2144600e+00   5.6911400e-01  -3.7931500e+05
   6.9452300e+00  -1.1196600e+00   6.0263300e+00   2.9629900e+00   5.2139200e+00   5.6867900e-01  -3.7931200e+05
   6.9451800e+00  -1.1218500e+00   6.0262900e+00   2.9622000e+00   5.2142900e+00   5.6926300e-01  -3.7931100e+05
   6.9448600e+00  -1.1205800e+00   6.0264100e+00   2.9633200e+00   5.2144500e+00   5.6929700e-01  -3.7931500e+05
   6.9451500e+00  -1.1181600e+00   6.0262900e+00   2.9639700e+00   5.2140500e+00   5.6932700e-01  -3.7931400e+05
   6.9452800e+00  -1.1256900e+00   6.0262700e+00   2.9638000e+00   5.2144800e+00   5.7038900e-01  -3.7931600e+05
   6.9446500e+00  -1.1200900e+00   6.0263700e+00   2.9647100e+00   5.2152100e+00   5.7033300e-01  -3.7931700e+05
   6.9447700e+00  -1.1195800e+00   6.0263700e+00   2.9645200e+00   5.2145100e+00   5.6986700e-01  -3.7931600e+05
   6.9449200e+00  -1.1233600e+00   6.0263400e+00   2.9642300e+00   5.2149400e+00   5.6979200e-01  -3.7931500e+05
   6.9445800e+00  -1.1253000e+00   6.0262700e+00   2.9632300e+00   5.2154100e+00   5.7101200e-01  -3.7931200e+05
   6.9442200e+00  -1.1309200e+00   6.0262900e+00   2.9627500e+00   5.2162700e+00   5.7164200e-01  -3.7931400e+05
   6.9441100e+00  -1.1306000e+00   6.0261500e+00   2.9623400e+00   5.2164400e+00   5.7185000e-01  -3.7931400e+05
   6.9441200e+00  -1.1303900e+00   6.0262100e+00   2.9615100e+00   5.2166500e+00   5.7168700e-01  -3.7931300e+05
   6.9436600e+00  -1.1295200e+00   6.0261600e+00   2.9630000e+00   5.2169100e+00   5.7251000e-01  -3.7931700e+05
   6.9440000e+00  -1.1282000e+00   6.0263400e+00   2.9629500e+00   5.2164300e+00   5.7212400e-01  -3.7931700e+05
   6.9436300e+00  -1.1296400e+00   6.0262200e+00   2.9625200e+00   5.2172600e+00   5.7232600e-01  -3.7931600e+05
   6.9444300e+00  -1.1296000e+00   6.0262100e+00   2.9623000e+00   5.2160000e+00   5.7151300e-01  -3.7931200e+05
   6.9446500e+00  -1.1270300e+00   6.0262300e+00   2.9620200e+00   5.2155900e+00   5.7077700e-01  -3.7931100e+05
   6.9447900e+00  -1.1223800e+00   6.0263000e+00   2.9625700e+00   5.2149500e+00   5.7010300e-01  -3.7931100e+05
   6.9451500e+00  -1.1228700e+00   6.0262000e+00   2.9634900e+00   5.2144100e+00   5.6961300e-01  -3.7931300e+05
   6.9454000e+00  -1.1185500e+00   6.0264300e+00   2.9637500e+00   5.2138200e+00   5.6910800e-01  -3.7931400e+05
   6.9453500e+00  -1.1170800e+00   6.0264100e+00   2.9630500e+00   5.2135400e+00   5.6863400e-01  -3.7931300e+05
   6.9452800e+00  -1.1204400e+00   6.0263500e+00   2.9636300e+00   5.2141400e+00   5.6918200e-01  -3.7931200e+05
   6.9452600e+00  -1.1212300e+00   6.0263100e+00   2.9634300e+00   5.2140500e+00   5.6922000e-01  -3.7931100e+05
   6.9455100e+00  -1.1201700e+00   6.0264000e+00   2.9631400e+00   5.2139400e+00   5.6882900e-01  -3.7931300e+05
   6.9451500e+00  -1.1214400e+00   6.0264700e+00   2.9628800e+00   5.2143500e+00   5.6927000e-01  -3.7931400e+05
   6.9449300e+00  -1.1194500e+00   6.0263100e+00   2.9631500e+00   5.2145300e+00   5.6910700e-01  -3.7931300e+05
   6.9452900e+00  -1.1184400e+00   6.0263400e+00   2.9625200e+00   5.2138200e+00   5.6867000e-01  -3.7931200e+05
   6.9454900e+00  -1.1214200e+00   6.0263600e+00   2.9620300e+00   5.2138000e+00   5.6884100e-01  -3.7931100e+05
   6.9451300e+00  -1.1216300e+00   6.0263600e+00   2.9610600e+00   5.2143800e+00   5.6903700e-01  -3.7931200e+05
   6.9451900e+00  -1.1249100e+00   6.0264200e+00   2.9611600e+00   5.2146400e+00   5.6952000e-01  -3.7931300e+05
   6.9451500e+00  -1.1195800e+00   6.0264600e+00   2.9608500e+00   5.2146100e+00   5.6923000e-01  -3.7931400e+05
   6.9457100e+00  -1.1247900e+00   6.0262600e+00   2.9613900e+00   5.2136100e+00   5.6846700e-01  -3.7931500e+05
   6.9453000e+00  -1.1202500e+00   6.0263300e+00   2.9615000e+00   5.2141600e+00   5.6883200e-01  -3.7931300e+05
   6.9450400e+00  -1.1172800e+00   6.0265100e+00   2.9609500e+00   5.2141700e+00   5.6869800e-01  -3.7931600e+05
   6.9452600e+00  -1.1206100e+00   6.0263800e+00   2.9617800e+00   5.2140100e+00   5.6922200e-01  -3.7931200e+05
   6.9453200e+00  -1.1272800e+00   6.0262100e+00   2.9624300e+00   5.2146300e+00   5.6960900e-01  -3.7931400e+05
   6.9449600e+00  -1.1213400e+00   6.0264000e+00   2.9625300e+00   5.2145500e+00   5.6971600e-01  -3.7931200e+05
   6.9450400e+00  -1.1270000e+00   6.0263500e+00   2.9621200e+00   5.2150200e+00   5.7064900e-01  -3.7931400e+05
   6.9445100e+00  -1.1230400e+00   6.0262300e+00   2.9630000e+00   5.2155200e+00   5.7073300e-01  -3.7931400e+05
   6.9443800e+00  -1.1250800e+00   6.0263500e+00   2.9630700e+00   5.2159500e+00   5.7091000e-01  -3.7931300e+05
   6.9447600e+00  -1.1259600e+00   6.0263300e+00   2.9638900e+00   5.2151700e+00   5.7042300e-01  -3.7931400e+05
   6.9449300e+00  -1.1204100e+00   6.0263700e+00   2.9646700e+00   5.2145600e+00   5.7030800e-01  -3.7931800e+05
   6.9447000e+00  -1.1231100e+00   6.0262800e+00   2.9647500e+00   5.2151500e+00   5.7042300e-01  -3.7931500e+05
   6.9447800e+00  -1.1229400e+00   6.0263100e+00   2.9641400e+00   5.2150300e+00   5.6999900e-01  -3.7931300e+05
   6.9448300e+00  -1.1217000e+00   6.0263000e+00   2.9634800e+00   5.2147600e+00   5.7001500e-01  -3.7931200e+05
   6.9447000e+00  -1.1240100e+00   6.0263000e+00   2.9629800e+00   5.2153200e+00   5.7034000e-01  -3.7931100e+05
   6.9447200e+00  -1.1235400e+00   6.0262900e+00   2.9618600e+00   5.2148200e+00   5.7005800e-01  -3.7931300e+05
   6.9447000e+00  -1.1230300e+00   6.0263000e+00   2.9627700e+00   5.2150800e+00   5.6984600e-01  -3.7931200e+05
   6.9451400e+00  -1.1242300e+00   6.0263300e+00   2.9629000e+00   5.2147900e+00   5.7011100e-01  -3.7931300e+05
   6.9448500e+00  -1.1278300e+00   6.0262500e+00   2.9618200e+00   5.2151200e+00   5.7015800e-01  -3.7931200e+05
   6.9450700e+00  -1.1277100e+00   6.0262400e+00   2.9613200e+00   5.2149300e+00   5.6970600e-01  -3.7931300e+05
   6.9451300e+00  -1.1205300e+00   6.0263100e+00   2.9614000e+00   5.2140600e+00   5.6924300e-01  -3.7931400e+05
   6.9449300e+00  -1.1244600e+00   6.0263000e+00   2.9614400e+00   5.2146900e+00   5.6984100e-01  -3.7931200e+05
   6.9447000e+00  -1.1218500e+00   6.0264000e+00   2.9625200e+00   5.2151400e+00   5.6958200e-01  -3.7931300e+05
   6.9448700e+00  -1.1212800e+00   6.0263200e+00   2.9636000e+00   5.2149600e+00   5.7038100e-01  -3.7931400e+05
   6.9451700e+00  -1.1291300e+00   6.0262300e+00   2.9643000e+00   5.2147300e+00   5.7059400e-01  -3.7931700e+05
   6.9450700e+00  -1.1263900e+00   6.0262400e+00   2.9632000e+00   5.2149100e+00   5.6990200e-01  -3.7931300e+05
   6.9446000e+00  -1.1214500e+00   6.0262500e+00   2.9629200e+00   5.2147900e+00   5.6941200e-01  -3.7931800e+05
   6.9454300e+00  -1.1188700e+00   6.0263400e+00   2.9629500e+00   5.2137500e+00   5.6891700e-01  -3.7931200e+05
   6.9451900e+00  -1.1203200e+00   6.0263000e+00   2.9643200e+00   5.2141900e+00   5.6925100e-01  -3.7931300e+05
   6.9454200e+00  -1.1179500e+00   6.0262400e+00   2.9643300e+00   5.2138100e+00   5.6884900e-01  -3.7931700e+05
   6.9457400e+00  -1.1123100e+00   6.0264000e+00   2.9647200e+00   5.2127400e+00   5.6765000e-01  -3.7931600e+05
   6.9458200e+00  -1.1186600e+00   6.0263800e+00   2.9643000e+00   5.2130900e+00   5.6785100e-01  -3.7931500e+05
   6.9457500e+00  -1.1180900e+00   6.0263400e+00   2.9636600e+00   5.2132400e+00   5.6815600e-01  -3.7931200e+05
   6.9457200e+00  -1.1217600e+00   6.0262700e+00   2.9638900e+00   5.2133900e+00   5.6878900e-01  -3.7931300e+05
   6.9457500e+00  -1.1159200e+00   6.0263700e+00   2.9638500e+00   5.2132100e+00   5.6807400e-01  -3.7931400e+05
   6.9456900e+00  -1.1151300e+00   6.0263900e+00   2.9638400e+00   5.2129100e+00   5.6809700e-01  -3.7931400e+05
   6.9456500e+00  -1.1175100e+00   6.0263500e+00   2.9636000e+00   5.2131200e+00   5.6824100e-01  -3.7931200e+05
   6.9456200e+00  -1.1174100e+00   6.0263300e+00   2.9636000e+00   5.2132500e+00   5.6798300e-01  -3.7931300e+05
   6.9454600e+00  -1.1144200e+00   6.0264200e+00   2.9631000e+00   5.2136100e+00   5.6799900e-01  -3.7931500e+05
   6.9458900e+00  -1.1188000e+00   6.0263100e+00   2.9632800e+00   5.2131000e+00   5.6789000e-01  -3.7931300e+05
   6.9461400e+00  -1.1193300e+00   6.0262500e+00   2.9630500e+00   5.2126800e+00   5.6765600e-01  -3.7931600e+05
   6.9459000e+00  -1.1149400e+00   6.0264800e+00   2.9623500e+00   5.2129300e+00   5.6749400e-01  -3.7931400e+05
   6.9454900e+00  -1.1162000e+00   6.0265000e+00   2.9630100e+00   5.2135700e+00   5.6824200e-01  -3.7931400e+05
   6.9454300e+00  -1.1184400e+00   6.0263600e+00   2.9627700e+00   5.2137000e+00   5.6832800e-01  -3.7931200e+05
   6.9453700e+00  -1.1193700e+00   6.0263500e+00   2.9621600e+00   5.2137200e+00   5.6867700e-01  -3.7931200e+05
   6.9450900e+00  -1.1184000e+00   6.0263500e+00   2.9625000e+00   5.2141900e+00   5.6907500e-01  -3.7931200e+05
   6.9456300e+00  -1.1245700e+00   6.0263400e+00   2.9616900e+00   5.2139000e+00   5.6921200e-01  -3.7931400e+05
   6.9451100e+00  -1.1197900e+00   6.0264700e+00   2.9618400e+00   5.2145000e+00   5.6927900e-01  -3.7931300e+05
   6.9449200e+00  -1.1197500e+00   6.0264800e+00   2.9609700e+00   5.2147700e+00   5.6959200e-01  -3.7931400e+05
   6.9449600e+00  -1.1251800e+00   6.0262300e+00   2.9617400e+00   5.2149800e+00   5.7000200e-01  -3.7931200e+05
   6.9450600e+00  -1.1275500e+00   6.0263700e+00   2.9612500e+00   5.2150100e+00   5.7011400e-01  -3.7931300e+05
   6.9445200e+00  -1.1177300e+00   6.0265100e+00   2.9623600e+00   5.2150900e+00   5.6959500e-01  -3.7931700e+05
   6.9451300e+00  -1.1187800e+00   6.0264000e+00   2.9626700e+00   5.2142900e+00   5.6905900e-01  -3.7931100e+05
   6.9451300e+00  -1.1207800e+00   6.0263500e+00   2.9620000e+00   5.2141700e+00   5.6898400e-01  -3.7931200e+05
   6.9450000e+00  -1.1210500e+00   6.0264400e+00   2.9614500e+00   5.2145700e+00   5.6907400e-01  -3.7931300e+05
   6.9455100e+00  -1.1249500e+00   6.0264400e+00   2.9606700e+00   5.2140400e+00   5.6937800e-01  -3.7931800e+05
   6.9451000e+00  -1.1243800e+00   6.0262600e+00   2.9614100e+00   5.2144700e+00   5.6962200e-01  -3.7931200e+05
   6.9449700e+00  -1.1269800e+00   6.0262500e+00   2.9619100e+00   5.2153000e+00   5.7012700e-01  -3.7931300e+05
   6.9448000e+00  -1.1237800e+00   6.0263300e+00   2.9613100e+00   5.2151500e+00   5.7021000e-01  -3.7931100e+05
   6.9448700e+00  -1.1299500e+00   6.0261900e+00   2.9615500e+00   5.2155300e+00   5.7082900e-01  -3.7931300e+05
   6.9449000e+00  -1.1282500e+00   6.0263100e+00   2.9614400e+00   5.2155000e+00   5.7042600e-01  -3.7931200e+05
   6.9443600e+00  -1.1285700e+00   6.0262700e+00   2.9615400e+00   5.2160300e+00   5.7070800e-01  -3.7931300e+05
   6.9442900e+00  -1.1273500e+00   6.0262600e+00   2.9608900e+00   5.2163200e+00   5.7095600e-01  -3.7931400e+05
   6.9445000e+00  -1.1248300e+00   6.0263000e+00   2.9615600e+00   5.2156300e+00   5.7073300e-01  -3.7931100e+05
   6.9444700e+00  -1.1283600e+00   6.0262200e+00   2.9636100e+00   5.2158000e+00   5.7065800e-01  -3.7931500e+05
   6.9446100e+00  -1.1243100e+00   6.0261700e+00   2.9620900e+00   5.2151400e+00   5.7038000e-01  -3.7931600e+05
   6.9447500e+00  -1.1275100e+00   6.0262400e+00   2.9623100e+00   5.2154900e+00   5.7048000e-01  -3.7931100e+05
   6.9445300e+00  -1.1284300e+00   6.0262100e+00   2.9621400e+00   5.2157400e+00   5.7076000e-01  -3.7931200e+05
   6.9445800e+00  -1.1231900e+00   6.0263500e+00   2.9620900e+00   5.2153800e+00   5.7033100e-01  -3.7931100e+05
   6.9448800e+00  -1.1254500e+00   6.0262100e+00   2.9620200e+00   5.2149100e+00   5.7060600e-01  -3.7931400e+05
   6.9447900e+00  -1.1256400e+00   6.0262700e+00   2.9622200e+00   5.2154200e+00   5.7084800e-01  -3.7931200e+05
   6.9450300e+00  -1.1261300e+00   6.0262900e+00   2.9625300e+00   5.2150400e+00   5.7036500e-01  -3.7931200e+05
   6.9445900e+00  -1.1251000e+00   6.0263100e+00   2.9626400e+00   5.2152700e+00   5.7027700e-01  -3.7931200e+05
   6.9444600e+00  -1.1277400e+00   6.0262700e+00   2.9621600e+00   5.2159800e+00   5.7099900e-01  -3.7931100e+05
   6.9440700e+00  -1.1257200e+00   6.0263400e+00   2.9623200e+00   5.2160400e+00   5.7148300e-01  -3.7931500e+05
   6.9443400e+00  -1.1249800e+00   6.0262800e+00   2.9626600e+00   5.2157200e+00   5.7109700e-01  -3.7931200e+05
   6.9448000e+00  -1.1283700e+00   6.0261800e+00   2.9630600e+00   5.2152800e+00   5.7060200e-01  -3.7931200e+05
   6.9447200e+00  -1.1234800e+00   6.0263100e+00   2.9630800e+00   5.2150800e+00   5.7029000e-01  -3.7931100e+05
   6.9449000e+00  -1.1256800e+00   6.0263000e+00   2.9630500e+00   5.2149100e+00   5.7015600e-01  -3.7931100e+05
   6.9444800e+00  -1.1283400e+00   6.0262000e+00   2.9624300e+00   5.2160600e+00   5.7156600e-01  -3.7931400e+05
   6.9440100e+00  -1.1268200e+00   6.0262500e+00   2.9634000e+00   5.2162500e+00   5.7131700e-01  -3.7931500e+05
   6.9446400e+00  -1.1242900e+00   6.0263900e+00   2.9625900e+00   5.2152400e+00   5.7046200e-01  -3.7931300e+05
   6.9449400e+00  -1.1246300e+00   6.0262900e+00   2.9614600e+00   5.2145000e+00   5.7004400e-01  -3.7931500e+05
   6.9446700e+00  -1.1242200e+00   6.0263200e+00   2.9633300e+00   5.2152200e+00   5.7076500e-01  -3.7931300e+05
   6.9445900e+00  -1.1200300e+00   6.0264000e+00   2.9632200e+00   5.2154600e+00   5.7047500e-01  -3.7931600e+05
   6.9453400e+00  -1.1233800e+00   6.0262800e+00   2.9635200e+00   5.2142000e+00   5.6993200e-01  -3.7931400e+05
   6.9448800e+00  -1.1273300e+00   6.0261700e+00   2.9636600e+00   5.2152300e+00   5.7037800e-01  -3.7931400e+05
   6.9450400e+00  -1.1255000e+00   6.0263300e+00   2.9628100e+00   5.2149600e+00   5.6988900e-01  -3.7931200e+05
   6.9446300e+00  -1.1241600e+00   6.0262200e+00   2.9623500e+00   5.2152200e+00   5.7024100e-01  -3.7931300e+05
   6.9449300e+00  -1.1211700e+00   6.0262900e+00   2.9620500e+00   5.2143800e+00   5.6904200e-01  -3.7931400e+05
   6.9456000e+00  -1.1231200e+00   6.0264400e+00   2.9628700e+00   5.2137700e+00   5.6872400e-01  -3.7931600e+05
   6.9452400e+00  -1.1215700e+00   6.0263000e+00   2.9629000e+00   5.2142000e+00   5.6883700e-01  -3.7931200e+05
   6.9452200e+00  -1.1169100e+00   6.0265100e+00   2.9635300e+00   5.2140100e+00   5.6891200e-01  -3.7931600e+05
   6.9449300e+00  -1.1183300e+00   6.0264500e+00   2.9632000e+00   5.2148800e+00   5.6935500e-01  -3.7931600e+05
   6.9452100e+00  -1.1223400e+00   6.0262800e+00   2.9626100e+00   5.2142200e+00   5.6875800e-01  -3.7931300e+05
   6.9453800e+00  -1.1210400e+00   6.0263100e+00   2.9623900e+00   5.2141400e+00   5.6892400e-01  -3.7931200e+05
   6.9454000e+00  -1.1185700e+00   6.0264700e+00   2.9627700e+00   5.2139500e+00   5.6887400e-01  -3.7931300e+05
   6.9451500e+00  -1.1222400e+00   6.0263600e+00   2.9640500e+00   5.2145200e+00   5.6952700e-01  -3.7931400e+05
   6.9453100e+00  -1.1230000e+00   6.0262200e+00   2.9639500e+00   5.2140700e+00   5.6911100e-01  -3.7931300e+05
   6.9457300e+00  -1.1181000e+00   6.0262900e+00   2.9645000e+00   5.2130300e+00   5.6836600e-01  -3.7931400e+05
   6.9454800e+00  -1.1142500e+00   6.0264200e+00   2.9628000e+00   5.2130300e+00   5.6789300e-01  -3.7931500e+05
   6.9457500e+00  -1.1137000e+00   6.0264500e+00   2.9632700e+00   5.2130100e+00   5.6808200e-01  -3.7931500e+05
   6.9456200e+00  -1.1156800e+00   6.0263600e+00   2.9640400e+00   5.2134300e+00   5.6832300e-01  -3.7931500e+05
   6.9454000e+00  -1.1166100e+00   6.0265300e+00   2.9631500e+00   5.2138800e+00   5.6815800e-01  -3.7931700e+05
   6.9457100e+00  -1.1165600e+00   6.0264800e+00   2.9631600e+00   5.2134100e+00   5.6820600e-01  -3.7931500e+05
   6.9454300e+00  -1.1149500e+00   6.0264900e+00   2.9631400e+00   5.2134500e+00   5.6823000e-01  -3.7931400e+05
   6.9453600e+00  -1.1203500e+00   6.0263600e+00   2.9632400e+00   5.2137700e+00   5.6834200e-01  -3.7931300e+05
   6.9457400e+00  -1.1230300e+00   6.0262200e+00   2.9628700e+00   5.2132300e+00   5.6832900e-01  -3.7931500e+05
   6.9461100e+00  -1.1220100e+00   6.0262900e+00   2.9627500e+00   5.2130000e+00   5.6806900e-01  -3.7931500e+05
   6.9455200e+00  -1.1180700e+00   6.0264200e+00   2.9620900e+00   5.2134800e+00   5.6812400e-01  -3.7931200e+05
   6.9458300e+00  -1.1193500e+00   6.0264000e+00   2.9626600e+00   5.2133000e+00   5.6786800e-01  -3.7931300e+05
   6.9451800e+00  -1.1221000e+00   6.0263500e+00   2.9624100e+00   5.2144400e+00   5.6897600e-01  -3.7931200e+05
   6.9453500e+00  -1.1277700e+00   6.0263200e+00   2.9627300e+00   5.2144800e+00   5.6941600e-01  -3.7931500e+05
   6.9455300e+00  -1.1192700e+00   6.0262800e+00   2.9633500e+00   5.2136500e+00   5.6857700e-01  -3.7931300e+05
   6.9451100e+00  -1.1183800e+00   6.0263500e+00   2.9635200e+00   5.2141300e+00   5.6931600e-01  -3.7931200e+05
   6.9451200e+00  -1.1247600e+00   6.0262800e+00   2.9631800e+00   5.2146100e+00   5.6962800e-01  -3.7931100e+05
   6.9451800e+00  -1.1224200e+00   6.0263400e+00   2.9634300e+00   5.2144800e+00   5.6969800e-01  -3.7931200e+05
   6.9449200e+00  -1.1272900e+00   6.0262300e+00   2.9630700e+00   5.2149100e+00   5.6989100e-01  -3.7931300e+05
   6.9447800e+00  -1.1241100e+00   6.0263800e+00   2.9626600e+00   5.2147200e+00   5.6986000e-01  -3.7931600e+05
   6.9448600e+00  -1.1247100e+00   6.0262400e+00   2.9630000e+00   5.2146200e+00   5.7005500e-01  -3.7931300e+05
   6.9447500e+00  -1.1211100e+00   6.0263600e+00   2.9638700e+00   5.2149200e+00   5.7036600e-01  -3.7931400e+05
   6.9451300e+00  -1.1249700e+00   6.0262800e+00   2.9637600e+00   5.2143500e+00   5.7029600e-01  -3.7931600e+05
   6.9444300e+00  -1.1236500e+00   6.0263900e+00   2.9630000e+00   5.2152700e+00   5.7054400e-01  -3.7931600e+05
   6.9448000e+00  -1.1228000e+00   6.0262800e+00   2.9624300e+00   5.2144600e+00   5.6991500e-01  -3.7931600e+05
   6.9452700e+00  -1.1202900e+00   6.0263400e+00   2.9627200e+00   5.2140500e+00   5.6914400e-01  -3.7931100e+05
   6.9456200e+00  -1.1230000e+00   6.0262500e+00   2.9629200e+00   5.2135400e+00   5.6865100e-01  -3.7931300e+05
   6.9454500e+00  -1.1169900e+00   6.0264200e+00   2.9628600e+00   5.2137600e+00   5.6847000e-01  -3.7931200e+05
   6.9454600e+00  -1.1225300e+00   6.0263900e+00   2.9621800e+00   5.2137400e+00   5.6837200e-01  -3.7931500e+05
   6.9452400e+00  -1.1202500e+00   6.0263500e+00   2.9618500e+00   5.2140900e+00   5.6862300e-01  -3.7931200e+05
   6.9453500e+00  -1.1186400e+00   6.0264300e+00   2.9619500e+00   5.2138100e+00   5.6871200e-01  -3.7931200e+05
   6.9450900e+00  -1.1199600e+00   6.0263800e+00   2.9614900e+00   5.2145200e+00   5.6916400e-01  -3.7931200e+05
   6.9454700e+00  -1.1211700e+00   6.0262800e+00   2.9622200e+00   5.2139600e+00   5.6908200e-01  -3.7931300e+05
   6.9450100e+00  -1.1185400e+00   6.0264400e+00   2.9624300e+00   5.2147500e+00   5.6958600e-01  -3.7931400e+05
   6.9455700e+00  -1.1212400e+00   6.0263100e+00   2.9626400e+00   5.2137700e+00   5.6893500e-01  -3.7931200e+05
   6.9455900e+00  -1.1190300e+00   6.0263900e+00   2.9637600e+00   5.2135000e+00   5.6905900e-01  -3.7931500e+05
   6.9455100e+00  -1.1229000e+00   6.0262200e+00   2.9630600e+00   5.2138000e+00   5.6955500e-01  -3.7931400e+05
   6.9447800e+00  -1.1212200e+00   6.0264100e+00   2.9637000e+00   5.2147100e+00   5.6979900e-01  -3.7931500e+05
   6.9448600e+00  -1.1278700e+00   6.0262100e+00   2.9629500e+00   5.2149200e+00   5.7034400e-01  -3.7931300e+05
   6.9446800e+00  -1.1276200e+00   6.0262100e+00   2.9616800e+00   5.2152800e+00   5.7025100e-01  -3.7931300e+05
   6.9445300e+00  -1.1290200e+00   6.0263000e+00   2.9614300e+00   5.2155800e+00   5.7104900e-01  -3.7931300e+05
   6.9446900e+00  -1.1293100e+00   6.0261900e+00   2.9624200e+00   5.2155300e+00   5.7081100e-01  -3.7931200e+05
   6.9447000e+00  -1.1288700e+00   6.0263100e+00   2.9625000e+00   5.2154500e+00   5.7071000e-01  -3.7931300e+05
   6.9444600e+00  -1.1267600e+00   6.0262700e+00   2.9618900e+00   5.2161400e+00   5.7117900e-01  -3.7931400e+05
   6.9446900e+00  -1.1295200e+00   6.0262600e+00   2.9623900e+00   5.2157300e+00   5.7104400e-01  -3.7931200e+05
   6.9447900e+00  -1.1223100e+00   6.0263900e+00   2.9614400e+00   5.2150600e+00   5.7023400e-01  -3.7931200e+05
   6.9449500e+00  -1.1248400e+00   6.0263000e+00   2.9610200e+00   5.2150400e+00   5.7003800e-01  -3.7931200e+05
   6.9452600e+00  -1.1283700e+00   6.0262900e+00   2.9609500e+00   5.2145400e+00   5.7039000e-01  -3.7931700e+05
   6.9444200e+00  -1.1298400e+00   6.0262100e+00   2.9618300e+00   5.2160300e+00   5.7095300e-01  -3.7931300e+05
   6.9443100e+00  -1.1297100e+00   6.0262800e+00   2.9625500e+00   5.2163700e+00   5.7110500e-01  -3.7931400e+05
   6.9445200e+00  -1.1282100e+00   6.0261600e+00   2.9628000e+00   5.2158900e+00   5.7084000e-01  -3.7931500e+05
   6.9447200e+00  -1.1264100e+00   6.0263400e+00   2.9617400e+00   5.2153000e+00   5.7055800e-01  -3.7931100e+05
   6.9447600e+00  -1.1252700e+00   6.0263400e+00   2.9614500e+00   5.2152800e+00   5.6993800e-01  -3.7931100e+05
   6.9445500e+00  -1.1281100e+00   6.0262700e+00   2.9608900e+00   5.2156800e+00   5.7049000e-01  -3.7931300e+05
   6.9445800e+00  -1.1287800e+00   6.0262800e+00   2.9608400e+00   5.2157700e+00   5.7098700e-01  -3.7931200e+05
   6.9446400e+00  -1.1267500e+00   6.0262300e+00   2.9622400e+00   5.2154000e+00   5.7085500e-01  -3.7931100e+05
   6.9442800e+00  -1.1274400e+00   6.0263300e+00   2.9619800e+00   5.2165600e+00   5.7134100e-01  -3.7931400e+05
   6.9443500e+00  -1.1304300e+00   6.0262600e+00   2.9620400e+00   5.2164300e+00   5.7183800e-01  -3.7931200e+05
   6.9439500e+00  -1.1275500e+00   6.0262700e+00   2.9628600e+00   5.2167600e+00   5.7197700e-01  -3.7931400e+05
   6.9438300e+00  -1.1317100e+00   6.0262900e+00   2.9625700e+00   5.2172300e+00   5.7221300e-01  -3.7931600e+05
   6.9443300e+00  -1.1278700e+00   6.0262000e+00   2.9624500e+00   5.2161400e+00   5.7124600e-01  -3.7931300e+05
   6.9447400e+00  -1.1258500e+00   6.0262300e+00   2.9625800e+00   5.2154100e+00   5.7064900e-01  -3.7931200e+05
   6.9451000e+00  -1.1237500e+00   6.0262500e+00   2.9623600e+00   5.2145400e+00   5.7013500e-01  -3.7931300e+05
   6.9451100e+00  -1.1245200e+00   6.0263400e+00   2.9620200e+00   5.2147600e+00   5.7003300e-01  -3.7931100e+05
   6.9448300e+00  -1.1180000e+00   6.0265000e+00   2.9614500e+00   5.2151400e+00   5.6951900e-01  -3.7931700e+05
   6.9449100e+00  -1.1226300e+00   6.0262300e+00   2.9616100e+00   5.2144200e+00   5.6937400e-01  -3.7931600e+05
   6.9452400e+00  -1.1219800e+00   6.0263700e+00   2.9625500e+00   5.2141500e+00   5.6908600e-01  -3.7931100e+05
   6.9451700e+00  -1.1184800e+00   6.0263200e+00   2.9624400e+00   5.2141200e+00   5.6898100e-01  -3.7931200e+05
   6.9452700e+00  -1.1230300e+00   6.0263400e+00   2.9625500e+00   5.2144400e+00   5.6897600e-01  -3.7931300e+05
   6.9452200e+00  -1.1210200e+00   6.0263100e+00   2.9615700e+00   5.2144500e+00   5.6935700e-01  -3.7931300e+05
   6.9447500e+00  -1.1216900e+00   6.0264600e+00   2.9615700e+00   5.2150700e+00   5.6978100e-01  -3.7931300e+05
   6.9449100e+00  -1.1221600e+00   6.0263900e+00   2.9609900e+00   5.2146700e+00   5.6955000e-01  -3.7931200e+05
   6.9448000e+00  -1.1298000e+00   6.0262900e+00   2.9609600e+00   5.2153300e+00   5.7012100e-01  -3.7931500e+05
   6.9451900e+00  -1.1260300e+00   6.0263700e+00   2.9616400e+00   5.2150600e+00   5.6958000e-01  -3.7931500e+05
   6.9452100e+00  -1.1231300e+00   6.0262700e+00   2.9617000e+00   5.2142500e+00   5.6928800e-01  -3.7931200e+05
   6.9450100e+00  -1.1218400e+00   6.0263800e+00   2.9616300e+00   5.2142100e+00   5.6922100e-01  -3.7931500e+05
   6.9451800e+00  -1.1257000e+00   6.0262600e+00   2.9623500e+00   5.2145100e+00   5.6967400e-01  -3.7931100e+05
   6.9446500e+00  -1.1212300e+00   6.0264300e+00   2.9622000e+00   5.2150800e+00   5.6957500e-01  -3.7931300e+05
   6.9450800e+00  -1.1187000e+00   6.0264100e+00   2.9627300e+00   5.2140100e+00   5.6909100e-01  -3.7931300e+05
   6.9455300e+00  -1.1225800e+00   6.0263500e+00   2.9619800e+00   5.2141600e+00   5.6939300e-01  -3.7931400e+05
   6.9452800e+00  -1.1223300e+00   6.0262500e+00   2.9623200e+00   5.2143100e+00   5.6941700e-01  -3.7931300e+05
   6.9445700e+00  -1.1209200e+00   6.0263300e+00   2.9623400e+00   5.2152400e+00   5.7000300e-01  -3.7931300e+05
   6.9449600e+00  -1.1254200e+00   6.0262400e+00   2.9617900e+00   5.2148900e+00   5.7009000e-01  -3.7931200e+05
   6.9443800e+00  -1.1233700e+00   6.0262800e+00   2.9620000e+00   5.2156700e+00   5.7067400e-01  -3.7931300e+05
   6.9445800e+00  -1.1338500e+00   6.0262000e+00   2.9624900e+00   5.2160700e+00   5.7131400e-01  -3.7931500e+05
   6.9443200e+00  -1.1262500e+00   6.0262400e+00   2.9626300e+00   5.2158900e+00   5.7096800e-01  -3.7931200e+05
   6.9445200e+00  -1.1307100e+00   6.0261500e+00   2.9625400e+00   5.2160500e+00   5.7132700e-01  -3.7931300e+05
   6.9440900e+00  -1.1271500e+00   6.0262800e+00   2.9618500e+00   5.2161600e+00   5.7155300e-01  -3.7931300e+05
   6.9444100e+00  -1.1297500e+00   6.0263000e+00   2.9617100e+00   5.2157400e+00   5.7148000e-01  -3.7931600e+05
   6.9442000e+00  -1.1322800e+00   6.0262700e+00   2.9615900e+00   5.2167000e+00   5.7180700e-01  -3.7931200e+05
   6.9443600e+00  -1.1320500e+00   6.0261900e+00   2.9616400e+00   5.2160900e+00   5.7174400e-01  -3.7931300e+05
   6.9444300e+00  -1.1274900e+00   6.0263200e+00   2.9612900e+00   5.2160900e+00   5.7159000e-01  -3.7931300e+05
   6.9443200e+00  -1.1321200e+00   6.0262400e+00   2.9609700e+00   5.2163700e+00   5.7178300e-01  -3.7931200e+05
   6.9443000e+00  -1.1295800e+00   6.0264200e+00   2.9612200e+00   5.2163800e+00   5.7149600e-01  -3.7931500e+05
   6.9447000e+00  -1.1309900e+00   6.0262400e+00   2.9610700e+00   5.2160700e+00   5.7150900e-01  -3.7931500e+05
   6.9440100e+00  -1.1305200e+00   6.0262900e+00   2.9614100e+00   5.2166200e+00   5.7187300e-01  -3.7931300e+05
   6.9442700e+00  -1.1316100e+00   6.0262900e+00   2.9617600e+00   5.2166700e+00   5.7204500e-01  -3.7931300e+05
   6.9443700e+00  -1.1324000e+00   6.0261500e+00   2.9626700e+00   5.2164700e+00   5.7192000e-01  -3.7931400e+05
   6.9441100e+00  -1.1289000e+00   6.0262600e+00   2.9629100e+00   5.2165000e+00   5.7223700e-01  -3.7931400e+05
   6.9443700e+00  -1.1327000e+00   6.0262700e+00   2.9627000e+00   5.2165000e+00   5.7195100e-01  -3.7931500e+05
   6.9441200e+00  -1.1311700e+00   6.0261900e+00   2.9628400e+00   5.2165200e+00   5.7213200e-01  -3.7931300e+05
   6.9441300e+00  -1.1270400e+00   6.0263700e+00   2.9620300e+00   5.2165200e+00   5.7199200e-01  -3.7931400e+05
   6.9444300e+00  -1.1315700e+00   6.0261100e+00   2.9628000e+00   5.2162400e+00   5.7214900e-01  -3.7931600e+05
   6.9444300e+00  -1.1307800e+00   6.0262600e+00   2.9619700e+00   5.2160700e+00   5.7185900e-01  -3.7931300e+05
   6.9445400e+00  -1.1283000e+00   6.0262000e+00   2.9619900e+00   5.2158800e+00   5.7148300e-01  -3.7931300e+05
   6.9439400e+00  -1.1292300e+00   6.0263100e+00   2.9615700e+00   5.2166500e+00   5.7158400e-01  -3.7931400e+05
   6.9444300e+00  -1.1299700e+00   6.0263000e+00   2.9612300e+00   5.2159300e+00   5.7131600e-01  -3.7931300e+05
   6.9446800e+00  -1.1322300e+00   6.0261900e+00   2.9609700e+00   5.2159900e+00   5.7086300e-01  -3.7931500e+05
   6.9448100e+00  -1.1268600e+00   6.0263800e+00   2.9607800e+00   5.2155300e+00   5.7081700e-01  -3.7931300e+05
   6.9447800e+00  -1.1263900e+00   6.0263500e+00   2.9612600e+00   5.2154000e+00   5.7056700e-01  -3.7931100e+05
   6.9446400e+00  -1.1286600e+00   6.0263300e+00   2.9614400e+00   5.2157200e+00   5.7077700e-01  -3.7931100e+05
   6.9450700e+00  -1.1269900e+00   6.0263500e+00   2.9615300e+00   5.2151200e+00   5.6980900e-01  -3.7931300e+05
   6.9451500e+00  -1.1247700e+00   6.0262400e+00   2.9618900e+00   5.2147100e+00   5.7006700e-01  -3.7931300e+05
   6.9447600e+00  -1.1233300e+00   6.0263800e+00   2.9621500e+00   5.2149000e+00   5.6977800e-01  -3.7931200e+05
   6.9446900e+00  -1.1215600e+00   6.0263600e+00   2.9618400e+00   5.2147000e+00   5.6999000e-01  -3.7931500e+05
   6.9450700e+00  -1.1258900e+00   6.0262900e+00   2.9617500e+00   5.2146800e+00   5.6969500e-01  -3.7931100e+05
   6.9450200e+00  -1.1239400e+00   6.0263900e+00   2.9619600e+00   5.2147900e+00   5.6944000e-01  -3.7931200e+05
   6.9448300e+00  -1.1181100e+00   6.0264400e+00   2.9618100e+00   5.2145400e+00   5.6904400e-01  -3.7931400e+05
   6.9454100e+00  -1.1241300e+00   6.0263500e+00   2.9611500e+00   5.2140900e+00   5.6854500e-01  -3.7931500e+05
   6.9451500e+00  -1.1219000e+00   6.0263000e+00   2.9606000e+00   5.2143600e+00   5.6882100e-01  -3.7931600e+05
   6.9453500e+00  -1.1229700e+00   6.0263100e+00   2.9610900e+00   5.2139000e+00   5.6873800e-01  -3.7931400e+05
   6.9454700e+00  -1.1232500e+00   6.0263500e+00   2.9611200e+00   5.2140500e+00   5.6878200e-01  -3.7931300e+05
   6.9455500e+00  -1.1206300e+00   6.0264100e+00   2.9613700e+00   5.2138400e+00   5.6864100e-01  -3.7931200e+05
   6.9454100e+00  -1.1229800e+00   6.0264000e+00   2.9603100e+00   5.2144200e+00   5.6947500e-01  -3.7931600e+05
   6.9453700e+00  -1.1236500e+00   6.0263800e+00   2.9610500e+00   5.2144000e+00   5.6946800e-01  -3.7931300e+05
   6.9446200e+00  -1.1219700e+00   6.0264000e+00   2.9619300e+00   5.2153200e+00   5.7001100e-01  -3.7931200e+05
   6.9447400e+00  -1.1305100e+00   6.0262900e+00   2.9618400e+00   5.2155900e+00   5.7064800e-01  -3.7931300e+05
   6.9446800e+00  -1.1284600e+00   6.0262200e+00   2.9619300e+00   5.2155000e+00   5.7109400e-01  -3.7931200e+05
   6.9442900e+00  -1.1228000e+00   6.0264400e+00   2.9616300e+00   5.2158900e+00   5.7083100e-01  -3.7931300e+05
   6.9447400e+00  -1.1280500e+00   6.0262100e+00   2.9615900e+00   5.2153300e+00   5.7078100e-01  -3.7931200e+05
   6.9445200e+00  -1.1279300e+00   6.0263400e+00   2.9613600e+00   5.2158600e+00   5.7127100e-01  -3.7931200e+05
   6.9443800e+00  -1.1264600e+00   6.0264100e+00   2.9606200e+00   5.2162700e+00   5.7112600e-01  -3.7931300e+05
   6.9443900e+00  -1.1280500e+00   6.0263300e+00   2.9611500e+00   5.2160300e+00   5.7128300e-01  -3.7931100e+05
   6.9441500e+00  -1.1320600e+00   6.0262600e+00   2.9620000e+00   5.2166600e+00   5.7208700e-01  -3.7931200e+05
   6.9445200e+00  -1.1269800e+00   6.0261800e+00   2.9623700e+00   5.2157100e+00   5.7151100e-01  -3.7931500e+05
   6.9444900e+00  -1.1306600e+00   6.0261800e+00   2.9616900e+00   5.2160100e+00   5.7125100e-01  -3.7931200e+05
   6.9446700e+00  -1.1316200e+00   6.0262400e+00   2.9607100e+00   5.2156300e+00   5.7063400e-01  -3.7931500e+05
   6.9444100e+00  -1.1250600e+00   6.0264700e+00   2.9607600e+00   5.2161500e+00   5.7062600e-01  -3.7931500e+05
   6.9447100e+00  -1.1255300e+00   6.0262200e+00   2.9612100e+00   5.2152800e+00   5.7069300e-01  -3.7931400e+05
   6.9448300e+00  -1.1270100e+00   6.0263400e+00   2.9617400e+00   5.2153300e+00   5.7038900e-01  -3.7931100e+05
   6.9446300e+00  -1.1214400e+00   6.0262100e+00   2.9620300e+00   5.2149900e+00   5.6967500e-01  -3.7931800e+05
   6.9446500e+00  -1.1258100e+00   6.0262900e+00   2.9615400e+00   5.2151900e+00   5.7012700e-01  -3.7931200e+05
   6.9447100e+00  -1.1228600e+00   6.0264800e+00   2.9603000e+00   5.2156200e+00   5.7002700e-01  -3.7931600e+05
   6.9445700e+00  -1.1263300e+00   6.0264400e+00   2.9601700e+00   5.2159000e+00   5.7059300e-01  -3.7931400e+05
   6.9442300e+00  -1.1266900e+00   6.0264800e+00   2.9586400e+00   5.2163000e+00   5.7105600e-01  -3.7931900e+05
   6.9442000e+00  -1.1275700e+00   6.0264400e+00   2.9593700e+00   5.2164400e+00   5.7114800e-01  -3.7931600e+05
   6.9445900e+00  -1.1334800e+00   6.0263500e+00   2.9600500e+00   5.2166300e+00   5.7178600e-01  -3.7931900e+05
   6.9443700e+00  -1.1336100e+00   6.0262000e+00   2.9616000e+00   5.2162500e+00   5.7189600e-01  -3.7931400e+05
   6.9443800e+00  -1.1322500e+00   6.0262300e+00   2.9617600e+00   5.2161600e+00   5.7162600e-01  -3.7931300e+05
   6.9444300e+00  -1.1284600e+00   6.0263300e+00   2.9617300e+00   5.2159600e+00   5.7126000e-01  -3.7931100e+05
   6.9443600e+00  -1.1310700e+00   6.0262400e+00   2.9606400e+00   5.2158400e+00   5.7096800e-01  -3.7931700e+05
   6.9442800e+00  -1.1247800e+00   6.0264200e+00   2.9610900e+00   5.2160800e+00   5.7127000e-01  -3.7931400e+05
   6.9442300e+00  -1.1253100e+00   6.0262800e+00   2.9619300e+00   5.2162100e+00   5.7139800e-01  -3.7931300e+05
   6.9445200e+00  -1.1313600e+00   6.0262100e+00   2.9613100e+00   5.2161400e+00   5.7152800e-01  -3.7931200e+05
   6.9444100e+00  -1.1296400e+00   6.0262400e+00   2.9625100e+00   5.2160800e+00   5.7122800e-01  -3.7931200e+05
   6.9441300e+00  -1.1320300e+00   6.0262100e+00   2.9625100e+00   5.2165100e+00   5.7199000e-01  -3.7931300e+05
   6.9440600e+00  -1.1344900e+00   6.0260800e+00   2.9626700e+00   5.2169800e+00   5.7274500e-01  -3.7931600e+05
   6.9439700e+00  -1.1286500e+00   6.0263300e+00   2.9627100e+00   5.2167700e+00   5.7227200e-01  -3.7931500e+05
   6.9441400e+00  -1.1284800e+00   6.0262700e+00   2.9626500e+00   5.2166000e+00   5.7219700e-01  -3.7931400e+05
   6.9443600e+00  -1.1272200e+00   6.0262100e+00   2.9635700e+00   5.2160400e+00   5.7130300e-01  -3.7931400e+05
   6.9445600e+00  -1.1249300e+00   6.0263300e+00   2.9623600e+00   5.2155400e+00   5.7074600e-01  -3.7931100e+05
   6.9450900e+00  -1.1220700e+00   6.0263000e+00   2.9618400e+00   5.2144900e+00   5.6967300e-01  -3.7931100e+05
   6.9449800e+00  -1.1239200e+00   6.0263400e+00   2.9620600e+00   5.2149400e+00   5.6968400e-01  -3.7931100e+05
   6.9444200e+00  -1.1305900e+00   6.0262700e+00   2.9623700e+00   5.2160700e+00   5.7154400e-01  -3.7931200e+05
   6.9446900e+00  -1.1277200e+00   6.0262800e+00   2.9626400e+00   5.2155200e+00   5.7091500e-01  -3.7931100e+05
   6.9451800e+00  -1.1252200e+00   6.0262800e+00   2.9629500e+00   5.2145700e+00   5.6982800e-01  -3.7931100e+05
   6.9442800e+00  -1.1238300e+00   6.0263900e+00   2.9625300e+00   5.2154900e+00   5.7024000e-01  -3.7931800e+05
   6.9453900e+00  -1.1220700e+00   6.0264200e+00   2.9625100e+00   5.2142500e+00   5.6951100e-01  -3.7931400e+05
   6.9447900e+00  -1.1246900e+00   6.0263800e+00   2.9613800e+00   5.2150000e+00   5.6989500e-01  -3.7931200e+05
   6.9452100e+00  -1.1268400e+00   6.0262100e+00   2.9616700e+00   5.2147400e+00   5.6993200e-01  -3.7931300e+05
   6.9451100e+00  -1.1214800e+00   6.0264100e+00   2.9618300e+00   5.2144600e+00   5.6961500e-01  -3.7931200e+05
   6.9450000e+00  -1.1208400e+00   6.0263200e+00   2.9626000e+00   5.2146700e+00   5.6960700e-01  -3.7931200e+05
   6.9452000e+00  -1.1220600e+00   6.0263200e+00   2.9625900e+00   5.2140500e+00   5.6925800e-01  -3.7931200e+05
   6.9452300e+00  -1.1227700e+00   6.0262300e+00   2.9618900e+00   5.2143600e+00   5.6962200e-01  -3.7931400e+05
   6.9449400e+00  -1.1206700e+00   6.0263000e+00   2.9624300e+00   5.2143200e+00   5.6936000e-01  -3.7931300e+05
   6.9452000e+00  -1.1236900e+00   6.0263200e+00   2.9617800e+00   5.2143400e+00   5.6941900e-01  -3.7931100e+05
   6.9453400e+00  -1.1237100e+00   6.0263700e+00   2.9620200e+00   5.2141100e+00   5.6940200e-01  -3.7931300e+05
   6.9452300e+00  -1.1230300e+00   6.0262500e+00   2.9614700e+00   5.2142200e+00   5.6933700e-01  -3.7931300e+05
   6.9448200e+00  -1.1217200e+00   6.0263700e+00   2.9614400e+00   5.2150200e+00   5.7000700e-01  -3.7931200e+05
   6.9449100e+00  -1.1242700e+00   6.0262600e+00   2.9611600e+00   5.2148600e+00   5.6981300e-01  -3.7931300e+05
   6.9449400e+00  -1.1245700e+00   6.0263400e+00   2.9614700e+00   5.2146600e+00   5.6973800e-01  -3.7931200e+05
   6.9450700e+00  -1.1270600e+00   6.0262700e+00   2.9622600e+00   5.2147300e+00   5.7020400e-01  -3.7931200e+05
   6.9453400e+00  -1.1205700e+00   6.0263400e+00   2.9628200e+00   5.2141600e+00   5.6929400e-01  -3.7931200e+05
   6.9454300e+00  -1.1197100e+00   6.0263800e+00   2.9630500e+00   5.2139500e+00   5.6940900e-01  -3.7931400e+05
   6.9451400e+00  -1.1182600e+00   6.0264400e+00   2.9628200e+00   5.2142500e+00   5.6889100e-01  -3.7931200e+05
   6.9455800e+00  -1.1225100e+00   6.0262800e+00   2.9629300e+00   5.2134900e+00   5.6836600e-01  -3.7931300e+05
   6.9456200e+00  -1.1155200e+00   6.0263300e+00   2.9629800e+00   5.2131200e+00   5.6809200e-01  -3.7931400e+05
   6.9460600e+00  -1.1198900e+00   6.0264100e+00   2.9631300e+00   5.2130600e+00   5.6792800e-01  -3.7931500e+05
   6.9457300e+00  -1.1178600e+00   6.0264000e+00   2.9636300e+00   5.2130200e+00   5.6814300e-01  -3.7931300e+05
   6.9455200e+00  -1.1213000e+00   6.0263400e+00   2.9618900e+00   5.2135900e+00   5.6820600e-01  -3.7931300e+05
   6.9457400e+00  -1.1198900e+00   6.0264100e+00   2.9621800e+00   5.2132900e+00   5.6847900e-01  -3.7931300e+05
   6.9454300e+00  -1.1206100e+00   6.0263500e+00   2.9622300e+00   5.2136800e+00   5.6861200e-01  -3.7931200e+05
   6.9450800e+00  -1.1212700e+00   6.0264000e+00   2.9613100e+00   5.2145000e+00   5.6929200e-01  -3.7931100e+05
   6.9451900e+00  -1.1207100e+00   6.0263000e+00   2.9624200e+00   5.2143800e+00   5.6948000e-01  -3.7931200e+05
   6.9454200e+00  -1.1238600e+00   6.0262700e+00   2.9618400e+00   5.2140700e+00   5.6890400e-01  -3.7931200e+05
   6.9455400e+00  -1.1183100e+00   6.0265300e+00   2.9606400e+00   5.2140500e+00   5.6874800e-01  -3.7931800e+05
   6.9451600e+00  -1.1207200e+00   6.0263800e+00   2.9602000e+00   5.2145000e+00   5.6916000e-01  -3.7931500e+05
   6.9453400e+00  -1.1222400e+00   6.0262600e+00   2.9611100e+00   5.2139700e+00   5.6935600e-01  -3.7931500e+05
   6.9451700e+00  -1.1221300e+00   6.0263400e+00   2.9613700e+00   5.2143600e+00   5.6957600e-01  -3.7931200e+05
   6.9452500e+00  -1.1272900e+00   6.0263400e+00   2.9615400e+00   5.2148400e+00   5.6965600e-01  -3.7931300e+05
   6.9449900e+00  -1.1211900e+00   6.0263300e+00   2.9621600e+00   5.2143900e+00   5.6924700e-01  -3.7931200e+05
   6.9452000e+00  -1.1248800e+00   6.0263000e+00   2.9625100e+00   5.2144800e+00   5.6940400e-01  -3.7931100e+05
   6.9452300e+00  -1.1257500e+00   6.0262700e+00   2.9626200e+00   5.2141600e+00   5.6939000e-01  -3.7931400e+05
   6.9451900e+00  -1.1217500e+00   6.0263900e+00   2.9623600e+00   5.2143900e+00   5.6895800e-01  -3.7931200e+05
   6.9452400e+00  -1.1237200e+00   6.0263600e+00   2.9620000e+00   5.2145900e+00   5.6954700e-01  -3.7931100e+05
   6.9451000e+00  -1.1232400e+00   6.0262900e+00   2.9620100e+00   5.2142500e+00   5.6963600e-01  -3.7931300e+05
   6.9451100e+00  -1.1279000e+00   6.0263100e+00   2.9606900e+00   5.2149700e+00   5.6994700e-01  -3.7931300e+05
   6.9452800e+00  -1.1246000e+00   6.0263100e+00   2.9602400e+00   5.2144600e+00   5.6925700e-01  -3.7931400e+05
   6.9448400e+00  -1.1235000e+00   6.0264300e+00   2.9603100e+00   5.2153500e+00   5.7009200e-01  -3.7931400e+05
   6.9447500e+00  -1.1264400e+00   6.0262000e+00   2.9621400e+00   5.2154100e+00   5.7101600e-01  -3.7931400e+05
   6.9448900e+00  -1.1255700e+00   6.0264000e+00   2.9621700e+00   5.2151300e+00   5.7071700e-01  -3.7931500e+05
   6.9447000e+00  -1.1277700e+00   6.0262100e+00   2.9616300e+00   5.2156000e+00   5.7068400e-01  -3.7931300e+05
   6.9447900e+00  -1.1270600e+00   6.0262400e+00   2.9613500e+00   5.2153400e+00   5.7068900e-01  -3.7931200e+05
   6.9449000e+00  -1.1275000e+00   6.0263500e+00   2.9607200e+00   5.2155100e+00   5.7051500e-01  -3.7931300e+05
   6.9441900e+00  -1.1227800e+00   6.0263500e+00   2.9599700e+00   5.2161500e+00   5.7059700e-01  -3.7931800e+05
   6.9441300e+00  -1.1225000e+00   6.0264000e+00   2.9599900e+00   5.2162800e+00   5.7084500e-01  -3.7931700e+05
   6.9443200e+00  -1.1310200e+00   6.0262600e+00   2.9598300e+00   5.2164700e+00   5.7128700e-01  -3.7931500e+05
   6.9443100e+00  -1.1299000e+00   6.0263400e+00   2.9601800e+00   5.2163400e+00   5.7137200e-01  -3.7931300e+05
   6.9445500e+00  -1.1250600e+00   6.0263600e+00   2.9609500e+00   5.2159600e+00   5.7062000e-01  -3.7931400e+05
   6.9446300e+00  -1.1295600e+00   6.0262700e+00   2.9608600e+00   5.2157800e+00   5.7075300e-01  -3.7931200e+05
   6.9448400e+00  -1.1290600e+00   6.0262000e+00   2.9617000e+00   5.2153300e+00   5.7096700e-01  -3.7931300e+05
   6.9443900e+00  -1.1262100e+00   6.0262100e+00   2.9622400e+00   5.2158300e+00   5.7097100e-01  -3.7931300e+05
   6.9444500e+00  -1.1319800e+00   6.0260900e+00   2.9622300e+00   5.2159800e+00   5.7104000e-01  -3.7931700e+05
   6.9444700e+00  -1.1253300e+00   6.0264400e+00   2.9627500e+00   5.2157300e+00   5.7072400e-01  -3.7931600e+05
   6.9448300e+00  -1.1272300e+00   6.0262700e+00   2.9640000e+00   5.2151400e+00   5.7091700e-01  -3.7931500e+05
   6.9447100e+00  -1.1244300e+00   6.0262600e+00   2.9641000e+00   5.2146200e+00   5.7016300e-01  -3.7931800e+05
   6.9448300e+00  -1.1246300e+00   6.0263400e+00   2.9637800e+00   5.2152200e+00   5.7036500e-01  -3.7931400e+05
   6.9447500e+00  -1.1255200e+00   6.0262600e+00   2.9640100e+00   5.2149800e+00   5.7029200e-01  -3.7931300e+05
   6.9447300e+00  -1.1226000e+00   6.0264000e+00   2.9638700e+00   5.2152000e+00   5.7028600e-01  -3.7931500e+05
   6.9447800e+00  -1.1229000e+00   6.0262500e+00   2.9631600e+00   5.2149600e+00   5.7013600e-01  -3.7931200e+05
   6.9448200e+00  -1.1283900e+00   6.0263000e+00   2.9626700e+00   5.2153500e+00   5.7032400e-01  -3.7931300e+05
   6.9450900e+00  -1.1288700e+00   6.0262200e+00   2.9630900e+00   5.2147700e+00   5.7046900e-01  -3.7931300e+05
   6.9450400e+00  -1.1165000e+00   6.0263600e+00   2.9625700e+00   5.2141900e+00   5.6925800e-01  -3.7931400e+05
   6.9451200e+00  -1.1201800e+00   6.0263000e+00   2.9633500e+00   5.2140700e+00   5.6954100e-01  -3.7931300e+05
