   6.9484100e+00  -1.1035000e+00   6.0267000e+00   2.9714200e+00   5.2095100e+00   5.6277300e-01  -1.2648600e+04
   6.9483000e+00  -1.1030300e+00   6.0262700e+00   2.9693900e+00   5.2082300e+00   5.6511800e-01  -1.2645900e+04
   6.9460400e+00  -1.1047000e+00   6.0259000e+00   2.9688700e+00   5.2102000e+00   5.6452500e-01  -1.2647000e+04
   6.9456200e+00  -1.1025000e+00   6.0264500e+00   2.9665000e+00   5.2131600e+00   5.6706000e-01  -1.2645200e+04
   6.9464100e+00  -1.0999800e+00   6.0262700e+00   2.9653500e+00   5.2100900e+00   5.6666600e-01  -1.2645500e+04
   6.9443000e+00  -1.1016700e+00   6.0267700e+00   2.9620600e+00   5.2124200e+00   5.6832300e-01  -1.2648300e+04
   6.9462200e+00  -1.1043300e+00   6.0262400e+00   2.9636100e+00   5.2124700e+00   5.6861700e-01  -1.2646800e+04
   6.9441300e+00  -1.1061600e+00   6.0267800e+00   2.9653000e+00   5.2168400e+00   5.6979800e-01  -1.2647400e+04
   6.9468800e+00  -1.1065500e+00   6.0261100e+00   2.9651000e+00   5.2103800e+00   5.6448200e-01  -1.2645100e+04
   6.9487900e+00  -1.1095600e+00   6.0264200e+00   2.9682100e+00   5.2077700e+00   5.6236900e-01  -1.2645500e+04
   6.9468300e+00  -1.1054400e+00   6.0265200e+00   2.9628500e+00   5.2106600e+00   5.6479000e-01  -1.2644100e+04
   6.9483700e+00  -1.1046900e+00   6.0262900e+00   2.9654800e+00   5.2075400e+00   5.6223800e-01  -1.2644800e+04
   6.9474800e+00  -1.1038700e+00   6.0265700e+00   2.9662700e+00   5.2104400e+00   5.6542900e-01  -1.2645200e+04
   6.9473500e+00  -1.1023800e+00   6.0261200e+00   2.9675000e+00   5.2092600e+00   5.6405000e-01  -1.2645100e+04
   6.9442600e+00  -1.1035200e+00   6.0260500e+00   2.9677700e+00   5.2138500e+00   5.6630900e-01  -1.2648200e+04
   6.9458800e+00  -1.1023100e+00   6.0267100e+00   2.9684000e+00   5.2099900e+00   5.6239600e-01  -1.2649600e+04
   6.9489400e+00  -1.1032200e+00   6.0260300e+00   2.9657300e+00   5.2067900e+00   5.6128300e-01  -1.2646100e+04
   6.9460300e+00  -1.1046500e+00   6.0271000e+00   2.9680100e+00   5.2112100e+00   5.6412400e-01  -1.2649200e+04
   6.9478000e+00  -1.1056100e+00   6.0259900e+00   2.9702200e+00   5.2075800e+00   5.6271100e-01  -1.2646200e+04
   6.9479800e+00  -1.1033600e+00   6.0260600e+00   2.9691900e+00   5.2087300e+00   5.6402000e-01  -1.2645700e+04
   6.9439600e+00  -1.1040900e+00   6.0264800e+00   2.9747900e+00   5.2150600e+00   5.6776100e-01  -1.2649700e+04
   6.9465700e+00  -1.1063700e+00   6.0262400e+00   2.9769500e+00   5.2092900e+00   5.6654800e-01  -1.2648800e+04
   6.9468200e+00  -1.1064000e+00   6.0258500e+00   2.9757200e+00   5.2104500e+00   5.6776700e-01  -1.2648300e+04
   6.9439500e+00  -1.1079400e+00   6.0264900e+00   2.9744200e+00   5.2128600e+00   5.6902700e-01  -1.2650900e+04
   6.9469500e+00  -1.1070300e+00   6.0257200e+00   2.9759900e+00   5.2093700e+00   5.6660700e-01  -1.2648100e+04
   6.9485700e+00  -1.1097000e+00   6.0262400e+00   2.9743700e+00   5.2073500e+00   5.6478000e-01  -1.2647600e+04
   6.9460000e+00  -1.1087700e+00   6.0261200e+00   2.9727700e+00   5.2118700e+00   5.6573300e-01  -1.2646600e+04
   6.9475800e+00  -1.1093900e+00   6.0262400e+00   2.9726800e+00   5.2088900e+00   5.6311400e-01  -1.2646600e+04
   6.9504200e+00  -1.1115800e+00   6.0261700e+00   2.9680200e+00   5.2052200e+00   5.6152700e-01  -1.2646900e+04
   6.9487000e+00  -1.1119800e+00   6.0262100e+00   2.9671400e+00   5.2086600e+00   5.6249600e-01  -1.2646000e+04
   6.9466800e+00  -1.1092800e+00   6.0261100e+00   2.9668800e+00   5.2105800e+00   5.6415300e-01  -1.2645300e+04
   6.9489300e+00  -1.1088200e+00   6.0266300e+00   2.9620900e+00   5.2080600e+00   5.6337300e-01  -1.2645600e+04
   6.9479500e+00  -1.1096100e+00   6.0263200e+00   2.9647100e+00   5.2069500e+00   5.6180600e-01  -1.2647400e+04
   6.9479900e+00  -1.1080100e+00   6.0266800e+00   2.9630400e+00   5.2095800e+00   5.6364100e-01  -1.2644800e+04
   6.9468000e+00  -1.1076500e+00   6.0261200e+00   2.9608000e+00   5.2113800e+00   5.6501700e-01  -1.2646300e+04
   6.9440100e+00  -1.1077400e+00   6.0262500e+00   2.9615800e+00   5.2130900e+00   5.6658400e-01  -1.2648300e+04
   6.9433200e+00  -1.1068700e+00   6.0272800e+00   2.9614500e+00   5.2163600e+00   5.6897900e-01  -1.2648300e+04
   6.9434800e+00  -1.1082300e+00   6.0266800e+00   2.9629400e+00   5.2156400e+00   5.7130500e-01  -1.2645500e+04
   6.9442300e+00  -1.1103200e+00   6.0269500e+00   2.9574000e+00   5.2160100e+00   5.7070700e-01  -1.2645900e+04
   6.9443800e+00  -1.1092700e+00   6.0268400e+00   2.9600100e+00   5.2154100e+00   5.7048800e-01  -1.2645300e+04
   6.9435700e+00  -1.1080800e+00   6.0266500e+00   2.9574800e+00   5.2173800e+00   5.7132900e-01  -1.2646700e+04
   6.9433100e+00  -1.1075400e+00   6.0271500e+00   2.9590100e+00   5.2181100e+00   5.7064100e-01  -1.2647400e+04
   6.9424400e+00  -1.1094700e+00   6.0270300e+00   2.9583000e+00   5.2177900e+00   5.7321500e-01  -1.2647700e+04
   6.9439500e+00  -1.1119700e+00   6.0265000e+00   2.9579100e+00   5.2150700e+00   5.7101300e-01  -1.2645900e+04
   6.9448800e+00  -1.1107800e+00   6.0264200e+00   2.9576700e+00   5.2139500e+00   5.6920000e-01  -1.2645300e+04
   6.9459400e+00  -1.1094300e+00   6.0269700e+00   2.9570300e+00   5.2111000e+00   5.6728900e-01  -1.2648800e+04
   6.9450600e+00  -1.1114400e+00   6.0270600e+00   2.9556900e+00   5.2129600e+00   5.6494500e-01  -1.2648700e+04
   6.9463000e+00  -1.1120200e+00   6.0263200e+00   2.9564100e+00   5.2127700e+00   5.6667900e-01  -1.2646200e+04
   6.9459600e+00  -1.1128200e+00   6.0267700e+00   2.9586200e+00   5.2124100e+00   5.6534700e-01  -1.2645100e+04
   6.9460100e+00  -1.1131600e+00   6.0265200e+00   2.9620200e+00   5.2132200e+00   5.6640700e-01  -1.2644400e+04
   6.9476700e+00  -1.1126500e+00   6.0266100e+00   2.9612400e+00   5.2087600e+00   5.6343200e-01  -1.2645800e+04
   6.9472900e+00  -1.1114300e+00   6.0259200e+00   2.9638700e+00   5.2105700e+00   5.6463000e-01  -1.2646400e+04
   6.9477400e+00  -1.1087400e+00   6.0262200e+00   2.9624600e+00   5.2102600e+00   5.6591400e-01  -1.2645900e+04
   6.9446600e+00  -1.1107500e+00   6.0266500e+00   2.9618500e+00   5.2136300e+00   5.6807100e-01  -1.2644800e+04
   6.9464500e+00  -1.1122300e+00   6.0261800e+00   2.9582700e+00   5.2124900e+00   5.6498600e-01  -1.2647000e+04
   6.9456500e+00  -1.1121400e+00   6.0269100e+00   2.9593200e+00   5.2138200e+00   5.6599600e-01  -1.2645400e+04
   6.9490700e+00  -1.1154100e+00   6.0261100e+00   2.9574800e+00   5.2073000e+00   5.6359800e-01  -1.2647900e+04
   6.9455900e+00  -1.1157000e+00   6.0271500e+00   2.9553100e+00   5.2136400e+00   5.6651400e-01  -1.2647100e+04
   6.9456400e+00  -1.1180300e+00   6.0266200e+00   2.9516400e+00   5.2147500e+00   5.7009000e-01  -1.2648000e+04
   6.9433500e+00  -1.1168200e+00   6.0273900e+00   2.9546300e+00   5.2188000e+00   5.7173300e-01  -1.2648900e+04
   6.9424700e+00  -1.1200900e+00   6.0270800e+00   2.9524100e+00   5.2199400e+00   5.7345100e-01  -1.2647500e+04
   6.9432200e+00  -1.1197700e+00   6.0261500e+00   2.9557400e+00   5.2164700e+00   5.7395500e-01  -1.2648700e+04
   6.9431200e+00  -1.1209500e+00   6.0265900e+00   2.9602600e+00   5.2173300e+00   5.7239300e-01  -1.2644600e+04
   6.9434800e+00  -1.1217400e+00   6.0264700e+00   2.9599100e+00   5.2177100e+00   5.7403800e-01  -1.2645300e+04
   6.9415500e+00  -1.1194300e+00   6.0264300e+00   2.9634000e+00   5.2199500e+00   5.7561900e-01  -1.2645900e+04
   6.9430200e+00  -1.1168500e+00   6.0259800e+00   2.9623500e+00   5.2169400e+00   5.7365900e-01  -1.2646800e+04
   6.9441100e+00  -1.1174500e+00   6.0259700e+00   2.9624200e+00   5.2137200e+00   5.6900700e-01  -1.2646900e+04
   6.9447100e+00  -1.1131500e+00   6.0269300e+00   2.9605000e+00   5.2146500e+00   5.6822900e-01  -1.2645200e+04
   6.9460100e+00  -1.1106500e+00   6.0263200e+00   2.9604100e+00   5.2116700e+00   5.6628700e-01  -1.2644600e+04
   6.9485200e+00  -1.1092500e+00   6.0268000e+00   2.9610000e+00   5.2092500e+00   5.6442200e-01  -1.2646200e+04
   6.9488900e+00  -1.1092600e+00   6.0266600e+00   2.9584000e+00   5.2078200e+00   5.6260500e-01  -1.2646000e+04
   6.9466500e+00  -1.1076800e+00   6.0266300e+00   2.9558200e+00   5.2089700e+00   5.6228600e-01  -1.2649900e+04
   6.9469800e+00  -1.1061600e+00   6.0277300e+00   2.9545300e+00   5.2127600e+00   5.6293600e-01  -1.2652900e+04
   6.9458300e+00  -1.1082000e+00   6.0260600e+00   2.9589900e+00   5.2109900e+00   5.6524100e-01  -1.2647400e+04
   6.9454200e+00  -1.1088800e+00   6.0266600e+00   2.9581600e+00   5.2134700e+00   5.6740100e-01  -1.2644500e+04
   6.9471000e+00  -1.1082400e+00   6.0262100e+00   2.9572100e+00   5.2102100e+00   5.6268400e-01  -1.2647400e+04
   6.9499600e+00  -1.1104600e+00   6.0265100e+00   2.9596300e+00   5.2064100e+00   5.5861100e-01  -1.2647800e+04
   6.9501400e+00  -1.1088700e+00   6.0263100e+00   2.9625000e+00   5.2039500e+00   5.5753400e-01  -1.2649100e+04
   6.9475200e+00  -1.1080400e+00   6.0267100e+00   2.9618000e+00   5.2092600e+00   5.6135100e-01  -1.2646400e+04
   6.9506100e+00  -1.1061900e+00   6.0263500e+00   2.9654600e+00   5.2041100e+00   5.6083000e-01  -1.2647100e+04
   6.9498000e+00  -1.1066300e+00   6.0264500e+00   2.9591800e+00   5.2052000e+00   5.6083100e-01  -1.2647300e+04
   6.9490600e+00  -1.1077600e+00   6.0263200e+00   2.9623600e+00   5.2074400e+00   5.6073000e-01  -1.2645800e+04
   6.9482400e+00  -1.1088300e+00   6.0266600e+00   2.9608600e+00   5.2094000e+00   5.6209200e-01  -1.2645500e+04
   6.9494500e+00  -1.1091200e+00   6.0261500e+00   2.9619900e+00   5.2078600e+00   5.6229700e-01  -1.2647400e+04
   6.9496500e+00  -1.1089100e+00   6.0257400e+00   2.9625200e+00   5.2056200e+00   5.6023700e-01  -1.2649100e+04
   6.9475800e+00  -1.1088900e+00   6.0267500e+00   2.9643800e+00   5.2110200e+00   5.6318300e-01  -1.2646500e+04
   6.9476400e+00  -1.1068300e+00   6.0264100e+00   2.9652200e+00   5.2081000e+00   5.6333000e-01  -1.2645200e+04
   6.9500700e+00  -1.1079400e+00   6.0256700e+00   2.9690000e+00   5.2039800e+00   5.5986700e-01  -1.2648800e+04
   6.9484600e+00  -1.1075200e+00   6.0258800e+00   2.9675600e+00   5.2076100e+00   5.6295200e-01  -1.2646200e+04
   6.9478000e+00  -1.1084000e+00   6.0259800e+00   2.9676000e+00   5.2077300e+00   5.6465900e-01  -1.2646000e+04
   6.9473800e+00  -1.1088800e+00   6.0258800e+00   2.9671000e+00   5.2103600e+00   5.6651300e-01  -1.2646800e+04
   6.9478600e+00  -1.1093300e+00   6.0259700e+00   2.9654800e+00   5.2089700e+00   5.6434300e-01  -1.2645500e+04
   6.9452500e+00  -1.1082500e+00   6.0264500e+00   2.9643900e+00   5.2136100e+00   5.6618100e-01  -1.2645000e+04
   6.9480900e+00  -1.1096900e+00   6.0269000e+00   2.9625900e+00   5.2086200e+00   5.6505700e-01  -1.2647400e+04
   6.9458100e+00  -1.1090400e+00   6.0265800e+00   2.9607000e+00   5.2139600e+00   5.6754000e-01  -1.2645300e+04
   6.9462700e+00  -1.1106000e+00   6.0265700e+00   2.9613100e+00   5.2113800e+00   5.6666400e-01  -1.2644400e+04
   6.9476700e+00  -1.1084100e+00   6.0264900e+00   2.9606300e+00   5.2089700e+00   5.6432400e-01  -1.2644900e+04
   6.9450500e+00  -1.1078400e+00   6.0266900e+00   2.9611800e+00   5.2143300e+00   5.6790400e-01  -1.2644400e+04
   6.9456900e+00  -1.1100000e+00   6.0268700e+00   2.9586700e+00   5.2138000e+00   5.6761400e-01  -1.2644900e+04
   6.9466500e+00  -1.1097700e+00   6.0265100e+00   2.9582700e+00   5.2103800e+00   5.6542300e-01  -1.2645400e+04
   6.9473100e+00  -1.1100600e+00   6.0266300e+00   2.9546000e+00   5.2104200e+00   5.6486100e-01  -1.2646200e+04
   6.9476600e+00  -1.1080400e+00   6.0263700e+00   2.9550300e+00   5.2101100e+00   5.6399500e-01  -1.2647100e+04
   6.9465100e+00  -1.1075100e+00   6.0260700e+00   2.9598600e+00   5.2095400e+00   5.6455600e-01  -1.2647400e+04
   6.9466500e+00  -1.1072600e+00   6.0266200e+00   2.9624800e+00   5.2092600e+00   5.6621500e-01  -1.2647500e+04
   6.9469200e+00  -1.1094100e+00   6.0265000e+00   2.9613000e+00   5.2099700e+00   5.6293500e-01  -1.2645400e+04
   6.9469500e+00  -1.1108800e+00   6.0264800e+00   2.9605000e+00   5.2121600e+00   5.6711300e-01  -1.2645500e+04
   6.9453900e+00  -1.1114800e+00   6.0270400e+00   2.9578800e+00   5.2136300e+00   5.6479700e-01  -1.2647100e+04
   6.9471200e+00  -1.1108700e+00   6.0261800e+00   2.9589400e+00   5.2105200e+00   5.6616800e-01  -1.2645800e+04
   6.9464300e+00  -1.1128300e+00   6.0264900e+00   2.9602100e+00   5.2120900e+00   5.6628400e-01  -1.2644100e+04
   6.9464600e+00  -1.1105100e+00   6.0270100e+00   2.9566100e+00   5.2132700e+00   5.6723600e-01  -1.2646500e+04
   6.9466800e+00  -1.1101400e+00   6.0271200e+00   2.9581400e+00   5.2119700e+00   5.6566400e-01  -1.2646300e+04
   6.9497000e+00  -1.1098600e+00   6.0260400e+00   2.9627700e+00   5.2059000e+00   5.6264700e-01  -1.2647100e+04
   6.9479700e+00  -1.1076400e+00   6.0260300e+00   2.9627200e+00   5.2081900e+00   5.6350300e-01  -1.2645800e+04
   6.9472800e+00  -1.1083300e+00   6.0261500e+00   2.9648500e+00   5.2093300e+00   5.6464700e-01  -1.2644700e+04
   6.9485100e+00  -1.1090200e+00   6.0261700e+00   2.9647600e+00   5.2071100e+00   5.6418300e-01  -1.2646000e+04
   6.9474000e+00  -1.1089200e+00   6.0259900e+00   2.9679900e+00   5.2088600e+00   5.6561800e-01  -1.2645500e+04
   6.9475900e+00  -1.1104700e+00   6.0264600e+00   2.9686000e+00   5.2081000e+00   5.6299800e-01  -1.2646800e+04
   6.9480000e+00  -1.1126400e+00   6.0261900e+00   2.9708500e+00   5.2085600e+00   5.6553700e-01  -1.2645800e+04
   6.9466800e+00  -1.1110000e+00   6.0263000e+00   2.9676200e+00   5.2095000e+00   5.6525100e-01  -1.2645700e+04
   6.9462500e+00  -1.1116000e+00   6.0265900e+00   2.9654400e+00   5.2124000e+00   5.6641200e-01  -1.2644400e+04
   6.9457600e+00  -1.1126300e+00   6.0264300e+00   2.9655600e+00   5.2135700e+00   5.6709500e-01  -1.2644700e+04
   6.9423600e+00  -1.1122700e+00   6.0265000e+00   2.9637500e+00   5.2174200e+00   5.7131600e-01  -1.2645900e+04
   6.9440800e+00  -1.1128400e+00   6.0264200e+00   2.9630100e+00   5.2153700e+00   5.6834400e-01  -1.2644800e+04
   6.9453500e+00  -1.1133400e+00   6.0260600e+00   2.9641200e+00   5.2119100e+00   5.6704300e-01  -1.2645500e+04
   6.9469300e+00  -1.1107100e+00   6.0266300e+00   2.9652600e+00   5.2111300e+00   5.6537100e-01  -1.2644500e+04
   6.9472800e+00  -1.1101500e+00   6.0257500e+00   2.9661700e+00   5.2082300e+00   5.6383700e-01  -1.2647500e+04
   6.9464200e+00  -1.1119600e+00   6.0263900e+00   2.9628200e+00   5.2127900e+00   5.6562900e-01  -1.2645300e+04
   6.9476700e+00  -1.1101700e+00   6.0261400e+00   2.9627300e+00   5.2102900e+00   5.6797700e-01  -1.2647800e+04
   6.9454500e+00  -1.1102000e+00   6.0266400e+00   2.9623700e+00   5.2133300e+00   5.7116300e-01  -1.2647100e+04
   6.9447300e+00  -1.1109000e+00   6.0270000e+00   2.9622800e+00   5.2151500e+00   5.6831800e-01  -1.2645700e+04
   6.9458700e+00  -1.1115200e+00   6.0268700e+00   2.9632500e+00   5.2121700e+00   5.6547200e-01  -1.2645800e+04
   6.9459900e+00  -1.1127900e+00   6.0261400e+00   2.9614500e+00   5.2126600e+00   5.6732600e-01  -1.2644900e+04
   6.9431300e+00  -1.1139800e+00   6.0264600e+00   2.9630900e+00   5.2164800e+00   5.6877600e-01  -1.2646200e+04
   6.9452600e+00  -1.1135100e+00   6.0266500e+00   2.9599200e+00   5.2139900e+00   5.6780600e-01  -1.2644100e+04
   6.9452500e+00  -1.1125100e+00   6.0266900e+00   2.9641600e+00   5.2142100e+00   5.6739900e-01  -1.2644700e+04
   6.9428200e+00  -1.1130400e+00   6.0262700e+00   2.9649500e+00   5.2164100e+00   5.6945700e-01  -1.2646700e+04
   6.9446600e+00  -1.1132200e+00   6.0267200e+00   2.9616500e+00   5.2137400e+00   5.6922600e-01  -1.2645400e+04
   6.9438300e+00  -1.1138500e+00   6.0267700e+00   2.9617100e+00   5.2158200e+00   5.6825800e-01  -1.2645600e+04
   6.9448800e+00  -1.1155500e+00   6.0263400e+00   2.9590400e+00   5.2151700e+00   5.6996100e-01  -1.2645000e+04
   6.9458300e+00  -1.1167100e+00   6.0266800e+00   2.9585600e+00   5.2133400e+00   5.6858100e-01  -1.2644600e+04
   6.9450700e+00  -1.1159700e+00   6.0270900e+00   2.9525000e+00   5.2167600e+00   5.6854100e-01  -1.2648700e+04
   6.9433300e+00  -1.1177000e+00   6.0262700e+00   2.9550000e+00   5.2156600e+00   5.6755100e-01  -1.2649600e+04
   6.9488200e+00  -1.1166000e+00   6.0267200e+00   2.9538500e+00   5.2083800e+00   5.6393100e-01  -1.2648400e+04
   6.9475000e+00  -1.1195400e+00   6.0263500e+00   2.9551600e+00   5.2107600e+00   5.6449000e-01  -1.2646300e+04
   6.9488100e+00  -1.1207900e+00   6.0259200e+00   2.9595000e+00   5.2088900e+00   5.6629500e-01  -1.2648600e+04
   6.9467200e+00  -1.1212600e+00   6.0260400e+00   2.9603000e+00   5.2119600e+00   5.6570600e-01  -1.2645500e+04
   6.9455200e+00  -1.1193600e+00   6.0263000e+00   2.9599200e+00   5.2124500e+00   5.6426100e-01  -1.2647800e+04
   6.9486500e+00  -1.1176700e+00   6.0264700e+00   2.9609200e+00   5.2094300e+00   5.6553100e-01  -1.2646200e+04
   6.9474100e+00  -1.1181900e+00   6.0261200e+00   2.9613700e+00   5.2104000e+00   5.6507700e-01  -1.2644900e+04
   6.9469900e+00  -1.1167300e+00   6.0260700e+00   2.9606900e+00   5.2118300e+00   5.6754900e-01  -1.2646000e+04
   6.9450200e+00  -1.1160900e+00   6.0267700e+00   2.9602600e+00   5.2139900e+00   5.6963700e-01  -1.2645100e+04
   6.9444800e+00  -1.1162400e+00   6.0268400e+00   2.9617800e+00   5.2155900e+00   5.7076100e-01  -1.2645100e+04
   6.9437300e+00  -1.1139300e+00   6.0265800e+00   2.9642900e+00   5.2171800e+00   5.7077800e-01  -1.2645300e+04
   6.9466100e+00  -1.1155400e+00   6.0259300e+00   2.9639200e+00   5.2114500e+00   5.6852000e-01  -1.2645900e+04
   6.9456200e+00  -1.1147700e+00   6.0265800e+00   2.9640500e+00   5.2133200e+00   5.7113000e-01  -1.2646400e+04
   6.9441400e+00  -1.1176800e+00   6.0262600e+00   2.9674300e+00   5.2157500e+00   5.7023100e-01  -1.2644700e+04
   6.9436700e+00  -1.1200000e+00   6.0266500e+00   2.9630400e+00   5.2173300e+00   5.6893500e-01  -1.2646400e+04
   6.9450800e+00  -1.1182300e+00   6.0264200e+00   2.9633600e+00   5.2140600e+00   5.6717300e-01  -1.2644600e+04
   6.9467000e+00  -1.1168500e+00   6.0261700e+00   2.9627800e+00   5.2103700e+00   5.6660300e-01  -1.2645000e+04
   6.9466500e+00  -1.1170000e+00   6.0265500e+00   2.9669900e+00   5.2125500e+00   5.6662100e-01  -1.2645400e+04
   6.9441800e+00  -1.1175600e+00   6.0264500e+00   2.9656000e+00   5.2157300e+00   5.6823400e-01  -1.2645600e+04
   6.9463400e+00  -1.1140000e+00   6.0263100e+00   2.9646000e+00   5.2125000e+00   5.6833500e-01  -1.2644500e+04
   6.9429800e+00  -1.1180900e+00   6.0269300e+00   2.9661800e+00   5.2182800e+00   5.7156800e-01  -1.2647500e+04
   6.9459800e+00  -1.1205900e+00   6.0262600e+00   2.9615700e+00   5.2129900e+00   5.6981300e-01  -1.2644700e+04
   6.9458800e+00  -1.1211300e+00   6.0261800e+00   2.9593200e+00   5.2133400e+00   5.6859600e-01  -1.2644500e+04
   6.9470700e+00  -1.1227100e+00   6.0264900e+00   2.9630900e+00   5.2120700e+00   5.6880700e-01  -1.2645600e+04
   6.9462400e+00  -1.1226300e+00   6.0260300e+00   2.9617500e+00   5.2120500e+00   5.6665100e-01  -1.2644800e+04
   6.9495300e+00  -1.1228500e+00   6.0261200e+00   2.9618400e+00   5.2057000e+00   5.6344900e-01  -1.2649400e+04
   6.9464500e+00  -1.1221200e+00   6.0260200e+00   2.9609000e+00   5.2114400e+00   5.6580100e-01  -1.2645400e+04
   6.9480500e+00  -1.1211500e+00   6.0267100e+00   2.9596700e+00   5.2108600e+00   5.6581500e-01  -1.2646200e+04
   6.9469500e+00  -1.1211500e+00   6.0259700e+00   2.9600700e+00   5.2115400e+00   5.6623900e-01  -1.2645700e+04
   6.9449300e+00  -1.1213700e+00   6.0262900e+00   2.9597400e+00   5.2150600e+00   5.6744000e-01  -1.2645300e+04
   6.9455600e+00  -1.1191300e+00   6.0268700e+00   2.9547000e+00   5.2138400e+00   5.6672200e-01  -1.2645900e+04
   6.9455900e+00  -1.1186700e+00   6.0267300e+00   2.9564800e+00   5.2156300e+00   5.6898200e-01  -1.2646400e+04
   6.9435700e+00  -1.1205700e+00   6.0262300e+00   2.9568700e+00   5.2175300e+00   5.7279400e-01  -1.2646100e+04
   6.9426400e+00  -1.1203600e+00   6.0267300e+00   2.9557000e+00   5.2200800e+00   5.7160200e-01  -1.2647400e+04
   6.9417200e+00  -1.1186900e+00   6.0267600e+00   2.9561800e+00   5.2194900e+00   5.7173600e-01  -1.2646900e+04
   6.9425800e+00  -1.1193800e+00   6.0262500e+00   2.9599600e+00   5.2156700e+00   5.6953700e-01  -1.2649800e+04
   6.9469300e+00  -1.1186800e+00   6.0264000e+00   2.9558100e+00   5.2109100e+00   5.6628600e-01  -1.2645900e+04
   6.9488800e+00  -1.1171300e+00   6.0268000e+00   2.9570000e+00   5.2095600e+00   5.6331000e-01  -1.2647200e+04
   6.9468500e+00  -1.1195500e+00   6.0263700e+00   2.9582500e+00   5.2125600e+00   5.6455200e-01  -1.2646400e+04
   6.9458200e+00  -1.1180000e+00   6.0266200e+00   2.9567000e+00   5.2138300e+00   5.6585600e-01  -1.2645500e+04
   6.9446700e+00  -1.1173300e+00   6.0262600e+00   2.9594600e+00   5.2152400e+00   5.6781000e-01  -1.2645500e+04
   6.9426800e+00  -1.1165300e+00   6.0263900e+00   2.9645700e+00   5.2170800e+00   5.7012700e-01  -1.2646200e+04
   6.9467000e+00  -1.1170800e+00   6.0264300e+00   2.9631700e+00   5.2112500e+00   5.6803900e-01  -1.2644800e+04
   6.9437300e+00  -1.1154400e+00   6.0263000e+00   2.9642700e+00   5.2179300e+00   5.7065100e-01  -1.2647700e+04
   6.9450200e+00  -1.1187900e+00   6.0260900e+00   2.9656800e+00   5.2150300e+00   5.7340300e-01  -1.2647600e+04
   6.9450400e+00  -1.1178800e+00   6.0263900e+00   2.9635400e+00   5.2131200e+00   5.6819800e-01  -1.2644600e+04
   6.9431800e+00  -1.1185900e+00   6.0263600e+00   2.9628700e+00   5.2169200e+00   5.7101600e-01  -1.2644600e+04
   6.9437700e+00  -1.1190100e+00   6.0267900e+00   2.9636000e+00   5.2160200e+00   5.6965500e-01  -1.2645800e+04
   6.9449000e+00  -1.1180300e+00   6.0262000e+00   2.9630200e+00   5.2144400e+00   5.6857100e-01  -1.2644200e+04
   6.9476300e+00  -1.1189100e+00   6.0264100e+00   2.9655300e+00   5.2117600e+00   5.6812700e-01  -1.2646800e+04
   6.9444700e+00  -1.1184800e+00   6.0260100e+00   2.9660600e+00   5.2146600e+00   5.6796200e-01  -1.2645900e+04
   6.9448900e+00  -1.1182600e+00   6.0268000e+00   2.9607300e+00   5.2149100e+00   5.6716300e-01  -1.2645500e+04
   6.9459700e+00  -1.1150600e+00   6.0265200e+00   2.9619300e+00   5.2132300e+00   5.6937800e-01  -1.2644700e+04
   6.9438600e+00  -1.1169700e+00   6.0265200e+00   2.9631900e+00   5.2155600e+00   5.6941300e-01  -1.2644600e+04
   6.9478600e+00  -1.1186100e+00   6.0262900e+00   2.9606900e+00   5.2115000e+00   5.6596600e-01  -1.2646500e+04
   6.9455400e+00  -1.1198900e+00   6.0270700e+00   2.9621800e+00   5.2132100e+00   5.6746400e-01  -1.2648200e+04
   6.9432700e+00  -1.1210100e+00   6.0261900e+00   2.9595700e+00   5.2157100e+00   5.6912700e-01  -1.2647100e+04
   6.9469900e+00  -1.1207000e+00   6.0261000e+00   2.9591300e+00   5.2099100e+00   5.6455700e-01  -1.2646600e+04
   6.9474700e+00  -1.1201400e+00   6.0260300e+00   2.9620100e+00   5.2107100e+00   5.6634300e-01  -1.2645100e+04
   6.9470300e+00  -1.1199300e+00   6.0259700e+00   2.9637800e+00   5.2112400e+00   5.6598200e-01  -1.2645000e+04
   6.9467600e+00  -1.1197000e+00   6.0267600e+00   2.9618400e+00   5.2130100e+00   5.6740100e-01  -1.2645500e+04
   6.9465200e+00  -1.1186000e+00   6.0264700e+00   2.9622500e+00   5.2134300e+00   5.6738600e-01  -1.2645100e+04
   6.9461700e+00  -1.1203300e+00   6.0264400e+00   2.9612600e+00   5.2138400e+00   5.6883300e-01  -1.2644700e+04
   6.9488400e+00  -1.1190400e+00   6.0262300e+00   2.9639100e+00   5.2107800e+00   5.6627900e-01  -1.2649800e+04
   6.9456800e+00  -1.1178200e+00   6.0270000e+00   2.9646800e+00   5.2134200e+00   5.6883100e-01  -1.2647400e+04
   6.9438100e+00  -1.1170800e+00   6.0266600e+00   2.9626200e+00   5.2146500e+00   5.6955700e-01  -1.2646500e+04
   6.9416000e+00  -1.1144200e+00   6.0265000e+00   2.9649000e+00   5.2185800e+00   5.7240500e-01  -1.2646900e+04
   6.9437900e+00  -1.1167200e+00   6.0264300e+00   2.9652100e+00   5.2171400e+00   5.7060100e-01  -1.2645400e+04
   6.9452200e+00  -1.1185300e+00   6.0261400e+00   2.9647000e+00   5.2134100e+00   5.7155800e-01  -1.2645800e+04
   6.9462400e+00  -1.1214300e+00   6.0258100e+00   2.9625000e+00   5.2123300e+00   5.6891900e-01  -1.2645900e+04
   6.9463400e+00  -1.1178900e+00   6.0262700e+00   2.9647200e+00   5.2129900e+00   5.6681100e-01  -1.2644700e+04
   6.9454100e+00  -1.1176800e+00   6.0257900e+00   2.9639300e+00   5.2131400e+00   5.6949200e-01  -1.2646000e+04
   6.9434100e+00  -1.1164200e+00   6.0270400e+00   2.9627900e+00   5.2171800e+00   5.7201700e-01  -1.2646800e+04
   6.9425900e+00  -1.1152800e+00   6.0263500e+00   2.9613600e+00   5.2178300e+00   5.7241700e-01  -1.2645200e+04
   6.9432500e+00  -1.1163200e+00   6.0259200e+00   2.9640100e+00   5.2162800e+00   5.7238100e-01  -1.2646300e+04
   6.9466700e+00  -1.1158200e+00   6.0265300e+00   2.9672900e+00   5.2121800e+00   5.7076900e-01  -1.2648400e+04
   6.9431700e+00  -1.1194300e+00   6.0259700e+00   2.9665000e+00   5.2176700e+00   5.7187800e-01  -1.2646400e+04
   6.9440200e+00  -1.1191300e+00   6.0261000e+00   2.9656800e+00   5.2162900e+00   5.7167700e-01  -1.2644900e+04
   6.9454600e+00  -1.1157600e+00   6.0264300e+00   2.9652200e+00   5.2139400e+00   5.6985600e-01  -1.2644400e+04
   6.9444100e+00  -1.1134100e+00   6.0263300e+00   2.9663200e+00   5.2141500e+00   5.6917300e-01  -1.2644500e+04
   6.9428300e+00  -1.1128800e+00   6.0265000e+00   2.9646800e+00   5.2159900e+00   5.6968400e-01  -1.2646800e+04
   6.9451000e+00  -1.1165400e+00   6.0258300e+00   2.9649800e+00   5.2140100e+00   5.7114300e-01  -1.2646600e+04
   6.9463000e+00  -1.1180400e+00   6.0260300e+00   2.9652800e+00   5.2136700e+00   5.6933000e-01  -1.2646800e+04
   6.9450900e+00  -1.1140300e+00   6.0265400e+00   2.9649700e+00   5.2141500e+00   5.6793600e-01  -1.2644300e+04
   6.9462200e+00  -1.1129300e+00   6.0266300e+00   2.9669500e+00   5.2124500e+00   5.6990600e-01  -1.2646700e+04
   6.9436900e+00  -1.1124600e+00   6.0270600e+00   2.9626200e+00   5.2168900e+00   5.6885900e-01  -1.2647100e+04
   6.9456500e+00  -1.1112400e+00   6.0265100e+00   2.9627100e+00   5.2125500e+00   5.6648600e-01  -1.2644100e+04
   6.9456900e+00  -1.1110100e+00   6.0266200e+00   2.9606900e+00   5.2111000e+00   5.6536400e-01  -1.2646700e+04
   6.9479700e+00  -1.1148100e+00   6.0263000e+00   2.9606100e+00   5.2096200e+00   5.6556600e-01  -1.2645200e+04
   6.9468700e+00  -1.1146400e+00   6.0265300e+00   2.9608400e+00   5.2109700e+00   5.6480500e-01  -1.2644400e+04
   6.9476200e+00  -1.1149100e+00   6.0259900e+00   2.9588800e+00   5.2104300e+00   5.6682400e-01  -1.2647600e+04
   6.9455000e+00  -1.1160300e+00   6.0264600e+00   2.9614800e+00   5.2127300e+00   5.6674900e-01  -1.2644400e+04
   6.9478200e+00  -1.1171100e+00   6.0257600e+00   2.9661800e+00   5.2107200e+00   5.6498200e-01  -1.2648200e+04
   6.9454400e+00  -1.1161600e+00   6.0266300e+00   2.9629800e+00   5.2145800e+00   5.6709600e-01  -1.2645200e+04
   6.9482000e+00  -1.1184400e+00   6.0267300e+00   2.9622800e+00   5.2097600e+00   5.6673200e-01  -1.2647300e+04
   6.9470700e+00  -1.1209000e+00   6.0261300e+00   2.9629100e+00   5.2104000e+00   5.6457700e-01  -1.2645200e+04
   6.9442500e+00  -1.1232400e+00   6.0261000e+00   2.9643100e+00   5.2166900e+00   5.6816000e-01  -1.2648000e+04
   6.9429500e+00  -1.1230100e+00   6.0263400e+00   2.9636200e+00   5.2183500e+00   5.7061900e-01  -1.2646100e+04
   6.9469600e+00  -1.1240000e+00   6.0263900e+00   2.9644000e+00   5.2124000e+00   5.6798800e-01  -1.2644800e+04
   6.9444200e+00  -1.1232300e+00   6.0263300e+00   2.9651900e+00   5.2155900e+00   5.7260500e-01  -1.2644700e+04
   6.9429400e+00  -1.1230100e+00   6.0265400e+00   2.9606400e+00   5.2185300e+00   5.6994100e-01  -1.2646500e+04
   6.9442100e+00  -1.1231100e+00   6.0264900e+00   2.9577000e+00   5.2163900e+00   5.6971800e-01  -1.2644400e+04
   6.9459800e+00  -1.1214500e+00   6.0264200e+00   2.9605900e+00   5.2123200e+00   5.6900100e-01  -1.2645000e+04
   6.9456500e+00  -1.1195000e+00   6.0262500e+00   2.9595200e+00   5.2148600e+00   5.6772400e-01  -1.2646200e+04
   6.9443400e+00  -1.1178100e+00   6.0264600e+00   2.9643300e+00   5.2151100e+00   5.7006500e-01  -1.2644000e+04
   6.9466900e+00  -1.1183400e+00   6.0264000e+00   2.9599700e+00   5.2122500e+00   5.6605800e-01  -1.2644400e+04
   6.9443000e+00  -1.1177800e+00   6.0266500e+00   2.9623100e+00   5.2140100e+00   5.6716000e-01  -1.2647100e+04
   6.9443800e+00  -1.1170200e+00   6.0262100e+00   2.9617500e+00   5.2145200e+00   5.6775800e-01  -1.2645300e+04
   6.9447900e+00  -1.1169700e+00   6.0264400e+00   2.9615900e+00   5.2143600e+00   5.6947300e-01  -1.2643900e+04
   6.9435800e+00  -1.1153200e+00   6.0264800e+00   2.9624600e+00   5.2169600e+00   5.7133900e-01  -1.2644500e+04
   6.9427400e+00  -1.1158700e+00   6.0270300e+00   2.9592800e+00   5.2174000e+00   5.7311200e-01  -1.2647700e+04
   6.9425900e+00  -1.1156800e+00   6.0266100e+00   2.9593000e+00   5.2192300e+00   5.7261100e-01  -1.2645900e+04
   6.9437600e+00  -1.1148800e+00   6.0265100e+00   2.9610500e+00   5.2158700e+00   5.7072200e-01  -1.2644300e+04
   6.9462700e+00  -1.1143800e+00   6.0262300e+00   2.9616500e+00   5.2125400e+00   5.6833400e-01  -1.2644800e+04
   6.9446900e+00  -1.1133600e+00   6.0269100e+00   2.9602200e+00   5.2134800e+00   5.6724500e-01  -1.2646800e+04
   6.9437900e+00  -1.1161100e+00   6.0264900e+00   2.9592100e+00   5.2158300e+00   5.6958400e-01  -1.2644600e+04
   6.9470400e+00  -1.1137500e+00   6.0262700e+00   2.9626700e+00   5.2107500e+00   5.6629300e-01  -1.2644300e+04
   6.9465900e+00  -1.1124900e+00   6.0267600e+00   2.9612400e+00   5.2106500e+00   5.6298600e-01  -1.2646900e+04
   6.9473300e+00  -1.1111900e+00   6.0266100e+00   2.9591300e+00   5.2092600e+00   5.6064600e-01  -1.2648400e+04
   6.9490500e+00  -1.1126900e+00   6.0268200e+00   2.9615300e+00   5.2099500e+00   5.6318900e-01  -1.2648600e+04
   6.9474000e+00  -1.1130100e+00   6.0263600e+00   2.9592400e+00   5.2107200e+00   5.6560500e-01  -1.2645000e+04
   6.9447300e+00  -1.1152000e+00   6.0265200e+00   2.9605600e+00   5.2148700e+00   5.6923800e-01  -1.2644000e+04
   6.9474800e+00  -1.1163700e+00   6.0261300e+00   2.9609800e+00   5.2121000e+00   5.6835900e-01  -1.2648500e+04
   6.9461500e+00  -1.1175400e+00   6.0265800e+00   2.9609300e+00   5.2136600e+00   5.6789800e-01  -1.2644500e+04
   6.9443600e+00  -1.1182900e+00   6.0266400e+00   2.9648200e+00   5.2144400e+00   5.7000900e-01  -1.2645500e+04
   6.9442900e+00  -1.1191200e+00   6.0260600e+00   2.9633600e+00   5.2147500e+00   5.6744200e-01  -1.2646400e+04
   6.9450500e+00  -1.1207800e+00   6.0264100e+00   2.9608200e+00   5.2151700e+00   5.6749700e-01  -1.2645100e+04
   6.9478600e+00  -1.1208500e+00   6.0264900e+00   2.9606800e+00   5.2101900e+00   5.6385000e-01  -1.2645300e+04
   6.9464400e+00  -1.1200300e+00   6.0269100e+00   2.9606300e+00   5.2128400e+00   5.6730600e-01  -1.2645800e+04
   6.9454000e+00  -1.1197000e+00   6.0264900e+00   2.9611300e+00   5.2126300e+00   5.6444900e-01  -1.2647900e+04
   6.9461500e+00  -1.1188700e+00   6.0263000e+00   2.9600200e+00   5.2117700e+00   5.6725600e-01  -1.2644600e+04
   6.9456000e+00  -1.1189900e+00   6.0258100e+00   2.9604600e+00   5.2137600e+00   5.6639500e-01  -1.2648500e+04
   6.9471300e+00  -1.1203000e+00   6.0263700e+00   2.9604400e+00   5.2123700e+00   5.6650300e-01  -1.2645100e+04
   6.9450100e+00  -1.1192200e+00   6.0267000e+00   2.9594300e+00   5.2138000e+00   5.6711500e-01  -1.2645400e+04
   6.9469200e+00  -1.1178500e+00   6.0263800e+00   2.9580700e+00   5.2123700e+00   5.6675900e-01  -1.2645300e+04
   6.9489100e+00  -1.1197300e+00   6.0261600e+00   2.9568700e+00   5.2100900e+00   5.6360100e-01  -1.2649300e+04
   6.9481300e+00  -1.1193000e+00   6.0261500e+00   2.9597200e+00   5.2097800e+00   5.6583100e-01  -1.2645900e+04
   6.9457900e+00  -1.1213500e+00   6.0266900e+00   2.9570600e+00   5.2126900e+00   5.6621600e-01  -1.2645900e+04
   6.9455800e+00  -1.1218800e+00   6.0265900e+00   2.9595100e+00   5.2162700e+00   5.6877500e-01  -1.2647600e+04
   6.9447900e+00  -1.1198600e+00   6.0260900e+00   2.9600300e+00   5.2134400e+00   5.6947000e-01  -1.2645700e+04
   6.9443700e+00  -1.1205400e+00   6.0264600e+00   2.9603900e+00   5.2147300e+00   5.7182800e-01  -1.2645500e+04
   6.9432600e+00  -1.1211700e+00   6.0265900e+00   2.9571100e+00   5.2192800e+00   5.7426900e-01  -1.2647000e+04
   6.9454000e+00  -1.1210500e+00   6.0264700e+00   2.9547200e+00   5.2151800e+00   5.7038000e-01  -1.2646200e+04
   6.9406100e+00  -1.1238900e+00   6.0273000e+00   2.9556100e+00   5.2236600e+00   5.7578400e-01  -1.2650300e+04
   6.9430800e+00  -1.1240700e+00   6.0266000e+00   2.9521800e+00   5.2193100e+00   5.7266900e-01  -1.2646800e+04
   6.9427500e+00  -1.1244400e+00   6.0260800e+00   2.9588700e+00   5.2179400e+00   5.7263900e-01  -1.2645500e+04
   6.9425700e+00  -1.1250600e+00   6.0263200e+00   2.9586600e+00   5.2175900e+00   5.7457400e-01  -1.2646300e+04
   6.9437600e+00  -1.1261100e+00   6.0264300e+00   2.9569100e+00   5.2171000e+00   5.7202600e-01  -1.2644400e+04
   6.9419600e+00  -1.1254600e+00   6.0264900e+00   2.9595200e+00   5.2189200e+00   5.7546000e-01  -1.2646000e+04
   6.9436800e+00  -1.1280600e+00   6.0263500e+00   2.9577200e+00   5.2180500e+00   5.7317700e-01  -1.2644700e+04
   6.9433800e+00  -1.1298000e+00   6.0258700e+00   2.9558000e+00   5.2192200e+00   5.7327300e-01  -1.2649400e+04
   6.9440000e+00  -1.1294200e+00   6.0265100e+00   2.9553100e+00   5.2163200e+00   5.7258300e-01  -1.2645700e+04
   6.9444600e+00  -1.1298000e+00   6.0262600e+00   2.9526200e+00   5.2154500e+00   5.7063500e-01  -1.2646600e+04
   6.9498100e+00  -1.1270300e+00   6.0261200e+00   2.9544400e+00   5.2068700e+00   5.6458800e-01  -1.2651500e+04
   6.9460100e+00  -1.1252800e+00   6.0270600e+00   2.9569500e+00   5.2151400e+00   5.6714100e-01  -1.2648000e+04
   6.9428800e+00  -1.1271800e+00   6.0262000e+00   2.9615400e+00   5.2170100e+00   5.7171600e-01  -1.2645400e+04
   6.9468200e+00  -1.1235100e+00   6.0259900e+00   2.9615800e+00   5.2123500e+00   5.6891600e-01  -1.2645700e+04
   6.9464700e+00  -1.1243900e+00   6.0267000e+00   2.9592500e+00   5.2128200e+00   5.6628000e-01  -1.2645300e+04
   6.9475400e+00  -1.1234200e+00   6.0258400e+00   2.9603900e+00   5.2108900e+00   5.6535700e-01  -1.2646800e+04
   6.9456800e+00  -1.1251100e+00   6.0260800e+00   2.9632600e+00   5.2113600e+00   5.6797000e-01  -1.2647200e+04
   6.9458800e+00  -1.1235300e+00   6.0257500e+00   2.9622500e+00   5.2131400e+00   5.6818700e-01  -1.2646100e+04
   6.9463200e+00  -1.1234600e+00   6.0263100e+00   2.9628300e+00   5.2124100e+00   5.6630800e-01  -1.2644400e+04
   6.9492000e+00  -1.1234900e+00   6.0266500e+00   2.9607900e+00   5.2085700e+00   5.6270200e-01  -1.2647400e+04
   6.9488700e+00  -1.1220100e+00   6.0262900e+00   2.9632500e+00   5.2081700e+00   5.6256000e-01  -1.2646100e+04
   6.9445800e+00  -1.1201600e+00   6.0266400e+00   2.9631900e+00   5.2144400e+00   5.6687700e-01  -1.2646500e+04
   6.9458800e+00  -1.1198500e+00   6.0260600e+00   2.9612400e+00   5.2120900e+00   5.6701300e-01  -1.2645000e+04
   6.9501100e+00  -1.1181500e+00   6.0256400e+00   2.9602100e+00   5.2063300e+00   5.6459600e-01  -1.2652400e+04
   6.9471200e+00  -1.1211900e+00   6.0266600e+00   2.9582200e+00   5.2121300e+00   5.6573800e-01  -1.2645200e+04
   6.9474600e+00  -1.1217900e+00   6.0260900e+00   2.9580900e+00   5.2105700e+00   5.6465400e-01  -1.2646000e+04
   6.9476600e+00  -1.1212400e+00   6.0266800e+00   2.9584500e+00   5.2101300e+00   5.6531700e-01  -1.2646100e+04
   6.9445000e+00  -1.1197100e+00   6.0270200e+00   2.9571000e+00   5.2159800e+00   5.6792300e-01  -1.2646500e+04
   6.9439000e+00  -1.1190100e+00   6.0265700e+00   2.9587100e+00   5.2171100e+00   5.6968700e-01  -1.2645000e+04
   6.9447200e+00  -1.1210100e+00   6.0264900e+00   2.9608400e+00   5.2149500e+00   5.6840200e-01  -1.2644200e+04
   6.9467600e+00  -1.1213400e+00   6.0267300e+00   2.9646500e+00   5.2121300e+00   5.6539600e-01  -1.2646300e+04
   6.9476700e+00  -1.1219700e+00   6.0259200e+00   2.9653800e+00   5.2112200e+00   5.6360500e-01  -1.2648400e+04
   6.9463500e+00  -1.1230500e+00   6.0259900e+00   2.9634500e+00   5.2110100e+00   5.6885700e-01  -1.2646100e+04
   6.9453200e+00  -1.1222900e+00   6.0265700e+00   2.9610400e+00   5.2144200e+00   5.6816200e-01  -1.2644200e+04
   6.9442700e+00  -1.1215700e+00   6.0265300e+00   2.9603000e+00   5.2147600e+00   5.7022000e-01  -1.2645000e+04
   6.9451200e+00  -1.1252900e+00   6.0259800e+00   2.9612900e+00   5.2148100e+00   5.6931400e-01  -1.2644800e+04
   6.9450800e+00  -1.1250800e+00   6.0262500e+00   2.9647900e+00   5.2143100e+00   5.6804200e-01  -1.2644600e+04
   6.9463100e+00  -1.1254800e+00   6.0264600e+00   2.9699000e+00   5.2139700e+00   5.7213900e-01  -1.2649400e+04
   6.9433100e+00  -1.1281000e+00   6.0262100e+00   2.9686000e+00   5.2167300e+00   5.7489400e-01  -1.2646500e+04
   6.9418800e+00  -1.1274100e+00   6.0256600e+00   2.9694400e+00   5.2190300e+00   5.7597700e-01  -1.2647800e+04
   6.9421200e+00  -1.1278700e+00   6.0261700e+00   2.9690500e+00   5.2167800e+00   5.7456300e-01  -1.2650100e+04
   6.9444500e+00  -1.1253200e+00   6.0262600e+00   2.9666700e+00   5.2162800e+00   5.7286600e-01  -1.2645000e+04
   6.9459900e+00  -1.1243800e+00   6.0263000e+00   2.9675900e+00   5.2127800e+00   5.7042700e-01  -1.2645600e+04
   6.9453000e+00  -1.1264300e+00   6.0261300e+00   2.9638700e+00   5.2144600e+00   5.6984700e-01  -1.2643900e+04
   6.9441300e+00  -1.1272900e+00   6.0262000e+00   2.9629700e+00   5.2175900e+00   5.7086400e-01  -1.2645600e+04
   6.9439600e+00  -1.1285400e+00   6.0259900e+00   2.9626400e+00   5.2170300e+00   5.7183200e-01  -1.2644600e+04
   6.9432200e+00  -1.1276800e+00   6.0261600e+00   2.9639700e+00   5.2163500e+00   5.7328600e-01  -1.2645400e+04
   6.9438000e+00  -1.1267200e+00   6.0260200e+00   2.9618200e+00   5.2169400e+00   5.7177600e-01  -1.2644600e+04
   6.9460300e+00  -1.1265300e+00   6.0261100e+00   2.9646400e+00   5.2126800e+00   5.6999700e-01  -1.2644700e+04
   6.9437000e+00  -1.1265700e+00   6.0259300e+00   2.9637000e+00   5.2175900e+00   5.7177800e-01  -1.2645800e+04
   6.9456400e+00  -1.1286200e+00   6.0263800e+00   2.9617700e+00   5.2159000e+00   5.7075300e-01  -1.2645800e+04
   6.9441600e+00  -1.1260100e+00   6.0257800e+00   2.9633700e+00   5.2152200e+00   5.7077200e-01  -1.2645600e+04
   6.9457800e+00  -1.1272300e+00   6.0265300e+00   2.9603800e+00   5.2157500e+00   5.7010200e-01  -1.2646000e+04
   6.9462400e+00  -1.1288800e+00   6.0267600e+00   2.9602600e+00   5.2157700e+00   5.6911700e-01  -1.2648300e+04
   6.9443600e+00  -1.1298800e+00   6.0265500e+00   2.9594500e+00   5.2158200e+00   5.7047800e-01  -1.2644600e+04
   6.9455600e+00  -1.1324000e+00   6.0261700e+00   2.9599500e+00   5.2145500e+00   5.6785800e-01  -1.2645000e+04
   6.9452100e+00  -1.1337900e+00   6.0267500e+00   2.9587500e+00   5.2162200e+00   5.6929900e-01  -1.2646100e+04
   6.9441800e+00  -1.1342000e+00   6.0263200e+00   2.9591300e+00   5.2188500e+00   5.7073300e-01  -1.2647700e+04
   6.9447400e+00  -1.1371900e+00   6.0261700e+00   2.9613000e+00   5.2173900e+00   5.7321700e-01  -1.2645100e+04
   6.9431900e+00  -1.1381300e+00   6.0258100e+00   2.9607100e+00   5.2191100e+00   5.7207300e-01  -1.2647100e+04
   6.9458500e+00  -1.1372700e+00   6.0259100e+00   2.9641100e+00   5.2136100e+00   5.7249700e-01  -1.2646200e+04
   6.9436800e+00  -1.1342700e+00   6.0258700e+00   2.9647600e+00   5.2174700e+00   5.7104100e-01  -1.2645900e+04
   6.9451400e+00  -1.1349400e+00   6.0265400e+00   2.9654800e+00   5.2160500e+00   5.7202200e-01  -1.2646100e+04
   6.9447600e+00  -1.1350300e+00   6.0262700e+00   2.9668100e+00   5.2170600e+00   5.7061400e-01  -1.2646600e+04
   6.9453200e+00  -1.1341500e+00   6.0260600e+00   2.9700400e+00   5.2125900e+00   5.6851100e-01  -1.2648800e+04
   6.9466000e+00  -1.1345400e+00   6.0260200e+00   2.9696100e+00   5.2134700e+00   5.6819800e-01  -1.2646800e+04
   6.9491900e+00  -1.1362300e+00   6.0258800e+00   2.9651600e+00   5.2090400e+00   5.6664400e-01  -1.2648000e+04
   6.9485800e+00  -1.1376000e+00   6.0262600e+00   2.9727900e+00   5.2085100e+00   5.6544700e-01  -1.2653000e+04
   6.9487900e+00  -1.1402100e+00   6.0259000e+00   2.9716400e+00   5.2087100e+00   5.6486700e-01  -1.2650500e+04
   6.9481200e+00  -1.1400000e+00   6.0256500e+00   2.9719300e+00   5.2089100e+00   5.6429200e-01  -1.2651400e+04
   6.9489200e+00  -1.1383200e+00   6.0257300e+00   2.9708100e+00   5.2085400e+00   5.6513600e-01  -1.2649000e+04
   6.9471400e+00  -1.1387100e+00   6.0256000e+00   2.9695600e+00   5.2124800e+00   5.6837100e-01  -1.2647400e+04
   6.9455600e+00  -1.1396600e+00   6.0255300e+00   2.9673800e+00   5.2129900e+00   5.6719400e-01  -1.2649500e+04
   6.9444200e+00  -1.1390300e+00   6.0265900e+00   2.9694100e+00   5.2178700e+00   5.7220000e-01  -1.2649600e+04
   6.9445600e+00  -1.1400400e+00   6.0256200e+00   2.9682600e+00   5.2162300e+00   5.7161000e-01  -1.2646100e+04
   6.9451000e+00  -1.1395200e+00   6.0262200e+00   2.9670600e+00   5.2166400e+00   5.7137000e-01  -1.2646200e+04
   6.9434400e+00  -1.1405400e+00   6.0256200e+00   2.9691800e+00   5.2157100e+00   5.7327700e-01  -1.2648300e+04
   6.9431100e+00  -1.1398600e+00   6.0255200e+00   2.9715500e+00   5.2180300e+00   5.7763800e-01  -1.2648500e+04
   6.9430400e+00  -1.1387500e+00   6.0254400e+00   2.9695900e+00   5.2178500e+00   5.7851600e-01  -1.2650000e+04
   6.9430600e+00  -1.1382700e+00   6.0264000e+00   2.9675500e+00   5.2187900e+00   5.7701200e-01  -1.2647500e+04
   6.9428100e+00  -1.1374200e+00   6.0265700e+00   2.9656200e+00   5.2203100e+00   5.7688800e-01  -1.2647300e+04
   6.9429800e+00  -1.1362100e+00   6.0260900e+00   2.9638400e+00   5.2176500e+00   5.7525300e-01  -1.2645300e+04
   6.9430500e+00  -1.1350400e+00   6.0262400e+00   2.9658300e+00   5.2180200e+00   5.7410800e-01  -1.2644800e+04
   6.9465900e+00  -1.1372600e+00   6.0260600e+00   2.9699100e+00   5.2143200e+00   5.7249700e-01  -1.2648900e+04
   6.9429900e+00  -1.1337100e+00   6.0261800e+00   2.9702400e+00   5.2176900e+00   5.7549400e-01  -1.2646800e+04
   6.9438000e+00  -1.1331100e+00   6.0258200e+00   2.9664800e+00   5.2175900e+00   5.7322200e-01  -1.2645400e+04
   6.9421200e+00  -1.1335300e+00   6.0262500e+00   2.9664000e+00   5.2199500e+00   5.7275300e-01  -1.2647100e+04
   6.9450600e+00  -1.1360600e+00   6.0254700e+00   2.9675600e+00   5.2149000e+00   5.7335800e-01  -1.2647000e+04
   6.9451200e+00  -1.1354900e+00   6.0261900e+00   2.9686300e+00   5.2148700e+00   5.7190200e-01  -1.2645700e+04
   6.9458000e+00  -1.1357600e+00   6.0259400e+00   2.9667700e+00   5.2149400e+00   5.7251500e-01  -1.2646000e+04
   6.9441000e+00  -1.1346800e+00   6.0261700e+00   2.9658800e+00   5.2166100e+00   5.7150800e-01  -1.2644600e+04
   6.9455400e+00  -1.1328200e+00   6.0264100e+00   2.9690400e+00   5.2149000e+00   5.7091300e-01  -1.2646600e+04
   6.9431600e+00  -1.1332900e+00   6.0256200e+00   2.9703700e+00   5.2180300e+00   5.7263700e-01  -1.2647800e+04
   6.9446300e+00  -1.1322500e+00   6.0262600e+00   2.9702700e+00   5.2159900e+00   5.7234500e-01  -1.2646100e+04
   6.9427700e+00  -1.1311300e+00   6.0262200e+00   2.9701900e+00   5.2176700e+00   5.7332000e-01  -1.2646700e+04
   6.9433000e+00  -1.1324500e+00   6.0261800e+00   2.9701900e+00   5.2174200e+00   5.7409200e-01  -1.2646000e+04
   6.9436300e+00  -1.1320000e+00   6.0262500e+00   2.9717800e+00   5.2180300e+00   5.7407400e-01  -1.2647300e+04
   6.9464100e+00  -1.1306600e+00   6.0265200e+00   2.9668800e+00   5.2151300e+00   5.7409300e-01  -1.2652800e+04
   6.9424000e+00  -1.1304000e+00   6.0263400e+00   2.9650500e+00   5.2181800e+00   5.7304700e-01  -1.2645800e+04
   6.9439000e+00  -1.1313800e+00   6.0258000e+00   2.9691800e+00   5.2150600e+00   5.7177600e-01  -1.2646400e+04
   6.9434300e+00  -1.1355300e+00   6.0265200e+00   2.9673200e+00   5.2163200e+00   5.7299900e-01  -1.2649100e+04
   6.9435400e+00  -1.1366000e+00   6.0260000e+00   2.9660700e+00   5.2157900e+00   5.7108800e-01  -1.2647200e+04
   6.9435400e+00  -1.1376500e+00   6.0260600e+00   2.9661900e+00   5.2160900e+00   5.7364600e-01  -1.2646500e+04
   6.9433000e+00  -1.1377800e+00   6.0262100e+00   2.9658300e+00   5.2172100e+00   5.7512500e-01  -1.2646100e+04
   6.9426100e+00  -1.1394200e+00   6.0255200e+00   2.9621200e+00   5.2189700e+00   5.7510200e-01  -1.2646800e+04
   6.9428800e+00  -1.1393300e+00   6.0264500e+00   2.9626300e+00   5.2192200e+00   5.7299900e-01  -1.2645500e+04
   6.9457500e+00  -1.1426700e+00   6.0264900e+00   2.9636300e+00   5.2161900e+00   5.7035500e-01  -1.2647400e+04
   6.9463700e+00  -1.1458900e+00   6.0258800e+00   2.9610200e+00   5.2139000e+00   5.6940200e-01  -1.2645700e+04
   6.9475300e+00  -1.1463100e+00   6.0264300e+00   2.9611500e+00   5.2136600e+00   5.6907200e-01  -1.2648600e+04
   6.9481600e+00  -1.1430900e+00   6.0259600e+00   2.9613600e+00   5.2101600e+00   5.6847500e-01  -1.2648500e+04
   6.9446100e+00  -1.1450100e+00   6.0259700e+00   2.9653600e+00   5.2168100e+00   5.7193500e-01  -1.2645100e+04
   6.9456600e+00  -1.1446600e+00   6.0258700e+00   2.9640400e+00   5.2143400e+00   5.7174300e-01  -1.2645400e+04
   6.9438100e+00  -1.1465200e+00   6.0258700e+00   2.9619900e+00   5.2173800e+00   5.7419600e-01  -1.2644600e+04
   6.9450800e+00  -1.1475100e+00   6.0261800e+00   2.9648100e+00   5.2168500e+00   5.7483000e-01  -1.2646700e+04
   6.9432600e+00  -1.1447100e+00   6.0255300e+00   2.9653400e+00   5.2181500e+00   5.7478900e-01  -1.2645700e+04
   6.9436900e+00  -1.1447200e+00   6.0260100e+00   2.9648700e+00   5.2192000e+00   5.7545200e-01  -1.2645400e+04
   6.9410600e+00  -1.1438700e+00   6.0256200e+00   2.9694400e+00   5.2205100e+00   5.7762700e-01  -1.2648000e+04
   6.9424200e+00  -1.1451800e+00   6.0260000e+00   2.9667500e+00   5.2197900e+00   5.7846800e-01  -1.2646300e+04
   6.9443300e+00  -1.1454700e+00   6.0256100e+00   2.9664900e+00   5.2161200e+00   5.7479900e-01  -1.2646100e+04
   6.9432300e+00  -1.1465900e+00   6.0260700e+00   2.9641700e+00   5.2183700e+00   5.7769100e-01  -1.2646800e+04
   6.9412300e+00  -1.1455200e+00   6.0262500e+00   2.9611800e+00   5.2208700e+00   5.7843500e-01  -1.2646800e+04
   6.9422200e+00  -1.1497200e+00   6.0256400e+00   2.9618800e+00   5.2197600e+00   5.7928800e-01  -1.2647300e+04
   6.9409000e+00  -1.1518800e+00   6.0260600e+00   2.9596500e+00   5.2237900e+00   5.7885200e-01  -1.2645300e+04
   6.9438000e+00  -1.1539700e+00   6.0263000e+00   2.9598500e+00   5.2200700e+00   5.7342700e-01  -1.2647000e+04
   6.9447500e+00  -1.1519400e+00   6.0257300e+00   2.9628300e+00   5.2172800e+00   5.7280300e-01  -1.2645500e+04
   6.9452500e+00  -1.1521700e+00   6.0262800e+00   2.9638500e+00   5.2161800e+00   5.7234600e-01  -1.2647100e+04
   6.9431900e+00  -1.1532500e+00   6.0258100e+00   2.9619600e+00   5.2190400e+00   5.7566100e-01  -1.2644800e+04
   6.9421000e+00  -1.1509700e+00   6.0255600e+00   2.9600200e+00   5.2196500e+00   5.7557900e-01  -1.2647000e+04
   6.9418900e+00  -1.1539300e+00   6.0256500e+00   2.9585300e+00   5.2198700e+00   5.7552900e-01  -1.2647700e+04
   6.9431500e+00  -1.1522900e+00   6.0265200e+00   2.9579100e+00   5.2205100e+00   5.7668600e-01  -1.2646100e+04
   6.9438600e+00  -1.1476400e+00   6.0261400e+00   2.9562800e+00   5.2168000e+00   5.7269700e-01  -1.2646600e+04
   6.9422900e+00  -1.1482600e+00   6.0256300e+00   2.9582300e+00   5.2208600e+00   5.7552200e-01  -1.2646800e+04
   6.9422300e+00  -1.1472300e+00   6.0261600e+00   2.9574500e+00   5.2194000e+00   5.7748000e-01  -1.2647000e+04
   6.9412000e+00  -1.1468800e+00   6.0263900e+00   2.9595800e+00   5.2223900e+00   5.7841400e-01  -1.2645200e+04
   6.9397400e+00  -1.1503300e+00   6.0261200e+00   2.9623800e+00   5.2236500e+00   5.7981100e-01  -1.2647000e+04
   6.9415100e+00  -1.1498400e+00   6.0261500e+00   2.9666500e+00   5.2229200e+00   5.7959100e-01  -1.2647000e+04
   6.9432300e+00  -1.1501000e+00   6.0257700e+00   2.9649100e+00   5.2175800e+00   5.7485000e-01  -1.2646200e+04
   6.9445800e+00  -1.1496200e+00   6.0254100e+00   2.9651300e+00   5.2160800e+00   5.7250400e-01  -1.2646600e+04
   6.9452400e+00  -1.1498300e+00   6.0257300e+00   2.9637500e+00   5.2151900e+00   5.7251200e-01  -1.2645700e+04
   6.9406500e+00  -1.1496300e+00   6.0255100e+00   2.9641100e+00   5.2210200e+00   5.7748700e-01  -1.2648900e+04
   6.9419200e+00  -1.1479600e+00   6.0255300e+00   2.9665900e+00   5.2216400e+00   5.7739900e-01  -1.2647400e+04
   6.9449500e+00  -1.1469500e+00   6.0258800e+00   2.9649500e+00   5.2158100e+00   5.7336300e-01  -1.2645200e+04
   6.9451600e+00  -1.1477000e+00   6.0258300e+00   2.9592000e+00   5.2163500e+00   5.6906700e-01  -1.2647800e+04
   6.9448400e+00  -1.1476800e+00   6.0259300e+00   2.9588000e+00   5.2168900e+00   5.7102900e-01  -1.2645600e+04
   6.9436600e+00  -1.1458900e+00   6.0264400e+00   2.9588800e+00   5.2190200e+00   5.7205300e-01  -1.2646000e+04
   6.9466500e+00  -1.1454700e+00   6.0262900e+00   2.9589000e+00   5.2152300e+00   5.7145100e-01  -1.2647300e+04
   6.9438400e+00  -1.1445900e+00   6.0264000e+00   2.9565500e+00   5.2187900e+00   5.7294000e-01  -1.2644900e+04
   6.9434200e+00  -1.1476400e+00   6.0264000e+00   2.9544200e+00   5.2188700e+00   5.7219600e-01  -1.2646200e+04
   6.9422800e+00  -1.1465200e+00   6.0265100e+00   2.9533000e+00   5.2203600e+00   5.7645000e-01  -1.2646300e+04
   6.9434500e+00  -1.1467400e+00   6.0260800e+00   2.9574500e+00   5.2196600e+00   5.7477400e-01  -1.2644800e+04
   6.9432200e+00  -1.1449100e+00   6.0263600e+00   2.9556600e+00   5.2186800e+00   5.7396500e-01  -1.2645100e+04
   6.9458800e+00  -1.1445300e+00   6.0264700e+00   2.9566800e+00   5.2166000e+00   5.7000000e-01  -1.2647200e+04
   6.9427200e+00  -1.1442100e+00   6.0262400e+00   2.9542400e+00   5.2190600e+00   5.7369700e-01  -1.2645800e+04
   6.9445700e+00  -1.1414000e+00   6.0263100e+00   2.9543100e+00   5.2187400e+00   5.7243700e-01  -1.2647000e+04
   6.9446200e+00  -1.1411400e+00   6.0262100e+00   2.9535000e+00   5.2177400e+00   5.7291600e-01  -1.2646000e+04
   6.9431900e+00  -1.1432900e+00   6.0267300e+00   2.9531200e+00   5.2196600e+00   5.7518700e-01  -1.2646400e+04
   6.9399800e+00  -1.1436100e+00   6.0268200e+00   2.9504500e+00   5.2249400e+00   5.7926500e-01  -1.2648000e+04
   6.9421200e+00  -1.1425100e+00   6.0260900e+00   2.9532800e+00   5.2206300e+00   5.7523600e-01  -1.2645900e+04
   6.9436700e+00  -1.1444800e+00   6.0259600e+00   2.9543900e+00   5.2173600e+00   5.7392200e-01  -1.2646400e+04
   6.9409900e+00  -1.1468300e+00   6.0260800e+00   2.9552700e+00   5.2212800e+00   5.7592800e-01  -1.2647300e+04
   6.9397100e+00  -1.1464700e+00   6.0263000e+00   2.9581900e+00   5.2273000e+00   5.8174800e-01  -1.2650200e+04
   6.9404400e+00  -1.1463600e+00   6.0265100e+00   2.9589800e+00   5.2245800e+00   5.8014700e-01  -1.2646300e+04
   6.9401600e+00  -1.1478300e+00   6.0261600e+00   2.9556200e+00   5.2242100e+00   5.8218100e-01  -1.2647400e+04
   6.9407700e+00  -1.1482400e+00   6.0266600e+00   2.9566000e+00   5.2250700e+00   5.7825600e-01  -1.2647700e+04
   6.9418500e+00  -1.1512400e+00   6.0257400e+00   2.9530400e+00   5.2213400e+00   5.7771500e-01  -1.2647400e+04
   6.9405700e+00  -1.1521700e+00   6.0266400e+00   2.9512400e+00   5.2253700e+00   5.7929500e-01  -1.2647400e+04
   6.9409400e+00  -1.1539000e+00   6.0264400e+00   2.9531000e+00   5.2235200e+00   5.8017500e-01  -1.2646500e+04
   6.9414200e+00  -1.1551500e+00   6.0262900e+00   2.9527400e+00   5.2234200e+00   5.7522700e-01  -1.2648200e+04
   6.9424000e+00  -1.1556600e+00   6.0267800e+00   2.9531300e+00   5.2213400e+00   5.7697200e-01  -1.2648400e+04
   6.9420000e+00  -1.1568600e+00   6.0264900e+00   2.9553300e+00   5.2217700e+00   5.7633100e-01  -1.2646600e+04
   6.9418300e+00  -1.1552500e+00   6.0261400e+00   2.9577300e+00   5.2222600e+00   5.7617500e-01  -1.2645600e+04
   6.9434800e+00  -1.1562600e+00   6.0261700e+00   2.9573200e+00   5.2204600e+00   5.7559900e-01  -1.2645400e+04
   6.9416500e+00  -1.1541900e+00   6.0262800e+00   2.9595400e+00   5.2218200e+00   5.7665100e-01  -1.2645700e+04
   6.9421300e+00  -1.1566200e+00   6.0255400e+00   2.9634800e+00   5.2201100e+00   5.7829100e-01  -1.2646300e+04
   6.9423400e+00  -1.1569200e+00   6.0262300e+00   2.9572800e+00   5.2212200e+00   5.7899400e-01  -1.2646000e+04
   6.9429900e+00  -1.1572100e+00   6.0256300e+00   2.9613000e+00   5.2202100e+00   5.7961500e-01  -1.2647000e+04
   6.9423800e+00  -1.1545000e+00   6.0262500e+00   2.9609400e+00   5.2200700e+00   5.7736100e-01  -1.2646500e+04
   6.9442600e+00  -1.1553700e+00   6.0255400e+00   2.9602500e+00   5.2170700e+00   5.7543000e-01  -1.2646600e+04
   6.9416400e+00  -1.1534200e+00   6.0262000e+00   2.9599600e+00   5.2223700e+00   5.7760200e-01  -1.2644900e+04
   6.9441800e+00  -1.1531100e+00   6.0255900e+00   2.9595600e+00   5.2191500e+00   5.7790400e-01  -1.2648800e+04
   6.9424500e+00  -1.1513400e+00   6.0258300e+00   2.9607400e+00   5.2213500e+00   5.7465000e-01  -1.2646900e+04
   6.9431600e+00  -1.1528600e+00   6.0262000e+00   2.9630600e+00   5.2197800e+00   5.7538400e-01  -1.2645400e+04
   6.9414400e+00  -1.1541400e+00   6.0259800e+00   2.9671200e+00   5.2188500e+00   5.7761700e-01  -1.2654400e+04
   6.9453000e+00  -1.1537100e+00   6.0255700e+00   2.9664800e+00   5.2151100e+00   5.7608400e-01  -1.2649400e+04
   6.9429900e+00  -1.1567000e+00   6.0259100e+00   2.9638400e+00   5.2199900e+00   5.7574000e-01  -1.2645400e+04
   6.9435800e+00  -1.1571300e+00   6.0258600e+00   2.9648200e+00   5.2180900e+00   5.7511700e-01  -1.2646300e+04
   6.9418200e+00  -1.1569700e+00   6.0257600e+00   2.9600100e+00   5.2212000e+00   5.7880300e-01  -1.2645500e+04
   6.9387100e+00  -1.1570900e+00   6.0254500e+00   2.9586500e+00   5.2260000e+00   5.8206000e-01  -1.2649500e+04
   6.9371400e+00  -1.1561800e+00   6.0263000e+00   2.9591000e+00   5.2288600e+00   5.8544500e-01  -1.2649400e+04
   6.9391800e+00  -1.1566500e+00   6.0257300e+00   2.9582300e+00   5.2259000e+00   5.8372800e-01  -1.2647500e+04
   6.9418700e+00  -1.1555400e+00   6.0261900e+00   2.9597300e+00   5.2211400e+00   5.7917000e-01  -1.2646400e+04
   6.9419500e+00  -1.1532000e+00   6.0259100e+00   2.9569000e+00   5.2229400e+00   5.7889300e-01  -1.2646300e+04
   6.9398500e+00  -1.1546900e+00   6.0262900e+00   2.9609600e+00   5.2228100e+00   5.7837100e-01  -1.2650600e+04
   6.9416000e+00  -1.1537200e+00   6.0260700e+00   2.9649200e+00   5.2225700e+00   5.8081500e-01  -1.2646700e+04
   6.9414700e+00  -1.1542900e+00   6.0258800e+00   2.9625100e+00   5.2209600e+00   5.7997300e-01  -1.2647000e+04
   6.9417300e+00  -1.1527700e+00   6.0262200e+00   2.9586500e+00   5.2219700e+00   5.7880600e-01  -1.2645000e+04
