   6.9453900e+00  -1.1237900e+00   6.0263200e+00   2.9624500e+00   5.2141200e+00   5.6931100e-01  -6.3218500e+05
   6.9452300e+00  -1.1241700e+00   6.0263300e+00   2.9622300e+00   5.2142900e+00   5.6923500e-01  -6.3218600e+05
   6.9454800e+00  -1.1246900e+00   6.0263500e+00   2.9622800e+00   5.2140900e+00   5.6912900e-01  -6.3218800e+05
   6.9452700e+00  -1.1247400e+00   6.0263000e+00   2.9620900e+00   5.2142500e+00   5.6930900e-01  -6.3218600e+05
   6.9452700e+00  -1.1250800e+00   6.0262900e+00   2.9623000e+00   5.2141100e+00   5.6925600e-01  -6.3218800e+05
   6.9453400e+00  -1.1254100e+00   6.0263200e+00   2.9622800e+00   5.2143200e+00   5.6930800e-01  -6.3218600e+05
   6.9448200e+00  -1.1248100e+00   6.0263200e+00   2.9622900e+00   5.2152100e+00   5.6946500e-01  -6.3219100e+05
   6.9451500e+00  -1.1239800e+00   6.0262400e+00   2.9623000e+00   5.2145000e+00   5.6949600e-01  -6.3218600e+05
   6.9448000e+00  -1.1243100e+00   6.0262400e+00   2.9625000e+00   5.2148700e+00   5.6965200e-01  -6.3218900e+05
   6.9449900e+00  -1.1230000e+00   6.0263400e+00   2.9625900e+00   5.2146000e+00   5.6982900e-01  -6.3218500e+05
   6.9447700e+00  -1.1238900e+00   6.0263400e+00   2.9628500e+00   5.2150800e+00   5.7005000e-01  -6.3218500e+05
   6.9446700e+00  -1.1231800e+00   6.0263500e+00   2.9626100e+00   5.2150200e+00   5.7000200e-01  -6.3218700e+05
   6.9449700e+00  -1.1238300e+00   6.0263800e+00   2.9625100e+00   5.2148500e+00   5.6998300e-01  -6.3218500e+05
   6.9448500e+00  -1.1243400e+00   6.0263100e+00   2.9623400e+00   5.2149200e+00   5.7011400e-01  -6.3218400e+05
   6.9448600e+00  -1.1238700e+00   6.0262800e+00   2.9623600e+00   5.2149900e+00   5.6994200e-01  -6.3218500e+05
   6.9452000e+00  -1.1228000e+00   6.0263100e+00   2.9624200e+00   5.2144500e+00   5.6967600e-01  -6.3218500e+05
   6.9450200e+00  -1.1232600e+00   6.0262900e+00   2.9622200e+00   5.2147900e+00   5.6956100e-01  -6.3218600e+05
   6.9450000e+00  -1.1233400e+00   6.0263000e+00   2.9622100e+00   5.2147300e+00   5.6955900e-01  -6.3218500e+05
   6.9451100e+00  -1.1224100e+00   6.0263400e+00   2.9620800e+00   5.2145800e+00   5.6931700e-01  -6.3218500e+05
   6.9450200e+00  -1.1222300e+00   6.0263100e+00   2.9619300e+00   5.2146100e+00   5.6953400e-01  -6.3218500e+05
   6.9450000e+00  -1.1234800e+00   6.0262700e+00   2.9618300e+00   5.2146200e+00   5.6946100e-01  -6.3218700e+05
   6.9452200e+00  -1.1232500e+00   6.0263500e+00   2.9619900e+00   5.2144600e+00   5.6953500e-01  -6.3218500e+05
   6.9451800e+00  -1.1238200e+00   6.0262700e+00   2.9618800e+00   5.2145500e+00   5.6964900e-01  -6.3218600e+05
   6.9449300e+00  -1.1237400e+00   6.0262500e+00   2.9618300e+00   5.2147100e+00   5.6981000e-01  -6.3218700e+05
   6.9450300e+00  -1.1238100e+00   6.0262900e+00   2.9618400e+00   5.2149300e+00   5.6982000e-01  -6.3218700e+05
   6.9449600e+00  -1.1239700e+00   6.0263700e+00   2.9619900e+00   5.2148400e+00   5.6974400e-01  -6.3218400e+05
   6.9449700e+00  -1.1241200e+00   6.0263400e+00   2.9621400e+00   5.2148300e+00   5.6976900e-01  -6.3218400e+05
   6.9448400e+00  -1.1239900e+00   6.0263200e+00   2.9620600e+00   5.2152800e+00   5.6994200e-01  -6.3218700e+05
   6.9449000e+00  -1.1234500e+00   6.0263600e+00   2.9618000e+00   5.2151100e+00   5.6998000e-01  -6.3218500e+05
   6.9449200e+00  -1.1246700e+00   6.0263000e+00   2.9621100e+00   5.2151100e+00   5.7010300e-01  -6.3218500e+05
   6.9449500e+00  -1.1233800e+00   6.0263700e+00   2.9623000e+00   5.2149100e+00   5.7014700e-01  -6.3218500e+05
   6.9449400e+00  -1.1241000e+00   6.0264200e+00   2.9622200e+00   5.2151300e+00   5.7010400e-01  -6.3218800e+05
   6.9450300e+00  -1.1235700e+00   6.0263300e+00   2.9623700e+00   5.2144900e+00   5.6975300e-01  -6.3218500e+05
   6.9448900e+00  -1.1227700e+00   6.0263700e+00   2.9622600e+00   5.2147800e+00   5.6986000e-01  -6.3218500e+05
   6.9451100e+00  -1.1222200e+00   6.0263700e+00   2.9621900e+00   5.2144800e+00   5.6988400e-01  -6.3218700e+05
   6.9450400e+00  -1.1224100e+00   6.0263600e+00   2.9621200e+00   5.2144600e+00   5.6981600e-01  -6.3218600e+05
   6.9450400e+00  -1.1218400e+00   6.0264200e+00   2.9619000e+00   5.2147000e+00   5.6969400e-01  -6.3218600e+05
   6.9447200e+00  -1.1216800e+00   6.0264000e+00   2.9618800e+00   5.2150300e+00   5.6987800e-01  -6.3218600e+05
   6.9450600e+00  -1.1219400e+00   6.0263700e+00   2.9619700e+00   5.2146300e+00   5.6974200e-01  -6.3218500e+05
   6.9450200e+00  -1.1215100e+00   6.0263600e+00   2.9618700e+00   5.2148500e+00   5.6960400e-01  -6.3218700e+05
   6.9448600e+00  -1.1211800e+00   6.0263800e+00   2.9619300e+00   5.2148900e+00   5.6970100e-01  -6.3218500e+05
   6.9449400e+00  -1.1212700e+00   6.0263300e+00   2.9622700e+00   5.2148100e+00   5.6978000e-01  -6.3218600e+05
   6.9448600e+00  -1.1225400e+00   6.0263200e+00   2.9623000e+00   5.2148800e+00   5.6985700e-01  -6.3218400e+05
   6.9448200e+00  -1.1236100e+00   6.0262900e+00   2.9624300e+00   5.2148800e+00   5.6989700e-01  -6.3218500e+05
   6.9450300e+00  -1.1245400e+00   6.0263100e+00   2.9625000e+00   5.2149000e+00   5.7010200e-01  -6.3218500e+05
   6.9450300e+00  -1.1244100e+00   6.0263800e+00   2.9625400e+00   5.2148800e+00   5.7005500e-01  -6.3218600e+05
   6.9449400e+00  -1.1235000e+00   6.0262600e+00   2.9627800e+00   5.2148800e+00   5.7010800e-01  -6.3218600e+05
   6.9449700e+00  -1.1242400e+00   6.0263200e+00   2.9627500e+00   5.2149500e+00   5.7011400e-01  -6.3218500e+05
   6.9447500e+00  -1.1237100e+00   6.0264100e+00   2.9627300e+00   5.2152200e+00   5.7010400e-01  -6.3218700e+05
   6.9446400e+00  -1.1236600e+00   6.0263300e+00   2.9627500e+00   5.2152400e+00   5.7024900e-01  -6.3218500e+05
   6.9447300e+00  -1.1235700e+00   6.0263200e+00   2.9624500e+00   5.2151400e+00   5.7032300e-01  -6.3218400e+05
   6.9447400e+00  -1.1236400e+00   6.0263000e+00   2.9622600e+00   5.2151600e+00   5.7040600e-01  -6.3218500e+05
   6.9447600e+00  -1.1244800e+00   6.0263000e+00   2.9622000e+00   5.2150200e+00   5.7045600e-01  -6.3218500e+05
   6.9449300e+00  -1.1245700e+00   6.0263700e+00   2.9623100e+00   5.2148400e+00   5.7040900e-01  -6.3218800e+05
   6.9445100e+00  -1.1244000e+00   6.0264300e+00   2.9625500e+00   5.2154400e+00   5.7039900e-01  -6.3219100e+05
   6.9449900e+00  -1.1249700e+00   6.0262400e+00   2.9626400e+00   5.2148200e+00   5.7030500e-01  -6.3218600e+05
   6.9448500e+00  -1.1250300e+00   6.0263000e+00   2.9626500e+00   5.2149400e+00   5.7019400e-01  -6.3218400e+05
   6.9449300e+00  -1.1257200e+00   6.0262800e+00   2.9628000e+00   5.2150100e+00   5.7023100e-01  -6.3218400e+05
   6.9449200e+00  -1.1262700e+00   6.0262600e+00   2.9628500e+00   5.2149500e+00   5.7028600e-01  -6.3218500e+05
   6.9448600e+00  -1.1258100e+00   6.0262700e+00   2.9628100e+00   5.2149100e+00   5.7027700e-01  -6.3218500e+05
   6.9447100e+00  -1.1254400e+00   6.0262900e+00   2.9628500e+00   5.2151800e+00   5.7038300e-01  -6.3218500e+05
   6.9448000e+00  -1.1255800e+00   6.0262900e+00   2.9629200e+00   5.2154400e+00   5.7037500e-01  -6.3218700e+05
   6.9447600e+00  -1.1252600e+00   6.0263000e+00   2.9629400e+00   5.2152400e+00   5.7027900e-01  -6.3218500e+05
   6.9448900e+00  -1.1245900e+00   6.0262700e+00   2.9631700e+00   5.2149700e+00   5.7019300e-01  -6.3218500e+05
   6.9451300e+00  -1.1247600e+00   6.0263200e+00   2.9630300e+00   5.2147900e+00   5.6992300e-01  -6.3218600e+05
   6.9449900e+00  -1.1245200e+00   6.0262300e+00   2.9630400e+00   5.2148300e+00   5.7000600e-01  -6.3218600e+05
   6.9451000e+00  -1.1243000e+00   6.0263200e+00   2.9629700e+00   5.2149800e+00   5.6995600e-01  -6.3218900e+05
   6.9448800e+00  -1.1236800e+00   6.0262300e+00   2.9631700e+00   5.2147800e+00   5.6994900e-01  -6.3218600e+05
   6.9449600e+00  -1.1230300e+00   6.0262600e+00   2.9631100e+00   5.2147300e+00   5.7009000e-01  -6.3218600e+05
   6.9448500e+00  -1.1232000e+00   6.0263100e+00   2.9630600e+00   5.2150800e+00   5.7025500e-01  -6.3218600e+05
   6.9447800e+00  -1.1228300e+00   6.0263000e+00   2.9630600e+00   5.2149800e+00   5.7024800e-01  -6.3218500e+05
   6.9447800e+00  -1.1219400e+00   6.0262400e+00   2.9632600e+00   5.2150200e+00   5.7024700e-01  -6.3218900e+05
   6.9445700e+00  -1.1215000e+00   6.0264200e+00   2.9632400e+00   5.2153600e+00   5.7032600e-01  -6.3218900e+05
   6.9445100e+00  -1.1210100e+00   6.0263700e+00   2.9633400e+00   5.2154100e+00   5.7055300e-01  -6.3218900e+05
   6.9445400e+00  -1.1210000e+00   6.0263700e+00   2.9633200e+00   5.2153300e+00   5.7059500e-01  -6.3218900e+05
   6.9447300e+00  -1.1213900e+00   6.0262900e+00   2.9629900e+00   5.2150800e+00   5.7049900e-01  -6.3218900e+05
   6.9446800e+00  -1.1214700e+00   6.0263000e+00   2.9632500e+00   5.2150400e+00   5.7035400e-01  -6.3218700e+05
   6.9446700e+00  -1.1212000e+00   6.0263300e+00   2.9633200e+00   5.2150000e+00   5.7038000e-01  -6.3218800e+05
   6.9443300e+00  -1.1206100e+00   6.0263600e+00   2.9631900e+00   5.2153600e+00   5.7050700e-01  -6.3219100e+05
   6.9448200e+00  -1.1212300e+00   6.0263000e+00   2.9633400e+00   5.2148700e+00   5.7046100e-01  -6.3219000e+05
   6.9445400e+00  -1.1221100e+00   6.0262800e+00   2.9635300e+00   5.2152900e+00   5.7038800e-01  -6.3218800e+05
   6.9449900e+00  -1.1219400e+00   6.0262400e+00   2.9638300e+00   5.2146000e+00   5.7041200e-01  -6.3219200e+05
   6.9447200e+00  -1.1231300e+00   6.0262200e+00   2.9637900e+00   5.2146900e+00   5.7021500e-01  -6.3219100e+05
   6.9447700e+00  -1.1235200e+00   6.0262800e+00   2.9635400e+00   5.2151200e+00   5.7033400e-01  -6.3218600e+05
   6.9445300e+00  -1.1225600e+00   6.0262600e+00   2.9635300e+00   5.2153100e+00   5.7048100e-01  -6.3218800e+05
   6.9446300e+00  -1.1225200e+00   6.0263100e+00   2.9637100e+00   5.2150700e+00   5.7051500e-01  -6.3218800e+05
   6.9448100e+00  -1.1230800e+00   6.0263400e+00   2.9636900e+00   5.2151100e+00   5.7046300e-01  -6.3218900e+05
   6.9449300e+00  -1.1230600e+00   6.0262900e+00   2.9638400e+00   5.2148300e+00   5.7036900e-01  -6.3218800e+05
   6.9449100e+00  -1.1233900e+00   6.0262900e+00   2.9637900e+00   5.2148900e+00   5.7047000e-01  -6.3218900e+05
   6.9444800e+00  -1.1239600e+00   6.0263100e+00   2.9637400e+00   5.2155900e+00   5.7048900e-01  -6.3218900e+05
   6.9447100e+00  -1.1241500e+00   6.0262600e+00   2.9636500e+00   5.2151100e+00   5.7052200e-01  -6.3218700e+05
   6.9447700e+00  -1.1241600e+00   6.0262800e+00   2.9635900e+00   5.2149900e+00   5.7046300e-01  -6.3218700e+05
   6.9447300e+00  -1.1241400e+00   6.0262300e+00   2.9634300e+00   5.2151900e+00   5.7040600e-01  -6.3218700e+05
   6.9447000e+00  -1.1245100e+00   6.0262800e+00   2.9632700e+00   5.2149300e+00   5.7036000e-01  -6.3218800e+05
   6.9449800e+00  -1.1238700e+00   6.0263000e+00   2.9632500e+00   5.2146200e+00   5.7018900e-01  -6.3218700e+05
   6.9449100e+00  -1.1229200e+00   6.0262800e+00   2.9632800e+00   5.2148300e+00   5.7006500e-01  -6.3218500e+05
   6.9447200e+00  -1.1228200e+00   6.0263100e+00   2.9631600e+00   5.2150700e+00   5.7000900e-01  -6.3218500e+05
   6.9450500e+00  -1.1235200e+00   6.0262200e+00   2.9631700e+00   5.2147200e+00   5.7001400e-01  -6.3218800e+05
   6.9448700e+00  -1.1239800e+00   6.0262600e+00   2.9632600e+00   5.2148500e+00   5.7001900e-01  -6.3218500e+05
   6.9449600e+00  -1.1246100e+00   6.0263000e+00   2.9630300e+00   5.2148300e+00   5.7010500e-01  -6.3218500e+05
   6.9444400e+00  -1.1236100e+00   6.0262900e+00   2.9631900e+00   5.2155100e+00   5.7038700e-01  -6.3218800e+05
   6.9445600e+00  -1.1240200e+00   6.0262800e+00   2.9633100e+00   5.2152600e+00   5.7053400e-01  -6.3218600e+05
   6.9445400e+00  -1.1233300e+00   6.0262800e+00   2.9636500e+00   5.2153200e+00   5.7042900e-01  -6.3218700e+05
   6.9447100e+00  -1.1230400e+00   6.0263200e+00   2.9638500e+00   5.2150500e+00   5.7040700e-01  -6.3218800e+05
   6.9447200e+00  -1.1237600e+00   6.0262900e+00   2.9639900e+00   5.2150000e+00   5.7049700e-01  -6.3218800e+05
   6.9448900e+00  -1.1240100e+00   6.0262300e+00   2.9638600e+00   5.2151800e+00   5.7044100e-01  -6.3219200e+05
   6.9448200e+00  -1.1237000e+00   6.0263200e+00   2.9640800e+00   5.2147400e+00   5.7049500e-01  -6.3219300e+05
   6.9445700e+00  -1.1239700e+00   6.0262100e+00   2.9641100e+00   5.2151300e+00   5.7052100e-01  -6.3219000e+05
   6.9448100e+00  -1.1237700e+00   6.0263300e+00   2.9643400e+00   5.2151300e+00   5.7044600e-01  -6.3219100e+05
   6.9448600e+00  -1.1255400e+00   6.0262600e+00   2.9644400e+00   5.2148900e+00   5.7044700e-01  -6.3219000e+05
   6.9448000e+00  -1.1247200e+00   6.0262900e+00   2.9644800e+00   5.2150900e+00   5.7043600e-01  -6.3219000e+05
   6.9447300e+00  -1.1243600e+00   6.0262400e+00   2.9642800e+00   5.2149400e+00   5.7045900e-01  -6.3218900e+05
   6.9448100e+00  -1.1240900e+00   6.0263100e+00   2.9642800e+00   5.2151300e+00   5.7054800e-01  -6.3219000e+05
   6.9448900e+00  -1.1247000e+00   6.0262500e+00   2.9641500e+00   5.2149500e+00   5.7056900e-01  -6.3218900e+05
   6.9447500e+00  -1.1255700e+00   6.0262200e+00   2.9641100e+00   5.2149900e+00   5.7059500e-01  -6.3218900e+05
   6.9448500e+00  -1.1259000e+00   6.0261700e+00   2.9638300e+00   5.2151200e+00   5.7065600e-01  -6.3219000e+05
   6.9446100e+00  -1.1256800e+00   6.0263300e+00   2.9642100e+00   5.2155300e+00   5.7062400e-01  -6.3219200e+05
   6.9450300e+00  -1.1258000e+00   6.0262500e+00   2.9641600e+00   5.2148700e+00   5.7042800e-01  -6.3219000e+05
   6.9448200e+00  -1.1263200e+00   6.0262000e+00   2.9642300e+00   5.2148500e+00   5.7049200e-01  -6.3219000e+05
   6.9449100e+00  -1.1265700e+00   6.0261900e+00   2.9642900e+00   5.2149100e+00   5.7035000e-01  -6.3218900e+05
   6.9448300e+00  -1.1259100e+00   6.0262300e+00   2.9641700e+00   5.2150400e+00   5.7031500e-01  -6.3218800e+05
   6.9448000e+00  -1.1255500e+00   6.0262700e+00   2.9640800e+00   5.2149700e+00   5.7041200e-01  -6.3218900e+05
   6.9449200e+00  -1.1242900e+00   6.0261800e+00   2.9642700e+00   5.2147500e+00   5.7029700e-01  -6.3219000e+05
   6.9445900e+00  -1.1247700e+00   6.0262600e+00   2.9643000e+00   5.2152000e+00   5.7037600e-01  -6.3219100e+05
   6.9445700e+00  -1.1238500e+00   6.0261800e+00   2.9644800e+00   5.2150800e+00   5.7046400e-01  -6.3219300e+05
   6.9446300e+00  -1.1240000e+00   6.0263100e+00   2.9643400e+00   5.2153800e+00   5.7047000e-01  -6.3219100e+05
   6.9448600e+00  -1.1230800e+00   6.0263200e+00   2.9643800e+00   5.2148600e+00   5.7044700e-01  -6.3219100e+05
   6.9445200e+00  -1.1222600e+00   6.0263300e+00   2.9642600e+00   5.2153800e+00   5.7036200e-01  -6.3219100e+05
   6.9448900e+00  -1.1224000e+00   6.0262900e+00   2.9641800e+00   5.2147100e+00   5.7026600e-01  -6.3218900e+05
   6.9448200e+00  -1.1225300e+00   6.0262600e+00   2.9640400e+00   5.2147200e+00   5.7009400e-01  -6.3218800e+05
   6.9448300e+00  -1.1227700e+00   6.0263400e+00   2.9638400e+00   5.2148800e+00   5.7008700e-01  -6.3218800e+05
   6.9448700e+00  -1.1231700e+00   6.0263600e+00   2.9637000e+00   5.2151000e+00   5.6998400e-01  -6.3218900e+05
   6.9449500e+00  -1.1236100e+00   6.0262500e+00   2.9636500e+00   5.2145700e+00   5.6998700e-01  -6.3218700e+05
   6.9446800e+00  -1.1247300e+00   6.0262100e+00   2.9637600e+00   5.2152600e+00   5.7012500e-01  -6.3219000e+05
   6.9449900e+00  -1.1258800e+00   6.0262600e+00   2.9638200e+00   5.2148400e+00   5.7016000e-01  -6.3218700e+05
   6.9450900e+00  -1.1259200e+00   6.0263100e+00   2.9636100e+00   5.2146200e+00   5.7011000e-01  -6.3218900e+05
   6.9448900e+00  -1.1259000e+00   6.0263200e+00   2.9635000e+00   5.2149300e+00   5.7026600e-01  -6.3218800e+05
   6.9449500e+00  -1.1263700e+00   6.0262100e+00   2.9635200e+00   5.2151300e+00   5.7012900e-01  -6.3218900e+05
   6.9452100e+00  -1.1260800e+00   6.0262300e+00   2.9635000e+00   5.2143800e+00   5.7021000e-01  -6.3219000e+05
   6.9447300e+00  -1.1260800e+00   6.0262500e+00   2.9635800e+00   5.2150800e+00   5.7019500e-01  -6.3218800e+05
   6.9449700e+00  -1.1266800e+00   6.0262200e+00   2.9637600e+00   5.2150000e+00   5.7016600e-01  -6.3218800e+05
   6.9446800e+00  -1.1263900e+00   6.0262700e+00   2.9637700e+00   5.2151600e+00   5.7004600e-01  -6.3219200e+05
   6.9447600e+00  -1.1251200e+00   6.0262500e+00   2.9636500e+00   5.2149300e+00   5.7020100e-01  -6.3218700e+05
   6.9447600e+00  -1.1251500e+00   6.0262900e+00   2.9637500e+00   5.2151400e+00   5.7057100e-01  -6.3218700e+05
   6.9450500e+00  -1.1243700e+00   6.0263000e+00   2.9639700e+00   5.2147100e+00   5.7036700e-01  -6.3219000e+05
   6.9445900e+00  -1.1236100e+00   6.0262300e+00   2.9638300e+00   5.2153800e+00   5.7028700e-01  -6.3219100e+05
   6.9445600e+00  -1.1239200e+00   6.0263400e+00   2.9639200e+00   5.2154300e+00   5.7043400e-01  -6.3219000e+05
   6.9447800e+00  -1.1251400e+00   6.0262800e+00   2.9637900e+00   5.2150900e+00   5.7032600e-01  -6.3218700e+05
   6.9448000e+00  -1.1254400e+00   6.0262800e+00   2.9635600e+00   5.2150300e+00   5.7022500e-01  -6.3218600e+05
   6.9448800e+00  -1.1254400e+00   6.0263000e+00   2.9633000e+00   5.2151400e+00   5.7022300e-01  -6.3218600e+05
   6.9448800e+00  -1.1253100e+00   6.0262200e+00   2.9633000e+00   5.2149700e+00   5.7006700e-01  -6.3218600e+05
   6.9450000e+00  -1.1255800e+00   6.0262800e+00   2.9633600e+00   5.2147800e+00   5.7014500e-01  -6.3218600e+05
   6.9450700e+00  -1.1257700e+00   6.0261500e+00   2.9631900e+00   5.2146200e+00   5.6993700e-01  -6.3218900e+05
   6.9453300e+00  -1.1255200e+00   6.0263000e+00   2.9631000e+00   5.2143500e+00   5.6970900e-01  -6.3218700e+05
   6.9451500e+00  -1.1266400e+00   6.0262600e+00   2.9629700e+00   5.2145600e+00   5.6984900e-01  -6.3218600e+05
   6.9450900e+00  -1.1276000e+00   6.0262400e+00   2.9629800e+00   5.2148400e+00   5.7002500e-01  -6.3218700e+05
   6.9449000e+00  -1.1262800e+00   6.0262500e+00   2.9629500e+00   5.2148900e+00   5.7010900e-01  -6.3218500e+05
   6.9447300e+00  -1.1270100e+00   6.0263000e+00   2.9628400e+00   5.2151200e+00   5.7013500e-01  -6.3218900e+05
   6.9450500e+00  -1.1274200e+00   6.0262900e+00   2.9631000e+00   5.2148200e+00   5.7014600e-01  -6.3218700e+05
   6.9450200e+00  -1.1267900e+00   6.0263300e+00   2.9631800e+00   5.2148500e+00   5.6996800e-01  -6.3218900e+05
   6.9449600e+00  -1.1270500e+00   6.0262000e+00   2.9633700e+00   5.2149900e+00   5.7002100e-01  -6.3218800e+05
   6.9449200e+00  -1.1269000e+00   6.0262400e+00   2.9633700e+00   5.2150600e+00   5.7013700e-01  -6.3218700e+05
   6.9449500e+00  -1.1269100e+00   6.0262400e+00   2.9632900e+00   5.2148700e+00   5.7000100e-01  -6.3218700e+05
   6.9450000e+00  -1.1269600e+00   6.0262200e+00   2.9631800e+00   5.2148200e+00   5.7009500e-01  -6.3218600e+05
   6.9451000e+00  -1.1263900e+00   6.0262700e+00   2.9630700e+00   5.2148400e+00   5.7018600e-01  -6.3218600e+05
   6.9448800e+00  -1.1262600e+00   6.0262700e+00   2.9630400e+00   5.2150400e+00   5.7024900e-01  -6.3218500e+05
   6.9449100e+00  -1.1262300e+00   6.0262000e+00   2.9630700e+00   5.2150200e+00   5.7036000e-01  -6.3218600e+05
   6.9448600e+00  -1.1258500e+00   6.0262500e+00   2.9629200e+00   5.2151500e+00   5.7039200e-01  -6.3218500e+05
   6.9446700e+00  -1.1251700e+00   6.0263100e+00   2.9626900e+00   5.2155200e+00   5.7047400e-01  -6.3218500e+05
   6.9447600e+00  -1.1256300e+00   6.0262900e+00   2.9628000e+00   5.2152900e+00   5.7043700e-01  -6.3218400e+05
   6.9447000e+00  -1.1254800e+00   6.0262600e+00   2.9626900e+00   5.2153900e+00   5.7049100e-01  -6.3218500e+05
   6.9443100e+00  -1.1251300e+00   6.0263200e+00   2.9628100e+00   5.2160100e+00   5.7055900e-01  -6.3219000e+05
   6.9445300e+00  -1.1249100e+00   6.0263100e+00   2.9629400e+00   5.2155000e+00   5.7052200e-01  -6.3218500e+05
   6.9447300e+00  -1.1255500e+00   6.0262600e+00   2.9632100e+00   5.2151900e+00   5.7058300e-01  -6.3218500e+05
   6.9446600e+00  -1.1258900e+00   6.0262400e+00   2.9631500e+00   5.2155400e+00   5.7060800e-01  -6.3218700e+05
   6.9447800e+00  -1.1257200e+00   6.0263300e+00   2.9631400e+00   5.2150400e+00   5.7044700e-01  -6.3218800e+05
   6.9446800e+00  -1.1256900e+00   6.0263100e+00   2.9631900e+00   5.2151800e+00   5.7040000e-01  -6.3218700e+05
   6.9449500e+00  -1.1248300e+00   6.0263100e+00   2.9632100e+00   5.2146600e+00   5.7033100e-01  -6.3218900e+05
   6.9448000e+00  -1.1246400e+00   6.0262900e+00   2.9631500e+00   5.2151900e+00   5.7006900e-01  -6.3218600e+05
   6.9452700e+00  -1.1250300e+00   6.0261700e+00   2.9633800e+00   5.2140900e+00   5.7008300e-01  -6.3219300e+05
   6.9449900e+00  -1.1247800e+00   6.0263000e+00   2.9636300e+00   5.2147900e+00   5.6992300e-01  -6.3218600e+05
   6.9451900e+00  -1.1249900e+00   6.0261800e+00   2.9637700e+00   5.2142500e+00   5.6998400e-01  -6.3219000e+05
   6.9449300e+00  -1.1250000e+00   6.0262000e+00   2.9637100e+00   5.2147000e+00   5.6999800e-01  -6.3218700e+05
   6.9451300e+00  -1.1254900e+00   6.0262500e+00   2.9636500e+00   5.2145200e+00   5.7016900e-01  -6.3218800e+05
   6.9450100e+00  -1.1252500e+00   6.0263000e+00   2.9636600e+00   5.2147200e+00   5.7025400e-01  -6.3218800e+05
   6.9452000e+00  -1.1245000e+00   6.0262900e+00   2.9636800e+00   5.2146500e+00   5.7007000e-01  -6.3218900e+05
   6.9452500e+00  -1.1246200e+00   6.0262100e+00   2.9637000e+00   5.2142500e+00   5.7000700e-01  -6.3218900e+05
   6.9450300e+00  -1.1252300e+00   6.0262700e+00   2.9636400e+00   5.2147900e+00   5.6989600e-01  -6.3218700e+05
   6.9451000e+00  -1.1249700e+00   6.0261900e+00   2.9635100e+00   5.2144400e+00   5.6992400e-01  -6.3218800e+05
   6.9451000e+00  -1.1247000e+00   6.0262700e+00   2.9633700e+00   5.2144800e+00   5.7002500e-01  -6.3218600e+05
   6.9450200e+00  -1.1248000e+00   6.0261800e+00   2.9632700e+00   5.2146200e+00   5.6985900e-01  -6.3218800e+05
   6.9451300e+00  -1.1240100e+00   6.0263200e+00   2.9632100e+00   5.2147000e+00   5.6980000e-01  -6.3218600e+05
   6.9451200e+00  -1.1243100e+00   6.0262200e+00   2.9632100e+00   5.2142300e+00   5.6951700e-01  -6.3218800e+05
   6.9450800e+00  -1.1231900e+00   6.0262800e+00   2.9629300e+00   5.2145100e+00   5.6949700e-01  -6.3218500e+05
   6.9452100e+00  -1.1233300e+00   6.0263100e+00   2.9628800e+00   5.2145100e+00   5.6961900e-01  -6.3218500e+05
   6.9450100e+00  -1.1230600e+00   6.0262400e+00   2.9629300e+00   5.2144600e+00   5.6975000e-01  -6.3218600e+05
   6.9447500e+00  -1.1219000e+00   6.0263900e+00   2.9627900e+00   5.2149000e+00   5.6976700e-01  -6.3218700e+05
   6.9447200e+00  -1.1224400e+00   6.0262700e+00   2.9627500e+00   5.2152400e+00   5.6994100e-01  -6.3218900e+05
   6.9450000e+00  -1.1229500e+00   6.0263000e+00   2.9626400e+00   5.2145900e+00   5.6988400e-01  -6.3218400e+05
   6.9449700e+00  -1.1240700e+00   6.0263400e+00   2.9625900e+00   5.2148900e+00   5.6991100e-01  -6.3218400e+05
   6.9451500e+00  -1.1255000e+00   6.0263100e+00   2.9623700e+00   5.2146900e+00   5.6979100e-01  -6.3218500e+05
   6.9450300e+00  -1.1259000e+00   6.0263000e+00   2.9623100e+00   5.2150200e+00   5.6995900e-01  -6.3218500e+05
   6.9448000e+00  -1.1256700e+00   6.0262200e+00   2.9621800e+00   5.2152600e+00   5.7002800e-01  -6.3218900e+05
   6.9448300e+00  -1.1264200e+00   6.0263100e+00   2.9623300e+00   5.2153200e+00   5.7017300e-01  -6.3218500e+05
   6.9446200e+00  -1.1254300e+00   6.0263300e+00   2.9623000e+00   5.2152900e+00   5.7027000e-01  -6.3218600e+05
   6.9448600e+00  -1.1259000e+00   6.0262900e+00   2.9621300e+00   5.2152000e+00   5.7031100e-01  -6.3218400e+05
   6.9447300e+00  -1.1255600e+00   6.0262900e+00   2.9619500e+00   5.2153500e+00   5.7015100e-01  -6.3218500e+05
   6.9450300e+00  -1.1255200e+00   6.0263700e+00   2.9619000e+00   5.2147800e+00   5.7018000e-01  -6.3218700e+05
   6.9446700e+00  -1.1263200e+00   6.0262300e+00   2.9619000e+00   5.2151800e+00   5.7019400e-01  -6.3218800e+05
   6.9445300e+00  -1.1251600e+00   6.0262700e+00   2.9619400e+00   5.2155500e+00   5.7039500e-01  -6.3218600e+05
   6.9448400e+00  -1.1260000e+00   6.0262200e+00   2.9620600e+00   5.2151300e+00   5.7019100e-01  -6.3218600e+05
   6.9450300e+00  -1.1254500e+00   6.0263100e+00   2.9621500e+00   5.2150600e+00   5.7017800e-01  -6.3218600e+05
   6.9449600e+00  -1.1255500e+00   6.0263500e+00   2.9621800e+00   5.2150000e+00   5.7029500e-01  -6.3218500e+05
   6.9447900e+00  -1.1270200e+00   6.0262200e+00   2.9621600e+00   5.2150200e+00   5.7037900e-01  -6.3218700e+05
   6.9448500e+00  -1.1276600e+00   6.0263200e+00   2.9621500e+00   5.2152100e+00   5.7039200e-01  -6.3218600e+05
   6.9449600e+00  -1.1289200e+00   6.0262700e+00   2.9621900e+00   5.2151900e+00   5.7048800e-01  -6.3218600e+05
   6.9445200e+00  -1.1280700e+00   6.0263100e+00   2.9621300e+00   5.2157100e+00   5.7056300e-01  -6.3218700e+05
   6.9447600e+00  -1.1276400e+00   6.0262100e+00   2.9620800e+00   5.2153500e+00   5.7041600e-01  -6.3218600e+05
   6.9447700e+00  -1.1268000e+00   6.0262800e+00   2.9622300e+00   5.2151700e+00   5.7062200e-01  -6.3218500e+05
   6.9446400e+00  -1.1276200e+00   6.0262000e+00   2.9623900e+00   5.2155100e+00   5.7062400e-01  -6.3218600e+05
   6.9447300e+00  -1.1277800e+00   6.0262400e+00   2.9624000e+00   5.2153500e+00   5.7054300e-01  -6.3218500e+05
   6.9447600e+00  -1.1281000e+00   6.0263300e+00   2.9623600e+00   5.2154500e+00   5.7057800e-01  -6.3218600e+05
   6.9446600e+00  -1.1282800e+00   6.0262100e+00   2.9623100e+00   5.2153900e+00   5.7060200e-01  -6.3218600e+05
   6.9448700e+00  -1.1278600e+00   6.0263000e+00   2.9624300e+00   5.2151200e+00   5.7056400e-01  -6.3218600e+05
   6.9448200e+00  -1.1277700e+00   6.0263000e+00   2.9624300e+00   5.2152700e+00   5.7064300e-01  -6.3218600e+05
   6.9447300e+00  -1.1274900e+00   6.0262900e+00   2.9625700e+00   5.2154000e+00   5.7046000e-01  -6.3218500e+05
   6.9447200e+00  -1.1273600e+00   6.0262200e+00   2.9626900e+00   5.2153400e+00   5.7049600e-01  -6.3218500e+05
   6.9448300e+00  -1.1271100e+00   6.0263100e+00   2.9626100e+00   5.2152200e+00   5.7073400e-01  -6.3218700e+05
   6.9446700e+00  -1.1270000e+00   6.0263000e+00   2.9626600e+00   5.2156100e+00   5.7076500e-01  -6.3218500e+05
   6.9449400e+00  -1.1269800e+00   6.0263000e+00   2.9628400e+00   5.2151200e+00   5.7053900e-01  -6.3218600e+05
   6.9448400e+00  -1.1272000e+00   6.0261800e+00   2.9628800e+00   5.2152400e+00   5.7052700e-01  -6.3218700e+05
   6.9447700e+00  -1.1272200e+00   6.0262600e+00   2.9628900e+00   5.2153000e+00   5.7049700e-01  -6.3218500e+05
   6.9448300e+00  -1.1270800e+00   6.0262400e+00   2.9629200e+00   5.2149900e+00   5.7058800e-01  -6.3218700e+05
   6.9447700e+00  -1.1262400e+00   6.0262700e+00   2.9628700e+00   5.2154100e+00   5.7049100e-01  -6.3218600e+05
   6.9443300e+00  -1.1256500e+00   6.0262900e+00   2.9629200e+00   5.2158100e+00   5.7059000e-01  -6.3218900e+05
   6.9449500e+00  -1.1254900e+00   6.0262600e+00   2.9628900e+00   5.2149300e+00   5.7040800e-01  -6.3218500e+05
   6.9448400e+00  -1.1255800e+00   6.0262500e+00   2.9626600e+00   5.2151300e+00   5.7043700e-01  -6.3218500e+05
   6.9449200e+00  -1.1252200e+00   6.0262900e+00   2.9627000e+00   5.2148800e+00   5.7048900e-01  -6.3218600e+05
   6.9447700e+00  -1.1250900e+00   6.0263800e+00   2.9624300e+00   5.2152400e+00   5.7037500e-01  -6.3218600e+05
   6.9450300e+00  -1.1244300e+00   6.0262600e+00   2.9628000e+00   5.2147200e+00   5.7033200e-01  -6.3218700e+05
   6.9446800e+00  -1.1245900e+00   6.0263300e+00   2.9626300e+00   5.2153400e+00   5.7028700e-01  -6.3218500e+05
   6.9445900e+00  -1.1242500e+00   6.0263200e+00   2.9627000e+00   5.2153000e+00   5.7048200e-01  -6.3218500e+05
   6.9448600e+00  -1.1242500e+00   6.0263200e+00   2.9627100e+00   5.2150100e+00   5.7031900e-01  -6.3218400e+05
   6.9446600e+00  -1.1241300e+00   6.0263800e+00   2.9625800e+00   5.2153900e+00   5.7050800e-01  -6.3218600e+05
   6.9445400e+00  -1.1250600e+00   6.0262900e+00   2.9625600e+00   5.2157700e+00   5.7067200e-01  -6.3218700e+05
   6.9447700e+00  -1.1248500e+00   6.0263000e+00   2.9623900e+00   5.2150800e+00   5.7052900e-01  -6.3218500e+05
   6.9445900e+00  -1.1247500e+00   6.0263100e+00   2.9623000e+00   5.2154300e+00   5.7055200e-01  -6.3218400e+05
   6.9444500e+00  -1.1241700e+00   6.0263300e+00   2.9623900e+00   5.2154800e+00   5.7057400e-01  -6.3218600e+05
   6.9446500e+00  -1.1230000e+00   6.0263100e+00   2.9625600e+00   5.2154500e+00   5.7074300e-01  -6.3218800e+05
   6.9444400e+00  -1.1229900e+00   6.0263700e+00   2.9626500e+00   5.2154300e+00   5.7044200e-01  -6.3218700e+05
   6.9446300e+00  -1.1234400e+00   6.0263100e+00   2.9626700e+00   5.2155000e+00   5.7033000e-01  -6.3218700e+05
   6.9449200e+00  -1.1242300e+00   6.0263100e+00   2.9624400e+00   5.2148000e+00   5.7017800e-01  -6.3218500e+05
   6.9446700e+00  -1.1245700e+00   6.0263500e+00   2.9625500e+00   5.2152400e+00   5.7030900e-01  -6.3218500e+05
   6.9449300e+00  -1.1255600e+00   6.0262800e+00   2.9628000e+00   5.2150400e+00   5.7042400e-01  -6.3218500e+05
   6.9446100e+00  -1.1259900e+00   6.0263500e+00   2.9626700e+00   5.2154500e+00   5.7027800e-01  -6.3218800e+05
   6.9448500e+00  -1.1259000e+00   6.0262900e+00   2.9626700e+00   5.2153500e+00   5.7034000e-01  -6.3218600e+05
   6.9448500e+00  -1.1261200e+00   6.0263200e+00   2.9626200e+00   5.2152100e+00   5.7020200e-01  -6.3218500e+05
   6.9448300e+00  -1.1261000e+00   6.0262700e+00   2.9625100e+00   5.2151500e+00   5.7003000e-01  -6.3218500e+05
   6.9449500e+00  -1.1257800e+00   6.0262900e+00   2.9626200e+00   5.2146300e+00   5.6995100e-01  -6.3218800e+05
   6.9450800e+00  -1.1258100e+00   6.0261500e+00   2.9625100e+00   5.2146000e+00   5.6985300e-01  -6.3219000e+05
   6.9452800e+00  -1.1249800e+00   6.0263300e+00   2.9624300e+00   5.2143800e+00   5.6970900e-01  -6.3218600e+05
   6.9451400e+00  -1.1245500e+00   6.0263700e+00   2.9625700e+00   5.2145000e+00   5.7003400e-01  -6.3218900e+05
   6.9447700e+00  -1.1236800e+00   6.0262900e+00   2.9626300e+00   5.2151400e+00   5.7023400e-01  -6.3218500e+05
   6.9450900e+00  -1.1233000e+00   6.0263700e+00   2.9626500e+00   5.2146200e+00   5.6995700e-01  -6.3218600e+05
   6.9447300e+00  -1.1235800e+00   6.0263000e+00   2.9626700e+00   5.2150200e+00   5.7026500e-01  -6.3218500e+05
   6.9448300e+00  -1.1232700e+00   6.0262700e+00   2.9627100e+00   5.2150600e+00   5.7016200e-01  -6.3218600e+05
   6.9448500e+00  -1.1237800e+00   6.0262700e+00   2.9627400e+00   5.2148800e+00   5.6996900e-01  -6.3218500e+05
   6.9447900e+00  -1.1234000e+00   6.0263100e+00   2.9626200e+00   5.2150200e+00   5.7003600e-01  -6.3218400e+05
   6.9448200e+00  -1.1236200e+00   6.0262900e+00   2.9627100e+00   5.2150500e+00   5.6999300e-01  -6.3218500e+05
   6.9448900e+00  -1.1237100e+00   6.0262600e+00   2.9628800e+00   5.2148400e+00   5.7014500e-01  -6.3218500e+05
   6.9448900e+00  -1.1237000e+00   6.0263300e+00   2.9629900e+00   5.2151000e+00   5.7001200e-01  -6.3218600e+05
   6.9448200e+00  -1.1225500e+00   6.0263200e+00   2.9629900e+00   5.2148500e+00   5.6998800e-01  -6.3218500e+05
   6.9447700e+00  -1.1237800e+00   6.0263100e+00   2.9631200e+00   5.2148700e+00   5.6975100e-01  -6.3218700e+05
   6.9450800e+00  -1.1236800e+00   6.0262500e+00   2.9630100e+00   5.2144600e+00   5.6957800e-01  -6.3218500e+05
   6.9453800e+00  -1.1238400e+00   6.0263100e+00   2.9629400e+00   5.2140800e+00   5.6959900e-01  -6.3218700e+05
   6.9455200e+00  -1.1242300e+00   6.0263100e+00   2.9626900e+00   5.2141700e+00   5.6949900e-01  -6.3218900e+05
   6.9453000e+00  -1.1246600e+00   6.0262700e+00   2.9628200e+00   5.2143000e+00   5.6958200e-01  -6.3218500e+05
   6.9453100e+00  -1.1246700e+00   6.0262500e+00   2.9627900e+00   5.2142800e+00   5.6951300e-01  -6.3218500e+05
   6.9452000e+00  -1.1241700e+00   6.0263000e+00   2.9626400e+00   5.2144600e+00   5.6937700e-01  -6.3218500e+05
   6.9453600e+00  -1.1242400e+00   6.0263300e+00   2.9627400e+00   5.2143000e+00   5.6942800e-01  -6.3218600e+05
   6.9453600e+00  -1.1243000e+00   6.0263300e+00   2.9628300e+00   5.2142200e+00   5.6949000e-01  -6.3218600e+05
   6.9451400e+00  -1.1242800e+00   6.0262600e+00   2.9630400e+00   5.2143300e+00   5.6938600e-01  -6.3218600e+05
   6.9452500e+00  -1.1243200e+00   6.0263000e+00   2.9631600e+00   5.2143000e+00   5.6935300e-01  -6.3218600e+05
   6.9451100e+00  -1.1248100e+00   6.0262900e+00   2.9631600e+00   5.2144500e+00   5.6935800e-01  -6.3218700e+05
   6.9450300e+00  -1.1248900e+00   6.0263100e+00   2.9630900e+00   5.2144200e+00   5.6962500e-01  -6.3218900e+05
   6.9453300e+00  -1.1253400e+00   6.0263000e+00   2.9630600e+00   5.2144600e+00   5.6953100e-01  -6.3218700e+05
   6.9449000e+00  -1.1250700e+00   6.0263300e+00   2.9631400e+00   5.2147700e+00   5.6971900e-01  -6.3218800e+05
   6.9452100e+00  -1.1252100e+00   6.0262700e+00   2.9632200e+00   5.2144700e+00   5.6983500e-01  -6.3218600e+05
   6.9453300e+00  -1.1248900e+00   6.0262400e+00   2.9632200e+00   5.2144900e+00   5.6980700e-01  -6.3218900e+05
   6.9448200e+00  -1.1237800e+00   6.0262900e+00   2.9633500e+00   5.2150100e+00   5.6998200e-01  -6.3218600e+05
   6.9448100e+00  -1.1239500e+00   6.0263300e+00   2.9632500e+00   5.2149400e+00   5.7009800e-01  -6.3218600e+05
   6.9449000e+00  -1.1238400e+00   6.0262100e+00   2.9632300e+00   5.2147500e+00   5.7019900e-01  -6.3218700e+05
   6.9449600e+00  -1.1233600e+00   6.0262900e+00   2.9630600e+00   5.2148400e+00   5.7013400e-01  -6.3218500e+05
   6.9450500e+00  -1.1240400e+00   6.0262100e+00   2.9631400e+00   5.2146900e+00   5.6995200e-01  -6.3218700e+05
   6.9448400e+00  -1.1245400e+00   6.0263300e+00   2.9630900e+00   5.2150600e+00   5.6992500e-01  -6.3218600e+05
   6.9450100e+00  -1.1249300e+00   6.0263300e+00   2.9629200e+00   5.2146200e+00   5.6992700e-01  -6.3218700e+05
   6.9447200e+00  -1.1250400e+00   6.0262400e+00   2.9627900e+00   5.2149700e+00   5.7003800e-01  -6.3218700e+05
   6.9449300e+00  -1.1253100e+00   6.0262500e+00   2.9629800e+00   5.2148000e+00   5.6996000e-01  -6.3218500e+05
   6.9450500e+00  -1.1257800e+00   6.0262300e+00   2.9628400e+00   5.2146300e+00   5.7012600e-01  -6.3218600e+05
   6.9448800e+00  -1.1263500e+00   6.0262800e+00   2.9626100e+00   5.2151500e+00   5.7002500e-01  -6.3218500e+05
   6.9449700e+00  -1.1258900e+00   6.0262100e+00   2.9626400e+00   5.2146500e+00   5.6983900e-01  -6.3218700e+05
   6.9449700e+00  -1.1259000e+00   6.0263000e+00   2.9628000e+00   5.2145600e+00   5.6994300e-01  -6.3219000e+05
   6.9449400e+00  -1.1255200e+00   6.0262700e+00   2.9627200e+00   5.2149400e+00   5.7013000e-01  -6.3218400e+05
   6.9447100e+00  -1.1254000e+00   6.0263300e+00   2.9628200e+00   5.2153900e+00   5.7014700e-01  -6.3218700e+05
   6.9448800e+00  -1.1256000e+00   6.0263300e+00   2.9629300e+00   5.2152400e+00   5.7008600e-01  -6.3218700e+05
   6.9449000e+00  -1.1249300e+00   6.0262200e+00   2.9628200e+00   5.2146500e+00   5.7027000e-01  -6.3218800e+05
   6.9447900e+00  -1.1251500e+00   6.0263100e+00   2.9629000e+00   5.2151600e+00   5.7039200e-01  -6.3218500e+05
   6.9447600e+00  -1.1250400e+00   6.0263200e+00   2.9629300e+00   5.2154800e+00   5.7031500e-01  -6.3218800e+05
   6.9446600e+00  -1.1254300e+00   6.0263500e+00   2.9629100e+00   5.2155600e+00   5.7044700e-01  -6.3218700e+05
   6.9446000e+00  -1.1236600e+00   6.0263000e+00   2.9627400e+00   5.2150900e+00   5.7045100e-01  -6.3218700e+05
   6.9449300e+00  -1.1234300e+00   6.0263100e+00   2.9627700e+00   5.2148900e+00   5.7024200e-01  -6.3218500e+05
   6.9448300e+00  -1.1242400e+00   6.0262900e+00   2.9626900e+00   5.2150300e+00   5.7014800e-01  -6.3218400e+05
   6.9447000e+00  -1.1244000e+00   6.0263200e+00   2.9625600e+00   5.2149900e+00   5.7019600e-01  -6.3218700e+05
   6.9448800e+00  -1.1239400e+00   6.0263400e+00   2.9624300e+00   5.2150100e+00   5.7007000e-01  -6.3218400e+05
   6.9449000e+00  -1.1246000e+00   6.0263200e+00   2.9623100e+00   5.2148300e+00   5.6999300e-01  -6.3218400e+05
   6.9450600e+00  -1.1246000e+00   6.0262800e+00   2.9625000e+00   5.2150000e+00   5.6993500e-01  -6.3218800e+05
   6.9447200e+00  -1.1234400e+00   6.0263100e+00   2.9624500e+00   5.2150700e+00   5.6983300e-01  -6.3218600e+05
   6.9450000e+00  -1.1223400e+00   6.0263300e+00   2.9622200e+00   5.2144900e+00   5.6988900e-01  -6.3218600e+05
   6.9447300e+00  -1.1225600e+00   6.0263700e+00   2.9620000e+00   5.2151700e+00   5.7013300e-01  -6.3218500e+05
   6.9443800e+00  -1.1229700e+00   6.0262800e+00   2.9619100e+00   5.2155400e+00   5.7010000e-01  -6.3219200e+05
   6.9449200e+00  -1.1229500e+00   6.0263000e+00   2.9618000e+00   5.2147700e+00   5.7001700e-01  -6.3218500e+05
   6.9449800e+00  -1.1235200e+00   6.0263300e+00   2.9617200e+00   5.2149000e+00   5.7004500e-01  -6.3218500e+05
   6.9447100e+00  -1.1234900e+00   6.0263400e+00   2.9616500e+00   5.2152600e+00   5.6990900e-01  -6.3218600e+05
   6.9447700e+00  -1.1231900e+00   6.0263400e+00   2.9617300e+00   5.2150700e+00   5.6998200e-01  -6.3218400e+05
   6.9449000e+00  -1.1232000e+00   6.0262700e+00   2.9618700e+00   5.2151400e+00   5.6999700e-01  -6.3218900e+05
   6.9448500e+00  -1.1227200e+00   6.0263300e+00   2.9619100e+00   5.2151900e+00   5.7000000e-01  -6.3218700e+05
   6.9449900e+00  -1.1224600e+00   6.0263100e+00   2.9620200e+00   5.2148200e+00   5.6976200e-01  -6.3218500e+05
   6.9447700e+00  -1.1210000e+00   6.0263600e+00   2.9617800e+00   5.2147300e+00   5.6970700e-01  -6.3218700e+05
   6.9448000e+00  -1.1207700e+00   6.0264700e+00   2.9618300e+00   5.2148900e+00   5.6966300e-01  -6.3218800e+05
   6.9449000e+00  -1.1202600e+00   6.0264000e+00   2.9620000e+00   5.2148600e+00   5.6975100e-01  -6.3218600e+05
   6.9448500e+00  -1.1200100e+00   6.0263900e+00   2.9617400e+00   5.2149600e+00   5.6985600e-01  -6.3218800e+05
   6.9448700e+00  -1.1204400e+00   6.0262800e+00   2.9617800e+00   5.2147100e+00   5.6988200e-01  -6.3219100e+05
   6.9447200e+00  -1.1200900e+00   6.0264100e+00   2.9618300e+00   5.2150500e+00   5.6987100e-01  -6.3218700e+05
   6.9445300e+00  -1.1209200e+00   6.0263700e+00   2.9617900e+00   5.2151200e+00   5.7000700e-01  -6.3218800e+05
   6.9448100e+00  -1.1210600e+00   6.0263600e+00   2.9619800e+00   5.2149200e+00   5.6990200e-01  -6.3218500e+05
   6.9447700e+00  -1.1210100e+00   6.0263300e+00   2.9617300e+00   5.2149700e+00   5.7011500e-01  -6.3218700e+05
   6.9446100e+00  -1.1210200e+00   6.0263700e+00   2.9617200e+00   5.2154200e+00   5.7013900e-01  -6.3218800e+05
   6.9448300e+00  -1.1216300e+00   6.0263500e+00   2.9616200e+00   5.2149800e+00   5.7022800e-01  -6.3218700e+05
   6.9446800e+00  -1.1207700e+00   6.0264600e+00   2.9616400e+00   5.2152400e+00   5.7010700e-01  -6.3218800e+05
   6.9446400e+00  -1.1201400e+00   6.0263500e+00   2.9615600e+00   5.2151200e+00   5.7034300e-01  -6.3219100e+05
   6.9445600e+00  -1.1208500e+00   6.0263800e+00   2.9613000e+00   5.2153700e+00   5.7049500e-01  -6.3219000e+05
   6.9446000e+00  -1.1200800e+00   6.0264400e+00   2.9613400e+00   5.2154500e+00   5.7038900e-01  -6.3219200e+05
   6.9444100e+00  -1.1206800e+00   6.0263800e+00   2.9612500e+00   5.2153500e+00   5.7027200e-01  -6.3219000e+05
   6.9444900e+00  -1.1218900e+00   6.0264400e+00   2.9613500e+00   5.2156400e+00   5.7019900e-01  -6.3218800e+05
   6.9445700e+00  -1.1216300e+00   6.0263700e+00   2.9614900e+00   5.2153100e+00   5.7022500e-01  -6.3218700e+05
   6.9445700e+00  -1.1220200e+00   6.0263800e+00   2.9614000e+00   5.2153800e+00   5.7036300e-01  -6.3218700e+05
   6.9444100e+00  -1.1223500e+00   6.0263100e+00   2.9613400e+00   5.2154100e+00   5.7036900e-01  -6.3219000e+05
   6.9445700e+00  -1.1220200e+00   6.0263500e+00   2.9616400e+00   5.2150500e+00   5.7047400e-01  -6.3219100e+05
   6.9443600e+00  -1.1224000e+00   6.0263800e+00   2.9616300e+00   5.2157400e+00   5.7060700e-01  -6.3218700e+05
   6.9445400e+00  -1.1239400e+00   6.0264000e+00   2.9616400e+00   5.2154800e+00   5.7058000e-01  -6.3218600e+05
   6.9446100e+00  -1.1246900e+00   6.0263100e+00   2.9615500e+00   5.2154200e+00   5.7062900e-01  -6.3218500e+05
   6.9450600e+00  -1.1247600e+00   6.0263700e+00   2.9617700e+00   5.2150300e+00   5.7038300e-01  -6.3218900e+05
   6.9444800e+00  -1.1248300e+00   6.0262900e+00   2.9616700e+00   5.2157600e+00   5.7059500e-01  -6.3218600e+05
   6.9446200e+00  -1.1238200e+00   6.0263800e+00   2.9619100e+00   5.2154500e+00   5.7054100e-01  -6.3218500e+05
   6.9449400e+00  -1.1242000e+00   6.0263400e+00   2.9618500e+00   5.2149300e+00   5.7033000e-01  -6.3218600e+05
   6.9447600e+00  -1.1237000e+00   6.0263300e+00   2.9620700e+00   5.2149500e+00   5.7038000e-01  -6.3218600e+05
   6.9444300e+00  -1.1241800e+00   6.0263500e+00   2.9619400e+00   5.2156900e+00   5.7027900e-01  -6.3218700e+05
   6.9448000e+00  -1.1239600e+00   6.0263300e+00   2.9619500e+00   5.2150600e+00   5.7012800e-01  -6.3218400e+05
   6.9443900e+00  -1.1241800e+00   6.0264100e+00   2.9618600e+00   5.2158100e+00   5.7034700e-01  -6.3218900e+05
   6.9444900e+00  -1.1242400e+00   6.0263000e+00   2.9619600e+00   5.2156800e+00   5.7024100e-01  -6.3218800e+05
   6.9447600e+00  -1.1256100e+00   6.0262700e+00   2.9618600e+00   5.2153800e+00   5.7032900e-01  -6.3218500e+05
   6.9448900e+00  -1.1255600e+00   6.0262800e+00   2.9619000e+00   5.2150300e+00   5.7019600e-01  -6.3218400e+05
   6.9448700e+00  -1.1260500e+00   6.0262200e+00   2.9619600e+00   5.2153000e+00   5.7022100e-01  -6.3218900e+05
   6.9448700e+00  -1.1243200e+00   6.0263500e+00   2.9619200e+00   5.2150900e+00   5.7014300e-01  -6.3218400e+05
   6.9449100e+00  -1.1250300e+00   6.0263300e+00   2.9618300e+00   5.2151200e+00   5.6993200e-01  -6.3218500e+05
   6.9449500e+00  -1.1250200e+00   6.0262400e+00   2.9622100e+00   5.2148200e+00   5.6992800e-01  -6.3218500e+05
   6.9451300e+00  -1.1248300e+00   6.0263000e+00   2.9620100e+00   5.2145800e+00   5.6966100e-01  -6.3218400e+05
   6.9450300e+00  -1.1235400e+00   6.0263200e+00   2.9619400e+00   5.2147600e+00   5.6971300e-01  -6.3218400e+05
   6.9449900e+00  -1.1223100e+00   6.0263300e+00   2.9621200e+00   5.2146600e+00   5.6947300e-01  -6.3218400e+05
   6.9449700e+00  -1.1218400e+00   6.0263900e+00   2.9620900e+00   5.2144300e+00   5.6947700e-01  -6.3218800e+05
   6.9451200e+00  -1.1207300e+00   6.0264100e+00   2.9622000e+00   5.2145800e+00   5.6923300e-01  -6.3218600e+05
   6.9449700e+00  -1.1214300e+00   6.0264800e+00   2.9620900e+00   5.2145300e+00   5.6905400e-01  -6.3219200e+05
   6.9453500e+00  -1.1210200e+00   6.0263600e+00   2.9622300e+00   5.2142500e+00   5.6896400e-01  -6.3218600e+05
   6.9454700e+00  -1.1211500e+00   6.0263800e+00   2.9623500e+00   5.2140300e+00   5.6885300e-01  -6.3218600e+05
   6.9454700e+00  -1.1217800e+00   6.0263600e+00   2.9623100e+00   5.2138500e+00   5.6885200e-01  -6.3218500e+05
   6.9454600e+00  -1.1226400e+00   6.0263600e+00   2.9621100e+00   5.2139800e+00   5.6891500e-01  -6.3218600e+05
   6.9454000e+00  -1.1225300e+00   6.0263300e+00   2.9623900e+00   5.2141500e+00   5.6905300e-01  -6.3218500e+05
   6.9452100e+00  -1.1225700e+00   6.0263600e+00   2.9624400e+00   5.2145300e+00   5.6940300e-01  -6.3218500e+05
   6.9449700e+00  -1.1228200e+00   6.0263700e+00   2.9625300e+00   5.2146800e+00   5.6960300e-01  -6.3218500e+05
   6.9446400e+00  -1.1213500e+00   6.0263700e+00   2.9624800e+00   5.2149400e+00   5.6953500e-01  -6.3218900e+05
   6.9452200e+00  -1.1216500e+00   6.0263700e+00   2.9625000e+00   5.2143300e+00   5.6949400e-01  -6.3218500e+05
   6.9450200e+00  -1.1222100e+00   6.0263300e+00   2.9624300e+00   5.2145400e+00   5.6951100e-01  -6.3218400e+05
   6.9448400e+00  -1.1225800e+00   6.0263700e+00   2.9624800e+00   5.2148800e+00   5.6964000e-01  -6.3218500e+05
   6.9452200e+00  -1.1231400e+00   6.0263400e+00   2.9624200e+00   5.2144400e+00   5.6972300e-01  -6.3218500e+05
   6.9452200e+00  -1.1233300e+00   6.0263300e+00   2.9624800e+00   5.2146600e+00   5.6971300e-01  -6.3218700e+05
   6.9449000e+00  -1.1230000e+00   6.0263600e+00   2.9624000e+00   5.2147300e+00   5.6964400e-01  -6.3218500e+05
   6.9452500e+00  -1.1227400e+00   6.0262700e+00   2.9624400e+00   5.2143000e+00   5.6963900e-01  -6.3218600e+05
   6.9450900e+00  -1.1220500e+00   6.0263300e+00   2.9624100e+00   5.2145800e+00   5.6974700e-01  -6.3218500e+05
   6.9448900e+00  -1.1211600e+00   6.0264200e+00   2.9624400e+00   5.2147300e+00   5.6963200e-01  -6.3218600e+05
   6.9449800e+00  -1.1224600e+00   6.0263600e+00   2.9625500e+00   5.2144700e+00   5.6953900e-01  -6.3218600e+05
   6.9450500e+00  -1.1221300e+00   6.0263300e+00   2.9625400e+00   5.2146400e+00   5.6975100e-01  -6.3218400e+05
   6.9448600e+00  -1.1227000e+00   6.0264000e+00   2.9624300e+00   5.2149800e+00   5.6988600e-01  -6.3218500e+05
   6.9448800e+00  -1.1222600e+00   6.0263300e+00   2.9622000e+00   5.2148800e+00   5.6991000e-01  -6.3218400e+05
   6.9447300e+00  -1.1217700e+00   6.0263500e+00   2.9621800e+00   5.2151700e+00   5.6990500e-01  -6.3218600e+05
   6.9449500e+00  -1.1212500e+00   6.0264000e+00   2.9620800e+00   5.2146900e+00   5.6998500e-01  -6.3218700e+05
   6.9446300e+00  -1.1215600e+00   6.0263700e+00   2.9623300e+00   5.2153300e+00   5.7008200e-01  -6.3218600e+05
   6.9449300e+00  -1.1222000e+00   6.0264200e+00   2.9623200e+00   5.2150000e+00   5.7005500e-01  -6.3218700e+05
   6.9448000e+00  -1.1229100e+00   6.0263600e+00   2.9624500e+00   5.2149100e+00   5.7008300e-01  -6.3218500e+05
   6.9449300e+00  -1.1235300e+00   6.0263700e+00   2.9622800e+00   5.2149100e+00   5.7006100e-01  -6.3218500e+05
   6.9446800e+00  -1.1230000e+00   6.0263700e+00   2.9621700e+00   5.2150400e+00   5.7003900e-01  -6.3218600e+05
   6.9450700e+00  -1.1226600e+00   6.0263100e+00   2.9622800e+00   5.2148000e+00   5.6990800e-01  -6.3218700e+05
   6.9449500e+00  -1.1236100e+00   6.0263600e+00   2.9620600e+00   5.2149300e+00   5.7002000e-01  -6.3218400e+05
   6.9450200e+00  -1.1238100e+00   6.0263200e+00   2.9621900e+00   5.2149000e+00   5.7003700e-01  -6.3218500e+05
   6.9448200e+00  -1.1231600e+00   6.0263500e+00   2.9621900e+00   5.2151200e+00   5.7006400e-01  -6.3218400e+05
   6.9449000e+00  -1.1233800e+00   6.0263500e+00   2.9622600e+00   5.2147600e+00   5.7023400e-01  -6.3218600e+05
   6.9448900e+00  -1.1233000e+00   6.0262900e+00   2.9624100e+00   5.2149400e+00   5.7022200e-01  -6.3218500e+05
   6.9449600e+00  -1.1230800e+00   6.0263200e+00   2.9626400e+00   5.2148500e+00   5.7015500e-01  -6.3218500e+05
   6.9446300e+00  -1.1232400e+00   6.0263200e+00   2.9626000e+00   5.2153400e+00   5.7012800e-01  -6.3218600e+05
   6.9448900e+00  -1.1229200e+00   6.0263200e+00   2.9623100e+00   5.2149500e+00   5.7007900e-01  -6.3218400e+05
   6.9449400e+00  -1.1224400e+00   6.0263000e+00   2.9622800e+00   5.2148200e+00   5.6986900e-01  -6.3218500e+05
   6.9449100e+00  -1.1229100e+00   6.0262900e+00   2.9623700e+00   5.2147200e+00   5.6982200e-01  -6.3218400e+05
   6.9447800e+00  -1.1231300e+00   6.0262200e+00   2.9624600e+00   5.2149300e+00   5.7012700e-01  -6.3218800e+05
   6.9447500e+00  -1.1222800e+00   6.0263300e+00   2.9625700e+00   5.2148700e+00   5.7050000e-01  -6.3218900e+05
   6.9445300e+00  -1.1226100e+00   6.0263200e+00   2.9625700e+00   5.2156100e+00   5.7039800e-01  -6.3218800e+05
   6.9447400e+00  -1.1221900e+00   6.0263200e+00   2.9625900e+00   5.2148600e+00   5.7013800e-01  -6.3218600e+05
   6.9445600e+00  -1.1227500e+00   6.0263900e+00   2.9625300e+00   5.2154200e+00   5.7029700e-01  -6.3218600e+05
   6.9448000e+00  -1.1234500e+00   6.0263300e+00   2.9627400e+00   5.2150200e+00   5.7024200e-01  -6.3218400e+05
   6.9447100e+00  -1.1234900e+00   6.0263100e+00   2.9627700e+00   5.2151000e+00   5.7011200e-01  -6.3218500e+05
   6.9449100e+00  -1.1231600e+00   6.0262600e+00   2.9626200e+00   5.2148800e+00   5.6996500e-01  -6.3218500e+05
   6.9449000e+00  -1.1229900e+00   6.0262700e+00   2.9623800e+00   5.2148200e+00   5.7003300e-01  -6.3218500e+05
   6.9449700e+00  -1.1229100e+00   6.0263700e+00   2.9622200e+00   5.2148400e+00   5.6994600e-01  -6.3218500e+05
   6.9450100e+00  -1.1226000e+00   6.0263500e+00   2.9623500e+00   5.2148500e+00   5.7008200e-01  -6.3218600e+05
   6.9448000e+00  -1.1228900e+00   6.0263400e+00   2.9624100e+00   5.2150700e+00   5.6997000e-01  -6.3218400e+05
   6.9450000e+00  -1.1226000e+00   6.0262400e+00   2.9623600e+00   5.2144600e+00   5.6981200e-01  -6.3218700e+05
   6.9448500e+00  -1.1228500e+00   6.0263400e+00   2.9622700e+00   5.2148800e+00   5.7006800e-01  -6.3218400e+05
   6.9449000e+00  -1.1226900e+00   6.0263600e+00   2.9620700e+00   5.2148400e+00   5.7000300e-01  -6.3218400e+05
   6.9447000e+00  -1.1238000e+00   6.0262700e+00   2.9621400e+00   5.2152600e+00   5.7007900e-01  -6.3218600e+05
   6.9447800e+00  -1.1220300e+00   6.0263800e+00   2.9621900e+00   5.2151200e+00   5.6992000e-01  -6.3218500e+05
   6.9447000e+00  -1.1229700e+00   6.0263900e+00   2.9620000e+00   5.2152900e+00   5.7042600e-01  -6.3218600e+05
   6.9447100e+00  -1.1232300e+00   6.0264100e+00   2.9620400e+00   5.2151400e+00   5.7029000e-01  -6.3218700e+05
   6.9446900e+00  -1.1227600e+00   6.0264600e+00   2.9619900e+00   5.2154300e+00   5.7020100e-01  -6.3218900e+05
   6.9446600e+00  -1.1224200e+00   6.0263900e+00   2.9621600e+00   5.2152900e+00   5.7049600e-01  -6.3218700e+05
   6.9448700e+00  -1.1224100e+00   6.0263100e+00   2.9623400e+00   5.2149100e+00   5.7029800e-01  -6.3218600e+05
   6.9447700e+00  -1.1237500e+00   6.0263200e+00   2.9623400e+00   5.2152400e+00   5.7034900e-01  -6.3218500e+05
   6.9445500e+00  -1.1250500e+00   6.0263600e+00   2.9623600e+00   5.2152700e+00   5.7030700e-01  -6.3218900e+05
   6.9447100e+00  -1.1254500e+00   6.0262700e+00   2.9624200e+00   5.2153000e+00   5.7021100e-01  -6.3218500e+05
   6.9447200e+00  -1.1248000e+00   6.0263200e+00   2.9622900e+00   5.2153000e+00   5.7018600e-01  -6.3218400e+05
   6.9447700e+00  -1.1245400e+00   6.0262700e+00   2.9624700e+00   5.2150300e+00   5.7002000e-01  -6.3218500e+05
   6.9449300e+00  -1.1250300e+00   6.0263300e+00   2.9623500e+00   5.2149000e+00   5.7009600e-01  -6.3218400e+05
   6.9448200e+00  -1.1254600e+00   6.0263100e+00   2.9625200e+00   5.2151700e+00   5.7012700e-01  -6.3218400e+05
   6.9451700e+00  -1.1250000e+00   6.0263000e+00   2.9624100e+00   5.2145200e+00   5.7009000e-01  -6.3218700e+05
   6.9448300e+00  -1.1236700e+00   6.0263600e+00   2.9623800e+00   5.2152200e+00   5.7011700e-01  -6.3218500e+05
   6.9449200e+00  -1.1235300e+00   6.0263700e+00   2.9623100e+00   5.2148500e+00   5.6993900e-01  -6.3218500e+05
   6.9451300e+00  -1.1245000e+00   6.0262300e+00   2.9622800e+00   5.2148000e+00   5.6995100e-01  -6.3218900e+05
   6.9450000e+00  -1.1244200e+00   6.0262700e+00   2.9621700e+00   5.2147300e+00   5.6993400e-01  -6.3218400e+05
   6.9450600e+00  -1.1234800e+00   6.0263000e+00   2.9620900e+00   5.2148200e+00   5.6993600e-01  -6.3218600e+05
   6.9445900e+00  -1.1232500e+00   6.0263300e+00   2.9620900e+00   5.2152500e+00   5.7005300e-01  -6.3218600e+05
   6.9449500e+00  -1.1233600e+00   6.0263700e+00   2.9621900e+00   5.2148800e+00   5.6983300e-01  -6.3218400e+05
   6.9449000e+00  -1.1236700e+00   6.0263500e+00   2.9623600e+00   5.2149100e+00   5.6978800e-01  -6.3218400e+05
   6.9450100e+00  -1.1228600e+00   6.0263900e+00   2.9623700e+00   5.2148600e+00   5.6970500e-01  -6.3218500e+05
   6.9451400e+00  -1.1231500e+00   6.0262500e+00   2.9623200e+00   5.2143300e+00   5.6973000e-01  -6.3218700e+05
   6.9448600e+00  -1.1229000e+00   6.0263700e+00   2.9622200e+00   5.2146100e+00   5.7000800e-01  -6.3218900e+05
   6.9448900e+00  -1.1231000e+00   6.0263200e+00   2.9621800e+00   5.2151400e+00   5.6989900e-01  -6.3218700e+05
   6.9447100e+00  -1.1231500e+00   6.0263000e+00   2.9621300e+00   5.2150600e+00   5.6996800e-01  -6.3218500e+05
   6.9449800e+00  -1.1225200e+00   6.0262900e+00   2.9621300e+00   5.2145500e+00   5.6985400e-01  -6.3218600e+05
   6.9445800e+00  -1.1225100e+00   6.0263600e+00   2.9622000e+00   5.2153300e+00   5.7020800e-01  -6.3218500e+05
   6.9445500e+00  -1.1219900e+00   6.0263500e+00   2.9622800e+00   5.2152300e+00   5.7039300e-01  -6.3218600e+05
   6.9445500e+00  -1.1227900e+00   6.0264100e+00   2.9623600e+00   5.2152800e+00   5.7023000e-01  -6.3218800e+05
   6.9446300e+00  -1.1233900e+00   6.0263700e+00   2.9623900e+00   5.2154000e+00   5.7035700e-01  -6.3218500e+05
   6.9444700e+00  -1.1225700e+00   6.0263800e+00   2.9623200e+00   5.2155400e+00   5.7050500e-01  -6.3218600e+05
   6.9444200e+00  -1.1227300e+00   6.0264000e+00   2.9620500e+00   5.2155200e+00   5.7067600e-01  -6.3218800e+05
   6.9443600e+00  -1.1233700e+00   6.0263300e+00   2.9619000e+00   5.2155900e+00   5.7062600e-01  -6.3218700e+05
   6.9445300e+00  -1.1239700e+00   6.0263600e+00   2.9618700e+00   5.2155600e+00   5.7070300e-01  -6.3218500e+05
   6.9445500e+00  -1.1237500e+00   6.0263000e+00   2.9619100e+00   5.2154600e+00   5.7072900e-01  -6.3218600e+05
   6.9446100e+00  -1.1245200e+00   6.0263400e+00   2.9617800e+00   5.2152600e+00   5.7068400e-01  -6.3218700e+05
   6.9445800e+00  -1.1247800e+00   6.0263600e+00   2.9618700e+00   5.2156700e+00   5.7048800e-01  -6.3218500e+05
   6.9445800e+00  -1.1255700e+00   6.0263500e+00   2.9618000e+00   5.2156500e+00   5.7053100e-01  -6.3218500e+05
   6.9448200e+00  -1.1260100e+00   6.0263000e+00   2.9617500e+00   5.2153100e+00   5.7054300e-01  -6.3218500e+05
   6.9446900e+00  -1.1265700e+00   6.0263800e+00   2.9620000e+00   5.2156100e+00   5.7067100e-01  -6.3218700e+05
   6.9446100e+00  -1.1263000e+00   6.0264000e+00   2.9621600e+00   5.2156400e+00   5.7065500e-01  -6.3218800e+05
   6.9447400e+00  -1.1258900e+00   6.0262200e+00   2.9623600e+00   5.2153300e+00   5.7046200e-01  -6.3218600e+05
   6.9447800e+00  -1.1255800e+00   6.0263000e+00   2.9625300e+00   5.2152500e+00   5.7048500e-01  -6.3218400e+05
   6.9447100e+00  -1.1249300e+00   6.0263100e+00   2.9626700e+00   5.2153600e+00   5.7033400e-01  -6.3218500e+05
   6.9445900e+00  -1.1243300e+00   6.0263200e+00   2.9625600e+00   5.2152800e+00   5.7024200e-01  -6.3218500e+05
   6.9447300e+00  -1.1239900e+00   6.0262400e+00   2.9624500e+00   5.2150300e+00   5.7033900e-01  -6.3218600e+05
   6.9450300e+00  -1.1241200e+00   6.0263000e+00   2.9626500e+00   5.2149000e+00   5.7024200e-01  -6.3218600e+05
   6.9449400e+00  -1.1232400e+00   6.0263100e+00   2.9626800e+00   5.2149800e+00   5.7011000e-01  -6.3218500e+05
   6.9449100e+00  -1.1245000e+00   6.0263300e+00   2.9626500e+00   5.2148000e+00   5.7000800e-01  -6.3218500e+05
   6.9448800e+00  -1.1245500e+00   6.0263300e+00   2.9626100e+00   5.2149400e+00   5.7015000e-01  -6.3218400e+05
   6.9447400e+00  -1.1251300e+00   6.0263300e+00   2.9626700e+00   5.2151900e+00   5.7007300e-01  -6.3218500e+05
   6.9449000e+00  -1.1246200e+00   6.0262200e+00   2.9628800e+00   5.2147100e+00   5.6998200e-01  -6.3218600e+05
   6.9449400e+00  -1.1244500e+00   6.0262300e+00   2.9628000e+00   5.2146500e+00   5.6997100e-01  -6.3218600e+05
   6.9452000e+00  -1.1242300e+00   6.0262200e+00   2.9628500e+00   5.2142100e+00   5.6995000e-01  -6.3218900e+05
