   6.9451500e+00  -1.1275200e+00   6.0263000e+00   2.9615200e+00   5.2147300e+00   5.6995300e-01  -1.2643700e+06
   6.9449800e+00  -1.1277800e+00   6.0262500e+00   2.9614800e+00   5.2150000e+00   5.7015200e-01  -1.2643700e+06
   6.9449400e+00  -1.1278000e+00   6.0263200e+00   2.9614300e+00   5.2151200e+00   5.7011300e-01  -1.2643700e+06
   6.9450400e+00  -1.1274900e+00   6.0262800e+00   2.9613300e+00   5.2150200e+00   5.7011200e-01  -1.2643700e+06
   6.9450100e+00  -1.1274000e+00   6.0262300e+00   2.9613800e+00   5.2149800e+00   5.7024900e-01  -1.2643700e+06
   6.9447300e+00  -1.1270400e+00   6.0262500e+00   2.9612800e+00   5.2152400e+00   5.7014400e-01  -1.2643700e+06
   6.9451500e+00  -1.1270900e+00   6.0262500e+00   2.9613800e+00   5.2149000e+00   5.7004100e-01  -1.2643700e+06
   6.9450200e+00  -1.1269800e+00   6.0263100e+00   2.9613800e+00   5.2150800e+00   5.7003500e-01  -1.2643700e+06
   6.9450200e+00  -1.1267000e+00   6.0262700e+00   2.9614600e+00   5.2150200e+00   5.6992800e-01  -1.2643700e+06
   6.9448700e+00  -1.1267400e+00   6.0263200e+00   2.9613000e+00   5.2150700e+00   5.6986600e-01  -1.2643700e+06
   6.9449400e+00  -1.1268300e+00   6.0262900e+00   2.9613100e+00   5.2151000e+00   5.7001500e-01  -1.2643700e+06
   6.9447900e+00  -1.1267900e+00   6.0263800e+00   2.9610500e+00   5.2154600e+00   5.7018200e-01  -1.2643700e+06
   6.9449900e+00  -1.1268900e+00   6.0263000e+00   2.9609700e+00   5.2150900e+00   5.7011100e-01  -1.2643700e+06
   6.9447800e+00  -1.1267400e+00   6.0263300e+00   2.9609200e+00   5.2153600e+00   5.7027600e-01  -1.2643700e+06
   6.9446900e+00  -1.1264900e+00   6.0263500e+00   2.9608600e+00   5.2154200e+00   5.7034400e-01  -1.2643700e+06
   6.9448800e+00  -1.1264700e+00   6.0262600e+00   2.9608000e+00   5.2152500e+00   5.7027600e-01  -1.2643800e+06
   6.9448000e+00  -1.1262500e+00   6.0263100e+00   2.9609300e+00   5.2153100e+00   5.7042000e-01  -1.2643700e+06
   6.9447200e+00  -1.1260900e+00   6.0263200e+00   2.9609200e+00   5.2154400e+00   5.7067800e-01  -1.2643700e+06
   6.9446300e+00  -1.1261100e+00   6.0263400e+00   2.9609100e+00   5.2156400e+00   5.7075000e-01  -1.2643700e+06
   6.9446900e+00  -1.1260600e+00   6.0263600e+00   2.9609000e+00   5.2155500e+00   5.7058600e-01  -1.2643700e+06
   6.9444700e+00  -1.1258600e+00   6.0262800e+00   2.9606500e+00   5.2157400e+00   5.7073400e-01  -1.2643800e+06
   6.9447300e+00  -1.1258800e+00   6.0264200e+00   2.9607200e+00   5.2155100e+00   5.7040600e-01  -1.2643700e+06
   6.9445700e+00  -1.1255600e+00   6.0263800e+00   2.9609700e+00   5.2158600e+00   5.7081900e-01  -1.2643700e+06
   6.9445400e+00  -1.1255400e+00   6.0263600e+00   2.9610200e+00   5.2156200e+00   5.7056000e-01  -1.2643700e+06
   6.9446400e+00  -1.1255700e+00   6.0263700e+00   2.9609100e+00   5.2154700e+00   5.7052000e-01  -1.2643700e+06
   6.9445400e+00  -1.1256300e+00   6.0263300e+00   2.9608100e+00   5.2156900e+00   5.7060900e-01  -1.2643700e+06
   6.9449000e+00  -1.1258200e+00   6.0263000e+00   2.9610000e+00   5.2151000e+00   5.7035700e-01  -1.2643700e+06
   6.9446400e+00  -1.1259400e+00   6.0263200e+00   2.9610900e+00   5.2154600e+00   5.7023000e-01  -1.2643700e+06
   6.9447500e+00  -1.1259100e+00   6.0263500e+00   2.9611500e+00   5.2154000e+00   5.7057300e-01  -1.2643700e+06
   6.9445700e+00  -1.1259800e+00   6.0263300e+00   2.9611400e+00   5.2154700e+00   5.7045600e-01  -1.2643700e+06
   6.9447700e+00  -1.1262500e+00   6.0263100e+00   2.9610800e+00   5.2153400e+00   5.7030600e-01  -1.2643700e+06
   6.9446400e+00  -1.1262100e+00   6.0263700e+00   2.9611300e+00   5.2155200e+00   5.7042700e-01  -1.2643700e+06
   6.9445100e+00  -1.1259600e+00   6.0263700e+00   2.9611500e+00   5.2155800e+00   5.7069500e-01  -1.2643700e+06
   6.9443600e+00  -1.1258000e+00   6.0263200e+00   2.9613400e+00   5.2159300e+00   5.7085500e-01  -1.2643700e+06
   6.9443400e+00  -1.1257700e+00   6.0263000e+00   2.9612700e+00   5.2159800e+00   5.7078600e-01  -1.2643700e+06
   6.9444800e+00  -1.1256100e+00   6.0263500e+00   2.9614300e+00   5.2156800e+00   5.7083600e-01  -1.2643700e+06
   6.9445400e+00  -1.1258600e+00   6.0263700e+00   2.9616300e+00   5.2157900e+00   5.7080700e-01  -1.2643700e+06
   6.9447000e+00  -1.1258900e+00   6.0262900e+00   2.9614700e+00   5.2153900e+00   5.7073500e-01  -1.2643700e+06
   6.9446800e+00  -1.1260300e+00   6.0263600e+00   2.9613700e+00   5.2154200e+00   5.7071700e-01  -1.2643700e+06
   6.9447400e+00  -1.1260900e+00   6.0263500e+00   2.9612300e+00   5.2153700e+00   5.7043600e-01  -1.2643700e+06
   6.9448500e+00  -1.1262200e+00   6.0262900e+00   2.9613200e+00   5.2153300e+00   5.7017900e-01  -1.2643700e+06
   6.9450600e+00  -1.1258400e+00   6.0263200e+00   2.9612400e+00   5.2148400e+00   5.7003200e-01  -1.2643700e+06
   6.9449700e+00  -1.1258800e+00   6.0263700e+00   2.9614400e+00   5.2150600e+00   5.7001600e-01  -1.2643700e+06
   6.9449800e+00  -1.1256200e+00   6.0262200e+00   2.9614100e+00   5.2148600e+00   5.6996300e-01  -1.2643800e+06
   6.9448400e+00  -1.1255100e+00   6.0262700e+00   2.9615100e+00   5.2151300e+00   5.6992900e-01  -1.2643700e+06
   6.9450300e+00  -1.1254500e+00   6.0262800e+00   2.9618600e+00   5.2147700e+00   5.6972100e-01  -1.2643700e+06
   6.9451300e+00  -1.1252400e+00   6.0263100e+00   2.9620300e+00   5.2146600e+00   5.6991600e-01  -1.2643700e+06
   6.9449800e+00  -1.1249200e+00   6.0263400e+00   2.9620300e+00   5.2148800e+00   5.7006400e-01  -1.2643700e+06
   6.9449400e+00  -1.1245700e+00   6.0263400e+00   2.9622700e+00   5.2150400e+00   5.7002000e-01  -1.2643700e+06
   6.9449300e+00  -1.1243600e+00   6.0263500e+00   2.9622200e+00   5.2149400e+00   5.6983900e-01  -1.2643700e+06
   6.9448800e+00  -1.1243300e+00   6.0262900e+00   2.9622400e+00   5.2149100e+00   5.7001500e-01  -1.2643700e+06
   6.9449600e+00  -1.1244400e+00   6.0263500e+00   2.9622800e+00   5.2148700e+00   5.7002800e-01  -1.2643700e+06
   6.9448400e+00  -1.1240900e+00   6.0263100e+00   2.9624300e+00   5.2150600e+00   5.7014000e-01  -1.2643700e+06
   6.9448500e+00  -1.1244700e+00   6.0263600e+00   2.9622800e+00   5.2151700e+00   5.7009000e-01  -1.2643700e+06
   6.9450200e+00  -1.1245800e+00   6.0262600e+00   2.9622500e+00   5.2147100e+00   5.6994800e-01  -1.2643700e+06
   6.9450200e+00  -1.1244500e+00   6.0263500e+00   2.9624100e+00   5.2148500e+00   5.6995600e-01  -1.2643700e+06
   6.9448400e+00  -1.1243300e+00   6.0262800e+00   2.9626000e+00   5.2149600e+00   5.6989700e-01  -1.2643700e+06
   6.9452400e+00  -1.1238500e+00   6.0262700e+00   2.9627100e+00   5.2143300e+00   5.6964600e-01  -1.2643700e+06
   6.9451500e+00  -1.1239700e+00   6.0263000e+00   2.9627300e+00   5.2144900e+00   5.6965800e-01  -1.2643700e+06
   6.9450600e+00  -1.1239000e+00   6.0262500e+00   2.9628200e+00   5.2145500e+00   5.6967500e-01  -1.2643700e+06
   6.9449400e+00  -1.1235300e+00   6.0262800e+00   2.9627600e+00   5.2147100e+00   5.6978700e-01  -1.2643700e+06
   6.9449100e+00  -1.1236200e+00   6.0263200e+00   2.9628000e+00   5.2148200e+00   5.6976600e-01  -1.2643700e+06
   6.9449900e+00  -1.1235600e+00   6.0263400e+00   2.9627000e+00   5.2147000e+00   5.6982700e-01  -1.2643700e+06
   6.9451200e+00  -1.1236000e+00   6.0263000e+00   2.9626800e+00   5.2144900e+00   5.6973900e-01  -1.2643700e+06
   6.9451000e+00  -1.1239400e+00   6.0262900e+00   2.9627100e+00   5.2146900e+00   5.6967900e-01  -1.2643700e+06
   6.9449500e+00  -1.1236200e+00   6.0263100e+00   2.9627900e+00   5.2146900e+00   5.6964700e-01  -1.2643700e+06
   6.9450600e+00  -1.1232900e+00   6.0263100e+00   2.9626600e+00   5.2145300e+00   5.6960400e-01  -1.2643700e+06
   6.9451800e+00  -1.1235400e+00   6.0263000e+00   2.9625200e+00   5.2145200e+00   5.6959800e-01  -1.2643700e+06
   6.9451100e+00  -1.1229700e+00   6.0263000e+00   2.9625600e+00   5.2143800e+00   5.6955600e-01  -1.2643700e+06
   6.9451600e+00  -1.1233900e+00   6.0263500e+00   2.9626700e+00   5.2143900e+00   5.6941100e-01  -1.2643700e+06
   6.9451700e+00  -1.1236600e+00   6.0263200e+00   2.9628500e+00   5.2144400e+00   5.6964400e-01  -1.2643700e+06
   6.9452300e+00  -1.1238000e+00   6.0262800e+00   2.9626200e+00   5.2142800e+00   5.6947800e-01  -1.2643700e+06
   6.9452900e+00  -1.1238900e+00   6.0263100e+00   2.9627100e+00   5.2142600e+00   5.6935800e-01  -1.2643700e+06
   6.9452800e+00  -1.1242200e+00   6.0262900e+00   2.9626600e+00   5.2143000e+00   5.6928000e-01  -1.2643700e+06
   6.9453300e+00  -1.1239000e+00   6.0263000e+00   2.9626800e+00   5.2142300e+00   5.6926700e-01  -1.2643700e+06
   6.9452300e+00  -1.1244500e+00   6.0262500e+00   2.9627500e+00   5.2143700e+00   5.6929000e-01  -1.2643700e+06
   6.9453100e+00  -1.1243500e+00   6.0263000e+00   2.9627800e+00   5.2142400e+00   5.6943200e-01  -1.2643700e+06
   6.9451900e+00  -1.1237800e+00   6.0262500e+00   2.9627100e+00   5.2143500e+00   5.6959100e-01  -1.2643700e+06
   6.9451000e+00  -1.1241200e+00   6.0262900e+00   2.9627600e+00   5.2144900e+00   5.6955800e-01  -1.2643700e+06
   6.9452100e+00  -1.1241000e+00   6.0262600e+00   2.9627200e+00   5.2143800e+00   5.6939000e-01  -1.2643700e+06
   6.9450300e+00  -1.1241200e+00   6.0263300e+00   2.9627400e+00   5.2146400e+00   5.6940300e-01  -1.2643700e+06
   6.9451600e+00  -1.1238400e+00   6.0263100e+00   2.9625300e+00   5.2144200e+00   5.6939600e-01  -1.2643700e+06
   6.9453600e+00  -1.1235400e+00   6.0263200e+00   2.9624100e+00   5.2141400e+00   5.6937400e-01  -1.2643700e+06
   6.9451000e+00  -1.1233300e+00   6.0263100e+00   2.9624900e+00   5.2144700e+00   5.6941900e-01  -1.2643700e+06
   6.9451700e+00  -1.1233900e+00   6.0263100e+00   2.9625800e+00   5.2143100e+00   5.6939900e-01  -1.2643700e+06
   6.9451900e+00  -1.1236200e+00   6.0262800e+00   2.9625600e+00   5.2144100e+00   5.6943600e-01  -1.2643700e+06
   6.9451200e+00  -1.1235700e+00   6.0262800e+00   2.9626500e+00   5.2145200e+00   5.6953700e-01  -1.2643700e+06
   6.9450100e+00  -1.1235400e+00   6.0263300e+00   2.9626400e+00   5.2147700e+00   5.6980000e-01  -1.2643700e+06
   6.9450600e+00  -1.1237000e+00   6.0263000e+00   2.9626100e+00   5.2146000e+00   5.6974700e-01  -1.2643700e+06
   6.9451000e+00  -1.1235600e+00   6.0263400e+00   2.9627900e+00   5.2146100e+00   5.6970900e-01  -1.2643700e+06
   6.9449800e+00  -1.1230300e+00   6.0263300e+00   2.9627300e+00   5.2146100e+00   5.6972900e-01  -1.2643700e+06
   6.9450900e+00  -1.1231300e+00   6.0263300e+00   2.9627800e+00   5.2145300e+00   5.6964400e-01  -1.2643700e+06
   6.9449900e+00  -1.1230100e+00   6.0263200e+00   2.9626400e+00   5.2148200e+00   5.6974800e-01  -1.2643700e+06
   6.9447100e+00  -1.1229800e+00   6.0263400e+00   2.9624900e+00   5.2150100e+00   5.7009600e-01  -1.2643700e+06
   6.9447800e+00  -1.1229100e+00   6.0262900e+00   2.9626200e+00   5.2150000e+00   5.7010900e-01  -1.2643700e+06
   6.9446600e+00  -1.1231300e+00   6.0263700e+00   2.9627200e+00   5.2153200e+00   5.7033000e-01  -1.2643700e+06
   6.9447700e+00  -1.1231200e+00   6.0262900e+00   2.9626100e+00   5.2149700e+00   5.7034900e-01  -1.2643700e+06
   6.9447700e+00  -1.1231000e+00   6.0262800e+00   2.9625400e+00   5.2150700e+00   5.7050300e-01  -1.2643700e+06
   6.9446000e+00  -1.1227200e+00   6.0263800e+00   2.9624800e+00   5.2154300e+00   5.7040900e-01  -1.2643700e+06
   6.9447000e+00  -1.1229300e+00   6.0263300e+00   2.9624300e+00   5.2152500e+00   5.7020700e-01  -1.2643700e+06
   6.9447200e+00  -1.1227800e+00   6.0263800e+00   2.9624400e+00   5.2151800e+00   5.7029500e-01  -1.2643700e+06
   6.9445900e+00  -1.1232000e+00   6.0262800e+00   2.9625400e+00   5.2153400e+00   5.7046600e-01  -1.2643700e+06
   6.9446900e+00  -1.1230700e+00   6.0263200e+00   2.9625400e+00   5.2151100e+00   5.7039200e-01  -1.2643700e+06
   6.9446000e+00  -1.1229100e+00   6.0263100e+00   2.9626300e+00   5.2151700e+00   5.7023500e-01  -1.2643700e+06
   6.9444800e+00  -1.1227600e+00   6.0263800e+00   2.9625000e+00   5.2154000e+00   5.7029100e-01  -1.2643700e+06
   6.9444900e+00  -1.1228200e+00   6.0263500e+00   2.9625200e+00   5.2153300e+00   5.7050600e-01  -1.2643700e+06
   6.9445700e+00  -1.1226100e+00   6.0263500e+00   2.9625900e+00   5.2153600e+00   5.7057900e-01  -1.2643700e+06
   6.9446800e+00  -1.1231500e+00   6.0263800e+00   2.9625600e+00   5.2152600e+00   5.7034200e-01  -1.2643700e+06
   6.9448300e+00  -1.1231700e+00   6.0263500e+00   2.9627200e+00   5.2151200e+00   5.7028700e-01  -1.2643700e+06
   6.9446800e+00  -1.1231900e+00   6.0263700e+00   2.9625200e+00   5.2151900e+00   5.7036400e-01  -1.2643700e+06
   6.9444700e+00  -1.1231700e+00   6.0262600e+00   2.9624700e+00   5.2154400e+00   5.7042700e-01  -1.2643800e+06
   6.9446700e+00  -1.1229800e+00   6.0263500e+00   2.9625200e+00   5.2150300e+00   5.7037700e-01  -1.2643700e+06
   6.9447100e+00  -1.1226000e+00   6.0263000e+00   2.9626800e+00   5.2150900e+00   5.7039700e-01  -1.2643700e+06
   6.9445800e+00  -1.1228100e+00   6.0262900e+00   2.9625600e+00   5.2152700e+00   5.7040600e-01  -1.2643700e+06
   6.9449200e+00  -1.1229100e+00   6.0263700e+00   2.9625600e+00   5.2149800e+00   5.7009300e-01  -1.2643700e+06
   6.9450800e+00  -1.1225200e+00   6.0263900e+00   2.9623900e+00   5.2147400e+00   5.6967500e-01  -1.2643700e+06
   6.9449300e+00  -1.1220800e+00   6.0264100e+00   2.9621400e+00   5.2147400e+00   5.6968800e-01  -1.2643700e+06
   6.9447800e+00  -1.1217800e+00   6.0263600e+00   2.9622000e+00   5.2147300e+00   5.6975700e-01  -1.2643700e+06
   6.9447100e+00  -1.1219400e+00   6.0263800e+00   2.9623400e+00   5.2149800e+00   5.6996700e-01  -1.2643700e+06
   6.9448100e+00  -1.1219400e+00   6.0263000e+00   2.9620600e+00   5.2151300e+00   5.6992600e-01  -1.2643800e+06
   6.9450500e+00  -1.1220600e+00   6.0262800e+00   2.9621600e+00   5.2145400e+00   5.6960300e-01  -1.2643700e+06
   6.9448800e+00  -1.1221400e+00   6.0263700e+00   2.9619900e+00   5.2149400e+00   5.6959300e-01  -1.2643700e+06
   6.9449400e+00  -1.1220500e+00   6.0263800e+00   2.9621300e+00   5.2149100e+00   5.6958500e-01  -1.2643700e+06
   6.9448200e+00  -1.1221800e+00   6.0263800e+00   2.9622100e+00   5.2148800e+00   5.6979100e-01  -1.2643700e+06
   6.9450600e+00  -1.1224400e+00   6.0263600e+00   2.9623200e+00   5.2146700e+00   5.6973700e-01  -1.2643700e+06
   6.9448700e+00  -1.1221500e+00   6.0263400e+00   2.9623100e+00   5.2147000e+00   5.6969000e-01  -1.2643700e+06
   6.9447600e+00  -1.1222500e+00   6.0263700e+00   2.9623600e+00   5.2150300e+00   5.6973600e-01  -1.2643700e+06
   6.9447600e+00  -1.1221400e+00   6.0262900e+00   2.9622300e+00   5.2149200e+00   5.6981400e-01  -1.2643700e+06
   6.9450700e+00  -1.1218800e+00   6.0263900e+00   2.9621500e+00   5.2146100e+00   5.6971800e-01  -1.2643700e+06
   6.9450100e+00  -1.1220200e+00   6.0263400e+00   2.9621100e+00   5.2145000e+00   5.6962600e-01  -1.2643700e+06
   6.9452000e+00  -1.1221800e+00   6.0263700e+00   2.9621300e+00   5.2143400e+00   5.6945400e-01  -1.2643700e+06
   6.9450600e+00  -1.1223900e+00   6.0263800e+00   2.9622300e+00   5.2144800e+00   5.6934600e-01  -1.2643700e+06
   6.9450200e+00  -1.1226900e+00   6.0263600e+00   2.9620900e+00   5.2145800e+00   5.6945100e-01  -1.2643700e+06
   6.9452700e+00  -1.1230400e+00   6.0263300e+00   2.9622300e+00   5.2143500e+00   5.6921200e-01  -1.2643700e+06
   6.9453000e+00  -1.1233100e+00   6.0262800e+00   2.9624400e+00   5.2140700e+00   5.6908200e-01  -1.2643700e+06
   6.9452900e+00  -1.1232200e+00   6.0263500e+00   2.9624500e+00   5.2143000e+00   5.6915100e-01  -1.2643700e+06
   6.9451500e+00  -1.1230000e+00   6.0263600e+00   2.9625400e+00   5.2145100e+00   5.6921400e-01  -1.2643700e+06
   6.9453400e+00  -1.1230700e+00   6.0263000e+00   2.9627000e+00   5.2140700e+00   5.6904800e-01  -1.2643700e+06
   6.9455100e+00  -1.1234100e+00   6.0263300e+00   2.9628700e+00   5.2140700e+00   5.6910900e-01  -1.2643700e+06
   6.9454000e+00  -1.1233100e+00   6.0262700e+00   2.9628700e+00   5.2138800e+00   5.6895700e-01  -1.2643700e+06
   6.9451900e+00  -1.1235200e+00   6.0263700e+00   2.9627300e+00   5.2144000e+00   5.6923200e-01  -1.2643700e+06
   6.9453500e+00  -1.1237100e+00   6.0263200e+00   2.9626700e+00   5.2142500e+00   5.6924400e-01  -1.2643700e+06
   6.9453000e+00  -1.1236300e+00   6.0263000e+00   2.9626400e+00   5.2142200e+00   5.6929800e-01  -1.2643700e+06
   6.9450800e+00  -1.1235700e+00   6.0263300e+00   2.9625200e+00   5.2145900e+00   5.6939000e-01  -1.2643700e+06
   6.9450600e+00  -1.1233300e+00   6.0263100e+00   2.9623400e+00   5.2147100e+00   5.6954500e-01  -1.2643700e+06
   6.9452500e+00  -1.1234200e+00   6.0262700e+00   2.9623100e+00   5.2143100e+00   5.6925900e-01  -1.2643700e+06
   6.9453700e+00  -1.1234000e+00   6.0263000e+00   2.9620900e+00   5.2141200e+00   5.6930600e-01  -1.2643700e+06
   6.9451700e+00  -1.1233100e+00   6.0263100e+00   2.9622300e+00   5.2144000e+00   5.6933800e-01  -1.2643700e+06
   6.9453000e+00  -1.1230500e+00   6.0263500e+00   2.9621800e+00   5.2142900e+00   5.6933900e-01  -1.2643700e+06
   6.9451300e+00  -1.1231600e+00   6.0263600e+00   2.9618900e+00   5.2146900e+00   5.6954500e-01  -1.2643700e+06
   6.9451600e+00  -1.1232300e+00   6.0263200e+00   2.9618400e+00   5.2145600e+00   5.6957600e-01  -1.2643700e+06
   6.9451000e+00  -1.1232700e+00   6.0263300e+00   2.9618600e+00   5.2147300e+00   5.6948200e-01  -1.2643700e+06
   6.9455000e+00  -1.1234600e+00   6.0263600e+00   2.9618400e+00   5.2140800e+00   5.6901900e-01  -1.2643700e+06
   6.9454600e+00  -1.1234100e+00   6.0262800e+00   2.9620700e+00   5.2140700e+00   5.6902000e-01  -1.2643700e+06
   6.9451700e+00  -1.1231500e+00   6.0263400e+00   2.9621200e+00   5.2143000e+00   5.6939700e-01  -1.2643700e+06
   6.9453200e+00  -1.1228600e+00   6.0263500e+00   2.9623000e+00   5.2142400e+00   5.6917700e-01  -1.2643700e+06
   6.9453600e+00  -1.1227900e+00   6.0263800e+00   2.9622300e+00   5.2141700e+00   5.6922300e-01  -1.2643700e+06
   6.9452600e+00  -1.1226700e+00   6.0263400e+00   2.9622700e+00   5.2141700e+00   5.6929800e-01  -1.2643700e+06
   6.9452500e+00  -1.1227700e+00   6.0262700e+00   2.9623600e+00   5.2142200e+00   5.6942400e-01  -1.2643700e+06
   6.9450400e+00  -1.1231400e+00   6.0263200e+00   2.9623100e+00   5.2145800e+00   5.6945300e-01  -1.2643700e+06
   6.9450600e+00  -1.1228300e+00   6.0263700e+00   2.9620700e+00   5.2146300e+00   5.6949100e-01  -1.2643700e+06
   6.9451200e+00  -1.1227400e+00   6.0263500e+00   2.9621000e+00   5.2145500e+00   5.6941400e-01  -1.2643700e+06
   6.9450800e+00  -1.1223200e+00   6.0263100e+00   2.9621900e+00   5.2143700e+00   5.6947000e-01  -1.2643700e+06
   6.9451700e+00  -1.1224900e+00   6.0263200e+00   2.9621400e+00   5.2144600e+00   5.6945400e-01  -1.2643700e+06
   6.9447200e+00  -1.1222500e+00   6.0263500e+00   2.9621300e+00   5.2150000e+00   5.6969700e-01  -1.2643700e+06
   6.9450200e+00  -1.1226800e+00   6.0262400e+00   2.9621000e+00   5.2145800e+00   5.6992000e-01  -1.2643800e+06
   6.9448200e+00  -1.1224200e+00   6.0263700e+00   2.9622000e+00   5.2150900e+00   5.6985100e-01  -1.2643700e+06
   6.9450800e+00  -1.1224400e+00   6.0263300e+00   2.9622400e+00   5.2146000e+00   5.6967000e-01  -1.2643700e+06
   6.9449500e+00  -1.1228100e+00   6.0263600e+00   2.9622800e+00   5.2148100e+00   5.6973300e-01  -1.2643700e+06
   6.9450600e+00  -1.1226900e+00   6.0263200e+00   2.9623200e+00   5.2146300e+00   5.6981400e-01  -1.2643700e+06
   6.9449300e+00  -1.1225400e+00   6.0263800e+00   2.9623000e+00   5.2149100e+00   5.6972100e-01  -1.2643700e+06
   6.9448600e+00  -1.1228600e+00   6.0263700e+00   2.9621500e+00   5.2149300e+00   5.6982100e-01  -1.2643700e+06
   6.9448300e+00  -1.1227800e+00   6.0262900e+00   2.9621700e+00   5.2148800e+00   5.6989900e-01  -1.2643700e+06
   6.9449300e+00  -1.1229600e+00   6.0263800e+00   2.9623600e+00   5.2147800e+00   5.6999200e-01  -1.2643700e+06
   6.9448200e+00  -1.1229800e+00   6.0263800e+00   2.9624100e+00   5.2151000e+00   5.7001900e-01  -1.2643700e+06
   6.9449400e+00  -1.1230400e+00   6.0263600e+00   2.9625100e+00   5.2149400e+00   5.6988500e-01  -1.2643700e+06
   6.9449100e+00  -1.1232300e+00   6.0263000e+00   2.9625600e+00   5.2148200e+00   5.7006000e-01  -1.2643700e+06
   6.9447600e+00  -1.1232200e+00   6.0263200e+00   2.9625400e+00   5.2151800e+00   5.7001700e-01  -1.2643700e+06
   6.9447900e+00  -1.1230400e+00   6.0263700e+00   2.9625100e+00   5.2151700e+00   5.7001500e-01  -1.2643700e+06
   6.9448600e+00  -1.1231400e+00   6.0263000e+00   2.9626300e+00   5.2150600e+00   5.7010500e-01  -1.2643700e+06
   6.9449800e+00  -1.1234300e+00   6.0263300e+00   2.9626600e+00   5.2146200e+00   5.7010600e-01  -1.2643700e+06
   6.9449100e+00  -1.1237300e+00   6.0263000e+00   2.9626700e+00   5.2148300e+00   5.7003100e-01  -1.2643700e+06
   6.9449800e+00  -1.1238700e+00   6.0263300e+00   2.9626700e+00   5.2148400e+00   5.7005600e-01  -1.2643700e+06
   6.9448800e+00  -1.1240600e+00   6.0263200e+00   2.9626200e+00   5.2147600e+00   5.7007300e-01  -1.2643700e+06
   6.9448500e+00  -1.1240100e+00   6.0262800e+00   2.9625700e+00   5.2149600e+00   5.7031700e-01  -1.2643700e+06
   6.9447000e+00  -1.1239000e+00   6.0263300e+00   2.9627400e+00   5.2152400e+00   5.7053700e-01  -1.2643700e+06
   6.9444700e+00  -1.1238400e+00   6.0262900e+00   2.9626300e+00   5.2155600e+00   5.7069800e-01  -1.2643700e+06
   6.9444900e+00  -1.1238600e+00   6.0262800e+00   2.9626800e+00   5.2154800e+00   5.7064500e-01  -1.2643700e+06
   6.9446800e+00  -1.1242000e+00   6.0263000e+00   2.9626600e+00   5.2153500e+00   5.7050900e-01  -1.2643700e+06
   6.9448000e+00  -1.1245200e+00   6.0263400e+00   2.9627300e+00   5.2150300e+00   5.7040800e-01  -1.2643700e+06
   6.9447400e+00  -1.1244900e+00   6.0263700e+00   2.9629100e+00   5.2153300e+00   5.7033300e-01  -1.2643700e+06
   6.9447300e+00  -1.1244800e+00   6.0262700e+00   2.9630300e+00   5.2150000e+00   5.7012600e-01  -1.2643700e+06
   6.9449700e+00  -1.1246400e+00   6.0262800e+00   2.9631400e+00   5.2149300e+00   5.7022600e-01  -1.2643700e+06
   6.9448600e+00  -1.1243900e+00   6.0263200e+00   2.9630800e+00   5.2149700e+00   5.7018300e-01  -1.2643700e+06
   6.9449000e+00  -1.1244700e+00   6.0262600e+00   2.9630400e+00   5.2150200e+00   5.7022300e-01  -1.2643700e+06
   6.9449200e+00  -1.1244000e+00   6.0262900e+00   2.9629000e+00   5.2147500e+00   5.7011000e-01  -1.2643700e+06
   6.9448000e+00  -1.1243800e+00   6.0262900e+00   2.9629500e+00   5.2151200e+00   5.7022700e-01  -1.2643700e+06
   6.9448600e+00  -1.1243900e+00   6.0263100e+00   2.9628100e+00   5.2149700e+00   5.7006400e-01  -1.2643700e+06
   6.9448300e+00  -1.1242800e+00   6.0262600e+00   2.9627000e+00   5.2149700e+00   5.7009700e-01  -1.2643700e+06
   6.9445700e+00  -1.1242200e+00   6.0263100e+00   2.9627200e+00   5.2153600e+00   5.7046900e-01  -1.2643700e+06
   6.9448000e+00  -1.1241900e+00   6.0263100e+00   2.9628600e+00   5.2151600e+00   5.7037900e-01  -1.2643700e+06
   6.9447800e+00  -1.1242400e+00   6.0262900e+00   2.9628300e+00   5.2151600e+00   5.7052600e-01  -1.2643700e+06
   6.9446400e+00  -1.1243500e+00   6.0263100e+00   2.9627000e+00   5.2153300e+00   5.7060600e-01  -1.2643700e+06
   6.9446400e+00  -1.1247800e+00   6.0263100e+00   2.9627400e+00   5.2153000e+00   5.7060700e-01  -1.2643700e+06
   6.9447800e+00  -1.1248400e+00   6.0262900e+00   2.9626800e+00   5.2152400e+00   5.7039100e-01  -1.2643700e+06
   6.9448000e+00  -1.1248400e+00   6.0262700e+00   2.9626900e+00   5.2151300e+00   5.7036600e-01  -1.2643700e+06
   6.9448000e+00  -1.1247400e+00   6.0263200e+00   2.9626200e+00   5.2152200e+00   5.7008700e-01  -1.2643700e+06
   6.9449300e+00  -1.1247700e+00   6.0262800e+00   2.9626100e+00   5.2148900e+00   5.7004200e-01  -1.2643700e+06
   6.9449200e+00  -1.1246500e+00   6.0263400e+00   2.9625500e+00   5.2148300e+00   5.6992000e-01  -1.2643700e+06
   6.9449800e+00  -1.1246600e+00   6.0263300e+00   2.9625900e+00   5.2147700e+00   5.6998900e-01  -1.2643700e+06
   6.9448300e+00  -1.1247200e+00   6.0262700e+00   2.9625900e+00   5.2150100e+00   5.7013600e-01  -1.2643700e+06
   6.9449300e+00  -1.1246300e+00   6.0262900e+00   2.9625900e+00   5.2148500e+00   5.7013400e-01  -1.2643700e+06
   6.9449000e+00  -1.1246600e+00   6.0262900e+00   2.9625600e+00   5.2148300e+00   5.7003200e-01  -1.2643700e+06
   6.9447700e+00  -1.1245700e+00   6.0262400e+00   2.9624800e+00   5.2150400e+00   5.7014000e-01  -1.2643700e+06
   6.9450500e+00  -1.1247000e+00   6.0263500e+00   2.9624200e+00   5.2148700e+00   5.7016100e-01  -1.2643700e+06
   6.9449300e+00  -1.1247800e+00   6.0262900e+00   2.9624200e+00   5.2149900e+00   5.7025700e-01  -1.2643700e+06
   6.9447300e+00  -1.1245800e+00   6.0263200e+00   2.9621900e+00   5.2152900e+00   5.7020700e-01  -1.2643700e+06
   6.9446300e+00  -1.1243300e+00   6.0263200e+00   2.9622800e+00   5.2151600e+00   5.7039400e-01  -1.2643700e+06
   6.9448600e+00  -1.1243200e+00   6.0262700e+00   2.9623700e+00   5.2150100e+00   5.7018600e-01  -1.2643700e+06
   6.9448300e+00  -1.1243100e+00   6.0263000e+00   2.9625600e+00   5.2151000e+00   5.7019400e-01  -1.2643700e+06
   6.9449200e+00  -1.1242600e+00   6.0263200e+00   2.9627500e+00   5.2149600e+00   5.7010500e-01  -1.2643700e+06
   6.9447800e+00  -1.1241600e+00   6.0263200e+00   2.9627900e+00   5.2152800e+00   5.7027100e-01  -1.2643700e+06
   6.9448800e+00  -1.1242600e+00   6.0262400e+00   2.9627900e+00   5.2149400e+00   5.7009000e-01  -1.2643700e+06
   6.9448600e+00  -1.1243000e+00   6.0262600e+00   2.9627900e+00   5.2149900e+00   5.7007800e-01  -1.2643700e+06
   6.9448500e+00  -1.1243700e+00   6.0262600e+00   2.9629300e+00   5.2148400e+00   5.7013000e-01  -1.2643700e+06
   6.9446600e+00  -1.1242500e+00   6.0263400e+00   2.9629000e+00   5.2153400e+00   5.7042700e-01  -1.2643700e+06
   6.9445500e+00  -1.1242100e+00   6.0262500e+00   2.9627900e+00   5.2153000e+00   5.7051300e-01  -1.2643700e+06
   6.9447900e+00  -1.1242000e+00   6.0262800e+00   2.9626000e+00   5.2151000e+00   5.7019700e-01  -1.2643700e+06
   6.9448200e+00  -1.1246100e+00   6.0262900e+00   2.9626700e+00   5.2149600e+00   5.7004900e-01  -1.2643700e+06
   6.9448900e+00  -1.1243500e+00   6.0263400e+00   2.9628300e+00   5.2149900e+00   5.7007000e-01  -1.2643700e+06
   6.9448700e+00  -1.1242500e+00   6.0262600e+00   2.9628500e+00   5.2149700e+00   5.7020000e-01  -1.2643700e+06
   6.9449400e+00  -1.1241500e+00   6.0262800e+00   2.9627900e+00   5.2148700e+00   5.7003800e-01  -1.2643700e+06
   6.9448800e+00  -1.1239500e+00   6.0263700e+00   2.9626600e+00   5.2150000e+00   5.7009700e-01  -1.2643700e+06
   6.9450200e+00  -1.1238800e+00   6.0262700e+00   2.9626200e+00   5.2147700e+00   5.7004000e-01  -1.2643700e+06
   6.9449300e+00  -1.1240200e+00   6.0263500e+00   2.9625300e+00   5.2149700e+00   5.6996000e-01  -1.2643700e+06
   6.9450300e+00  -1.1243500e+00   6.0262600e+00   2.9627000e+00   5.2146400e+00   5.6995100e-01  -1.2643700e+06
   6.9448300e+00  -1.1242900e+00   6.0263400e+00   2.9628200e+00   5.2150700e+00   5.7003400e-01  -1.2643700e+06
   6.9449000e+00  -1.1244500e+00   6.0262700e+00   2.9626500e+00   5.2149100e+00   5.7008600e-01  -1.2643700e+06
   6.9448600e+00  -1.1245500e+00   6.0263400e+00   2.9624800e+00   5.2150100e+00   5.7005900e-01  -1.2643700e+06
   6.9448500e+00  -1.1245400e+00   6.0263200e+00   2.9623600e+00   5.2149600e+00   5.7014100e-01  -1.2643700e+06
   6.9449700e+00  -1.1244900e+00   6.0263300e+00   2.9625100e+00   5.2150200e+00   5.7006400e-01  -1.2643700e+06
   6.9448300e+00  -1.1247000e+00   6.0263000e+00   2.9625700e+00   5.2149900e+00   5.7008700e-01  -1.2643700e+06
   6.9450400e+00  -1.1247500e+00   6.0263100e+00   2.9628400e+00   5.2147100e+00   5.6987700e-01  -1.2643700e+06
   6.9448700e+00  -1.1250900e+00   6.0262700e+00   2.9629600e+00   5.2149500e+00   5.7001700e-01  -1.2643700e+06
   6.9447200e+00  -1.1248700e+00   6.0262400e+00   2.9629400e+00   5.2151600e+00   5.7010300e-01  -1.2643700e+06
   6.9451200e+00  -1.1247100e+00   6.0262600e+00   2.9631500e+00   5.2145700e+00   5.6993300e-01  -1.2643700e+06
   6.9446700e+00  -1.1244500e+00   6.0263500e+00   2.9631200e+00   5.2152400e+00   5.7014100e-01  -1.2643700e+06
   6.9449100e+00  -1.1245200e+00   6.0262700e+00   2.9630500e+00   5.2148000e+00   5.6992700e-01  -1.2643700e+06
   6.9450500e+00  -1.1244400e+00   6.0262500e+00   2.9628200e+00   5.2147600e+00   5.7004700e-01  -1.2643700e+06
   6.9451000e+00  -1.1246700e+00   6.0263200e+00   2.9631200e+00   5.2148600e+00   5.7011700e-01  -1.2643700e+06
   6.9448200e+00  -1.1245000e+00   6.0263200e+00   2.9629400e+00   5.2151100e+00   5.7034200e-01  -1.2643700e+06
   6.9447100e+00  -1.1246700e+00   6.0263100e+00   2.9629500e+00   5.2153000e+00   5.7046600e-01  -1.2643700e+06
   6.9447300e+00  -1.1246300e+00   6.0263500e+00   2.9628300e+00   5.2153100e+00   5.7046600e-01  -1.2643700e+06
   6.9448300e+00  -1.1248100e+00   6.0262600e+00   2.9628500e+00   5.2148600e+00   5.7027800e-01  -1.2643700e+06
   6.9449900e+00  -1.1250300e+00   6.0262700e+00   2.9627100e+00   5.2148500e+00   5.7015100e-01  -1.2643700e+06
   6.9449300e+00  -1.1253700e+00   6.0262600e+00   2.9627300e+00   5.2149900e+00   5.6997200e-01  -1.2643700e+06
   6.9451300e+00  -1.1254100e+00   6.0263000e+00   2.9624900e+00   5.2146300e+00   5.6987100e-01  -1.2643700e+06
   6.9450700e+00  -1.1255100e+00   6.0262700e+00   2.9622600e+00   5.2148000e+00   5.6982500e-01  -1.2643700e+06
   6.9450100e+00  -1.1255000e+00   6.0262800e+00   2.9622000e+00   5.2149500e+00   5.7008800e-01  -1.2643700e+06
   6.9447200e+00  -1.1254100e+00   6.0263100e+00   2.9621100e+00   5.2151900e+00   5.7041200e-01  -1.2643700e+06
   6.9448500e+00  -1.1255700e+00   6.0263200e+00   2.9622300e+00   5.2151500e+00   5.7023500e-01  -1.2643700e+06
   6.9449200e+00  -1.1254900e+00   6.0263300e+00   2.9619600e+00   5.2150200e+00   5.7005100e-01  -1.2643700e+06
   6.9447000e+00  -1.1253500e+00   6.0263900e+00   2.9620300e+00   5.2154500e+00   5.7031400e-01  -1.2643700e+06
   6.9448000e+00  -1.1252500e+00   6.0263100e+00   2.9620900e+00   5.2153200e+00   5.7034200e-01  -1.2643700e+06
   6.9446000e+00  -1.1254900e+00   6.0263600e+00   2.9622300e+00   5.2153400e+00   5.7043600e-01  -1.2643700e+06
   6.9445600e+00  -1.1255500e+00   6.0263300e+00   2.9621700e+00   5.2155600e+00   5.7061500e-01  -1.2643700e+06
   6.9447100e+00  -1.1259100e+00   6.0262900e+00   2.9622600e+00   5.2154500e+00   5.7068400e-01  -1.2643700e+06
   6.9447100e+00  -1.1258700e+00   6.0262500e+00   2.9624200e+00   5.2153200e+00   5.7048800e-01  -1.2643700e+06
   6.9449700e+00  -1.1258100e+00   6.0262700e+00   2.9623300e+00   5.2149900e+00   5.7040300e-01  -1.2643700e+06
   6.9447400e+00  -1.1256500e+00   6.0262700e+00   2.9622200e+00   5.2154100e+00   5.7055800e-01  -1.2643700e+06
   6.9447200e+00  -1.1256600e+00   6.0262500e+00   2.9621500e+00   5.2155600e+00   5.7055400e-01  -1.2643800e+06
   6.9447900e+00  -1.1257800e+00   6.0262400e+00   2.9621500e+00   5.2151600e+00   5.7013300e-01  -1.2643700e+06
   6.9449800e+00  -1.1257700e+00   6.0262400e+00   2.9620600e+00   5.2149100e+00   5.7016900e-01  -1.2643700e+06
   6.9448900e+00  -1.1260100e+00   6.0263200e+00   2.9618300e+00   5.2151500e+00   5.6993900e-01  -1.2643700e+06
   6.9451400e+00  -1.1258000e+00   6.0263400e+00   2.9619300e+00   5.2147000e+00   5.6991300e-01  -1.2643700e+06
   6.9449400e+00  -1.1258000e+00   6.0262600e+00   2.9618700e+00   5.2149000e+00   5.7011800e-01  -1.2643700e+06
   6.9450300e+00  -1.1257100e+00   6.0262900e+00   2.9618500e+00   5.2148300e+00   5.6998100e-01  -1.2643700e+06
   6.9448100e+00  -1.1258500e+00   6.0263500e+00   2.9619200e+00   5.2152800e+00   5.7010500e-01  -1.2643700e+06
   6.9449900e+00  -1.1260100e+00   6.0262600e+00   2.9620100e+00   5.2149000e+00   5.7016200e-01  -1.2643700e+06
   6.9449000e+00  -1.1258300e+00   6.0263700e+00   2.9620300e+00   5.2151800e+00   5.7010700e-01  -1.2643700e+06
   6.9449900e+00  -1.1254000e+00   6.0263200e+00   2.9620100e+00   5.2150100e+00   5.7004400e-01  -1.2643700e+06
   6.9449300e+00  -1.1254400e+00   6.0263100e+00   2.9620000e+00   5.2149200e+00   5.7004400e-01  -1.2643700e+06
   6.9447900e+00  -1.1250800e+00   6.0263500e+00   2.9619900e+00   5.2152200e+00   5.7017200e-01  -1.2643700e+06
   6.9449300e+00  -1.1252400e+00   6.0263300e+00   2.9619700e+00   5.2150000e+00   5.6998700e-01  -1.2643700e+06
   6.9449900e+00  -1.1252500e+00   6.0263300e+00   2.9619200e+00   5.2149400e+00   5.6999900e-01  -1.2643700e+06
   6.9451400e+00  -1.1254500e+00   6.0262900e+00   2.9616500e+00   5.2147400e+00   5.6981600e-01  -1.2643700e+06
   6.9448800e+00  -1.1255600e+00   6.0263700e+00   2.9616900e+00   5.2151800e+00   5.7002100e-01  -1.2643700e+06
   6.9448900e+00  -1.1253400e+00   6.0262800e+00   2.9616000e+00   5.2151100e+00   5.7010100e-01  -1.2643700e+06
   6.9447900e+00  -1.1252200e+00   6.0263800e+00   2.9615600e+00   5.2151800e+00   5.7020500e-01  -1.2643700e+06
   6.9447000e+00  -1.1251200e+00   6.0263400e+00   2.9615100e+00   5.2154200e+00   5.7017200e-01  -1.2643700e+06
   6.9447900e+00  -1.1249300e+00   6.0263300e+00   2.9615300e+00   5.2151300e+00   5.7015900e-01  -1.2643700e+06
   6.9448300e+00  -1.1248000e+00   6.0264100e+00   2.9616300e+00   5.2150500e+00   5.7009600e-01  -1.2643700e+06
   6.9449700e+00  -1.1248700e+00   6.0262700e+00   2.9614200e+00   5.2149700e+00   5.6996600e-01  -1.2643700e+06
   6.9448900e+00  -1.1249500e+00   6.0263100e+00   2.9614200e+00   5.2150900e+00   5.7022000e-01  -1.2643700e+06
   6.9446800e+00  -1.1251000e+00   6.0263400e+00   2.9616000e+00   5.2152200e+00   5.7040600e-01  -1.2643700e+06
   6.9447200e+00  -1.1252800e+00   6.0263300e+00   2.9614400e+00   5.2152200e+00   5.7023000e-01  -1.2643700e+06
   6.9446900e+00  -1.1251900e+00   6.0263100e+00   2.9615700e+00   5.2153500e+00   5.7038900e-01  -1.2643700e+06
   6.9447300e+00  -1.1248300e+00   6.0263600e+00   2.9616700e+00   5.2153400e+00   5.7028000e-01  -1.2643700e+06
   6.9447500e+00  -1.1247900e+00   6.0263500e+00   2.9617500e+00   5.2153200e+00   5.7017500e-01  -1.2643700e+06
   6.9447400e+00  -1.1250500e+00   6.0263000e+00   2.9619000e+00   5.2153300e+00   5.7024400e-01  -1.2643700e+06
   6.9447700e+00  -1.1250500e+00   6.0263200e+00   2.9620400e+00   5.2152100e+00   5.7034400e-01  -1.2643700e+06
   6.9449300e+00  -1.1252000e+00   6.0263400e+00   2.9620600e+00   5.2149800e+00   5.7014700e-01  -1.2643700e+06
   6.9447600e+00  -1.1252800e+00   6.0262800e+00   2.9621900e+00   5.2152900e+00   5.7017700e-01  -1.2643700e+06
   6.9450100e+00  -1.1251200e+00   6.0262500e+00   2.9624600e+00   5.2148400e+00   5.7002700e-01  -1.2643700e+06
   6.9451100e+00  -1.1249700e+00   6.0263100e+00   2.9624100e+00   5.2147800e+00   5.6980500e-01  -1.2643700e+06
   6.9449800e+00  -1.1249200e+00   6.0263100e+00   2.9625500e+00   5.2148000e+00   5.6982400e-01  -1.2643700e+06
   6.9449900e+00  -1.1248500e+00   6.0262800e+00   2.9624700e+00   5.2147500e+00   5.6996600e-01  -1.2643700e+06
   6.9451700e+00  -1.1248700e+00   6.0263400e+00   2.9625400e+00   5.2146400e+00   5.6999000e-01  -1.2643700e+06
   6.9447500e+00  -1.1248300e+00   6.0262900e+00   2.9624700e+00   5.2151200e+00   5.7018400e-01  -1.2643700e+06
   6.9447600e+00  -1.1249100e+00   6.0262800e+00   2.9625000e+00   5.2151500e+00   5.7022500e-01  -1.2643700e+06
   6.9446300e+00  -1.1249000e+00   6.0263800e+00   2.9626400e+00   5.2153900e+00   5.7048800e-01  -1.2643700e+06
   6.9444900e+00  -1.1249000e+00   6.0262600e+00   2.9628200e+00   5.2154800e+00   5.7062000e-01  -1.2643700e+06
   6.9446800e+00  -1.1250400e+00   6.0262700e+00   2.9627400e+00   5.2152900e+00   5.7058500e-01  -1.2643700e+06
   6.9446100e+00  -1.1250300e+00   6.0263200e+00   2.9627600e+00   5.2153800e+00   5.7063000e-01  -1.2643700e+06
   6.9446400e+00  -1.1248700e+00   6.0263200e+00   2.9629200e+00   5.2153500e+00   5.7056400e-01  -1.2643700e+06
   6.9447800e+00  -1.1248300e+00   6.0262700e+00   2.9628200e+00   5.2150300e+00   5.7027900e-01  -1.2643700e+06
   6.9448500e+00  -1.1247600e+00   6.0262800e+00   2.9630100e+00   5.2149800e+00   5.7008500e-01  -1.2643700e+06
   6.9450000e+00  -1.1249100e+00   6.0263400e+00   2.9628500e+00   5.2147300e+00   5.6997100e-01  -1.2643700e+06
   6.9449600e+00  -1.1249300e+00   6.0263200e+00   2.9628600e+00   5.2149000e+00   5.7012200e-01  -1.2643700e+06
   6.9450200e+00  -1.1252000e+00   6.0262400e+00   2.9630100e+00   5.2147700e+00   5.7000800e-01  -1.2643700e+06
   6.9446900e+00  -1.1253700e+00   6.0262600e+00   2.9631800e+00   5.2151600e+00   5.7031200e-01  -1.2643700e+06
   6.9447800e+00  -1.1252800e+00   6.0263100e+00   2.9632700e+00   5.2152900e+00   5.7036500e-01  -1.2643700e+06
   6.9448500e+00  -1.1253300e+00   6.0262700e+00   2.9632300e+00   5.2149400e+00   5.7038700e-01  -1.2643700e+06
   6.9446900e+00  -1.1254400e+00   6.0262900e+00   2.9630500e+00   5.2152800e+00   5.7034700e-01  -1.2643700e+06
   6.9447200e+00  -1.1254800e+00   6.0262700e+00   2.9630200e+00   5.2152400e+00   5.7038200e-01  -1.2643700e+06
   6.9447200e+00  -1.1253000e+00   6.0263000e+00   2.9629100e+00   5.2151700e+00   5.7032600e-01  -1.2643700e+06
   6.9446600e+00  -1.1250200e+00   6.0262600e+00   2.9628000e+00   5.2155000e+00   5.7082700e-01  -1.2643700e+06
   6.9446100e+00  -1.1251800e+00   6.0262900e+00   2.9629600e+00   5.2154300e+00   5.7059800e-01  -1.2643700e+06
   6.9447100e+00  -1.1253200e+00   6.0262700e+00   2.9629100e+00   5.2153600e+00   5.7060300e-01  -1.2643700e+06
   6.9447700e+00  -1.1251800e+00   6.0262900e+00   2.9630200e+00   5.2153000e+00   5.7027700e-01  -1.2643700e+06
   6.9448300e+00  -1.1251100e+00   6.0262500e+00   2.9630500e+00   5.2149700e+00   5.7020200e-01  -1.2643700e+06
   6.9449100e+00  -1.1253000e+00   6.0262300e+00   2.9630500e+00   5.2148300e+00   5.7039400e-01  -1.2643700e+06
   6.9449400e+00  -1.1250700e+00   6.0262100e+00   2.9629800e+00   5.2148000e+00   5.7028800e-01  -1.2643700e+06
   6.9447000e+00  -1.1249200e+00   6.0262500e+00   2.9629600e+00   5.2152000e+00   5.7041400e-01  -1.2643700e+06
   6.9448500e+00  -1.1251500e+00   6.0262700e+00   2.9627900e+00   5.2151600e+00   5.7040800e-01  -1.2643700e+06
   6.9448300e+00  -1.1252500e+00   6.0262700e+00   2.9628000e+00   5.2149700e+00   5.7024900e-01  -1.2643700e+06
   6.9447600e+00  -1.1254200e+00   6.0262800e+00   2.9625600e+00   5.2151800e+00   5.7027400e-01  -1.2643700e+06
   6.9449700e+00  -1.1252700e+00   6.0263200e+00   2.9626700e+00   5.2150300e+00   5.7014400e-01  -1.2643700e+06
   6.9450100e+00  -1.1252900e+00   6.0263000e+00   2.9627600e+00   5.2148500e+00   5.6985800e-01  -1.2643700e+06
   6.9449900e+00  -1.1256400e+00   6.0263000e+00   2.9626500e+00   5.2147600e+00   5.6985100e-01  -1.2643700e+06
   6.9450400e+00  -1.1255900e+00   6.0262800e+00   2.9627000e+00   5.2146400e+00   5.6974800e-01  -1.2643700e+06
   6.9449400e+00  -1.1255000e+00   6.0262700e+00   2.9625600e+00   5.2148600e+00   5.7003400e-01  -1.2643700e+06
   6.9449400e+00  -1.1254500e+00   6.0263100e+00   2.9626600e+00   5.2150500e+00   5.7002300e-01  -1.2643700e+06
   6.9448800e+00  -1.1253500e+00   6.0262700e+00   2.9627800e+00   5.2150200e+00   5.7024300e-01  -1.2643700e+06
   6.9449900e+00  -1.1255000e+00   6.0262700e+00   2.9628200e+00   5.2148800e+00   5.7015300e-01  -1.2643700e+06
   6.9451400e+00  -1.1255400e+00   6.0262700e+00   2.9627400e+00   5.2146600e+00   5.6976200e-01  -1.2643700e+06
   6.9449600e+00  -1.1252600e+00   6.0262900e+00   2.9625800e+00   5.2147800e+00   5.6979600e-01  -1.2643700e+06
   6.9449300e+00  -1.1254600e+00   6.0263000e+00   2.9625200e+00   5.2147700e+00   5.6992100e-01  -1.2643700e+06
   6.9449500e+00  -1.1255900e+00   6.0263000e+00   2.9626000e+00   5.2150000e+00   5.7021900e-01  -1.2643700e+06
   6.9448900e+00  -1.1255200e+00   6.0262400e+00   2.9625600e+00   5.2149400e+00   5.7019500e-01  -1.2643700e+06
   6.9447600e+00  -1.1256900e+00   6.0262400e+00   2.9626600e+00   5.2150800e+00   5.7027300e-01  -1.2643700e+06
   6.9447400e+00  -1.1255600e+00   6.0262800e+00   2.9626200e+00   5.2150000e+00   5.7021100e-01  -1.2643700e+06
   6.9448100e+00  -1.1255100e+00   6.0262700e+00   2.9626100e+00   5.2152300e+00   5.7035300e-01  -1.2643700e+06
   6.9446900e+00  -1.1254100e+00   6.0263100e+00   2.9623800e+00   5.2150900e+00   5.7024800e-01  -1.2643700e+06
   6.9448300e+00  -1.1253000e+00   6.0262800e+00   2.9625000e+00   5.2150300e+00   5.7033400e-01  -1.2643700e+06
   6.9448800e+00  -1.1253400e+00   6.0262600e+00   2.9623900e+00   5.2150400e+00   5.7015500e-01  -1.2643700e+06
   6.9448100e+00  -1.1250800e+00   6.0263200e+00   2.9623200e+00   5.2151100e+00   5.7012300e-01  -1.2643700e+06
   6.9448300e+00  -1.1251700e+00   6.0263000e+00   2.9620000e+00   5.2151300e+00   5.7002100e-01  -1.2643700e+06
   6.9449200e+00  -1.1251800e+00   6.0263100e+00   2.9620200e+00   5.2149800e+00   5.6998700e-01  -1.2643700e+06
   6.9448900e+00  -1.1250200e+00   6.0263000e+00   2.9619300e+00   5.2150400e+00   5.6994000e-01  -1.2643700e+06
   6.9447400e+00  -1.1250200e+00   6.0263800e+00   2.9620100e+00   5.2152500e+00   5.7026300e-01  -1.2643700e+06
   6.9447800e+00  -1.1254100e+00   6.0263400e+00   2.9622000e+00   5.2152200e+00   5.7020300e-01  -1.2643700e+06
   6.9447800e+00  -1.1254000e+00   6.0263400e+00   2.9621300e+00   5.2152000e+00   5.7032300e-01  -1.2643700e+06
   6.9449700e+00  -1.1256600e+00   6.0263400e+00   2.9620700e+00   5.2149700e+00   5.7014500e-01  -1.2643700e+06
   6.9449100e+00  -1.1255700e+00   6.0262900e+00   2.9620000e+00   5.2150600e+00   5.6990500e-01  -1.2643700e+06
   6.9451200e+00  -1.1255600e+00   6.0263100e+00   2.9620000e+00   5.2146500e+00   5.6981200e-01  -1.2643700e+06
   6.9449300e+00  -1.1257600e+00   6.0262800e+00   2.9618400e+00   5.2149400e+00   5.7005800e-01  -1.2643700e+06
   6.9449300e+00  -1.1257900e+00   6.0263000e+00   2.9620600e+00   5.2149300e+00   5.6991200e-01  -1.2643700e+06
   6.9450000e+00  -1.1258700e+00   6.0262800e+00   2.9619200e+00   5.2149300e+00   5.6981400e-01  -1.2643700e+06
   6.9450200e+00  -1.1258900e+00   6.0263100e+00   2.9619100e+00   5.2150100e+00   5.6981200e-01  -1.2643700e+06
   6.9449400e+00  -1.1257600e+00   6.0262900e+00   2.9618900e+00   5.2148400e+00   5.6976100e-01  -1.2643700e+06
   6.9450300e+00  -1.1258600e+00   6.0262500e+00   2.9618800e+00   5.2147900e+00   5.6985000e-01  -1.2643700e+06
   6.9450500e+00  -1.1259100e+00   6.0262700e+00   2.9619500e+00   5.2147000e+00   5.6993000e-01  -1.2643700e+06
   6.9449900e+00  -1.1256300e+00   6.0262800e+00   2.9618000e+00   5.2148000e+00   5.6999400e-01  -1.2643700e+06
   6.9446500e+00  -1.1259000e+00   6.0263000e+00   2.9619500e+00   5.2153400e+00   5.7036500e-01  -1.2643700e+06
   6.9450200e+00  -1.1258600e+00   6.0262400e+00   2.9619000e+00   5.2148200e+00   5.6991300e-01  -1.2643700e+06
   6.9450000e+00  -1.1258500e+00   6.0262600e+00   2.9617100e+00   5.2150400e+00   5.6992700e-01  -1.2643700e+06
   6.9451200e+00  -1.1258600e+00   6.0262700e+00   2.9619700e+00   5.2146300e+00   5.6984900e-01  -1.2643700e+06
   6.9448000e+00  -1.1259500e+00   6.0263100e+00   2.9619600e+00   5.2152600e+00   5.7021400e-01  -1.2643700e+06
   6.9448100e+00  -1.1260300e+00   6.0262600e+00   2.9617700e+00   5.2152800e+00   5.7021300e-01  -1.2643700e+06
   6.9451000e+00  -1.1258900e+00   6.0262500e+00   2.9617800e+00   5.2147800e+00   5.6991900e-01  -1.2643700e+06
   6.9449500e+00  -1.1253600e+00   6.0263100e+00   2.9618100e+00   5.2148200e+00   5.6982200e-01  -1.2643700e+06
   6.9449500e+00  -1.1252800e+00   6.0262600e+00   2.9620200e+00   5.2149900e+00   5.7002000e-01  -1.2643700e+06
   6.9448600e+00  -1.1251800e+00   6.0263900e+00   2.9619000e+00   5.2153300e+00   5.7020600e-01  -1.2643700e+06
   6.9450200e+00  -1.1249500e+00   6.0263400e+00   2.9618300e+00   5.2147100e+00   5.7006500e-01  -1.2643700e+06
   6.9448100e+00  -1.1248300e+00   6.0263300e+00   2.9619200e+00   5.2151800e+00   5.6994000e-01  -1.2643700e+06
   6.9447700e+00  -1.1247200e+00   6.0262700e+00   2.9618700e+00   5.2150700e+00   5.7016000e-01  -1.2643700e+06
   6.9448800e+00  -1.1248300e+00   6.0263300e+00   2.9618900e+00   5.2151800e+00   5.7020000e-01  -1.2643700e+06
   6.9449200e+00  -1.1251500e+00   6.0262700e+00   2.9620500e+00   5.2149800e+00   5.7024100e-01  -1.2643700e+06
   6.9448800e+00  -1.1248600e+00   6.0263500e+00   2.9619100e+00   5.2151100e+00   5.7008700e-01  -1.2643700e+06
   6.9448400e+00  -1.1249700e+00   6.0263100e+00   2.9617400e+00   5.2150300e+00   5.7006800e-01  -1.2643700e+06
   6.9447500e+00  -1.1252000e+00   6.0263300e+00   2.9617800e+00   5.2153300e+00   5.7036400e-01  -1.2643700e+06
   6.9450500e+00  -1.1253000e+00   6.0263200e+00   2.9618700e+00   5.2149000e+00   5.7008400e-01  -1.2643700e+06
   6.9450200e+00  -1.1253600e+00   6.0263100e+00   2.9618200e+00   5.2149300e+00   5.7024100e-01  -1.2643700e+06
   6.9448200e+00  -1.1255600e+00   6.0263600e+00   2.9618200e+00   5.2151200e+00   5.7029200e-01  -1.2643700e+06
   6.9448000e+00  -1.1254100e+00   6.0263200e+00   2.9618200e+00   5.2149900e+00   5.7033700e-01  -1.2643700e+06
   6.9447900e+00  -1.1253000e+00   6.0262900e+00   2.9618100e+00   5.2152700e+00   5.7022900e-01  -1.2643700e+06
   6.9447200e+00  -1.1255300e+00   6.0262700e+00   2.9619500e+00   5.2153300e+00   5.7046000e-01  -1.2643700e+06
   6.9448700e+00  -1.1254400e+00   6.0263400e+00   2.9619000e+00   5.2151900e+00   5.7041400e-01  -1.2643700e+06
   6.9447300e+00  -1.1253600e+00   6.0263400e+00   2.9617600e+00   5.2154600e+00   5.7044000e-01  -1.2643700e+06
   6.9447000e+00  -1.1253400e+00   6.0263700e+00   2.9618300e+00   5.2154700e+00   5.7043500e-01  -1.2643700e+06
   6.9449000e+00  -1.1254700e+00   6.0262800e+00   2.9619000e+00   5.2149800e+00   5.7024400e-01  -1.2643700e+06
   6.9448200e+00  -1.1255000e+00   6.0263500e+00   2.9619000e+00   5.2151700e+00   5.7035800e-01  -1.2643700e+06
   6.9448200e+00  -1.1255000e+00   6.0262900e+00   2.9619800e+00   5.2151500e+00   5.7034000e-01  -1.2643700e+06
   6.9448500e+00  -1.1253600e+00   6.0262900e+00   2.9619900e+00   5.2151600e+00   5.7032600e-01  -1.2643700e+06
   6.9448500e+00  -1.1254100e+00   6.0262700e+00   2.9622700e+00   5.2151300e+00   5.7032600e-01  -1.2643700e+06
   6.9447900e+00  -1.1254800e+00   6.0262800e+00   2.9621300e+00   5.2149700e+00   5.7027400e-01  -1.2643700e+06
   6.9448100e+00  -1.1254400e+00   6.0263100e+00   2.9622100e+00   5.2150700e+00   5.7017100e-01  -1.2643700e+06
   6.9448600e+00  -1.1254000e+00   6.0262900e+00   2.9621800e+00   5.2149900e+00   5.7034800e-01  -1.2643700e+06
   6.9449600e+00  -1.1253500e+00   6.0263000e+00   2.9621800e+00   5.2149000e+00   5.7015700e-01  -1.2643700e+06
   6.9448000e+00  -1.1253900e+00   6.0262400e+00   2.9620700e+00   5.2150700e+00   5.7022200e-01  -1.2643700e+06
   6.9449200e+00  -1.1254700e+00   6.0262800e+00   2.9620100e+00   5.2150900e+00   5.7016900e-01  -1.2643700e+06
   6.9448700e+00  -1.1256200e+00   6.0262800e+00   2.9620800e+00   5.2150900e+00   5.7027700e-01  -1.2643700e+06
   6.9448100e+00  -1.1256100e+00   6.0263400e+00   2.9620900e+00   5.2152000e+00   5.7025700e-01  -1.2643700e+06
   6.9448800e+00  -1.1253500e+00   6.0262700e+00   2.9620800e+00   5.2150100e+00   5.7033300e-01  -1.2643700e+06
   6.9448100e+00  -1.1254200e+00   6.0263000e+00   2.9621100e+00   5.2152500e+00   5.7028400e-01  -1.2643700e+06
   6.9447800e+00  -1.1255400e+00   6.0262600e+00   2.9620200e+00   5.2151000e+00   5.7012600e-01  -1.2643700e+06
   6.9447800e+00  -1.1256000e+00   6.0263200e+00   2.9620700e+00   5.2150800e+00   5.7018300e-01  -1.2643700e+06
   6.9448700e+00  -1.1256200e+00   6.0263000e+00   2.9620300e+00   5.2151300e+00   5.7035900e-01  -1.2643700e+06
   6.9448400e+00  -1.1255100e+00   6.0263400e+00   2.9618500e+00   5.2151100e+00   5.7016400e-01  -1.2643700e+06
   6.9448000e+00  -1.1257800e+00   6.0262900e+00   2.9619300e+00   5.2152400e+00   5.7049900e-01  -1.2643700e+06
   6.9447500e+00  -1.1259000e+00   6.0262800e+00   2.9617100e+00   5.2153100e+00   5.7047800e-01  -1.2643700e+06
   6.9447800e+00  -1.1257200e+00   6.0262800e+00   2.9617100e+00   5.2151500e+00   5.7061100e-01  -1.2643700e+06
   6.9448200e+00  -1.1257800e+00   6.0263100e+00   2.9617000e+00   5.2152000e+00   5.7030300e-01  -1.2643700e+06
   6.9447700e+00  -1.1256100e+00   6.0263000e+00   2.9617000e+00   5.2152100e+00   5.7029800e-01  -1.2643700e+06
   6.9448000e+00  -1.1255700e+00   6.0263200e+00   2.9614900e+00   5.2152900e+00   5.7034700e-01  -1.2643700e+06
   6.9447000e+00  -1.1254600e+00   6.0263500e+00   2.9615200e+00   5.2153500e+00   5.7040200e-01  -1.2643700e+06
   6.9446500e+00  -1.1255400e+00   6.0263100e+00   2.9615000e+00   5.2155900e+00   5.7033300e-01  -1.2643700e+06
   6.9447700e+00  -1.1257500e+00   6.0263600e+00   2.9615900e+00   5.2155400e+00   5.7028200e-01  -1.2643700e+06
   6.9448400e+00  -1.1255800e+00   6.0262900e+00   2.9613900e+00   5.2151100e+00   5.7016100e-01  -1.2643700e+06
   6.9449000e+00  -1.1254700e+00   6.0263300e+00   2.9615500e+00   5.2148800e+00   5.7009800e-01  -1.2643700e+06
   6.9449600e+00  -1.1254600e+00   6.0263200e+00   2.9615900e+00   5.2150600e+00   5.6985600e-01  -1.2643700e+06
   6.9450800e+00  -1.1253600e+00   6.0263600e+00   2.9616500e+00   5.2147500e+00   5.6980300e-01  -1.2643700e+06
   6.9449200e+00  -1.1254300e+00   6.0263300e+00   2.9617200e+00   5.2149700e+00   5.6998700e-01  -1.2643700e+06
   6.9448900e+00  -1.1252700e+00   6.0263600e+00   2.9617700e+00   5.2148500e+00   5.6983200e-01  -1.2643700e+06
   6.9450300e+00  -1.1249100e+00   6.0263000e+00   2.9618700e+00   5.2148200e+00   5.6988100e-01  -1.2643700e+06
   6.9449600e+00  -1.1248900e+00   6.0262600e+00   2.9618800e+00   5.2148800e+00   5.6975300e-01  -1.2643700e+06
   6.9451100e+00  -1.1248100e+00   6.0262900e+00   2.9618700e+00   5.2144700e+00   5.6963900e-01  -1.2643700e+06
   6.9451200e+00  -1.1249100e+00   6.0262900e+00   2.9620000e+00   5.2146400e+00   5.6947100e-01  -1.2643700e+06
   6.9451000e+00  -1.1247600e+00   6.0263400e+00   2.9619300e+00   5.2147900e+00   5.6945500e-01  -1.2643700e+06
   6.9455100e+00  -1.1248600e+00   6.0262700e+00   2.9620500e+00   5.2140100e+00   5.6905600e-01  -1.2643700e+06
   6.9452600e+00  -1.1246000e+00   6.0263400e+00   2.9620100e+00   5.2144500e+00   5.6935100e-01  -1.2643700e+06
   6.9451400e+00  -1.1246900e+00   6.0263600e+00   2.9622100e+00   5.2147100e+00   5.6948800e-01  -1.2643700e+06
   6.9448700e+00  -1.1246700e+00   6.0263500e+00   2.9622600e+00   5.2150600e+00   5.6977100e-01  -1.2643700e+06
   6.9452700e+00  -1.1244300e+00   6.0263000e+00   2.9624300e+00   5.2142500e+00   5.6971800e-01  -1.2643700e+06
   6.9449500e+00  -1.1241200e+00   6.0263000e+00   2.9624500e+00   5.2147100e+00   5.6989600e-01  -1.2643700e+06
   6.9448600e+00  -1.1239800e+00   6.0262400e+00   2.9624300e+00   5.2147300e+00   5.7002700e-01  -1.2643700e+06
   6.9449000e+00  -1.1241600e+00   6.0263300e+00   2.9624200e+00   5.2150300e+00   5.6986200e-01  -1.2643700e+06
   6.9448800e+00  -1.1241600e+00   6.0263400e+00   2.9621500e+00   5.2149900e+00   5.7004700e-01  -1.2643700e+06
   6.9448700e+00  -1.1241700e+00   6.0263400e+00   2.9619400e+00   5.2150500e+00   5.7003700e-01  -1.2643700e+06
   6.9450100e+00  -1.1243000e+00   6.0263200e+00   2.9619600e+00   5.2145600e+00   5.6979800e-01  -1.2643700e+06
   6.9449600e+00  -1.1246300e+00   6.0263600e+00   2.9617900e+00   5.2149300e+00   5.6992400e-01  -1.2643700e+06
   6.9448300e+00  -1.1247800e+00   6.0262700e+00   2.9618600e+00   5.2148600e+00   5.7019900e-01  -1.2643700e+06
   6.9447800e+00  -1.1247600e+00   6.0263000e+00   2.9619700e+00   5.2153100e+00   5.7035000e-01  -1.2643700e+06
   6.9447000e+00  -1.1247400e+00   6.0263300e+00   2.9618900e+00   5.2153700e+00   5.7041000e-01  -1.2643700e+06
   6.9448500e+00  -1.1246900e+00   6.0263800e+00   2.9618100e+00   5.2151400e+00   5.7039100e-01  -1.2643700e+06
   6.9447300e+00  -1.1247500e+00   6.0263600e+00   2.9617800e+00   5.2152600e+00   5.7035000e-01  -1.2643700e+06
   6.9447200e+00  -1.1251200e+00   6.0263300e+00   2.9617000e+00   5.2151900e+00   5.7018000e-01  -1.2643700e+06
   6.9448800e+00  -1.1251300e+00   6.0263000e+00   2.9616100e+00   5.2149900e+00   5.7015500e-01  -1.2643700e+06
   6.9447700e+00  -1.1250900e+00   6.0263500e+00   2.9614400e+00   5.2151600e+00   5.6999800e-01  -1.2643700e+06
   6.9449100e+00  -1.1251600e+00   6.0263400e+00   2.9612400e+00   5.2151100e+00   5.7000300e-01  -1.2643700e+06
   6.9449400e+00  -1.1252400e+00   6.0263700e+00   2.9612400e+00   5.2151100e+00   5.6992800e-01  -1.2643700e+06
   6.9449800e+00  -1.1248800e+00   6.0263200e+00   2.9611900e+00   5.2148300e+00   5.6973800e-01  -1.2643700e+06
   6.9451600e+00  -1.1250200e+00   6.0262800e+00   2.9612200e+00   5.2147700e+00   5.6954300e-01  -1.2643800e+06
   6.9449800e+00  -1.1252000e+00   6.0263700e+00   2.9613500e+00   5.2148600e+00   5.6979700e-01  -1.2643700e+06
   6.9449800e+00  -1.1251900e+00   6.0263600e+00   2.9613700e+00   5.2149200e+00   5.6968700e-01  -1.2643700e+06
   6.9450000e+00  -1.1248900e+00   6.0263500e+00   2.9612600e+00   5.2148300e+00   5.6974000e-01  -1.2643700e+06
   6.9450500e+00  -1.1249100e+00   6.0263700e+00   2.9612800e+00   5.2147800e+00   5.6968600e-01  -1.2643700e+06
   6.9449700e+00  -1.1249900e+00   6.0263000e+00   2.9614100e+00   5.2147600e+00   5.6989000e-01  -1.2643700e+06
   6.9448700e+00  -1.1250200e+00   6.0263400e+00   2.9615800e+00   5.2150400e+00   5.6994100e-01  -1.2643700e+06
   6.9449400e+00  -1.1250900e+00   6.0262900e+00   2.9616100e+00   5.2149400e+00   5.7000200e-01  -1.2643700e+06
   6.9447900e+00  -1.1251200e+00   6.0262800e+00   2.9616800e+00   5.2152600e+00   5.7019600e-01  -1.2643700e+06
   6.9447800e+00  -1.1253000e+00   6.0263200e+00   2.9617600e+00   5.2150600e+00   5.7018800e-01  -1.2643700e+06
   6.9446900e+00  -1.1252200e+00   6.0263100e+00   2.9621700e+00   5.2153800e+00   5.7021200e-01  -1.2643700e+06
   6.9448600e+00  -1.1250900e+00   6.0262800e+00   2.9621100e+00   5.2150700e+00   5.7040800e-01  -1.2643700e+06
   6.9447200e+00  -1.1250500e+00   6.0263300e+00   2.9619500e+00   5.2151000e+00   5.7037900e-01  -1.2643700e+06
   6.9447200e+00  -1.1248900e+00   6.0262700e+00   2.9620200e+00   5.2151900e+00   5.7037500e-01  -1.2643700e+06
   6.9448600e+00  -1.1248100e+00   6.0263100e+00   2.9620300e+00   5.2150500e+00   5.7015000e-01  -1.2643700e+06
   6.9446300e+00  -1.1249200e+00   6.0263500e+00   2.9620200e+00   5.2154200e+00   5.7017000e-01  -1.2643700e+06
   6.9446600e+00  -1.1250200e+00   6.0263000e+00   2.9620000e+00   5.2152800e+00   5.7045600e-01  -1.2643700e+06
   6.9446600e+00  -1.1252300e+00   6.0263400e+00   2.9619700e+00   5.2154000e+00   5.7055800e-01  -1.2643700e+06
   6.9447300e+00  -1.1251700e+00   6.0262600e+00   2.9620800e+00   5.2152000e+00   5.7055000e-01  -1.2643700e+06
   6.9448400e+00  -1.1249900e+00   6.0263200e+00   2.9619800e+00   5.2151600e+00   5.7040300e-01  -1.2643700e+06
   6.9446300e+00  -1.1250300e+00   6.0263100e+00   2.9620200e+00   5.2154500e+00   5.7046100e-01  -1.2643700e+06
   6.9446200e+00  -1.1250600e+00   6.0263400e+00   2.9619400e+00   5.2154100e+00   5.7033600e-01  -1.2643700e+06
   6.9448700e+00  -1.1247700e+00   6.0263000e+00   2.9619300e+00   5.2150000e+00   5.7028100e-01  -1.2643700e+06
   6.9450100e+00  -1.1247400e+00   6.0263100e+00   2.9617700e+00   5.2149200e+00   5.7004900e-01  -1.2643700e+06
