   6.9436800e+00  -1.1296500e+00   6.0263000e+00   2.9610200e+00   5.2171000e+00   5.7201500e-01  -2.5287700e+05
   6.9439900e+00  -1.1290000e+00   6.0263600e+00   2.9614000e+00   5.2168400e+00   5.7210200e-01  -2.5287600e+05
   6.9443600e+00  -1.1288400e+00   6.0262400e+00   2.9629800e+00   5.2163400e+00   5.7213800e-01  -2.5287700e+05
   6.9442400e+00  -1.1293500e+00   6.0263100e+00   2.9605100e+00   5.2166700e+00   5.7204600e-01  -2.5287600e+05
   6.9442300e+00  -1.1295100e+00   6.0263300e+00   2.9626900e+00   5.2162500e+00   5.7201400e-01  -2.5287700e+05
   6.9438000e+00  -1.1298100e+00   6.0263800e+00   2.9604900e+00   5.2174400e+00   5.7210900e-01  -2.5287700e+05
   6.9441000e+00  -1.1295100e+00   6.0263200e+00   2.9620200e+00   5.2169000e+00   5.7206900e-01  -2.5287600e+05
   6.9440600e+00  -1.1292900e+00   6.0261000e+00   2.9638200e+00   5.2161500e+00   5.7213300e-01  -2.5287900e+05
   6.9436600e+00  -1.1292700e+00   6.0263800e+00   2.9625900e+00   5.2171400e+00   5.7221600e-01  -2.5287900e+05
   6.9442200e+00  -1.1291900e+00   6.0263000e+00   2.9612900e+00   5.2168100e+00   5.7224100e-01  -2.5287700e+05
   6.9438700e+00  -1.1293000e+00   6.0262600e+00   2.9602200e+00   5.2172900e+00   5.7208500e-01  -2.5287800e+05
   6.9442700e+00  -1.1292600e+00   6.0262300e+00   2.9629700e+00   5.2163700e+00   5.7208700e-01  -2.5287600e+05
   6.9438200e+00  -1.1292500e+00   6.0262600e+00   2.9623200e+00   5.2172600e+00   5.7221000e-01  -2.5287700e+05
   6.9440600e+00  -1.1290000e+00   6.0263900e+00   2.9602100e+00   5.2167600e+00   5.7195700e-01  -2.5287600e+05
   6.9442000e+00  -1.1284500e+00   6.0261700e+00   2.9621200e+00   5.2160400e+00   5.7190400e-01  -2.5287700e+05
   6.9441100e+00  -1.1285600e+00   6.0262500e+00   2.9618000e+00   5.2167000e+00   5.7187100e-01  -2.5287500e+05
   6.9441700e+00  -1.1287600e+00   6.0262500e+00   2.9621300e+00   5.2163700e+00   5.7178700e-01  -2.5287400e+05
   6.9440900e+00  -1.1297000e+00   6.0263700e+00   2.9622600e+00   5.2164400e+00   5.7182200e-01  -2.5287700e+05
   6.9444300e+00  -1.1300500e+00   6.0261700e+00   2.9647500e+00   5.2159600e+00   5.7187600e-01  -2.5287900e+05
   6.9438700e+00  -1.1295000e+00   6.0262200e+00   2.9636700e+00   5.2168400e+00   5.7196400e-01  -2.5287700e+05
   6.9440700e+00  -1.1295700e+00   6.0261200e+00   2.9634500e+00   5.2164800e+00   5.7195200e-01  -2.5287700e+05
   6.9437600e+00  -1.1297000e+00   6.0262300e+00   2.9628900e+00   5.2168400e+00   5.7213600e-01  -2.5287700e+05
   6.9442300e+00  -1.1292200e+00   6.0261900e+00   2.9622200e+00   5.2160200e+00   5.7209700e-01  -2.5287800e+05
   6.9439800e+00  -1.1294000e+00   6.0263200e+00   2.9619800e+00   5.2169700e+00   5.7210800e-01  -2.5287600e+05
   6.9439600e+00  -1.1291900e+00   6.0263000e+00   2.9613200e+00   5.2168500e+00   5.7209100e-01  -2.5287500e+05
   6.9439000e+00  -1.1283900e+00   6.0263900e+00   2.9605200e+00   5.2171500e+00   5.7214700e-01  -2.5287700e+05
   6.9439700e+00  -1.1287800e+00   6.0263300e+00   2.9620000e+00   5.2170800e+00   5.7203400e-01  -2.5287600e+05
   6.9437300e+00  -1.1290700e+00   6.0262200e+00   2.9623100e+00   5.2171400e+00   5.7203300e-01  -2.5287700e+05
   6.9440600e+00  -1.1295300e+00   6.0263500e+00   2.9622200e+00   5.2170300e+00   5.7206100e-01  -2.5287700e+05
   6.9439700e+00  -1.1295600e+00   6.0262200e+00   2.9610000e+00   5.2169900e+00   5.7201800e-01  -2.5287700e+05
   6.9440000e+00  -1.1306800e+00   6.0263200e+00   2.9612300e+00   5.2169200e+00   5.7197200e-01  -2.5287500e+05
   6.9443400e+00  -1.1304600e+00   6.0262200e+00   2.9625100e+00   5.2166300e+00   5.7203400e-01  -2.5287700e+05
   6.9438600e+00  -1.1301600e+00   6.0261100e+00   2.9651100e+00   5.2164800e+00   5.7203100e-01  -2.5288200e+05
   6.9439200e+00  -1.1308000e+00   6.0263100e+00   2.9601200e+00   5.2170600e+00   5.7197300e-01  -2.5287600e+05
   6.9444400e+00  -1.1306100e+00   6.0262300e+00   2.9634500e+00   5.2159400e+00   5.7191700e-01  -2.5287700e+05
   6.9439900e+00  -1.1300500e+00   6.0264500e+00   2.9592000e+00   5.2172200e+00   5.7204700e-01  -2.5287900e+05
   6.9439900e+00  -1.1297700e+00   6.0263000e+00   2.9628800e+00   5.2164900e+00   5.7211300e-01  -2.5287700e+05
   6.9439100e+00  -1.1296100e+00   6.0262400e+00   2.9622300e+00   5.2168900e+00   5.7223000e-01  -2.5287500e+05
   6.9439600e+00  -1.1296300e+00   6.0262900e+00   2.9608700e+00   5.2166700e+00   5.7218200e-01  -2.5287600e+05
   6.9436500e+00  -1.1291200e+00   6.0261800e+00   2.9626400e+00   5.2169500e+00   5.7225600e-01  -2.5287800e+05
   6.9440100e+00  -1.1301100e+00   6.0262000e+00   2.9628700e+00   5.2168900e+00   5.7233900e-01  -2.5287600e+05
   6.9438300e+00  -1.1302000e+00   6.0263100e+00   2.9621000e+00   5.2171600e+00   5.7244700e-01  -2.5287600e+05
   6.9437600e+00  -1.1312700e+00   6.0262400e+00   2.9608100e+00   5.2173100e+00   5.7246500e-01  -2.5287600e+05
   6.9441700e+00  -1.1306900e+00   6.0261400e+00   2.9630900e+00   5.2167500e+00   5.7235300e-01  -2.5287800e+05
   6.9439100e+00  -1.1315000e+00   6.0261700e+00   2.9618000e+00   5.2168700e+00   5.7220000e-01  -2.5287600e+05
   6.9444100e+00  -1.1313900e+00   6.0262300e+00   2.9626900e+00   5.2161300e+00   5.7224500e-01  -2.5287700e+05
   6.9438800e+00  -1.1316800e+00   6.0262600e+00   2.9619900e+00   5.2170000e+00   5.7227500e-01  -2.5287500e+05
   6.9442400e+00  -1.1316000e+00   6.0262200e+00   2.9629300e+00   5.2166900e+00   5.7230100e-01  -2.5287600e+05
   6.9439900e+00  -1.1318400e+00   6.0262500e+00   2.9617500e+00   5.2166500e+00   5.7223600e-01  -2.5287600e+05
   6.9439400e+00  -1.1316700e+00   6.0261700e+00   2.9629500e+00   5.2167300e+00   5.7219300e-01  -2.5287600e+05
   6.9440300e+00  -1.1319400e+00   6.0261900e+00   2.9615400e+00   5.2168100e+00   5.7214700e-01  -2.5287500e+05
   6.9439900e+00  -1.1319000e+00   6.0262900e+00   2.9621400e+00   5.2167700e+00   5.7231200e-01  -2.5287600e+05
   6.9442100e+00  -1.1314200e+00   6.0262700e+00   2.9620800e+00   5.2165700e+00   5.7215900e-01  -2.5287500e+05
   6.9442200e+00  -1.1310400e+00   6.0261400e+00   2.9636700e+00   5.2166300e+00   5.7219900e-01  -2.5287800e+05
   6.9441700e+00  -1.1308200e+00   6.0263100e+00   2.9607500e+00   5.2167600e+00   5.7212000e-01  -2.5287500e+05
   6.9441900e+00  -1.1306900e+00   6.0262300e+00   2.9625400e+00   5.2167900e+00   5.7218600e-01  -2.5287600e+05
   6.9440100e+00  -1.1305900e+00   6.0263700e+00   2.9607700e+00   5.2169100e+00   5.7240000e-01  -2.5287700e+05
   6.9443500e+00  -1.1301600e+00   6.0261900e+00   2.9617700e+00   5.2162700e+00   5.7224900e-01  -2.5287700e+05
   6.9438000e+00  -1.1308800e+00   6.0264000e+00   2.9599600e+00   5.2174600e+00   5.7218000e-01  -2.5287700e+05
   6.9439900e+00  -1.1314500e+00   6.0263600e+00   2.9621700e+00   5.2167900e+00   5.7216300e-01  -2.5287800e+05
   6.9436700e+00  -1.1311700e+00   6.0264000e+00   2.9605400e+00   5.2174400e+00   5.7217900e-01  -2.5287800e+05
   6.9441800e+00  -1.1305700e+00   6.0263000e+00   2.9612900e+00   5.2167200e+00   5.7202600e-01  -2.5287500e+05
   6.9441900e+00  -1.1307900e+00   6.0262100e+00   2.9614500e+00   5.2163800e+00   5.7192600e-01  -2.5287500e+05
   6.9441500e+00  -1.1309800e+00   6.0262400e+00   2.9625900e+00   5.2169300e+00   5.7192200e-01  -2.5287700e+05
   6.9441800e+00  -1.1307700e+00   6.0261900e+00   2.9619200e+00   5.2164400e+00   5.7194000e-01  -2.5287500e+05
   6.9445200e+00  -1.1299000e+00   6.0261800e+00   2.9623500e+00   5.2155400e+00   5.7181400e-01  -2.5287900e+05
   6.9443200e+00  -1.1292900e+00   6.0263100e+00   2.9618500e+00   5.2162700e+00   5.7187200e-01  -2.5287500e+05
   6.9443900e+00  -1.1296700e+00   6.0263000e+00   2.9614200e+00   5.2157200e+00   5.7181500e-01  -2.5288000e+05
   6.9442200e+00  -1.1293600e+00   6.0261600e+00   2.9614800e+00   5.2162500e+00   5.7188600e-01  -2.5287700e+05
   6.9440100e+00  -1.1289800e+00   6.0261200e+00   2.9619100e+00   5.2165000e+00   5.7191900e-01  -2.5287800e+05
   6.9441400e+00  -1.1284000e+00   6.0263400e+00   2.9617000e+00   5.2166000e+00   5.7190800e-01  -2.5287500e+05
   6.9443000e+00  -1.1277300e+00   6.0263300e+00   2.9613000e+00   5.2163500e+00   5.7190500e-01  -2.5287600e+05
   6.9436000e+00  -1.1281100e+00   6.0263800e+00   2.9598700e+00   5.2172700e+00   5.7193000e-01  -2.5287800e+05
   6.9442200e+00  -1.1285800e+00   6.0261600e+00   2.9624900e+00   5.2160700e+00   5.7174400e-01  -2.5287600e+05
   6.9438600e+00  -1.1281600e+00   6.0264300e+00   2.9607200e+00   5.2172200e+00   5.7183000e-01  -2.5287800e+05
   6.9438400e+00  -1.1285000e+00   6.0263100e+00   2.9612000e+00   5.2167400e+00   5.7182700e-01  -2.5287600e+05
   6.9440300e+00  -1.1296800e+00   6.0263000e+00   2.9614300e+00   5.2164900e+00   5.7190300e-01  -2.5287500e+05
   6.9441600e+00  -1.1286600e+00   6.0263800e+00   2.9609600e+00   5.2163500e+00   5.7198800e-01  -2.5287700e+05
   6.9443900e+00  -1.1284100e+00   6.0263500e+00   2.9619800e+00   5.2162500e+00   5.7181300e-01  -2.5287600e+05
   6.9445100e+00  -1.1295800e+00   6.0263100e+00   2.9623700e+00   5.2161400e+00   5.7173100e-01  -2.5287600e+05
   6.9444100e+00  -1.1293600e+00   6.0262300e+00   2.9635100e+00   5.2163300e+00   5.7184600e-01  -2.5287700e+05
   6.9440700e+00  -1.1288400e+00   6.0263400e+00   2.9615100e+00   5.2167400e+00   5.7200900e-01  -2.5287500e+05
   6.9440500e+00  -1.1295500e+00   6.0263000e+00   2.9622400e+00   5.2164800e+00   5.7211600e-01  -2.5287600e+05
   6.9436500e+00  -1.1295400e+00   6.0263300e+00   2.9616900e+00   5.2175500e+00   5.7210100e-01  -2.5287800e+05
   6.9439200e+00  -1.1307500e+00   6.0262200e+00   2.9616100e+00   5.2173600e+00   5.7208600e-01  -2.5287900e+05
   6.9442100e+00  -1.1302500e+00   6.0263100e+00   2.9611300e+00   5.2164600e+00   5.7221300e-01  -2.5287600e+05
   6.9435800e+00  -1.1300400e+00   6.0263800e+00   2.9600000e+00   5.2174200e+00   5.7205200e-01  -2.5287800e+05
   6.9440700e+00  -1.1295800e+00   6.0262200e+00   2.9630000e+00   5.2165800e+00   5.7180100e-01  -2.5287500e+05
   6.9440900e+00  -1.1298000e+00   6.0263900e+00   2.9597800e+00   5.2170200e+00   5.7188300e-01  -2.5287700e+05
   6.9439900e+00  -1.1300100e+00   6.0262600e+00   2.9621900e+00   5.2167200e+00   5.7177300e-01  -2.5287500e+05
   6.9441400e+00  -1.1307400e+00   6.0262200e+00   2.9617000e+00   5.2163000e+00   5.7155400e-01  -2.5287600e+05
   6.9441000e+00  -1.1304400e+00   6.0262300e+00   2.9616600e+00   5.2165200e+00   5.7164400e-01  -2.5287500e+05
   6.9445600e+00  -1.1299700e+00   6.0262800e+00   2.9634000e+00   5.2158300e+00   5.7164200e-01  -2.5287700e+05
   6.9444800e+00  -1.1304000e+00   6.0261400e+00   2.9619600e+00   5.2159800e+00   5.7176700e-01  -2.5287600e+05
   6.9447300e+00  -1.1302100e+00   6.0261400e+00   2.9631900e+00   5.2155600e+00   5.7164400e-01  -2.5287700e+05
   6.9443500e+00  -1.1295400e+00   6.0262600e+00   2.9606000e+00   5.2163200e+00   5.7166900e-01  -2.5287500e+05
   6.9443600e+00  -1.1297300e+00   6.0263200e+00   2.9605200e+00   5.2165600e+00   5.7157800e-01  -2.5287600e+05
   6.9444900e+00  -1.1304300e+00   6.0262000e+00   2.9620100e+00   5.2160700e+00   5.7155200e-01  -2.5287500e+05
   6.9442800e+00  -1.1302300e+00   6.0262200e+00   2.9616000e+00   5.2161900e+00   5.7117800e-01  -2.5287500e+05
   6.9443800e+00  -1.1299800e+00   6.0261900e+00   2.9617500e+00   5.2161300e+00   5.7122700e-01  -2.5287500e+05
   6.9444900e+00  -1.1289700e+00   6.0262700e+00   2.9618500e+00   5.2162300e+00   5.7124600e-01  -2.5287500e+05
   6.9445400e+00  -1.1293900e+00   6.0261300e+00   2.9637100e+00   5.2158100e+00   5.7129000e-01  -2.5287600e+05
   6.9445500e+00  -1.1299400e+00   6.0261900e+00   2.9620100e+00   5.2159400e+00   5.7130300e-01  -2.5287500e+05
   6.9447100e+00  -1.1310100e+00   6.0262300e+00   2.9599700e+00   5.2159300e+00   5.7135400e-01  -2.5287700e+05
   6.9442800e+00  -1.1314000e+00   6.0262700e+00   2.9612500e+00   5.2161900e+00   5.7166900e-01  -2.5287600e+05
   6.9439900e+00  -1.1314600e+00   6.0262700e+00   2.9595500e+00   5.2171300e+00   5.7170500e-01  -2.5287800e+05
   6.9442900e+00  -1.1317700e+00   6.0262100e+00   2.9609100e+00   5.2166400e+00   5.7174400e-01  -2.5287600e+05
   6.9440400e+00  -1.1320000e+00   6.0262600e+00   2.9620200e+00   5.2166800e+00   5.7170700e-01  -2.5287600e+05
   6.9445700e+00  -1.1320700e+00   6.0261200e+00   2.9615700e+00   5.2158600e+00   5.7170100e-01  -2.5287700e+05
   6.9444300e+00  -1.1320000e+00   6.0263700e+00   2.9597200e+00   5.2163100e+00   5.7173100e-01  -2.5287800e+05
   6.9443500e+00  -1.1317600e+00   6.0261600e+00   2.9625400e+00   5.2164000e+00   5.7171500e-01  -2.5287600e+05
   6.9443400e+00  -1.1310000e+00   6.0262700e+00   2.9624500e+00   5.2166100e+00   5.7162500e-01  -2.5287600e+05
   6.9438300e+00  -1.1307800e+00   6.0262000e+00   2.9623900e+00   5.2170300e+00   5.7178000e-01  -2.5287700e+05
   6.9443800e+00  -1.1301000e+00   6.0264200e+00   2.9606200e+00   5.2166500e+00   5.7194700e-01  -2.5287900e+05
   6.9441100e+00  -1.1290100e+00   6.0262800e+00   2.9605100e+00   5.2168500e+00   5.7185700e-01  -2.5287600e+05
   6.9441700e+00  -1.1292300e+00   6.0262200e+00   2.9616300e+00   5.2163600e+00   5.7186500e-01  -2.5287500e+05
   6.9439700e+00  -1.1294400e+00   6.0262500e+00   2.9617000e+00   5.2163500e+00   5.7184300e-01  -2.5287700e+05
   6.9440300e+00  -1.1293700e+00   6.0262000e+00   2.9602100e+00   5.2167000e+00   5.7184500e-01  -2.5287800e+05
   6.9442500e+00  -1.1299000e+00   6.0263100e+00   2.9606400e+00   5.2164000e+00   5.7174000e-01  -2.5287500e+05
   6.9444900e+00  -1.1296500e+00   6.0263300e+00   2.9603800e+00   5.2163200e+00   5.7179900e-01  -2.5287700e+05
   6.9444500e+00  -1.1294600e+00   6.0262100e+00   2.9602900e+00   5.2161100e+00   5.7172400e-01  -2.5287700e+05
   6.9444500e+00  -1.1289900e+00   6.0262500e+00   2.9617900e+00   5.2161600e+00   5.7157500e-01  -2.5287500e+05
   6.9443200e+00  -1.1292900e+00   6.0262500e+00   2.9623700e+00   5.2160600e+00   5.7147100e-01  -2.5287400e+05
   6.9443400e+00  -1.1291200e+00   6.0262500e+00   2.9615500e+00   5.2164100e+00   5.7118800e-01  -2.5287500e+05
   6.9447500e+00  -1.1288400e+00   6.0261700e+00   2.9620400e+00   5.2153800e+00   5.7108800e-01  -2.5287600e+05
   6.9448000e+00  -1.1284600e+00   6.0263300e+00   2.9620300e+00   5.2159600e+00   5.7111500e-01  -2.5287800e+05
   6.9443300e+00  -1.1279100e+00   6.0262900e+00   2.9609600e+00   5.2159000e+00   5.7112000e-01  -2.5287500e+05
   6.9448600e+00  -1.1282100e+00   6.0263200e+00   2.9612100e+00   5.2153600e+00   5.7110100e-01  -2.5287600e+05
   6.9444000e+00  -1.1279100e+00   6.0263700e+00   2.9606700e+00   5.2160500e+00   5.7116600e-01  -2.5287500e+05
   6.9443900e+00  -1.1273000e+00   6.0263000e+00   2.9632800e+00   5.2157600e+00   5.7115500e-01  -2.5287600e+05
   6.9445600e+00  -1.1274300e+00   6.0261100e+00   2.9638200e+00   5.2156700e+00   5.7104600e-01  -2.5287800e+05
   6.9445100e+00  -1.1265800e+00   6.0263800e+00   2.9620900e+00   5.2156500e+00   5.7099700e-01  -2.5287500e+05
   6.9442500e+00  -1.1264300e+00   6.0264100e+00   2.9618200e+00   5.2162100e+00   5.7103400e-01  -2.5287600e+05
   6.9445900e+00  -1.1265500e+00   6.0263000e+00   2.9607100e+00   5.2161300e+00   5.7104700e-01  -2.5287800e+05
   6.9442700e+00  -1.1261900e+00   6.0262700e+00   2.9627400e+00   5.2158900e+00   5.7112500e-01  -2.5287500e+05
   6.9444700e+00  -1.1264200e+00   6.0263800e+00   2.9622600e+00   5.2156100e+00   5.7107500e-01  -2.5287600e+05
   6.9446800e+00  -1.1259500e+00   6.0263100e+00   2.9607000e+00   5.2150600e+00   5.7106600e-01  -2.5288000e+05
   6.9443900e+00  -1.1255400e+00   6.0262400e+00   2.9620800e+00   5.2159300e+00   5.7118700e-01  -2.5287500e+05
   6.9446300e+00  -1.1258000e+00   6.0263800e+00   2.9619000e+00   5.2157500e+00   5.7120000e-01  -2.5287600e+05
   6.9444800e+00  -1.1266000e+00   6.0264000e+00   2.9624600e+00   5.2161200e+00   5.7126700e-01  -2.5287600e+05
   6.9445200e+00  -1.1265500e+00   6.0262200e+00   2.9626900e+00   5.2158100e+00   5.7123800e-01  -2.5287500e+05
   6.9446000e+00  -1.1261300e+00   6.0262900e+00   2.9610700e+00   5.2157800e+00   5.7121500e-01  -2.5287600e+05
   6.9442500e+00  -1.1256200e+00   6.0262500e+00   2.9637100e+00   5.2158900e+00   5.7124400e-01  -2.5287600e+05
   6.9445800e+00  -1.1253000e+00   6.0262700e+00   2.9617100e+00   5.2159300e+00   5.7127400e-01  -2.5287800e+05
   6.9442100e+00  -1.1248900e+00   6.0263400e+00   2.9608000e+00   5.2165600e+00   5.7121600e-01  -2.5287800e+05
   6.9443100e+00  -1.1245500e+00   6.0263100e+00   2.9613100e+00   5.2159000e+00   5.7138700e-01  -2.5287600e+05
   6.9440300e+00  -1.1245100e+00   6.0262900e+00   2.9616600e+00   5.2164000e+00   5.7159500e-01  -2.5287600e+05
   6.9437300e+00  -1.1246800e+00   6.0263400e+00   2.9626600e+00   5.2166700e+00   5.7152900e-01  -2.5287800e+05
   6.9439900e+00  -1.1253800e+00   6.0263900e+00   2.9603400e+00   5.2167400e+00   5.7144600e-01  -2.5287700e+05
   6.9445300e+00  -1.1248300e+00   6.0262000e+00   2.9642300e+00   5.2155400e+00   5.7139200e-01  -2.5287800e+05
   6.9443000e+00  -1.1253900e+00   6.0262800e+00   2.9627200e+00   5.2160400e+00   5.7142500e-01  -2.5287500e+05
   6.9441300e+00  -1.1260800e+00   6.0262900e+00   2.9640300e+00   5.2162600e+00   5.7139500e-01  -2.5287700e+05
   6.9445300e+00  -1.1269800e+00   6.0262100e+00   2.9623700e+00   5.2159100e+00   5.7123700e-01  -2.5287600e+05
   6.9441500e+00  -1.1269200e+00   6.0262200e+00   2.9645400e+00   5.2160300e+00   5.7114300e-01  -2.5287800e+05
   6.9443400e+00  -1.1274900e+00   6.0264000e+00   2.9616500e+00   5.2163500e+00   5.7110200e-01  -2.5287600e+05
   6.9442800e+00  -1.1277800e+00   6.0263700e+00   2.9610700e+00   5.2163100e+00   5.7113000e-01  -2.5287500e+05
   6.9447900e+00  -1.1275800e+00   6.0262800e+00   2.9628600e+00   5.2154100e+00   5.7104100e-01  -2.5287500e+05
   6.9446400e+00  -1.1279100e+00   6.0262100e+00   2.9613300e+00   5.2156300e+00   5.7102400e-01  -2.5287500e+05
   6.9448300e+00  -1.1273700e+00   6.0262900e+00   2.9630300e+00   5.2153100e+00   5.7108500e-01  -2.5287600e+05
   6.9450700e+00  -1.1276400e+00   6.0262100e+00   2.9623600e+00   5.2150800e+00   5.7088700e-01  -2.5287700e+05
   6.9444100e+00  -1.1285200e+00   6.0262800e+00   2.9624300e+00   5.2157600e+00   5.7108000e-01  -2.5287500e+05
   6.9446600e+00  -1.1284100e+00   6.0260400e+00   2.9641800e+00   5.2152100e+00   5.7112600e-01  -2.5288000e+05
   6.9443000e+00  -1.1278000e+00   6.0264300e+00   2.9602400e+00   5.2163900e+00   5.7115900e-01  -2.5287600e+05
   6.9443400e+00  -1.1275300e+00   6.0262100e+00   2.9617200e+00   5.2158300e+00   5.7117400e-01  -2.5287500e+05
   6.9444400e+00  -1.1276400e+00   6.0262400e+00   2.9634900e+00   5.2157900e+00   5.7121800e-01  -2.5287500e+05
   6.9446200e+00  -1.1278100e+00   6.0262400e+00   2.9619100e+00   5.2159200e+00   5.7124400e-01  -2.5287600e+05
   6.9446500e+00  -1.1276300e+00   6.0262800e+00   2.9621500e+00   5.2154400e+00   5.7123100e-01  -2.5287500e+05
   6.9444700e+00  -1.1275400e+00   6.0261600e+00   2.9635100e+00   5.2159700e+00   5.7110900e-01  -2.5287700e+05
   6.9447400e+00  -1.1270500e+00   6.0263300e+00   2.9628100e+00   5.2157500e+00   5.7119600e-01  -2.5287700e+05
   6.9438300e+00  -1.1269600e+00   6.0263100e+00   2.9605900e+00   5.2168000e+00   5.7127100e-01  -2.5287800e+05
   6.9445900e+00  -1.1267300e+00   6.0262100e+00   2.9628500e+00   5.2151800e+00   5.7120800e-01  -2.5287700e+05
   6.9441600e+00  -1.1272600e+00   6.0261900e+00   2.9627400e+00   5.2159300e+00   5.7102200e-01  -2.5287700e+05
   6.9445200e+00  -1.1268000e+00   6.0263800e+00   2.9608800e+00   5.2157600e+00   5.7110800e-01  -2.5287500e+05
   6.9444100e+00  -1.1264900e+00   6.0264200e+00   2.9614400e+00   5.2162000e+00   5.7116000e-01  -2.5287600e+05
   6.9446000e+00  -1.1253200e+00   6.0263400e+00   2.9610500e+00   5.2156200e+00   5.7110200e-01  -2.5287600e+05
   6.9445700e+00  -1.1251100e+00   6.0262500e+00   2.9637000e+00   5.2152500e+00   5.7111100e-01  -2.5287600e+05
   6.9444500e+00  -1.1248200e+00   6.0264300e+00   2.9602700e+00   5.2159300e+00   5.7108600e-01  -2.5287600e+05
   6.9439500e+00  -1.1242800e+00   6.0262200e+00   2.9640300e+00   5.2163900e+00   5.7131800e-01  -2.5287900e+05
   6.9444100e+00  -1.1246200e+00   6.0263000e+00   2.9619300e+00   5.2155200e+00   5.7123400e-01  -2.5287600e+05
   6.9442800e+00  -1.1253100e+00   6.0263900e+00   2.9621100e+00   5.2161300e+00   5.7122200e-01  -2.5287500e+05
   6.9440200e+00  -1.1250200e+00   6.0263400e+00   2.9625000e+00   5.2162500e+00   5.7128600e-01  -2.5287600e+05
   6.9444000e+00  -1.1250400e+00   6.0261100e+00   2.9635900e+00   5.2156300e+00   5.7130000e-01  -2.5287900e+05
   6.9442900e+00  -1.1257900e+00   6.0263300e+00   2.9622600e+00   5.2162500e+00   5.7123000e-01  -2.5287500e+05
   6.9443600e+00  -1.1259200e+00   6.0263000e+00   2.9612200e+00   5.2159300e+00   5.7126100e-01  -2.5287500e+05
   6.9445700e+00  -1.1255600e+00   6.0262200e+00   2.9627400e+00   5.2156400e+00   5.7124800e-01  -2.5287600e+05
   6.9439600e+00  -1.1260500e+00   6.0263600e+00   2.9616100e+00   5.2169900e+00   5.7126200e-01  -2.5287900e+05
   6.9439600e+00  -1.1261400e+00   6.0263600e+00   2.9614600e+00   5.2164000e+00   5.7126000e-01  -2.5287600e+05
   6.9446200e+00  -1.1262700e+00   6.0262800e+00   2.9628700e+00   5.2156200e+00   5.7146000e-01  -2.5287600e+05
   6.9439200e+00  -1.1257300e+00   6.0263200e+00   2.9627200e+00   5.2166700e+00   5.7147500e-01  -2.5287600e+05
   6.9441600e+00  -1.1256500e+00   6.0264200e+00   2.9624500e+00   5.2163500e+00   5.7136100e-01  -2.5287600e+05
   6.9443900e+00  -1.1255700e+00   6.0262700e+00   2.9618000e+00   5.2161000e+00   5.7132000e-01  -2.5287600e+05
   6.9444700e+00  -1.1257800e+00   6.0263600e+00   2.9630600e+00   5.2160000e+00   5.7121100e-01  -2.5287600e+05
   6.9441000e+00  -1.1260200e+00   6.0262700e+00   2.9617400e+00   5.2163700e+00   5.7130200e-01  -2.5287500e+05
   6.9443800e+00  -1.1257800e+00   6.0263600e+00   2.9621900e+00   5.2164200e+00   5.7120000e-01  -2.5287800e+05
   6.9444900e+00  -1.1259100e+00   6.0263000e+00   2.9621300e+00   5.2160700e+00   5.7115200e-01  -2.5287600e+05
   6.9447700e+00  -1.1259100e+00   6.0262500e+00   2.9614900e+00   5.2156700e+00   5.7117600e-01  -2.5287900e+05
   6.9441700e+00  -1.1261500e+00   6.0263400e+00   2.9620600e+00   5.2157000e+00   5.7112700e-01  -2.5287900e+05
   6.9445000e+00  -1.1258800e+00   6.0263800e+00   2.9632000e+00   5.2157900e+00   5.7118500e-01  -2.5287600e+05
   6.9444500e+00  -1.1261000e+00   6.0262200e+00   2.9630200e+00   5.2154700e+00   5.7117800e-01  -2.5287600e+05
   6.9440400e+00  -1.1259400e+00   6.0264100e+00   2.9605600e+00   5.2163500e+00   5.7101300e-01  -2.5287700e+05
   6.9445900e+00  -1.1260300e+00   6.0263500e+00   2.9626500e+00   5.2154100e+00   5.7099600e-01  -2.5287600e+05
   6.9444500e+00  -1.1262000e+00   6.0263500e+00   2.9618500e+00   5.2156500e+00   5.7094600e-01  -2.5287500e+05
   6.9444700e+00  -1.1265500e+00   6.0262300e+00   2.9613300e+00   5.2160200e+00   5.7087100e-01  -2.5287600e+05
   6.9446900e+00  -1.1258400e+00   6.0261300e+00   2.9637100e+00   5.2151500e+00   5.7084300e-01  -2.5287700e+05
   6.9445100e+00  -1.1257900e+00   6.0263300e+00   2.9622800e+00   5.2157900e+00   5.7099400e-01  -2.5287400e+05
   6.9445100e+00  -1.1257500e+00   6.0262600e+00   2.9620500e+00   5.2157200e+00   5.7095200e-01  -2.5287400e+05
   6.9444600e+00  -1.1255500e+00   6.0263600e+00   2.9603300e+00   5.2159100e+00   5.7091200e-01  -2.5287500e+05
   6.9445000e+00  -1.1254800e+00   6.0262900e+00   2.9621700e+00   5.2158200e+00   5.7091900e-01  -2.5287400e+05
   6.9443600e+00  -1.1256100e+00   6.0261200e+00   2.9630000e+00   5.2155100e+00   5.7078300e-01  -2.5287900e+05
   6.9442400e+00  -1.1260100e+00   6.0262600e+00   2.9605100e+00   5.2164600e+00   5.7091500e-01  -2.5287900e+05
   6.9446000e+00  -1.1262100e+00   6.0262700e+00   2.9617900e+00   5.2154100e+00   5.7098500e-01  -2.5287500e+05
   6.9442900e+00  -1.1254200e+00   6.0264000e+00   2.9610800e+00   5.2161600e+00   5.7086300e-01  -2.5287500e+05
   6.9448800e+00  -1.1258600e+00   6.0262700e+00   2.9618000e+00   5.2151200e+00   5.7073600e-01  -2.5287500e+05
   6.9449900e+00  -1.1255700e+00   6.0263400e+00   2.9621900e+00   5.2151300e+00   5.7067500e-01  -2.5287600e+05
   6.9446700e+00  -1.1255000e+00   6.0264500e+00   2.9597500e+00   5.2156300e+00   5.7057600e-01  -2.5287700e+05
   6.9446000e+00  -1.1253600e+00   6.0263700e+00   2.9613800e+00   5.2155900e+00   5.7054800e-01  -2.5287400e+05
   6.9448400e+00  -1.1250500e+00   6.0263700e+00   2.9621200e+00   5.2153500e+00   5.7048400e-01  -2.5287500e+05
   6.9445600e+00  -1.1255400e+00   6.0261900e+00   2.9629600e+00   5.2153700e+00   5.7052600e-01  -2.5287500e+05
   6.9445800e+00  -1.1249600e+00   6.0263500e+00   2.9610700e+00   5.2155600e+00   5.7062800e-01  -2.5287400e+05
   6.9444800e+00  -1.1247800e+00   6.0262300e+00   2.9618300e+00   5.2156800e+00   5.7072000e-01  -2.5287600e+05
   6.9445800e+00  -1.1242200e+00   6.0262400e+00   2.9626500e+00   5.2153600e+00   5.7067800e-01  -2.5287500e+05
   6.9444300e+00  -1.1249000e+00   6.0262600e+00   2.9618400e+00   5.2158400e+00   5.7070300e-01  -2.5287500e+05
   6.9446500e+00  -1.1246600e+00   6.0262500e+00   2.9628700e+00   5.2150900e+00   5.7066500e-01  -2.5287500e+05
   6.9440400e+00  -1.1249500e+00   6.0262600e+00   2.9632900e+00   5.2162600e+00   5.7067700e-01  -2.5287900e+05
   6.9447400e+00  -1.1244700e+00   6.0262400e+00   2.9621100e+00   5.2149700e+00   5.7050300e-01  -2.5287500e+05
   6.9449900e+00  -1.1238600e+00   6.0262100e+00   2.9644300e+00   5.2148700e+00   5.7054300e-01  -2.5287700e+05
   6.9441300e+00  -1.1239300e+00   6.0263500e+00   2.9611700e+00   5.2159200e+00   5.7065800e-01  -2.5287700e+05
   6.9444100e+00  -1.1237700e+00   6.0263700e+00   2.9623900e+00   5.2157800e+00   5.7057200e-01  -2.5287500e+05
   6.9446300e+00  -1.1235200e+00   6.0261900e+00   2.9619900e+00   5.2148300e+00   5.7042500e-01  -2.5287900e+05
   6.9447100e+00  -1.1226600e+00   6.0261400e+00   2.9647100e+00   5.2147700e+00   5.7025400e-01  -2.5287800e+05
   6.9445700e+00  -1.1231800e+00   6.0263300e+00   2.9618900e+00   5.2154900e+00   5.7030700e-01  -2.5287400e+05
   6.9447600e+00  -1.1238700e+00   6.0262600e+00   2.9625200e+00   5.2150500e+00   5.7020300e-01  -2.5287400e+05
   6.9447400e+00  -1.1235000e+00   6.0264000e+00   2.9617000e+00   5.2153900e+00   5.7036500e-01  -2.5287400e+05
   6.9447300e+00  -1.1229500e+00   6.0264000e+00   2.9613700e+00   5.2151400e+00   5.7041700e-01  -2.5287500e+05
   6.9440300e+00  -1.1229100e+00   6.0263500e+00   2.9625100e+00   5.2160600e+00   5.7052200e-01  -2.5287800e+05
   6.9446300e+00  -1.1239500e+00   6.0263300e+00   2.9628300e+00   5.2154000e+00   5.7051900e-01  -2.5287400e+05
   6.9445800e+00  -1.1239000e+00   6.0264500e+00   2.9624700e+00   5.2155900e+00   5.7059100e-01  -2.5287600e+05
   6.9443900e+00  -1.1236500e+00   6.0263300e+00   2.9614500e+00   5.2155200e+00   5.7059700e-01  -2.5287500e+05
   6.9442500e+00  -1.1234800e+00   6.0262700e+00   2.9633400e+00   5.2155300e+00   5.7067800e-01  -2.5287700e+05
   6.9441500e+00  -1.1228700e+00   6.0263600e+00   2.9631000e+00   5.2160500e+00   5.7074600e-01  -2.5287700e+05
   6.9445800e+00  -1.1231600e+00   6.0263700e+00   2.9644600e+00   5.2155000e+00   5.7065800e-01  -2.5287800e+05
   6.9443700e+00  -1.1225000e+00   6.0262900e+00   2.9611900e+00   5.2156700e+00   5.7064600e-01  -2.5287700e+05
   6.9449600e+00  -1.1226700e+00   6.0263200e+00   2.9634000e+00   5.2154600e+00   5.7061500e-01  -2.5288300e+05
   6.9446900e+00  -1.1224800e+00   6.0263400e+00   2.9623000e+00   5.2151800e+00   5.7058900e-01  -2.5287500e+05
   6.9442200e+00  -1.1223100e+00   6.0264700e+00   2.9610000e+00   5.2158000e+00   5.7061100e-01  -2.5287700e+05
   6.9446900e+00  -1.1222200e+00   6.0263600e+00   2.9634000e+00   5.2150500e+00   5.7060100e-01  -2.5287600e+05
   6.9442000e+00  -1.1216500e+00   6.0263300e+00   2.9607800e+00   5.2157100e+00   5.7076900e-01  -2.5287800e+05
   6.9444400e+00  -1.1215900e+00   6.0263100e+00   2.9632800e+00   5.2155900e+00   5.7086800e-01  -2.5287600e+05
   6.9442500e+00  -1.1215300e+00   6.0263000e+00   2.9616600e+00   5.2159400e+00   5.7105400e-01  -2.5287800e+05
   6.9442100e+00  -1.1218200e+00   6.0265000e+00   2.9619600e+00   5.2159700e+00   5.7111400e-01  -2.5287800e+05
   6.9444700e+00  -1.1225300e+00   6.0263700e+00   2.9611100e+00   5.2159300e+00   5.7107900e-01  -2.5287800e+05
   6.9442800e+00  -1.1224500e+00   6.0264200e+00   2.9616800e+00   5.2161700e+00   5.7100800e-01  -2.5287700e+05
   6.9445700e+00  -1.1220900e+00   6.0263700e+00   2.9611800e+00   5.2157000e+00   5.7096200e-01  -2.5287800e+05
   6.9447100e+00  -1.1215000e+00   6.0263500e+00   2.9607100e+00   5.2152300e+00   5.7079300e-01  -2.5287900e+05
   6.9444100e+00  -1.1215900e+00   6.0263200e+00   2.9626900e+00   5.2153300e+00   5.7059700e-01  -2.5287600e+05
   6.9445300e+00  -1.1217700e+00   6.0264600e+00   2.9605000e+00   5.2157600e+00   5.7067100e-01  -2.5287700e+05
   6.9439000e+00  -1.1220600e+00   6.0264000e+00   2.9626100e+00   5.2161100e+00   5.7070000e-01  -2.5287900e+05
   6.9442700e+00  -1.1217900e+00   6.0263500e+00   2.9615700e+00   5.2155100e+00   5.7079200e-01  -2.5287700e+05
   6.9446800e+00  -1.1217100e+00   6.0263200e+00   2.9631800e+00   5.2152800e+00   5.7077900e-01  -2.5287700e+05
   6.9445600e+00  -1.1219800e+00   6.0262900e+00   2.9632800e+00   5.2155000e+00   5.7079900e-01  -2.5287600e+05
   6.9443600e+00  -1.1219500e+00   6.0262700e+00   2.9630800e+00   5.2154400e+00   5.7081300e-01  -2.5287600e+05
   6.9439400e+00  -1.1225000e+00   6.0264500e+00   2.9626900e+00   5.2162700e+00   5.7087000e-01  -2.5287900e+05
   6.9446100e+00  -1.1228400e+00   6.0262700e+00   2.9614600e+00   5.2152300e+00   5.7076400e-01  -2.5287700e+05
   6.9443300e+00  -1.1227700e+00   6.0263500e+00   2.9625200e+00   5.2155800e+00   5.7080400e-01  -2.5287500e+05
   6.9441400e+00  -1.1231300e+00   6.0262700e+00   2.9618000e+00   5.2159800e+00   5.7084100e-01  -2.5287700e+05
   6.9443600e+00  -1.1223500e+00   6.0263400e+00   2.9636600e+00   5.2156700e+00   5.7100500e-01  -2.5287600e+05
   6.9442900e+00  -1.1219900e+00   6.0261900e+00   2.9636100e+00   5.2152400e+00   5.7091600e-01  -2.5288000e+05
   6.9441700e+00  -1.1224700e+00   6.0264100e+00   2.9614400e+00   5.2157800e+00   5.7086700e-01  -2.5287700e+05
   6.9444500e+00  -1.1220600e+00   6.0263300e+00   2.9641300e+00   5.2154500e+00   5.7081200e-01  -2.5287700e+05
   6.9441700e+00  -1.1220400e+00   6.0263600e+00   2.9621900e+00   5.2156800e+00   5.7067700e-01  -2.5287700e+05
   6.9446300e+00  -1.1218000e+00   6.0264300e+00   2.9613300e+00   5.2154600e+00   5.7061600e-01  -2.5287600e+05
   6.9448600e+00  -1.1216500e+00   6.0263700e+00   2.9633700e+00   5.2153900e+00   5.7048600e-01  -2.5287900e+05
   6.9444500e+00  -1.1214000e+00   6.0262700e+00   2.9635900e+00   5.2150500e+00   5.7057400e-01  -2.5287700e+05
   6.9447100e+00  -1.1212300e+00   6.0263900e+00   2.9619600e+00   5.2150900e+00   5.7048200e-01  -2.5287600e+05
   6.9450500e+00  -1.1210300e+00   6.0262200e+00   2.9644900e+00   5.2144900e+00   5.7046200e-01  -2.5288000e+05
   6.9448100e+00  -1.1204000e+00   6.0263800e+00   2.9614500e+00   5.2153000e+00   5.7050900e-01  -2.5287900e+05
   6.9445400e+00  -1.1203500e+00   6.0263500e+00   2.9626800e+00   5.2150900e+00   5.7040000e-01  -2.5287600e+05
   6.9449000e+00  -1.1205200e+00   6.0263900e+00   2.9647400e+00   5.2146600e+00   5.7033500e-01  -2.5287900e+05
   6.9444300e+00  -1.1203000e+00   6.0263300e+00   2.9631600e+00   5.2155500e+00   5.7032100e-01  -2.5287700e+05
   6.9446100e+00  -1.1211100e+00   6.0264800e+00   2.9614500e+00   5.2153200e+00   5.7020000e-01  -2.5287600e+05
   6.9445700e+00  -1.1205700e+00   6.0264100e+00   2.9616200e+00   5.2150700e+00   5.7012400e-01  -2.5287600e+05
   6.9447200e+00  -1.1202300e+00   6.0264800e+00   2.9600900e+00   5.2153700e+00   5.7012900e-01  -2.5287800e+05
   6.9446700e+00  -1.1198700e+00   6.0262700e+00   2.9624900e+00   5.2150100e+00   5.7019900e-01  -2.5287700e+05
   6.9442900e+00  -1.1204500e+00   6.0264100e+00   2.9633000e+00   5.2153000e+00   5.7016400e-01  -2.5287800e+05
   6.9447900e+00  -1.1212100e+00   6.0263700e+00   2.9598500e+00   5.2151400e+00   5.7018700e-01  -2.5287900e+05
   6.9444500e+00  -1.1211300e+00   6.0263700e+00   2.9621600e+00   5.2151100e+00   5.7014700e-01  -2.5287600e+05
   6.9450800e+00  -1.1216100e+00   6.0262500e+00   2.9625200e+00   5.2147600e+00   5.7014100e-01  -2.5287800e+05
   6.9445900e+00  -1.1217200e+00   6.0264000e+00   2.9626300e+00   5.2153200e+00   5.7003200e-01  -2.5287500e+05
   6.9450400e+00  -1.1216900e+00   6.0264300e+00   2.9636900e+00   5.2149700e+00   5.7003600e-01  -2.5287800e+05
   6.9453900e+00  -1.1216500e+00   6.0262300e+00   2.9645600e+00   5.2139300e+00   5.6993600e-01  -2.5287800e+05
   6.9448000e+00  -1.1211500e+00   6.0263000e+00   2.9633500e+00   5.2145500e+00   5.7006400e-01  -2.5287600e+05
   6.9448500e+00  -1.1204300e+00   6.0264800e+00   2.9631100e+00   5.2149000e+00   5.6999100e-01  -2.5287700e+05
   6.9442400e+00  -1.1207200e+00   6.0263900e+00   2.9615300e+00   5.2153400e+00   5.6990600e-01  -2.5287900e+05
   6.9446000e+00  -1.1216100e+00   6.0264000e+00   2.9600900e+00   5.2149200e+00   5.6996500e-01  -2.5287900e+05
   6.9444000e+00  -1.1216200e+00   6.0264600e+00   2.9607900e+00   5.2159000e+00   5.7015400e-01  -2.5287700e+05
   6.9443200e+00  -1.1210900e+00   6.0263000e+00   2.9622500e+00   5.2155100e+00   5.7022600e-01  -2.5287700e+05
   6.9450200e+00  -1.1212000e+00   6.0262300e+00   2.9625700e+00   5.2145900e+00   5.7019900e-01  -2.5287800e+05
   6.9447900e+00  -1.1215700e+00   6.0264300e+00   2.9611800e+00   5.2149700e+00   5.7018600e-01  -2.5287600e+05
   6.9443500e+00  -1.1213900e+00   6.0264500e+00   2.9620700e+00   5.2154700e+00   5.7015500e-01  -2.5287700e+05
   6.9448100e+00  -1.1213600e+00   6.0264300e+00   2.9625600e+00   5.2153500e+00   5.7014400e-01  -2.5287700e+05
   6.9447300e+00  -1.1218300e+00   6.0264500e+00   2.9609200e+00   5.2157000e+00   5.7020900e-01  -2.5287900e+05
   6.9447100e+00  -1.1212900e+00   6.0264700e+00   2.9608900e+00   5.2154100e+00   5.7002700e-01  -2.5287600e+05
   6.9446400e+00  -1.1215300e+00   6.0264500e+00   2.9603700e+00   5.2154700e+00   5.6996900e-01  -2.5287600e+05
   6.9449600e+00  -1.1212200e+00   6.0264300e+00   2.9629900e+00   5.2147100e+00   5.6992800e-01  -2.5287500e+05
   6.9445700e+00  -1.1209600e+00   6.0263700e+00   2.9621000e+00   5.2156000e+00   5.6994600e-01  -2.5287700e+05
   6.9444300e+00  -1.1210500e+00   6.0264800e+00   2.9618200e+00   5.2154500e+00   5.6980400e-01  -2.5287700e+05
   6.9450500e+00  -1.1212700e+00   6.0263500e+00   2.9618300e+00   5.2148200e+00   5.6970200e-01  -2.5287500e+05
   6.9451400e+00  -1.1215600e+00   6.0262400e+00   2.9638900e+00   5.2141000e+00   5.6968300e-01  -2.5287500e+05
   6.9450700e+00  -1.1207600e+00   6.0262400e+00   2.9614100e+00   5.2145100e+00   5.6974900e-01  -2.5287800e+05
   6.9448700e+00  -1.1214000e+00   6.0264200e+00   2.9633300e+00   5.2148900e+00   5.6985500e-01  -2.5287500e+05
   6.9444600e+00  -1.1222700e+00   6.0263100e+00   2.9622300e+00   5.2151000e+00   5.6989300e-01  -2.5287700e+05
   6.9449000e+00  -1.1228300e+00   6.0264400e+00   2.9621300e+00   5.2150200e+00   5.6991600e-01  -2.5287500e+05
   6.9447200e+00  -1.1230700e+00   6.0264300e+00   2.9630300e+00   5.2152500e+00   5.6994400e-01  -2.5287600e+05
   6.9448900e+00  -1.1230900e+00   6.0262100e+00   2.9636000e+00   5.2146900e+00   5.7003100e-01  -2.5287500e+05
   6.9445000e+00  -1.1232700e+00   6.0263300e+00   2.9617400e+00   5.2154500e+00   5.7007300e-01  -2.5287500e+05
   6.9448100e+00  -1.1229300e+00   6.0263800e+00   2.9609700e+00   5.2149000e+00   5.7000300e-01  -2.5287500e+05
   6.9448800e+00  -1.1238700e+00   6.0262700e+00   2.9620300e+00   5.2151100e+00   5.6998900e-01  -2.5287500e+05
   6.9443600e+00  -1.1233900e+00   6.0262700e+00   2.9628200e+00   5.2153900e+00   5.7011700e-01  -2.5287700e+05
   6.9451600e+00  -1.1233200e+00   6.0264200e+00   2.9636900e+00   5.2149000e+00   5.7004100e-01  -2.5287900e+05
   6.9450900e+00  -1.1239400e+00   6.0263500e+00   2.9631200e+00   5.2152600e+00   5.6989800e-01  -2.5288000e+05
   6.9445800e+00  -1.1233800e+00   6.0263900e+00   2.9628800e+00   5.2148000e+00   5.6998400e-01  -2.5288000e+05
   6.9446800e+00  -1.1228700e+00   6.0262900e+00   2.9621900e+00   5.2151600e+00   5.7004400e-01  -2.5287400e+05
   6.9450000e+00  -1.1232000e+00   6.0264800e+00   2.9624200e+00   5.2151000e+00   5.6996500e-01  -2.5287800e+05
   6.9451400e+00  -1.1233000e+00   6.0262000e+00   2.9638100e+00   5.2144200e+00   5.7006300e-01  -2.5287600e+05
   6.9445800e+00  -1.1236400e+00   6.0262000e+00   2.9624600e+00   5.2149500e+00   5.7005200e-01  -2.5287700e+05
   6.9446700e+00  -1.1235600e+00   6.0263100e+00   2.9621200e+00   5.2154600e+00   5.6980800e-01  -2.5287600e+05
   6.9450300e+00  -1.1236300e+00   6.0265300e+00   2.9597100e+00   5.2147600e+00   5.6969700e-01  -2.5288000e+05
   6.9447400e+00  -1.1232900e+00   6.0262600e+00   2.9640000e+00   5.2145400e+00   5.6956500e-01  -2.5287900e+05
   6.9449500e+00  -1.1238300e+00   6.0263400e+00   2.9630000e+00   5.2146400e+00   5.6946000e-01  -2.5287500e+05
   6.9451600e+00  -1.1241200e+00   6.0263800e+00   2.9616900e+00   5.2146600e+00   5.6948500e-01  -2.5287400e+05
   6.9452800e+00  -1.1239700e+00   6.0262300e+00   2.9624200e+00   5.2141100e+00   5.6947000e-01  -2.5287500e+05
   6.9449000e+00  -1.1239400e+00   6.0263100e+00   2.9627100e+00   5.2149100e+00   5.6956700e-01  -2.5287400e+05
   6.9451300e+00  -1.1242700e+00   6.0264800e+00   2.9623900e+00   5.2147300e+00   5.6963900e-01  -2.5287800e+05
   6.9452000e+00  -1.1241900e+00   6.0263800e+00   2.9612000e+00   5.2146200e+00   5.6966100e-01  -2.5287500e+05
   6.9449200e+00  -1.1240300e+00   6.0264200e+00   2.9611400e+00   5.2148900e+00   5.6959200e-01  -2.5287500e+05
   6.9451200e+00  -1.1246000e+00   6.0262600e+00   2.9648600e+00   5.2144200e+00   5.6972800e-01  -2.5287700e+05
   6.9451400e+00  -1.1248300e+00   6.0264500e+00   2.9611700e+00   5.2150500e+00   5.6992200e-01  -2.5287700e+05
   6.9450500e+00  -1.1252400e+00   6.0263300e+00   2.9610400e+00   5.2146000e+00   5.7002500e-01  -2.5287600e+05
   6.9447000e+00  -1.1252600e+00   6.0264500e+00   2.9611500e+00   5.2155400e+00   5.6984500e-01  -2.5287700e+05
   6.9451600e+00  -1.1257200e+00   6.0262700e+00   2.9608200e+00   5.2145200e+00   5.6976400e-01  -2.5287600e+05
   6.9450500e+00  -1.1250600e+00   6.0262300e+00   2.9643200e+00   5.2148400e+00   5.6996600e-01  -2.5287600e+05
   6.9446500e+00  -1.1254700e+00   6.0262600e+00   2.9606700e+00   5.2154600e+00   5.6998300e-01  -2.5287700e+05
   6.9447200e+00  -1.1248100e+00   6.0262400e+00   2.9625500e+00   5.2151800e+00   5.7008500e-01  -2.5287500e+05
   6.9451900e+00  -1.1243400e+00   6.0263600e+00   2.9633900e+00   5.2146700e+00   5.6997800e-01  -2.5287600e+05
   6.9445200e+00  -1.1243400e+00   6.0262900e+00   2.9621800e+00   5.2150900e+00   5.7000400e-01  -2.5287700e+05
   6.9452800e+00  -1.1247000e+00   6.0262900e+00   2.9620900e+00   5.2145300e+00   5.7001500e-01  -2.5287500e+05
   6.9444100e+00  -1.1257100e+00   6.0262500e+00   2.9629800e+00   5.2154400e+00   5.7002100e-01  -2.5287800e+05
   6.9449400e+00  -1.1257000e+00   6.0263600e+00   2.9628000e+00   5.2150700e+00   5.6989600e-01  -2.5287500e+05
   6.9449800e+00  -1.1260800e+00   6.0263600e+00   2.9630300e+00   5.2150600e+00   5.6997900e-01  -2.5287500e+05
   6.9445500e+00  -1.1269000e+00   6.0263000e+00   2.9604600e+00   5.2156600e+00   5.7014600e-01  -2.5287600e+05
   6.9448800e+00  -1.1266600e+00   6.0263600e+00   2.9622200e+00   5.2155100e+00   5.7025100e-01  -2.5287600e+05
   6.9447500e+00  -1.1268300e+00   6.0262200e+00   2.9620500e+00   5.2154700e+00   5.7034700e-01  -2.5287500e+05
   6.9445700e+00  -1.1265200e+00   6.0263200e+00   2.9609300e+00   5.2155700e+00   5.7040900e-01  -2.5287400e+05
   6.9448700e+00  -1.1263000e+00   6.0262600e+00   2.9610500e+00   5.2148300e+00   5.7037800e-01  -2.5287600e+05
   6.9447500e+00  -1.1263300e+00   6.0262800e+00   2.9628500e+00   5.2154200e+00   5.7050400e-01  -2.5287400e+05
   6.9446300e+00  -1.1258500e+00   6.0263400e+00   2.9617300e+00   5.2153400e+00   5.7053700e-01  -2.5287400e+05
   6.9444100e+00  -1.1267500e+00   6.0262900e+00   2.9609200e+00   5.2159600e+00   5.7069300e-01  -2.5287500e+05
   6.9447100e+00  -1.1270800e+00   6.0262800e+00   2.9621600e+00   5.2151300e+00   5.7067200e-01  -2.5287500e+05
   6.9448900e+00  -1.1277300e+00   6.0262100e+00   2.9629700e+00   5.2152800e+00   5.7070700e-01  -2.5287500e+05
   6.9445500e+00  -1.1279300e+00   6.0262500e+00   2.9606600e+00   5.2157600e+00   5.7070500e-01  -2.5287500e+05
   6.9444100e+00  -1.1285500e+00   6.0261400e+00   2.9623700e+00   5.2157300e+00   5.7072000e-01  -2.5287700e+05
   6.9445600e+00  -1.1286700e+00   6.0262700e+00   2.9618000e+00   5.2156100e+00   5.7063500e-01  -2.5287500e+05
   6.9446800e+00  -1.1292100e+00   6.0264000e+00   2.9603100e+00   5.2162200e+00   5.7088800e-01  -2.5287800e+05
   6.9445000e+00  -1.1286100e+00   6.0261900e+00   2.9607000e+00   5.2157700e+00   5.7090000e-01  -2.5287600e+05
   6.9445600e+00  -1.1278400e+00   6.0263800e+00   2.9626800e+00   5.2159900e+00   5.7089400e-01  -2.5287600e+05
   6.9443300e+00  -1.1277800e+00   6.0263500e+00   2.9611700e+00   5.2161100e+00   5.7098500e-01  -2.5287400e+05
   6.9447400e+00  -1.1278500e+00   6.0263600e+00   2.9614500e+00   5.2155100e+00   5.7098100e-01  -2.5287500e+05
   6.9449400e+00  -1.1282300e+00   6.0261900e+00   2.9622100e+00   5.2152200e+00   5.7093900e-01  -2.5287600e+05
   6.9443500e+00  -1.1291800e+00   6.0262400e+00   2.9620300e+00   5.2159500e+00   5.7088800e-01  -2.5287500e+05
   6.9448400e+00  -1.1283600e+00   6.0262700e+00   2.9635500e+00   5.2150400e+00   5.7093900e-01  -2.5287700e+05
   6.9443700e+00  -1.1277900e+00   6.0263600e+00   2.9626100e+00   5.2162100e+00   5.7104300e-01  -2.5287600e+05
   6.9446100e+00  -1.1279100e+00   6.0262400e+00   2.9617200e+00   5.2154300e+00   5.7108400e-01  -2.5287500e+05
   6.9445400e+00  -1.1284300e+00   6.0263300e+00   2.9614900e+00   5.2161500e+00   5.7102900e-01  -2.5287500e+05
   6.9446400e+00  -1.1285500e+00   6.0261200e+00   2.9619900e+00   5.2156100e+00   5.7099200e-01  -2.5287700e+05
   6.9444500e+00  -1.1285100e+00   6.0263200e+00   2.9609200e+00   5.2159300e+00   5.7112000e-01  -2.5287400e+05
   6.9443100e+00  -1.1285900e+00   6.0262000e+00   2.9622700e+00   5.2158300e+00   5.7117300e-01  -2.5287500e+05
   6.9442200e+00  -1.1288100e+00   6.0263300e+00   2.9599600e+00   5.2159900e+00   5.7119600e-01  -2.5287800e+05
   6.9446100e+00  -1.1290000e+00   6.0263200e+00   2.9612400e+00   5.2160200e+00   5.7117400e-01  -2.5287500e+05
   6.9445300e+00  -1.1290900e+00   6.0262800e+00   2.9613900e+00   5.2163300e+00   5.7136200e-01  -2.5287600e+05
   6.9445000e+00  -1.1286500e+00   6.0262900e+00   2.9619600e+00   5.2160700e+00   5.7115600e-01  -2.5287400e+05
   6.9446300e+00  -1.1280400e+00   6.0264100e+00   2.9603600e+00   5.2156800e+00   5.7097400e-01  -2.5287700e+05
   6.9447200e+00  -1.1278200e+00   6.0262700e+00   2.9633600e+00   5.2156000e+00   5.7087000e-01  -2.5287500e+05
   6.9443000e+00  -1.1276200e+00   6.0262000e+00   2.9628800e+00   5.2156800e+00   5.7086600e-01  -2.5287700e+05
   6.9445100e+00  -1.1274700e+00   6.0264700e+00   2.9592200e+00   5.2157000e+00   5.7091100e-01  -2.5288100e+05
   6.9445700e+00  -1.1272600e+00   6.0262800e+00   2.9613100e+00   5.2159200e+00   5.7099400e-01  -2.5287500e+05
   6.9446400e+00  -1.1278600e+00   6.0262500e+00   2.9614500e+00   5.2160300e+00   5.7092000e-01  -2.5287700e+05
   6.9445300e+00  -1.1277400e+00   6.0263000e+00   2.9610200e+00   5.2160500e+00   5.7071700e-01  -2.5287500e+05
   6.9447600e+00  -1.1275400e+00   6.0262600e+00   2.9616900e+00   5.2152500e+00   5.7066500e-01  -2.5287400e+05
   6.9444800e+00  -1.1278300e+00   6.0262900e+00   2.9614800e+00   5.2154100e+00   5.7065000e-01  -2.5287700e+05
   6.9447200e+00  -1.1269200e+00   6.0262400e+00   2.9637800e+00   5.2153800e+00   5.7069400e-01  -2.5287500e+05
   6.9446500e+00  -1.1268600e+00   6.0264100e+00   2.9623900e+00   5.2154700e+00   5.7067700e-01  -2.5287700e+05
   6.9448700e+00  -1.1266300e+00   6.0262600e+00   2.9617300e+00   5.2151200e+00   5.7054900e-01  -2.5287400e+05
   6.9447300e+00  -1.1260700e+00   6.0263600e+00   2.9618300e+00   5.2155600e+00   5.7049500e-01  -2.5287400e+05
   6.9447500e+00  -1.1258800e+00   6.0263800e+00   2.9609100e+00   5.2154600e+00   5.7055600e-01  -2.5287400e+05
   6.9444900e+00  -1.1259600e+00   6.0263200e+00   2.9622100e+00   5.2154000e+00   5.7040200e-01  -2.5287500e+05
   6.9450700e+00  -1.1258600e+00   6.0263400e+00   2.9623200e+00   5.2148500e+00   5.7045400e-01  -2.5287500e+05
   6.9449300e+00  -1.1260500e+00   6.0262200e+00   2.9642800e+00   5.2152000e+00   5.7059100e-01  -2.5287700e+05
   6.9444700e+00  -1.1261200e+00   6.0262600e+00   2.9625500e+00   5.2160000e+00   5.7051400e-01  -2.5287700e+05
   6.9447000e+00  -1.1258600e+00   6.0262300e+00   2.9634500e+00   5.2149400e+00   5.7046100e-01  -2.5287600e+05
   6.9445200e+00  -1.1260500e+00   6.0263400e+00   2.9610800e+00   5.2159200e+00   5.7048100e-01  -2.5287500e+05
   6.9447800e+00  -1.1261200e+00   6.0263500e+00   2.9631900e+00   5.2154600e+00   5.7034600e-01  -2.5287600e+05
   6.9449600e+00  -1.1258700e+00   6.0262700e+00   2.9632200e+00   5.2151700e+00   5.7038200e-01  -2.5287500e+05
   6.9447300e+00  -1.1259100e+00   6.0261900e+00   2.9650100e+00   5.2153900e+00   5.7031700e-01  -2.5287900e+05
   6.9447200e+00  -1.1263000e+00   6.0262100e+00   2.9635200e+00   5.2150100e+00   5.7023000e-01  -2.5287600e+05
   6.9449900e+00  -1.1262800e+00   6.0262200e+00   2.9623600e+00   5.2150200e+00   5.7018600e-01  -2.5287500e+05
   6.9449800e+00  -1.1262400e+00   6.0261800e+00   2.9633600e+00   5.2148100e+00   5.7003700e-01  -2.5287500e+05
   6.9449400e+00  -1.1261800e+00   6.0262800e+00   2.9609700e+00   5.2150600e+00   5.7009000e-01  -2.5287400e+05
   6.9448100e+00  -1.1266500e+00   6.0263400e+00   2.9626800e+00   5.2148800e+00   5.7016900e-01  -2.5287700e+05
   6.9449400e+00  -1.1263900e+00   6.0263500e+00   2.9618900e+00   5.2149400e+00   5.7010600e-01  -2.5287400e+05
   6.9451100e+00  -1.1259200e+00   6.0263200e+00   2.9631100e+00   5.2149100e+00   5.7024700e-01  -2.5287500e+05
   6.9447400e+00  -1.1256900e+00   6.0263700e+00   2.9603500e+00   5.2155800e+00   5.7033000e-01  -2.5287500e+05
   6.9447400e+00  -1.1250700e+00   6.0263000e+00   2.9613300e+00   5.2152500e+00   5.7036700e-01  -2.5287400e+05
   6.9444700e+00  -1.1246400e+00   6.0261400e+00   2.9627200e+00   5.2156600e+00   5.7037500e-01  -2.5288000e+05
   6.9451000e+00  -1.1254400e+00   6.0263800e+00   2.9598900e+00   5.2151500e+00   5.7022700e-01  -2.5287800e+05
   6.9449900e+00  -1.1254200e+00   6.0261800e+00   2.9632200e+00   5.2144100e+00   5.7017600e-01  -2.5287700e+05
   6.9448700e+00  -1.1252700e+00   6.0263800e+00   2.9625500e+00   5.2153100e+00   5.7029600e-01  -2.5287500e+05
   6.9454200e+00  -1.1255100e+00   6.0261300e+00   2.9644000e+00   5.2139900e+00   5.7034500e-01  -2.5288000e+05
   6.9448300e+00  -1.1258900e+00   6.0263200e+00   2.9603100e+00   5.2154300e+00   5.7029300e-01  -2.5287600e+05
   6.9448800e+00  -1.1253500e+00   6.0264500e+00   2.9606400e+00   5.2153000e+00   5.7029600e-01  -2.5287600e+05
   6.9448100e+00  -1.1258800e+00   6.0262400e+00   2.9625900e+00   5.2154600e+00   5.7030700e-01  -2.5287600e+05
   6.9449300e+00  -1.1258600e+00   6.0263500e+00   2.9621700e+00   5.2154100e+00   5.7032300e-01  -2.5287600e+05
   6.9447500e+00  -1.1260900e+00   6.0262600e+00   2.9617300e+00   5.2155000e+00   5.7032500e-01  -2.5287500e+05
   6.9451700e+00  -1.1255300e+00   6.0263100e+00   2.9618900e+00   5.2149800e+00   5.7029500e-01  -2.5287600e+05
   6.9452800e+00  -1.1258200e+00   6.0262700e+00   2.9634400e+00   5.2143600e+00   5.7033000e-01  -2.5287700e+05
   6.9443800e+00  -1.1263400e+00   6.0263400e+00   2.9601500e+00   5.2156900e+00   5.7033100e-01  -2.5287700e+05
   6.9451300e+00  -1.1266200e+00   6.0261900e+00   2.9629300e+00   5.2148900e+00   5.7028800e-01  -2.5287600e+05
   6.9446700e+00  -1.1261000e+00   6.0262600e+00   2.9624400e+00   5.2151800e+00   5.7032400e-01  -2.5287400e+05
   6.9445800e+00  -1.1261000e+00   6.0263400e+00   2.9620300e+00   5.2155100e+00   5.7031900e-01  -2.5287400e+05
   6.9445800e+00  -1.1258000e+00   6.0263700e+00   2.9604000e+00   5.2158000e+00   5.7043300e-01  -2.5287500e+05
   6.9448600e+00  -1.1262100e+00   6.0263400e+00   2.9618800e+00   5.2150800e+00   5.7044200e-01  -2.5287400e+05
   6.9447700e+00  -1.1265600e+00   6.0264000e+00   2.9606200e+00   5.2154600e+00   5.7037700e-01  -2.5287500e+05
   6.9448200e+00  -1.1259100e+00   6.0262900e+00   2.9640300e+00   5.2147700e+00   5.7022500e-01  -2.5287700e+05
   6.9445800e+00  -1.1254000e+00   6.0262900e+00   2.9612700e+00   5.2152800e+00   5.7025700e-01  -2.5287500e+05
   6.9445700e+00  -1.1257000e+00   6.0264500e+00   2.9599100e+00   5.2157800e+00   5.7021800e-01  -2.5287700e+05
   6.9446800e+00  -1.1253800e+00   6.0262100e+00   2.9630500e+00   5.2151800e+00   5.7019800e-01  -2.5287500e+05
   6.9447600e+00  -1.1257500e+00   6.0263200e+00   2.9635500e+00   5.2151000e+00   5.7015600e-01  -2.5287500e+05
   6.9450500e+00  -1.1255600e+00   6.0264300e+00   2.9610400e+00   5.2152600e+00   5.7021600e-01  -2.5287700e+05
   6.9447300e+00  -1.1256600e+00   6.0264200e+00   2.9618600e+00   5.2154600e+00   5.7021700e-01  -2.5287500e+05
   6.9446900e+00  -1.1250300e+00   6.0262300e+00   2.9626900e+00   5.2150100e+00   5.7025600e-01  -2.5287500e+05
   6.9447900e+00  -1.1258200e+00   6.0263000e+00   2.9615800e+00   5.2149700e+00   5.7015100e-01  -2.5287500e+05
   6.9448800e+00  -1.1261900e+00   6.0261800e+00   2.9621000e+00   5.2150500e+00   5.7022900e-01  -2.5287500e+05
   6.9449500e+00  -1.1258100e+00   6.0263800e+00   2.9636000e+00   5.2149000e+00   5.7014600e-01  -2.5287700e+05
   6.9448800e+00  -1.1253400e+00   6.0262500e+00   2.9627800e+00   5.2148700e+00   5.7025600e-01  -2.5287400e+05
   6.9451800e+00  -1.1246600e+00   6.0263600e+00   2.9629700e+00   5.2149100e+00   5.7022100e-01  -2.5287700e+05
   6.9450000e+00  -1.1242300e+00   6.0262600e+00   2.9629800e+00   5.2148400e+00   5.7006600e-01  -2.5287400e+05
   6.9447800e+00  -1.1239800e+00   6.0262700e+00   2.9644000e+00   5.2148200e+00   5.7014700e-01  -2.5287600e+05
   6.9452000e+00  -1.1239400e+00   6.0264100e+00   2.9623600e+00   5.2147900e+00   5.7013400e-01  -2.5287700e+05
   6.9445900e+00  -1.1234700e+00   6.0263800e+00   2.9607100e+00   5.2151000e+00   5.7004800e-01  -2.5287600e+05
   6.9446900e+00  -1.1233800e+00   6.0263300e+00   2.9618700e+00   5.2151700e+00   5.6987200e-01  -2.5287400e+05
   6.9451200e+00  -1.1234800e+00   6.0262200e+00   2.9625600e+00   5.2146900e+00   5.6995300e-01  -2.5287600e+05
   6.9450400e+00  -1.1244700e+00   6.0264200e+00   2.9637700e+00   5.2149500e+00   5.6985900e-01  -2.5287800e+05
   6.9448800e+00  -1.1249000e+00   6.0262500e+00   2.9624700e+00   5.2149200e+00   5.6977400e-01  -2.5287400e+05
   6.9453500e+00  -1.1247900e+00   6.0263000e+00   2.9640600e+00   5.2142200e+00   5.6984800e-01  -2.5287600e+05
   6.9451700e+00  -1.1245900e+00   6.0263800e+00   2.9607900e+00   5.2147400e+00   5.6983500e-01  -2.5287500e+05
   6.9449500e+00  -1.1243900e+00   6.0262800e+00   2.9630200e+00   5.2145400e+00   5.6972300e-01  -2.5287500e+05
   6.9446500e+00  -1.1239800e+00   6.0261500e+00   2.9630900e+00   5.2150700e+00   5.6974000e-01  -2.5287900e+05
   6.9452000e+00  -1.1239300e+00   6.0262000e+00   2.9640900e+00   5.2142300e+00   5.6978500e-01  -2.5287500e+05
   6.9450400e+00  -1.1239100e+00   6.0263700e+00   2.9592100e+00   5.2150200e+00   5.6987700e-01  -2.5287900e+05
   6.9449800e+00  -1.1237500e+00   6.0263000e+00   2.9632400e+00   5.2149100e+00   5.6982300e-01  -2.5287400e+05
   6.9448200e+00  -1.1239700e+00   6.0262800e+00   2.9609400e+00   5.2148600e+00   5.6983500e-01  -2.5287600e+05
   6.9445900e+00  -1.1239700e+00   6.0262900e+00   2.9621500e+00   5.2150100e+00   5.6988200e-01  -2.5287600e+05
   6.9447800e+00  -1.1237600e+00   6.0263700e+00   2.9631200e+00   5.2149800e+00   5.6978000e-01  -2.5287500e+05
   6.9450000e+00  -1.1235500e+00   6.0263600e+00   2.9613900e+00   5.2149700e+00   5.6967500e-01  -2.5287400e+05
   6.9448300e+00  -1.1231800e+00   6.0262400e+00   2.9629000e+00   5.2151300e+00   5.6969200e-01  -2.5287700e+05
   6.9452300e+00  -1.1233500e+00   6.0263300e+00   2.9605700e+00   5.2144100e+00   5.6946300e-01  -2.5287600e+05
   6.9452700e+00  -1.1233100e+00   6.0263800e+00   2.9602300e+00   5.2145400e+00   5.6941000e-01  -2.5287600e+05
   6.9456300e+00  -1.1235200e+00   6.0261600e+00   2.9644700e+00   5.2137700e+00   5.6938400e-01  -2.5287800e+05
   6.9451400e+00  -1.1232300e+00   6.0264200e+00   2.9616000e+00   5.2146100e+00   5.6930400e-01  -2.5287500e+05
   6.9454000e+00  -1.1233100e+00   6.0263500e+00   2.9614600e+00   5.2141800e+00   5.6929400e-01  -2.5287500e+05
   6.9453600e+00  -1.1229100e+00   6.0262500e+00   2.9626800e+00   5.2140000e+00   5.6925700e-01  -2.5287400e+05
   6.9450800e+00  -1.1223400e+00   6.0263200e+00   2.9627300e+00   5.2145000e+00   5.6932400e-01  -2.5287400e+05
   6.9451100e+00  -1.1221600e+00   6.0262200e+00   2.9631100e+00   5.2142600e+00   5.6934000e-01  -2.5287500e+05
   6.9454300e+00  -1.1212600e+00   6.0263500e+00   2.9623900e+00   5.2140600e+00   5.6924200e-01  -2.5287400e+05
   6.9450800e+00  -1.1213000e+00   6.0263400e+00   2.9619400e+00   5.2144600e+00   5.6917600e-01  -2.5287400e+05
   6.9456400e+00  -1.1211000e+00   6.0263500e+00   2.9624600e+00   5.2141200e+00   5.6913900e-01  -2.5287900e+05
   6.9450000e+00  -1.1215100e+00   6.0264900e+00   2.9589700e+00   5.2149700e+00   5.6910800e-01  -2.5288000e+05
   6.9454900e+00  -1.1224900e+00   6.0263800e+00   2.9627600e+00   5.2139000e+00   5.6903500e-01  -2.5287500e+05
   6.9446600e+00  -1.1226700e+00   6.0263000e+00   2.9612900e+00   5.2150900e+00   5.6914500e-01  -2.5287900e+05
   6.9455800e+00  -1.1232800e+00   6.0263200e+00   2.9608100e+00   5.2139300e+00   5.6910900e-01  -2.5287600e+05
   6.9452100e+00  -1.1232900e+00   6.0262500e+00   2.9627300e+00   5.2139900e+00   5.6905100e-01  -2.5287600e+05
   6.9455400e+00  -1.1233100e+00   6.0263000e+00   2.9638900e+00   5.2139600e+00   5.6911400e-01  -2.5287600e+05
   6.9454900e+00  -1.1229700e+00   6.0262400e+00   2.9636100e+00   5.2135300e+00   5.6904700e-01  -2.5287600e+05
   6.9451100e+00  -1.1226500e+00   6.0263300e+00   2.9623000e+00   5.2143100e+00   5.6890600e-01  -2.5287500e+05
   6.9456100e+00  -1.1231300e+00   6.0262800e+00   2.9629600e+00   5.2136300e+00   5.6884900e-01  -2.5287500e+05
   6.9456800e+00  -1.1227900e+00   6.0262900e+00   2.9619800e+00   5.2138100e+00   5.6887200e-01  -2.5287600e+05
   6.9458000e+00  -1.1228300e+00   6.0264400e+00   2.9639600e+00   5.2135800e+00   5.6888900e-01  -2.5288000e+05
   6.9454800e+00  -1.1230500e+00   6.0263400e+00   2.9608200e+00   5.2140200e+00   5.6876500e-01  -2.5287600e+05
   6.9455100e+00  -1.1237200e+00   6.0263600e+00   2.9621700e+00   5.2139100e+00   5.6873000e-01  -2.5287500e+05
   6.9456600e+00  -1.1235000e+00   6.0263900e+00   2.9610300e+00   5.2137700e+00   5.6896800e-01  -2.5287700e+05
   6.9453700e+00  -1.1226100e+00   6.0263200e+00   2.9620700e+00   5.2142900e+00   5.6881000e-01  -2.5287500e+05
   6.9453300e+00  -1.1230900e+00   6.0262300e+00   2.9635200e+00   5.2139500e+00   5.6874500e-01  -2.5287600e+05
   6.9453100e+00  -1.1226900e+00   6.0263100e+00   2.9619000e+00   5.2141200e+00   5.6854800e-01  -2.5287600e+05
   6.9451600e+00  -1.1220000e+00   6.0263000e+00   2.9607600e+00   5.2141600e+00   5.6844800e-01  -2.5287900e+05
   6.9455900e+00  -1.1228000e+00   6.0262900e+00   2.9629200e+00   5.2138200e+00   5.6829400e-01  -2.5287600e+05
   6.9454200e+00  -1.1230700e+00   6.0263300e+00   2.9634300e+00   5.2137100e+00   5.6830400e-01  -2.5287800e+05
   6.9456500e+00  -1.1228500e+00   6.0263000e+00   2.9612700e+00   5.2134500e+00   5.6827700e-01  -2.5287700e+05
   6.9456900e+00  -1.1232000e+00   6.0262600e+00   2.9631800e+00   5.2133700e+00   5.6826000e-01  -2.5287600e+05
   6.9455400e+00  -1.1236300e+00   6.0263200e+00   2.9612400e+00   5.2142100e+00   5.6824500e-01  -2.5288000e+05
   6.9457900e+00  -1.1241000e+00   6.0264300e+00   2.9629500e+00   5.2134200e+00   5.6833300e-01  -2.5288000e+05
   6.9458000e+00  -1.1241800e+00   6.0262900e+00   2.9628600e+00   5.2137000e+00   5.6825100e-01  -2.5287800e+05
   6.9457000e+00  -1.1238000e+00   6.0262500e+00   2.9620700e+00   5.2137300e+00   5.6829200e-01  -2.5287700e+05
   6.9455700e+00  -1.1231500e+00   6.0264000e+00   2.9626600e+00   5.2138600e+00   5.6837200e-01  -2.5287700e+05
   6.9455400e+00  -1.1233600e+00   6.0262800e+00   2.9619500e+00   5.2135400e+00   5.6834900e-01  -2.5287700e+05
   6.9457500e+00  -1.1235800e+00   6.0263700e+00   2.9612300e+00   5.2136900e+00   5.6828400e-01  -2.5287700e+05
   6.9457100e+00  -1.1244600e+00   6.0263500e+00   2.9615400e+00   5.2136900e+00   5.6829900e-01  -2.5287700e+05
   6.9456900e+00  -1.1236100e+00   6.0261700e+00   2.9633000e+00   5.2136600e+00   5.6828300e-01  -2.5287900e+05
   6.9459300e+00  -1.1232100e+00   6.0263700e+00   2.9607300e+00   5.2136900e+00   5.6831400e-01  -2.5287900e+05
   6.9458300e+00  -1.1238000e+00   6.0263200e+00   2.9627800e+00   5.2132700e+00   5.6832200e-01  -2.5287700e+05
   6.9460400e+00  -1.1242000e+00   6.0262200e+00   2.9629400e+00   5.2131600e+00   5.6815400e-01  -2.5287800e+05
   6.9458200e+00  -1.1249600e+00   6.0261600e+00   2.9625700e+00   5.2133000e+00   5.6822400e-01  -2.5287900e+05
   6.9455900e+00  -1.1250400e+00   6.0262800e+00   2.9629900e+00   5.2141300e+00   5.6825900e-01  -2.5288100e+05
   6.9457600e+00  -1.1248500e+00   6.0263000e+00   2.9620000e+00   5.2137700e+00   5.6836200e-01  -2.5287700e+05
   6.9455800e+00  -1.1251400e+00   6.0263000e+00   2.9625000e+00   5.2135300e+00   5.6854300e-01  -2.5287800e+05
   6.9457200e+00  -1.1253100e+00   6.0262300e+00   2.9636100e+00   5.2136900e+00   5.6878400e-01  -2.5287700e+05
   6.9454500e+00  -1.1249300e+00   6.0262700e+00   2.9622400e+00   5.2138300e+00   5.6882200e-01  -2.5287600e+05
   6.9455100e+00  -1.1248900e+00   6.0262600e+00   2.9599700e+00   5.2138800e+00   5.6893400e-01  -2.5287900e+05
   6.9457000e+00  -1.1251200e+00   6.0262800e+00   2.9621900e+00   5.2138700e+00   5.6893400e-01  -2.5287600e+05
   6.9452900e+00  -1.1255500e+00   6.0261400e+00   2.9637500e+00   5.2141600e+00   5.6885800e-01  -2.5287900e+05
   6.9455900e+00  -1.1253000e+00   6.0262100e+00   2.9619000e+00   5.2140400e+00   5.6890800e-01  -2.5287700e+05
   6.9456300e+00  -1.1246800e+00   6.0263500e+00   2.9626500e+00   5.2139400e+00   5.6895700e-01  -2.5287600e+05
   6.9451600e+00  -1.1247500e+00   6.0263700e+00   2.9611700e+00   5.2146100e+00   5.6907000e-01  -2.5287600e+05
   6.9456400e+00  -1.1251700e+00   6.0262500e+00   2.9633200e+00   5.2142200e+00   5.6888900e-01  -2.5287900e+05
   6.9455400e+00  -1.1252900e+00   6.0262600e+00   2.9636600e+00   5.2137700e+00   5.6899500e-01  -2.5287600e+05
