   6.9452600e+00  -1.1231800e+00   6.0263200e+00   2.9632800e+00   5.2141400e+00   5.6932000e-01  -1.0115000e+06
   6.9452400e+00  -1.1234700e+00   6.0262300e+00   2.9635400e+00   5.2141800e+00   5.6951100e-01  -1.0115000e+06
   6.9450900e+00  -1.1234200e+00   6.0262900e+00   2.9637200e+00   5.2145900e+00   5.6962200e-01  -1.0115000e+06
   6.9451200e+00  -1.1231400e+00   6.0263100e+00   2.9632300e+00   5.2144700e+00   5.6978700e-01  -1.0115000e+06
   6.9451600e+00  -1.1228800e+00   6.0263100e+00   2.9628400e+00   5.2143800e+00   5.6964900e-01  -1.0115000e+06
   6.9451700e+00  -1.1227500e+00   6.0263000e+00   2.9627000e+00   5.2144400e+00   5.6947300e-01  -1.0114900e+06
   6.9450900e+00  -1.1227300e+00   6.0263800e+00   2.9627600e+00   5.2145500e+00   5.6939500e-01  -1.0115000e+06
   6.9452400e+00  -1.1227500e+00   6.0262900e+00   2.9625500e+00   5.2142200e+00   5.6954800e-01  -1.0115000e+06
   6.9451100e+00  -1.1227700e+00   6.0263200e+00   2.9624600e+00   5.2144800e+00   5.6970000e-01  -1.0114900e+06
   6.9449800e+00  -1.1226900e+00   6.0263600e+00   2.9624200e+00   5.2146700e+00   5.6980500e-01  -1.0114900e+06
   6.9448000e+00  -1.1228700e+00   6.0263500e+00   2.9626300e+00   5.2150200e+00   5.7002900e-01  -1.0114900e+06
   6.9448600e+00  -1.1233000e+00   6.0263000e+00   2.9629400e+00   5.2148400e+00   5.6971600e-01  -1.0115000e+06
   6.9450200e+00  -1.1236700e+00   6.0263100e+00   2.9628800e+00   5.2146600e+00   5.6975800e-01  -1.0114900e+06
   6.9451300e+00  -1.1238500e+00   6.0262700e+00   2.9629500e+00   5.2144800e+00   5.6955300e-01  -1.0115000e+06
   6.9447500e+00  -1.1237800e+00   6.0263200e+00   2.9627300e+00   5.2150800e+00   5.7007300e-01  -1.0114900e+06
   6.9445000e+00  -1.1242000e+00   6.0262800e+00   2.9625700e+00   5.2153500e+00   5.7041200e-01  -1.0115000e+06
   6.9445800e+00  -1.1241300e+00   6.0262500e+00   2.9624200e+00   5.2154000e+00   5.7013000e-01  -1.0115000e+06
   6.9449800e+00  -1.1240400e+00   6.0263200e+00   2.9625200e+00   5.2148700e+00   5.7000600e-01  -1.0114900e+06
   6.9448200e+00  -1.1237800e+00   6.0262700e+00   2.9622600e+00   5.2149400e+00   5.6992600e-01  -1.0115000e+06
   6.9447400e+00  -1.1236700e+00   6.0262800e+00   2.9625300e+00   5.2151800e+00   5.7031400e-01  -1.0115000e+06
   6.9449300e+00  -1.1241400e+00   6.0263300e+00   2.9624500e+00   5.2150500e+00   5.7011700e-01  -1.0115000e+06
   6.9452800e+00  -1.1241200e+00   6.0263000e+00   2.9620100e+00   5.2143400e+00   5.6964600e-01  -1.0115000e+06
   6.9450200e+00  -1.1243000e+00   6.0262800e+00   2.9618700e+00   5.2147200e+00   5.6959300e-01  -1.0115000e+06
   6.9448800e+00  -1.1242500e+00   6.0263500e+00   2.9614400e+00   5.2149700e+00   5.6987300e-01  -1.0115000e+06
   6.9448200e+00  -1.1241700e+00   6.0263100e+00   2.9610800e+00   5.2150800e+00   5.6996700e-01  -1.0115000e+06
   6.9448200e+00  -1.1239300e+00   6.0263900e+00   2.9613100e+00   5.2150700e+00   5.7010100e-01  -1.0115000e+06
   6.9443000e+00  -1.1242100e+00   6.0263400e+00   2.9612600e+00   5.2157500e+00   5.7113500e-01  -1.0115000e+06
   6.9445900e+00  -1.1242600e+00   6.0263200e+00   2.9614400e+00   5.2155000e+00   5.7080200e-01  -1.0115000e+06
   6.9446700e+00  -1.1240000e+00   6.0263400e+00   2.9616100e+00   5.2152900e+00   5.7043100e-01  -1.0115000e+06
   6.9445900e+00  -1.1239100e+00   6.0263700e+00   2.9612000e+00   5.2153600e+00   5.7023900e-01  -1.0115000e+06
   6.9449800e+00  -1.1243100e+00   6.0263000e+00   2.9613000e+00   5.2149900e+00   5.6972500e-01  -1.0115000e+06
   6.9450600e+00  -1.1243600e+00   6.0263300e+00   2.9616500e+00   5.2147800e+00   5.6982500e-01  -1.0114900e+06
   6.9451000e+00  -1.1242900e+00   6.0263400e+00   2.9622700e+00   5.2146900e+00   5.6948800e-01  -1.0115000e+06
   6.9449100e+00  -1.1243300e+00   6.0263400e+00   2.9622700e+00   5.2148000e+00   5.6945900e-01  -1.0115000e+06
   6.9451800e+00  -1.1243800e+00   6.0263000e+00   2.9620900e+00   5.2144500e+00   5.6938800e-01  -1.0115000e+06
   6.9454300e+00  -1.1243300e+00   6.0262900e+00   2.9622100e+00   5.2141700e+00   5.6939400e-01  -1.0115000e+06
   6.9452800e+00  -1.1241200e+00   6.0262900e+00   2.9622900e+00   5.2142400e+00   5.6937600e-01  -1.0115000e+06
   6.9449400e+00  -1.1241500e+00   6.0263500e+00   2.9623300e+00   5.2147000e+00   5.6948200e-01  -1.0115000e+06
   6.9451700e+00  -1.1240600e+00   6.0263000e+00   2.9625200e+00   5.2146400e+00   5.6955300e-01  -1.0115000e+06
   6.9449900e+00  -1.1239400e+00   6.0263100e+00   2.9627400e+00   5.2149100e+00   5.6968100e-01  -1.0115000e+06
   6.9447600e+00  -1.1239100e+00   6.0262900e+00   2.9625600e+00   5.2151000e+00   5.7002700e-01  -1.0115000e+06
   6.9449300e+00  -1.1237000e+00   6.0263500e+00   2.9625400e+00   5.2149200e+00   5.7018000e-01  -1.0115000e+06
   6.9446900e+00  -1.1237300e+00   6.0263000e+00   2.9625500e+00   5.2151300e+00   5.7033400e-01  -1.0115000e+06
   6.9446700e+00  -1.1235900e+00   6.0262800e+00   2.9626000e+00   5.2151700e+00   5.7023300e-01  -1.0115000e+06
   6.9448900e+00  -1.1235400e+00   6.0263200e+00   2.9629500e+00   5.2148100e+00   5.6980100e-01  -1.0115000e+06
   6.9449000e+00  -1.1232200e+00   6.0262600e+00   2.9630200e+00   5.2148800e+00   5.7017100e-01  -1.0115000e+06
   6.9449800e+00  -1.1233200e+00   6.0263000e+00   2.9629600e+00   5.2147100e+00   5.6976900e-01  -1.0114900e+06
   6.9452200e+00  -1.1233100e+00   6.0263200e+00   2.9631800e+00   5.2143000e+00   5.6958100e-01  -1.0115000e+06
   6.9451500e+00  -1.1235000e+00   6.0263100e+00   2.9630200e+00   5.2145200e+00   5.6954700e-01  -1.0115000e+06
   6.9454100e+00  -1.1234900e+00   6.0263000e+00   2.9630600e+00   5.2141000e+00   5.6906400e-01  -1.0115000e+06
   6.9450500e+00  -1.1237000e+00   6.0263200e+00   2.9625700e+00   5.2146400e+00   5.6967500e-01  -1.0114900e+06
   6.9451600e+00  -1.1237000e+00   6.0263300e+00   2.9630400e+00   5.2145800e+00   5.6968300e-01  -1.0115000e+06
   6.9449700e+00  -1.1235900e+00   6.0263500e+00   2.9629400e+00   5.2146700e+00   5.6979600e-01  -1.0115000e+06
   6.9450500e+00  -1.1235100e+00   6.0264000e+00   2.9624800e+00   5.2147400e+00   5.6969300e-01  -1.0115000e+06
   6.9451400e+00  -1.1234600e+00   6.0263700e+00   2.9623000e+00   5.2146400e+00   5.6952000e-01  -1.0115000e+06
   6.9450500e+00  -1.1237100e+00   6.0263500e+00   2.9619300e+00   5.2147500e+00   5.6958800e-01  -1.0114900e+06
   6.9450500e+00  -1.1236600e+00   6.0263400e+00   2.9617800e+00   5.2146600e+00   5.6948900e-01  -1.0115000e+06
   6.9452500e+00  -1.1232900e+00   6.0263500e+00   2.9617100e+00   5.2142700e+00   5.6922200e-01  -1.0115000e+06
   6.9450200e+00  -1.1230700e+00   6.0263700e+00   2.9616700e+00   5.2147100e+00   5.6955700e-01  -1.0114900e+06
   6.9451400e+00  -1.1231000e+00   6.0263200e+00   2.9620900e+00   5.2145800e+00   5.6983600e-01  -1.0115000e+06
   6.9450000e+00  -1.1232100e+00   6.0262900e+00   2.9623700e+00   5.2145700e+00   5.6959500e-01  -1.0115000e+06
   6.9448800e+00  -1.1232500e+00   6.0263100e+00   2.9622400e+00   5.2150200e+00   5.6995900e-01  -1.0115000e+06
   6.9449900e+00  -1.1233400e+00   6.0263500e+00   2.9625200e+00   5.2148000e+00   5.6991000e-01  -1.0114900e+06
   6.9446800e+00  -1.1230900e+00   6.0263200e+00   2.9625700e+00   5.2151600e+00   5.6988200e-01  -1.0115000e+06
   6.9450500e+00  -1.1229100e+00   6.0262900e+00   2.9631700e+00   5.2147000e+00   5.6959000e-01  -1.0115000e+06
   6.9452000e+00  -1.1227700e+00   6.0263100e+00   2.9632600e+00   5.2143500e+00   5.6953000e-01  -1.0115000e+06
   6.9450200e+00  -1.1224800e+00   6.0263800e+00   2.9634100e+00   5.2144800e+00   5.6967600e-01  -1.0115000e+06
   6.9452000e+00  -1.1224700e+00   6.0263400e+00   2.9628400e+00   5.2143800e+00   5.6946400e-01  -1.0114900e+06
   6.9450600e+00  -1.1224900e+00   6.0263400e+00   2.9624300e+00   5.2145300e+00   5.6952700e-01  -1.0114900e+06
   6.9448000e+00  -1.1224800e+00   6.0263600e+00   2.9625700e+00   5.2149100e+00   5.6996500e-01  -1.0115000e+06
   6.9448000e+00  -1.1225400e+00   6.0263500e+00   2.9626200e+00   5.2150800e+00   5.6981000e-01  -1.0115000e+06
   6.9450000e+00  -1.1226500e+00   6.0263900e+00   2.9623400e+00   5.2146500e+00   5.6970700e-01  -1.0115000e+06
   6.9449900e+00  -1.1226800e+00   6.0263500e+00   2.9625500e+00   5.2145500e+00   5.6935300e-01  -1.0115000e+06
   6.9451000e+00  -1.1227300e+00   6.0263400e+00   2.9624500e+00   5.2145300e+00   5.6958400e-01  -1.0114900e+06
   6.9449300e+00  -1.1227700e+00   6.0264100e+00   2.9625300e+00   5.2149000e+00   5.6966100e-01  -1.0115000e+06
   6.9449400e+00  -1.1228800e+00   6.0263000e+00   2.9623400e+00   5.2148100e+00   5.6978000e-01  -1.0114900e+06
   6.9449900e+00  -1.1227800e+00   6.0263400e+00   2.9621300e+00   5.2145600e+00   5.6984500e-01  -1.0115000e+06
   6.9450900e+00  -1.1229000e+00   6.0263800e+00   2.9621200e+00   5.2143300e+00   5.6922900e-01  -1.0115000e+06
   6.9451200e+00  -1.1227300e+00   6.0263200e+00   2.9622900e+00   5.2143700e+00   5.6945600e-01  -1.0114900e+06
   6.9452200e+00  -1.1226400e+00   6.0263800e+00   2.9621500e+00   5.2145900e+00   5.6954300e-01  -1.0115000e+06
   6.9452200e+00  -1.1226400e+00   6.0263300e+00   2.9620600e+00   5.2144000e+00   5.6946600e-01  -1.0115000e+06
   6.9450600e+00  -1.1223500e+00   6.0263600e+00   2.9620700e+00   5.2144900e+00   5.6942700e-01  -1.0114900e+06
   6.9451700e+00  -1.1224400e+00   6.0264100e+00   2.9616100e+00   5.2143400e+00   5.6920500e-01  -1.0115000e+06
   6.9448500e+00  -1.1227000e+00   6.0263700e+00   2.9617500e+00   5.2150400e+00   5.6981000e-01  -1.0115000e+06
   6.9449700e+00  -1.1225100e+00   6.0263700e+00   2.9620600e+00   5.2147700e+00   5.6968100e-01  -1.0114900e+06
   6.9450300e+00  -1.1224800e+00   6.0263000e+00   2.9621000e+00   5.2145400e+00   5.6933900e-01  -1.0115000e+06
   6.9450800e+00  -1.1221900e+00   6.0263400e+00   2.9625200e+00   5.2144700e+00   5.6930700e-01  -1.0114900e+06
   6.9455300e+00  -1.1224700e+00   6.0263200e+00   2.9624300e+00   5.2138700e+00   5.6884700e-01  -1.0115000e+06
   6.9451800e+00  -1.1224500e+00   6.0263200e+00   2.9626500e+00   5.2142800e+00   5.6930700e-01  -1.0114900e+06
   6.9453400e+00  -1.1221600e+00   6.0263600e+00   2.9626100e+00   5.2141100e+00   5.6882400e-01  -1.0115000e+06
   6.9453100e+00  -1.1221400e+00   6.0263100e+00   2.9628300e+00   5.2143000e+00   5.6925000e-01  -1.0115000e+06
   6.9453300e+00  -1.1224200e+00   6.0263300e+00   2.9630800e+00   5.2141000e+00   5.6928300e-01  -1.0115000e+06
   6.9452400e+00  -1.1223300e+00   6.0262800e+00   2.9629000e+00   5.2142100e+00   5.6923500e-01  -1.0115000e+06
   6.9449600e+00  -1.1223600e+00   6.0263400e+00   2.9631200e+00   5.2146800e+00   5.6961800e-01  -1.0115000e+06
   6.9449900e+00  -1.1222800e+00   6.0262800e+00   2.9627900e+00   5.2143800e+00   5.6966900e-01  -1.0115000e+06
   6.9453700e+00  -1.1223200e+00   6.0263200e+00   2.9630000e+00   5.2138800e+00   5.6936400e-01  -1.0115000e+06
   6.9452000e+00  -1.1221100e+00   6.0263900e+00   2.9629400e+00   5.2144700e+00   5.6945300e-01  -1.0115000e+06
   6.9453200e+00  -1.1220900e+00   6.0262800e+00   2.9634600e+00   5.2141700e+00   5.6909200e-01  -1.0115000e+06
   6.9454700e+00  -1.1220500e+00   6.0263000e+00   2.9632700e+00   5.2139100e+00   5.6896200e-01  -1.0115000e+06
   6.9454900e+00  -1.1219200e+00   6.0263300e+00   2.9631000e+00   5.2137300e+00   5.6881700e-01  -1.0115000e+06
   6.9455600e+00  -1.1221200e+00   6.0263300e+00   2.9627600e+00   5.2138600e+00   5.6854400e-01  -1.0115000e+06
   6.9455500e+00  -1.1217900e+00   6.0263200e+00   2.9627800e+00   5.2138200e+00   5.6860700e-01  -1.0115000e+06
   6.9454600e+00  -1.1219200e+00   6.0263500e+00   2.9622300e+00   5.2138700e+00   5.6876700e-01  -1.0115000e+06
   6.9452900e+00  -1.1215600e+00   6.0263600e+00   2.9625900e+00   5.2140700e+00   5.6904200e-01  -1.0115000e+06
   6.9453600e+00  -1.1210500e+00   6.0263500e+00   2.9623600e+00   5.2139600e+00   5.6912400e-01  -1.0115000e+06
   6.9453700e+00  -1.1211300e+00   6.0263400e+00   2.9624500e+00   5.2142100e+00   5.6913300e-01  -1.0115000e+06
   6.9451900e+00  -1.1208500e+00   6.0263800e+00   2.9622100e+00   5.2142400e+00   5.6906300e-01  -1.0115000e+06
   6.9452700e+00  -1.1207300e+00   6.0263600e+00   2.9622500e+00   5.2140200e+00   5.6872500e-01  -1.0115000e+06
   6.9453000e+00  -1.1209800e+00   6.0264000e+00   2.9618900e+00   5.2141900e+00   5.6896900e-01  -1.0115000e+06
   6.9453800e+00  -1.1208200e+00   6.0263600e+00   2.9619500e+00   5.2138100e+00   5.6862300e-01  -1.0115000e+06
   6.9456100e+00  -1.1209900e+00   6.0263500e+00   2.9618800e+00   5.2136000e+00   5.6846900e-01  -1.0115000e+06
   6.9453700e+00  -1.1211400e+00   6.0263600e+00   2.9616400e+00   5.2138400e+00   5.6860700e-01  -1.0115000e+06
   6.9456700e+00  -1.1212000e+00   6.0263500e+00   2.9621200e+00   5.2136100e+00   5.6843400e-01  -1.0115000e+06
   6.9455500e+00  -1.1211600e+00   6.0263500e+00   2.9623700e+00   5.2136600e+00   5.6855300e-01  -1.0115000e+06
   6.9453400e+00  -1.1211700e+00   6.0264200e+00   2.9621500e+00   5.2139800e+00   5.6887900e-01  -1.0115000e+06
   6.9453100e+00  -1.1215500e+00   6.0263800e+00   2.9622500e+00   5.2141200e+00   5.6901600e-01  -1.0115000e+06
   6.9452100e+00  -1.1212600e+00   6.0263600e+00   2.9619000e+00   5.2142700e+00   5.6908600e-01  -1.0115000e+06
   6.9451700e+00  -1.1211100e+00   6.0263400e+00   2.9624000e+00   5.2144400e+00   5.6933400e-01  -1.0115000e+06
   6.9453300e+00  -1.1212200e+00   6.0262700e+00   2.9630300e+00   5.2139600e+00   5.6954500e-01  -1.0115000e+06
   6.9449600e+00  -1.1212200e+00   6.0263500e+00   2.9631700e+00   5.2146700e+00   5.6939900e-01  -1.0115000e+06
   6.9449600e+00  -1.1212400e+00   6.0263000e+00   2.9631800e+00   5.2145000e+00   5.6960300e-01  -1.0115000e+06
   6.9449700e+00  -1.1211300e+00   6.0263800e+00   2.9627400e+00   5.2144200e+00   5.6958000e-01  -1.0115000e+06
   6.9448500e+00  -1.1208400e+00   6.0264200e+00   2.9623300e+00   5.2148200e+00   5.6944900e-01  -1.0115000e+06
   6.9453500e+00  -1.1209800e+00   6.0264000e+00   2.9623300e+00   5.2140100e+00   5.6922400e-01  -1.0115000e+06
   6.9452500e+00  -1.1212800e+00   6.0264200e+00   2.9625500e+00   5.2143300e+00   5.6916200e-01  -1.0115000e+06
   6.9450400e+00  -1.1209100e+00   6.0263700e+00   2.9623800e+00   5.2147600e+00   5.6936400e-01  -1.0115000e+06
   6.9453600e+00  -1.1207900e+00   6.0263800e+00   2.9628000e+00   5.2139700e+00   5.6926500e-01  -1.0115000e+06
   6.9456000e+00  -1.1206900e+00   6.0263500e+00   2.9625700e+00   5.2135000e+00   5.6868000e-01  -1.0115000e+06
   6.9456400e+00  -1.1202800e+00   6.0263500e+00   2.9626400e+00   5.2136000e+00   5.6859900e-01  -1.0115000e+06
   6.9455100e+00  -1.1201300e+00   6.0263600e+00   2.9623200e+00   5.2137500e+00   5.6871700e-01  -1.0115000e+06
   6.9455700e+00  -1.1203100e+00   6.0263800e+00   2.9623200e+00   5.2138400e+00   5.6867400e-01  -1.0115000e+06
   6.9454300e+00  -1.1203700e+00   6.0263800e+00   2.9621400e+00   5.2139800e+00   5.6896900e-01  -1.0115000e+06
   6.9454000e+00  -1.1201500e+00   6.0264100e+00   2.9622900e+00   5.2139200e+00   5.6890900e-01  -1.0115000e+06
   6.9453000e+00  -1.1198900e+00   6.0263500e+00   2.9624900e+00   5.2141200e+00   5.6912400e-01  -1.0115000e+06
   6.9450000e+00  -1.1196700e+00   6.0264100e+00   2.9625500e+00   5.2144500e+00   5.6956400e-01  -1.0115000e+06
   6.9447100e+00  -1.1197000e+00   6.0263700e+00   2.9621700e+00   5.2149600e+00   5.6972800e-01  -1.0115000e+06
   6.9447300e+00  -1.1197000e+00   6.0263600e+00   2.9618700e+00   5.2147100e+00   5.6968000e-01  -1.0115000e+06
   6.9451900e+00  -1.1196300e+00   6.0263400e+00   2.9622500e+00   5.2142700e+00   5.6925700e-01  -1.0115000e+06
   6.9452800e+00  -1.1196600e+00   6.0264100e+00   2.9622600e+00   5.2140900e+00   5.6916500e-01  -1.0115000e+06
   6.9449500e+00  -1.1195400e+00   6.0264000e+00   2.9618700e+00   5.2144400e+00   5.6937800e-01  -1.0115000e+06
   6.9451000e+00  -1.1194000e+00   6.0263700e+00   2.9623000e+00   5.2143600e+00   5.6921700e-01  -1.0115000e+06
   6.9452500e+00  -1.1193800e+00   6.0263800e+00   2.9623400e+00   5.2140700e+00   5.6911600e-01  -1.0115000e+06
   6.9449000e+00  -1.1195600e+00   6.0263900e+00   2.9622100e+00   5.2145800e+00   5.6928100e-01  -1.0115000e+06
   6.9451100e+00  -1.1193200e+00   6.0263700e+00   2.9620700e+00   5.2141600e+00   5.6931200e-01  -1.0115000e+06
   6.9449500e+00  -1.1194200e+00   6.0263900e+00   2.9619400e+00   5.2146900e+00   5.6941800e-01  -1.0115000e+06
   6.9447800e+00  -1.1194600e+00   6.0263700e+00   2.9619600e+00   5.2148000e+00   5.6994000e-01  -1.0115000e+06
   6.9449100e+00  -1.1197700e+00   6.0263600e+00   2.9620300e+00   5.2147200e+00   5.6946900e-01  -1.0115000e+06
   6.9450800e+00  -1.1198200e+00   6.0264200e+00   2.9623600e+00   5.2146100e+00   5.6935900e-01  -1.0115000e+06
   6.9450500e+00  -1.1196100e+00   6.0263400e+00   2.9622800e+00   5.2144100e+00   5.6927700e-01  -1.0115000e+06
   6.9452100e+00  -1.1197500e+00   6.0264100e+00   2.9624000e+00   5.2141600e+00   5.6918700e-01  -1.0115000e+06
   6.9451900e+00  -1.1199100e+00   6.0263100e+00   2.9623000e+00   5.2141200e+00   5.6897800e-01  -1.0115000e+06
   6.9452900e+00  -1.1200200e+00   6.0263500e+00   2.9625900e+00   5.2141900e+00   5.6883000e-01  -1.0115000e+06
   6.9454500e+00  -1.1200400e+00   6.0264100e+00   2.9623600e+00   5.2137900e+00   5.6864600e-01  -1.0115000e+06
   6.9453600e+00  -1.1198800e+00   6.0264100e+00   2.9621000e+00   5.2139300e+00   5.6864300e-01  -1.0115000e+06
   6.9453500e+00  -1.1198500e+00   6.0263700e+00   2.9618900e+00   5.2137900e+00   5.6852400e-01  -1.0115000e+06
   6.9453700e+00  -1.1198100e+00   6.0264000e+00   2.9616400e+00   5.2138900e+00   5.6835900e-01  -1.0115000e+06
   6.9457200e+00  -1.1199000e+00   6.0264000e+00   2.9618700e+00   5.2136100e+00   5.6832600e-01  -1.0115000e+06
   6.9454600e+00  -1.1196500e+00   6.0264200e+00   2.9617500e+00   5.2138000e+00   5.6860500e-01  -1.0115000e+06
   6.9456000e+00  -1.1195400e+00   6.0263800e+00   2.9614800e+00   5.2138200e+00   5.6842300e-01  -1.0115000e+06
   6.9453700e+00  -1.1196100e+00   6.0264000e+00   2.9617500e+00   5.2140000e+00   5.6866400e-01  -1.0115000e+06
   6.9453700e+00  -1.1197000e+00   6.0264300e+00   2.9617300e+00   5.2139500e+00   5.6897400e-01  -1.0115000e+06
   6.9448600e+00  -1.1196800e+00   6.0264100e+00   2.9620100e+00   5.2146100e+00   5.6950600e-01  -1.0115000e+06
   6.9450600e+00  -1.1199500e+00   6.0263900e+00   2.9622100e+00   5.2144800e+00   5.6943200e-01  -1.0115000e+06
   6.9451200e+00  -1.1201700e+00   6.0263700e+00   2.9621500e+00   5.2145900e+00   5.6930300e-01  -1.0115000e+06
   6.9452700e+00  -1.1200900e+00   6.0263100e+00   2.9622400e+00   5.2139500e+00   5.6887900e-01  -1.0115000e+06
   6.9452400e+00  -1.1197800e+00   6.0263600e+00   2.9622900e+00   5.2139100e+00   5.6875700e-01  -1.0115000e+06
   6.9449800e+00  -1.1194400e+00   6.0264100e+00   2.9619900e+00   5.2145400e+00   5.6935100e-01  -1.0115000e+06
   6.9451800e+00  -1.1193800e+00   6.0263200e+00   2.9620400e+00   5.2141500e+00   5.6904200e-01  -1.0115000e+06
   6.9449800e+00  -1.1195000e+00   6.0264600e+00   2.9620000e+00   5.2145300e+00   5.6961000e-01  -1.0115000e+06
   6.9450500e+00  -1.1196300e+00   6.0263400e+00   2.9619300e+00   5.2144500e+00   5.6952000e-01  -1.0115000e+06
   6.9449900e+00  -1.1198800e+00   6.0263700e+00   2.9618900e+00   5.2144900e+00   5.6960600e-01  -1.0115000e+06
   6.9449500e+00  -1.1204200e+00   6.0263900e+00   2.9623300e+00   5.2145700e+00   5.6957400e-01  -1.0115000e+06
   6.9449400e+00  -1.1203900e+00   6.0263700e+00   2.9626600e+00   5.2144600e+00   5.6966700e-01  -1.0115000e+06
   6.9450300e+00  -1.1203900e+00   6.0263700e+00   2.9630500e+00   5.2147900e+00   5.6968500e-01  -1.0115000e+06
   6.9452100e+00  -1.1204500e+00   6.0263700e+00   2.9627600e+00   5.2143900e+00   5.6967100e-01  -1.0115000e+06
   6.9448600e+00  -1.1205400e+00   6.0263600e+00   2.9625800e+00   5.2149200e+00   5.6983400e-01  -1.0115000e+06
   6.9450800e+00  -1.1201600e+00   6.0263700e+00   2.9626000e+00   5.2143900e+00   5.6936000e-01  -1.0115000e+06
   6.9449200e+00  -1.1200600e+00   6.0263500e+00   2.9627500e+00   5.2145800e+00   5.6961100e-01  -1.0115000e+06
   6.9450500e+00  -1.1200500e+00   6.0264100e+00   2.9628700e+00   5.2144200e+00   5.6919000e-01  -1.0115000e+06
   6.9451400e+00  -1.1197100e+00   6.0263400e+00   2.9630000e+00   5.2142300e+00   5.6915200e-01  -1.0115000e+06
   6.9451800e+00  -1.1193100e+00   6.0263900e+00   2.9626400e+00   5.2142100e+00   5.6909100e-01  -1.0115000e+06
   6.9452500e+00  -1.1197400e+00   6.0263700e+00   2.9625900e+00   5.2141700e+00   5.6891200e-01  -1.0115000e+06
   6.9453900e+00  -1.1197600e+00   6.0263900e+00   2.9631100e+00   5.2138100e+00   5.6899400e-01  -1.0115000e+06
   6.9452200e+00  -1.1195100e+00   6.0263700e+00   2.9634000e+00   5.2141700e+00   5.6932600e-01  -1.0115000e+06
   6.9449000e+00  -1.1192800e+00   6.0263900e+00   2.9629900e+00   5.2144600e+00   5.6938300e-01  -1.0115000e+06
   6.9448400e+00  -1.1191400e+00   6.0263600e+00   2.9628200e+00   5.2146900e+00   5.6961500e-01  -1.0115000e+06
   6.9451800e+00  -1.1189700e+00   6.0263600e+00   2.9630800e+00   5.2140700e+00   5.6912100e-01  -1.0115000e+06
   6.9453100e+00  -1.1191200e+00   6.0263900e+00   2.9628000e+00   5.2141500e+00   5.6895400e-01  -1.0115000e+06
   6.9454100e+00  -1.1190400e+00   6.0264000e+00   2.9627900e+00   5.2139000e+00   5.6893600e-01  -1.0115000e+06
   6.9452000e+00  -1.1190000e+00   6.0263700e+00   2.9632900e+00   5.2141800e+00   5.6914600e-01  -1.0115000e+06
   6.9450000e+00  -1.1186000e+00   6.0264100e+00   2.9630100e+00   5.2145100e+00   5.6950100e-01  -1.0115000e+06
   6.9449700e+00  -1.1185600e+00   6.0263600e+00   2.9631300e+00   5.2143400e+00   5.6931600e-01  -1.0115000e+06
   6.9449100e+00  -1.1185100e+00   6.0263600e+00   2.9631900e+00   5.2143300e+00   5.6932500e-01  -1.0115000e+06
   6.9452600e+00  -1.1183500e+00   6.0263300e+00   2.9631300e+00   5.2140300e+00   5.6916900e-01  -1.0115000e+06
   6.9455100e+00  -1.1183300e+00   6.0263700e+00   2.9628700e+00   5.2137000e+00   5.6865900e-01  -1.0115000e+06
   6.9453600e+00  -1.1182800e+00   6.0263600e+00   2.9630100e+00   5.2136600e+00   5.6860100e-01  -1.0115000e+06
   6.9454600e+00  -1.1180700e+00   6.0263400e+00   2.9626400e+00   5.2134800e+00   5.6860300e-01  -1.0115000e+06
   6.9451900e+00  -1.1179900e+00   6.0263800e+00   2.9630000e+00   5.2139800e+00   5.6880500e-01  -1.0115000e+06
   6.9452500e+00  -1.1181200e+00   6.0263800e+00   2.9627500e+00   5.2138700e+00   5.6866200e-01  -1.0115000e+06
   6.9455800e+00  -1.1180300e+00   6.0263200e+00   2.9627500e+00   5.2133800e+00   5.6824900e-01  -1.0115000e+06
   6.9455000e+00  -1.1182300e+00   6.0263500e+00   2.9627900e+00   5.2135600e+00   5.6823800e-01  -1.0115000e+06
   6.9455300e+00  -1.1181200e+00   6.0263600e+00   2.9627400e+00   5.2134900e+00   5.6827900e-01  -1.0115000e+06
   6.9456100e+00  -1.1183400e+00   6.0264000e+00   2.9626700e+00   5.2134400e+00   5.6831900e-01  -1.0115000e+06
   6.9457300e+00  -1.1182900e+00   6.0263400e+00   2.9626900e+00   5.2133400e+00   5.6831900e-01  -1.0115000e+06
   6.9452900e+00  -1.1183900e+00   6.0264000e+00   2.9622900e+00   5.2139500e+00   5.6875800e-01  -1.0115000e+06
   6.9453600e+00  -1.1183700e+00   6.0263700e+00   2.9617500e+00   5.2139100e+00   5.6868600e-01  -1.0115000e+06
   6.9452000e+00  -1.1181900e+00   6.0264200e+00   2.9619700e+00   5.2140200e+00   5.6864700e-01  -1.0115000e+06
   6.9452900e+00  -1.1180400e+00   6.0263900e+00   2.9621300e+00   5.2140500e+00   5.6883700e-01  -1.0115000e+06
   6.9451900e+00  -1.1179400e+00   6.0263800e+00   2.9620800e+00   5.2140400e+00   5.6859700e-01  -1.0115000e+06
   6.9453600e+00  -1.1179000e+00   6.0264000e+00   2.9621000e+00   5.2138100e+00   5.6847900e-01  -1.0115000e+06
   6.9452600e+00  -1.1178500e+00   6.0264100e+00   2.9618400e+00   5.2139600e+00   5.6840100e-01  -1.0115000e+06
   6.9456600e+00  -1.1176600e+00   6.0264200e+00   2.9618800e+00   5.2132800e+00   5.6822200e-01  -1.0115000e+06
   6.9453300e+00  -1.1175900e+00   6.0264000e+00   2.9618200e+00   5.2136500e+00   5.6823600e-01  -1.0115000e+06
   6.9456200e+00  -1.1174400e+00   6.0264400e+00   2.9616400e+00   5.2135000e+00   5.6813500e-01  -1.0115000e+06
   6.9456700e+00  -1.1174800e+00   6.0263900e+00   2.9617100e+00   5.2133600e+00   5.6835600e-01  -1.0115000e+06
   6.9453300e+00  -1.1176100e+00   6.0264400e+00   2.9615900e+00   5.2136300e+00   5.6847800e-01  -1.0115000e+06
   6.9449700e+00  -1.1175400e+00   6.0264500e+00   2.9615600e+00   5.2145300e+00   5.6896200e-01  -1.0115000e+06
   6.9449400e+00  -1.1172900e+00   6.0264600e+00   2.9614900e+00   5.2144400e+00   5.6898000e-01  -1.0115000e+06
   6.9452400e+00  -1.1176000e+00   6.0264400e+00   2.9618000e+00   5.2139700e+00   5.6874600e-01  -1.0115000e+06
   6.9451100e+00  -1.1174800e+00   6.0264600e+00   2.9619300e+00   5.2141000e+00   5.6867400e-01  -1.0115000e+06
   6.9455100e+00  -1.1173600e+00   6.0264300e+00   2.9621500e+00   5.2135700e+00   5.6842500e-01  -1.0115000e+06
   6.9453700e+00  -1.1171100e+00   6.0264700e+00   2.9621700e+00   5.2138300e+00   5.6824800e-01  -1.0115000e+06
   6.9455600e+00  -1.1168500e+00   6.0264300e+00   2.9622700e+00   5.2135500e+00   5.6807200e-01  -1.0115000e+06
   6.9452900e+00  -1.1172000e+00   6.0264500e+00   2.9624600e+00   5.2137900e+00   5.6861500e-01  -1.0115000e+06
   6.9455200e+00  -1.1168400e+00   6.0264600e+00   2.9627600e+00   5.2134900e+00   5.6819500e-01  -1.0115000e+06
   6.9456000e+00  -1.1170100e+00   6.0264600e+00   2.9628400e+00   5.2133600e+00   5.6818800e-01  -1.0115000e+06
   6.9455900e+00  -1.1170400e+00   6.0264100e+00   2.9628300e+00   5.2133400e+00   5.6837500e-01  -1.0115000e+06
   6.9457400e+00  -1.1173700e+00   6.0263700e+00   2.9626100e+00   5.2131200e+00   5.6837700e-01  -1.0115000e+06
   6.9453500e+00  -1.1173500e+00   6.0263800e+00   2.9624600e+00   5.2134900e+00   5.6843100e-01  -1.0115000e+06
   6.9454900e+00  -1.1173600e+00   6.0264100e+00   2.9627500e+00   5.2134300e+00   5.6829600e-01  -1.0115000e+06
   6.9450900e+00  -1.1173700e+00   6.0264000e+00   2.9627800e+00   5.2142400e+00   5.6857000e-01  -1.0115000e+06
   6.9453200e+00  -1.1173600e+00   6.0263700e+00   2.9632500e+00   5.2135900e+00   5.6837600e-01  -1.0115000e+06
   6.9456500e+00  -1.1172900e+00   6.0264400e+00   2.9637100e+00   5.2133200e+00   5.6823300e-01  -1.0115000e+06
   6.9456100e+00  -1.1169600e+00   6.0263600e+00   2.9635900e+00   5.2131600e+00   5.6790800e-01  -1.0115000e+06
   6.9457600e+00  -1.1168700e+00   6.0263100e+00   2.9634400e+00   5.2128600e+00   5.6784700e-01  -1.0115000e+06
   6.9456500e+00  -1.1169600e+00   6.0264200e+00   2.9627300e+00   5.2131200e+00   5.6798900e-01  -1.0115000e+06
   6.9456100e+00  -1.1168200e+00   6.0263500e+00   2.9628800e+00   5.2132400e+00   5.6803800e-01  -1.0115000e+06
   6.9453700e+00  -1.1166600e+00   6.0264100e+00   2.9628900e+00   5.2136300e+00   5.6814200e-01  -1.0115000e+06
   6.9456100e+00  -1.1167200e+00   6.0264100e+00   2.9629800e+00   5.2133200e+00   5.6797100e-01  -1.0115000e+06
   6.9456100e+00  -1.1168000e+00   6.0263800e+00   2.9628500e+00   5.2132600e+00   5.6805200e-01  -1.0115000e+06
   6.9455600e+00  -1.1167100e+00   6.0264000e+00   2.9624500e+00   5.2133400e+00   5.6805200e-01  -1.0115000e+06
   6.9456200e+00  -1.1167500e+00   6.0264100e+00   2.9626500e+00   5.2133000e+00   5.6827400e-01  -1.0115000e+06
   6.9454700e+00  -1.1169700e+00   6.0263400e+00   2.9632200e+00   5.2134500e+00   5.6831700e-01  -1.0115000e+06
   6.9456100e+00  -1.1171000e+00   6.0264400e+00   2.9636400e+00   5.2133900e+00   5.6835100e-01  -1.0115000e+06
   6.9453600e+00  -1.1171300e+00   6.0263700e+00   2.9636300e+00   5.2134900e+00   5.6846200e-01  -1.0115000e+06
   6.9455400e+00  -1.1170200e+00   6.0263600e+00   2.9635400e+00   5.2136000e+00   5.6837300e-01  -1.0115000e+06
   6.9452500e+00  -1.1173200e+00   6.0263500e+00   2.9632300e+00   5.2139800e+00   5.6883700e-01  -1.0115000e+06
   6.9450800e+00  -1.1176000e+00   6.0263500e+00   2.9626400e+00   5.2140700e+00   5.6864500e-01  -1.0115000e+06
   6.9453400e+00  -1.1179300e+00   6.0264000e+00   2.9623500e+00   5.2139800e+00   5.6878800e-01  -1.0115000e+06
   6.9451800e+00  -1.1178800e+00   6.0263900e+00   2.9623000e+00   5.2139300e+00   5.6894300e-01  -1.0115000e+06
   6.9450900e+00  -1.1177300e+00   6.0264100e+00   2.9623500e+00   5.2141100e+00   5.6912900e-01  -1.0115000e+06
   6.9453700e+00  -1.1178100e+00   6.0264600e+00   2.9622100e+00   5.2139100e+00   5.6900800e-01  -1.0115000e+06
   6.9453900e+00  -1.1177500e+00   6.0264100e+00   2.9623700e+00   5.2139000e+00   5.6859800e-01  -1.0115000e+06
   6.9454700e+00  -1.1178600e+00   6.0263700e+00   2.9622800e+00   5.2133900e+00   5.6855900e-01  -1.0115000e+06
   6.9453400e+00  -1.1182000e+00   6.0264200e+00   2.9623500e+00   5.2137500e+00   5.6848800e-01  -1.0115000e+06
   6.9455400e+00  -1.1182300e+00   6.0263000e+00   2.9626000e+00   5.2134600e+00   5.6849600e-01  -1.0115000e+06
   6.9452100e+00  -1.1183300e+00   6.0263600e+00   2.9624200e+00   5.2140300e+00   5.6868200e-01  -1.0115000e+06
   6.9451700e+00  -1.1180600e+00   6.0263700e+00   2.9625800e+00   5.2141000e+00   5.6916400e-01  -1.0115000e+06
   6.9450200e+00  -1.1181500e+00   6.0264000e+00   2.9627000e+00   5.2143500e+00   5.6912600e-01  -1.0115000e+06
   6.9449400e+00  -1.1181700e+00   6.0263800e+00   2.9627800e+00   5.2145500e+00   5.6950600e-01  -1.0115000e+06
   6.9451300e+00  -1.1179600e+00   6.0263500e+00   2.9630000e+00   5.2141200e+00   5.6917300e-01  -1.0115000e+06
   6.9453800e+00  -1.1181600e+00   6.0263300e+00   2.9630000e+00   5.2137900e+00   5.6877400e-01  -1.0115000e+06
   6.9454700e+00  -1.1182800e+00   6.0263600e+00   2.9630300e+00   5.2136000e+00   5.6853000e-01  -1.0115000e+06
   6.9456300e+00  -1.1181600e+00   6.0263700e+00   2.9629400e+00   5.2134500e+00   5.6859700e-01  -1.0115000e+06
   6.9454800e+00  -1.1185000e+00   6.0263800e+00   2.9626400e+00   5.2137200e+00   5.6847000e-01  -1.0115000e+06
   6.9456000e+00  -1.1187500e+00   6.0263400e+00   2.9629600e+00   5.2132700e+00   5.6847300e-01  -1.0115000e+06
   6.9455400e+00  -1.1187300e+00   6.0263600e+00   2.9629400e+00   5.2134900e+00   5.6833700e-01  -1.0115000e+06
   6.9456600e+00  -1.1185800e+00   6.0264200e+00   2.9631000e+00   5.2136000e+00   5.6812400e-01  -1.0115000e+06
   6.9454900e+00  -1.1184300e+00   6.0263800e+00   2.9632700e+00   5.2136000e+00   5.6854600e-01  -1.0115000e+06
   6.9454000e+00  -1.1186000e+00   6.0263700e+00   2.9632600e+00   5.2135200e+00   5.6837200e-01  -1.0115000e+06
   6.9455300e+00  -1.1183900e+00   6.0263400e+00   2.9630800e+00   5.2134900e+00   5.6849400e-01  -1.0115000e+06
   6.9453400e+00  -1.1187200e+00   6.0263500e+00   2.9627300e+00   5.2137400e+00   5.6866200e-01  -1.0115000e+06
   6.9453500e+00  -1.1186900e+00   6.0263900e+00   2.9628400e+00   5.2136900e+00   5.6863300e-01  -1.0115000e+06
   6.9455200e+00  -1.1186000e+00   6.0263700e+00   2.9629800e+00   5.2135200e+00   5.6824500e-01  -1.0115000e+06
   6.9459400e+00  -1.1186100e+00   6.0263900e+00   2.9625000e+00   5.2131600e+00   5.6814400e-01  -1.0115000e+06
   6.9458100e+00  -1.1184000e+00   6.0263900e+00   2.9625200e+00   5.2131600e+00   5.6800200e-01  -1.0115000e+06
   6.9457400e+00  -1.1185800e+00   6.0264000e+00   2.9622300e+00   5.2133300e+00   5.6797200e-01  -1.0115000e+06
   6.9456700e+00  -1.1183900e+00   6.0263700e+00   2.9622900e+00   5.2133600e+00   5.6796800e-01  -1.0115000e+06
   6.9459600e+00  -1.1186400e+00   6.0263800e+00   2.9624200e+00   5.2129800e+00   5.6780200e-01  -1.0115000e+06
   6.9460500e+00  -1.1187700e+00   6.0263800e+00   2.9625700e+00   5.2128800e+00   5.6768200e-01  -1.0115000e+06
   6.9457000e+00  -1.1186500e+00   6.0264000e+00   2.9628100e+00   5.2131900e+00   5.6778100e-01  -1.0115000e+06
   6.9458500e+00  -1.1187200e+00   6.0263500e+00   2.9627700e+00   5.2128200e+00   5.6776100e-01  -1.0115000e+06
   6.9457700e+00  -1.1187800e+00   6.0264000e+00   2.9626200e+00   5.2131400e+00   5.6796900e-01  -1.0115000e+06
   6.9457000e+00  -1.1185500e+00   6.0263500e+00   2.9624600e+00   5.2133200e+00   5.6801200e-01  -1.0115000e+06
   6.9454900e+00  -1.1185200e+00   6.0263400e+00   2.9625900e+00   5.2138000e+00   5.6835500e-01  -1.0115000e+06
   6.9455800e+00  -1.1183100e+00   6.0263400e+00   2.9629200e+00   5.2133400e+00   5.6831500e-01  -1.0115000e+06
   6.9455300e+00  -1.1184500e+00   6.0263800e+00   2.9630200e+00   5.2134800e+00   5.6829400e-01  -1.0115000e+06
   6.9457400e+00  -1.1184600e+00   6.0263200e+00   2.9633600e+00   5.2132700e+00   5.6845000e-01  -1.0115000e+06
   6.9453600e+00  -1.1181400e+00   6.0263600e+00   2.9637000e+00   5.2139300e+00   5.6870100e-01  -1.0115000e+06
   6.9455100e+00  -1.1182500e+00   6.0263700e+00   2.9634100e+00   5.2136100e+00   5.6876800e-01  -1.0115000e+06
   6.9453500e+00  -1.1179700e+00   6.0263200e+00   2.9629200e+00   5.2135500e+00   5.6850400e-01  -1.0115000e+06
   6.9454100e+00  -1.1180200e+00   6.0263800e+00   2.9629700e+00   5.2137400e+00   5.6862800e-01  -1.0115000e+06
   6.9452000e+00  -1.1181500e+00   6.0264100e+00   2.9627600e+00   5.2143100e+00   5.6888100e-01  -1.0115000e+06
   6.9449500e+00  -1.1181100e+00   6.0264000e+00   2.9625000e+00   5.2145400e+00   5.6918300e-01  -1.0115000e+06
   6.9451300e+00  -1.1182300e+00   6.0263500e+00   2.9630600e+00   5.2140500e+00   5.6887300e-01  -1.0115000e+06
   6.9453200e+00  -1.1180800e+00   6.0263600e+00   2.9628600e+00   5.2138300e+00   5.6887600e-01  -1.0115000e+06
   6.9453300e+00  -1.1178100e+00   6.0263700e+00   2.9630100e+00   5.2140500e+00   5.6843700e-01  -1.0115000e+06
   6.9452000e+00  -1.1179800e+00   6.0263900e+00   2.9628400e+00   5.2139900e+00   5.6865500e-01  -1.0115000e+06
   6.9453100e+00  -1.1180500e+00   6.0264100e+00   2.9622100e+00   5.2138200e+00   5.6869400e-01  -1.0115000e+06
   6.9451300e+00  -1.1180700e+00   6.0264500e+00   2.9625300e+00   5.2143000e+00   5.6874400e-01  -1.0115000e+06
   6.9455100e+00  -1.1178800e+00   6.0263600e+00   2.9629900e+00   5.2135800e+00   5.6857400e-01  -1.0115000e+06
   6.9455700e+00  -1.1178600e+00   6.0263400e+00   2.9629000e+00   5.2133100e+00   5.6800000e-01  -1.0115000e+06
   6.9458800e+00  -1.1176600e+00   6.0263800e+00   2.9624900e+00   5.2127900e+00   5.6779900e-01  -1.0115000e+06
   6.9454300e+00  -1.1173800e+00   6.0264000e+00   2.9627600e+00   5.2134800e+00   5.6805100e-01  -1.0115000e+06
   6.9456000e+00  -1.1173500e+00   6.0263600e+00   2.9633500e+00   5.2130300e+00   5.6807500e-01  -1.0115000e+06
   6.9457800e+00  -1.1170500e+00   6.0264000e+00   2.9635600e+00   5.2129900e+00   5.6778500e-01  -1.0115000e+06
   6.9457300e+00  -1.1170700e+00   6.0263700e+00   2.9636400e+00   5.2132600e+00   5.6812900e-01  -1.0115000e+06
   6.9456000e+00  -1.1172400e+00   6.0263600e+00   2.9640800e+00   5.2130000e+00   5.6820900e-01  -1.0115000e+06
   6.9454100e+00  -1.1172500e+00   6.0263900e+00   2.9642800e+00   5.2135000e+00   5.6848200e-01  -1.0115000e+06
   6.9453700e+00  -1.1171300e+00   6.0263600e+00   2.9641500e+00   5.2136300e+00   5.6823700e-01  -1.0115000e+06
   6.9455400e+00  -1.1170900e+00   6.0263100e+00   2.9638600e+00   5.2131400e+00   5.6832500e-01  -1.0115000e+06
   6.9454500e+00  -1.1169700e+00   6.0263600e+00   2.9637700e+00   5.2136600e+00   5.6846300e-01  -1.0115000e+06
   6.9455600e+00  -1.1169400e+00   6.0263600e+00   2.9637400e+00   5.2134900e+00   5.6849700e-01  -1.0115000e+06
   6.9454400e+00  -1.1169700e+00   6.0263500e+00   2.9635700e+00   5.2136300e+00   5.6854100e-01  -1.0115000e+06
   6.9451100e+00  -1.1169100e+00   6.0263700e+00   2.9636000e+00   5.2141500e+00   5.6910300e-01  -1.0115000e+06
   6.9452700e+00  -1.1167500e+00   6.0263900e+00   2.9635800e+00   5.2137100e+00   5.6869200e-01  -1.0115000e+06
   6.9455700e+00  -1.1164700e+00   6.0264200e+00   2.9637100e+00   5.2133300e+00   5.6810300e-01  -1.0115000e+06
   6.9453100e+00  -1.1163400e+00   6.0263800e+00   2.9637300e+00   5.2134200e+00   5.6836800e-01  -1.0115000e+06
   6.9457100e+00  -1.1162000e+00   6.0264100e+00   2.9632200e+00   5.2132700e+00   5.6818600e-01  -1.0115000e+06
   6.9454600e+00  -1.1164200e+00   6.0264600e+00   2.9629600e+00   5.2136900e+00   5.6822600e-01  -1.0115000e+06
   6.9455800e+00  -1.1164600e+00   6.0264100e+00   2.9628800e+00   5.2132900e+00   5.6820800e-01  -1.0115000e+06
   6.9457500e+00  -1.1164600e+00   6.0263700e+00   2.9629200e+00   5.2130800e+00   5.6814700e-01  -1.0115000e+06
   6.9458600e+00  -1.1165100e+00   6.0263800e+00   2.9628800e+00   5.2130100e+00   5.6800600e-01  -1.0115000e+06
   6.9456700e+00  -1.1159200e+00   6.0263700e+00   2.9633200e+00   5.2131500e+00   5.6820400e-01  -1.0115000e+06
   6.9452100e+00  -1.1157700e+00   6.0264000e+00   2.9634700e+00   5.2137900e+00   5.6855100e-01  -1.0115000e+06
   6.9456600e+00  -1.1160400e+00   6.0263700e+00   2.9632800e+00   5.2131600e+00   5.6809300e-01  -1.0115000e+06
   6.9457800e+00  -1.1162400e+00   6.0264200e+00   2.9635300e+00   5.2129200e+00   5.6789900e-01  -1.0115000e+06
   6.9457800e+00  -1.1166000e+00   6.0264000e+00   2.9634600e+00   5.2130900e+00   5.6792900e-01  -1.0115000e+06
   6.9458800e+00  -1.1168200e+00   6.0263400e+00   2.9634900e+00   5.2128400e+00   5.6798600e-01  -1.0115000e+06
   6.9456000e+00  -1.1168000e+00   6.0264100e+00   2.9635000e+00   5.2132400e+00   5.6801700e-01  -1.0115000e+06
   6.9456600e+00  -1.1166700e+00   6.0264500e+00   2.9631000e+00   5.2133000e+00   5.6795900e-01  -1.0115000e+06
   6.9454200e+00  -1.1169700e+00   6.0263700e+00   2.9629300e+00   5.2133800e+00   5.6845500e-01  -1.0115000e+06
   6.9451400e+00  -1.1170500e+00   6.0264200e+00   2.9626600e+00   5.2140300e+00   5.6875900e-01  -1.0115000e+06
   6.9454100e+00  -1.1171900e+00   6.0264200e+00   2.9629900e+00   5.2138800e+00   5.6845000e-01  -1.0115000e+06
   6.9451200e+00  -1.1173500e+00   6.0264300e+00   2.9633200e+00   5.2141200e+00   5.6909000e-01  -1.0115000e+06
   6.9453300e+00  -1.1176000e+00   6.0263700e+00   2.9629800e+00   5.2136200e+00   5.6887300e-01  -1.0115000e+06
   6.9452700e+00  -1.1177400e+00   6.0264300e+00   2.9629700e+00   5.2139700e+00   5.6866400e-01  -1.0115000e+06
   6.9454200e+00  -1.1175800e+00   6.0264100e+00   2.9625600e+00   5.2138900e+00   5.6861500e-01  -1.0115000e+06
   6.9454100e+00  -1.1177900e+00   6.0264500e+00   2.9628100e+00   5.2137700e+00   5.6859500e-01  -1.0115000e+06
   6.9454200e+00  -1.1175100e+00   6.0264100e+00   2.9627300e+00   5.2138800e+00   5.6860700e-01  -1.0115000e+06
   6.9453100e+00  -1.1175200e+00   6.0264200e+00   2.9629800e+00   5.2138400e+00   5.6877800e-01  -1.0115000e+06
   6.9451300e+00  -1.1175300e+00   6.0263800e+00   2.9631400e+00   5.2139700e+00   5.6876000e-01  -1.0115000e+06
   6.9452400e+00  -1.1175500e+00   6.0263500e+00   2.9628400e+00   5.2139000e+00   5.6882500e-01  -1.0115000e+06
   6.9453000e+00  -1.1177900e+00   6.0263800e+00   2.9628800e+00   5.2138600e+00   5.6874100e-01  -1.0115000e+06
   6.9450900e+00  -1.1176800e+00   6.0264500e+00   2.9631200e+00   5.2141800e+00   5.6896600e-01  -1.0115000e+06
   6.9453000e+00  -1.1176300e+00   6.0264000e+00   2.9629100e+00   5.2140000e+00   5.6875300e-01  -1.0115000e+06
   6.9453900e+00  -1.1177100e+00   6.0264000e+00   2.9632200e+00   5.2137500e+00   5.6864400e-01  -1.0115000e+06
   6.9453100e+00  -1.1177900e+00   6.0263600e+00   2.9635000e+00   5.2139300e+00   5.6879400e-01  -1.0115000e+06
   6.9453100e+00  -1.1179500e+00   6.0263200e+00   2.9636100e+00   5.2136700e+00   5.6889200e-01  -1.0115000e+06
   6.9452900e+00  -1.1176900e+00   6.0264000e+00   2.9639500e+00   5.2138700e+00   5.6896200e-01  -1.0115000e+06
   6.9456000e+00  -1.1176100e+00   6.0263600e+00   2.9639200e+00   5.2134300e+00   5.6875900e-01  -1.0115000e+06
   6.9453200e+00  -1.1175100e+00   6.0263600e+00   2.9639300e+00   5.2136300e+00   5.6898100e-01  -1.0115000e+06
   6.9455700e+00  -1.1169900e+00   6.0263500e+00   2.9642600e+00   5.2135000e+00   5.6860300e-01  -1.0115000e+06
   6.9454200e+00  -1.1169200e+00   6.0263400e+00   2.9639700e+00   5.2135500e+00   5.6836600e-01  -1.0115000e+06
   6.9454700e+00  -1.1169600e+00   6.0263000e+00   2.9638900e+00   5.2133900e+00   5.6861700e-01  -1.0115000e+06
   6.9453900e+00  -1.1170000e+00   6.0263600e+00   2.9639700e+00   5.2135900e+00   5.6871700e-01  -1.0115000e+06
   6.9454800e+00  -1.1171500e+00   6.0263500e+00   2.9639300e+00   5.2135300e+00   5.6867800e-01  -1.0115000e+06
   6.9456300e+00  -1.1174300e+00   6.0263500e+00   2.9638400e+00   5.2132600e+00   5.6830900e-01  -1.0115000e+06
   6.9454400e+00  -1.1177100e+00   6.0264000e+00   2.9634200e+00   5.2135200e+00   5.6826300e-01  -1.0115000e+06
   6.9451500e+00  -1.1173500e+00   6.0263600e+00   2.9631600e+00   5.2139500e+00   5.6868200e-01  -1.0115000e+06
   6.9455600e+00  -1.1176300e+00   6.0264200e+00   2.9630900e+00   5.2136200e+00   5.6849800e-01  -1.0115000e+06
   6.9455000e+00  -1.1177600e+00   6.0263500e+00   2.9634200e+00   5.2135200e+00   5.6820400e-01  -1.0115000e+06
   6.9457400e+00  -1.1178300e+00   6.0263900e+00   2.9629700e+00   5.2131700e+00   5.6810700e-01  -1.0115000e+06
   6.9455400e+00  -1.1177700e+00   6.0263700e+00   2.9630600e+00   5.2133500e+00   5.6813300e-01  -1.0115000e+06
   6.9457600e+00  -1.1178100e+00   6.0263200e+00   2.9628600e+00   5.2129300e+00   5.6769800e-01  -1.0115000e+06
   6.9458100e+00  -1.1178600e+00   6.0263700e+00   2.9626800e+00   5.2130900e+00   5.6801000e-01  -1.0115000e+06
   6.9458000e+00  -1.1178000e+00   6.0263600e+00   2.9626300e+00   5.2131600e+00   5.6825000e-01  -1.0115000e+06
   6.9454100e+00  -1.1179400e+00   6.0264200e+00   2.9626800e+00   5.2137800e+00   5.6852500e-01  -1.0115000e+06
   6.9455700e+00  -1.1179800e+00   6.0264000e+00   2.9627300e+00   5.2136100e+00   5.6869900e-01  -1.0115000e+06
   6.9456700e+00  -1.1179600e+00   6.0264000e+00   2.9624900e+00   5.2134300e+00   5.6847400e-01  -1.0115000e+06
   6.9456100e+00  -1.1180400e+00   6.0263700e+00   2.9621900e+00   5.2133100e+00   5.6827100e-01  -1.0115000e+06
   6.9454900e+00  -1.1180800e+00   6.0264400e+00   2.9622700e+00   5.2135300e+00   5.6847400e-01  -1.0115000e+06
   6.9451900e+00  -1.1181300e+00   6.0264000e+00   2.9622300e+00   5.2140500e+00   5.6897900e-01  -1.0115000e+06
   6.9451300e+00  -1.1182700e+00   6.0264100e+00   2.9621400e+00   5.2140200e+00   5.6880900e-01  -1.0115000e+06
   6.9454400e+00  -1.1185200e+00   6.0264800e+00   2.9616800e+00   5.2139300e+00   5.6858600e-01  -1.0115000e+06
   6.9455600e+00  -1.1184000e+00   6.0264000e+00   2.9618600e+00   5.2136100e+00   5.6840200e-01  -1.0115000e+06
   6.9455600e+00  -1.1181900e+00   6.0264400e+00   2.9620700e+00   5.2134800e+00   5.6827400e-01  -1.0115000e+06
   6.9456800e+00  -1.1180900e+00   6.0264100e+00   2.9624700e+00   5.2133600e+00   5.6797500e-01  -1.0115000e+06
   6.9454800e+00  -1.1181500e+00   6.0263800e+00   2.9622100e+00   5.2136700e+00   5.6811500e-01  -1.0115000e+06
   6.9456200e+00  -1.1182700e+00   6.0264600e+00   2.9623000e+00   5.2135600e+00   5.6816300e-01  -1.0115000e+06
   6.9457100e+00  -1.1184900e+00   6.0263200e+00   2.9625700e+00   5.2132500e+00   5.6824200e-01  -1.0115000e+06
   6.9453700e+00  -1.1186500e+00   6.0263400e+00   2.9628200e+00   5.2136800e+00   5.6843300e-01  -1.0115000e+06
   6.9455000e+00  -1.1187000e+00   6.0263200e+00   2.9629900e+00   5.2135400e+00   5.6865500e-01  -1.0115000e+06
   6.9455100e+00  -1.1190000e+00   6.0263700e+00   2.9625500e+00   5.2135500e+00   5.6840100e-01  -1.0115000e+06
   6.9456100e+00  -1.1190400e+00   6.0263400e+00   2.9624200e+00   5.2133400e+00   5.6821400e-01  -1.0115000e+06
   6.9455100e+00  -1.1189900e+00   6.0263700e+00   2.9626100e+00   5.2136900e+00   5.6862100e-01  -1.0115000e+06
   6.9455500e+00  -1.1192300e+00   6.0264000e+00   2.9624400e+00   5.2136900e+00   5.6853400e-01  -1.0115000e+06
   6.9455200e+00  -1.1192500e+00   6.0262800e+00   2.9627800e+00   5.2135300e+00   5.6841000e-01  -1.0115000e+06
   6.9455300e+00  -1.1193800e+00   6.0264000e+00   2.9626800e+00   5.2137500e+00   5.6855000e-01  -1.0115000e+06
   6.9457600e+00  -1.1193600e+00   6.0263200e+00   2.9626200e+00   5.2132900e+00   5.6844500e-01  -1.0115000e+06
   6.9456900e+00  -1.1192200e+00   6.0263800e+00   2.9624500e+00   5.2133400e+00   5.6834300e-01  -1.0115000e+06
   6.9454500e+00  -1.1192600e+00   6.0263600e+00   2.9623100e+00   5.2136200e+00   5.6864500e-01  -1.0115000e+06
   6.9452500e+00  -1.1191900e+00   6.0264000e+00   2.9625300e+00   5.2139800e+00   5.6856000e-01  -1.0115000e+06
   6.9452100e+00  -1.1192800e+00   6.0263500e+00   2.9626800e+00   5.2140600e+00   5.6872700e-01  -1.0115000e+06
   6.9448900e+00  -1.1189300e+00   6.0263100e+00   2.9625600e+00   5.2143900e+00   5.6884100e-01  -1.0115100e+06
   6.9454400e+00  -1.1190400e+00   6.0263700e+00   2.9621900e+00   5.2138100e+00   5.6885900e-01  -1.0115000e+06
   6.9453200e+00  -1.1193900e+00   6.0264300e+00   2.9621000e+00   5.2139600e+00   5.6904800e-01  -1.0115000e+06
   6.9452800e+00  -1.1195700e+00   6.0263900e+00   2.9621000e+00   5.2141500e+00   5.6905400e-01  -1.0115000e+06
   6.9451400e+00  -1.1194100e+00   6.0263900e+00   2.9622900e+00   5.2142300e+00   5.6885500e-01  -1.0115000e+06
   6.9452900e+00  -1.1193000e+00   6.0263700e+00   2.9623700e+00   5.2141300e+00   5.6879600e-01  -1.0115000e+06
   6.9453200e+00  -1.1192100e+00   6.0263600e+00   2.9621500e+00   5.2137800e+00   5.6863800e-01  -1.0115000e+06
   6.9457300e+00  -1.1190000e+00   6.0263500e+00   2.9623000e+00   5.2133100e+00   5.6844700e-01  -1.0115000e+06
   6.9455400e+00  -1.1190000e+00   6.0264000e+00   2.9625300e+00   5.2134800e+00   5.6831600e-01  -1.0115000e+06
   6.9454700e+00  -1.1187000e+00   6.0263600e+00   2.9625900e+00   5.2135800e+00   5.6834700e-01  -1.0115000e+06
   6.9454900e+00  -1.1187400e+00   6.0263500e+00   2.9623900e+00   5.2136900e+00   5.6844100e-01  -1.0115000e+06
   6.9453300e+00  -1.1189400e+00   6.0263600e+00   2.9624300e+00   5.2138800e+00   5.6851500e-01  -1.0115000e+06
   6.9453600e+00  -1.1186000e+00   6.0264000e+00   2.9623300e+00   5.2136300e+00   5.6839400e-01  -1.0115000e+06
   6.9457600e+00  -1.1187600e+00   6.0263400e+00   2.9621000e+00   5.2131600e+00   5.6796700e-01  -1.0115000e+06
   6.9457300e+00  -1.1187400e+00   6.0264100e+00   2.9623700e+00   5.2132600e+00   5.6786700e-01  -1.0115000e+06
   6.9455100e+00  -1.1187600e+00   6.0263800e+00   2.9625300e+00   5.2134400e+00   5.6822500e-01  -1.0115000e+06
   6.9454900e+00  -1.1186000e+00   6.0264100e+00   2.9624300e+00   5.2135600e+00   5.6856800e-01  -1.0115000e+06
   6.9456200e+00  -1.1183800e+00   6.0263600e+00   2.9624500e+00   5.2135200e+00   5.6855700e-01  -1.0115000e+06
   6.9454400e+00  -1.1185200e+00   6.0264400e+00   2.9624900e+00   5.2138000e+00   5.6846400e-01  -1.0115000e+06
   6.9453900e+00  -1.1186200e+00   6.0263800e+00   2.9622400e+00   5.2135900e+00   5.6857300e-01  -1.0115000e+06
   6.9453000e+00  -1.1186900e+00   6.0264600e+00   2.9623500e+00   5.2140400e+00   5.6900700e-01  -1.0115000e+06
   6.9446500e+00  -1.1186800e+00   6.0264000e+00   2.9618400e+00   5.2148600e+00   5.6952200e-01  -1.0115000e+06
   6.9448000e+00  -1.1187200e+00   6.0263900e+00   2.9620200e+00   5.2147800e+00   5.6948800e-01  -1.0115000e+06
   6.9451700e+00  -1.1189100e+00   6.0263600e+00   2.9622500e+00   5.2142200e+00   5.6911200e-01  -1.0115000e+06
   6.9452600e+00  -1.1187800e+00   6.0264300e+00   2.9621500e+00   5.2140000e+00   5.6879300e-01  -1.0115000e+06
   6.9452900e+00  -1.1188900e+00   6.0263600e+00   2.9619100e+00   5.2139000e+00   5.6858600e-01  -1.0115000e+06
   6.9452300e+00  -1.1188400e+00   6.0264500e+00   2.9621300e+00   5.2141900e+00   5.6899400e-01  -1.0115000e+06
   6.9453300e+00  -1.1188500e+00   6.0263700e+00   2.9621200e+00   5.2135800e+00   5.6859000e-01  -1.0115000e+06
   6.9454300e+00  -1.1189100e+00   6.0263900e+00   2.9621500e+00   5.2137200e+00   5.6840300e-01  -1.0115000e+06
   6.9453200e+00  -1.1188100e+00   6.0263500e+00   2.9616800e+00   5.2137200e+00   5.6873500e-01  -1.0115000e+06
   6.9453100e+00  -1.1185900e+00   6.0264300e+00   2.9616300e+00   5.2138900e+00   5.6868800e-01  -1.0115000e+06
   6.9456900e+00  -1.1185700e+00   6.0264000e+00   2.9616100e+00   5.2134700e+00   5.6836100e-01  -1.0115000e+06
   6.9457500e+00  -1.1185700e+00   6.0263600e+00   2.9615700e+00   5.2133000e+00   5.6789000e-01  -1.0115000e+06
   6.9455000e+00  -1.1181300e+00   6.0263500e+00   2.9619100e+00   5.2136800e+00   5.6816300e-01  -1.0115000e+06
   6.9454200e+00  -1.1180800e+00   6.0264200e+00   2.9624400e+00   5.2138000e+00   5.6829700e-01  -1.0115000e+06
   6.9456200e+00  -1.1180800e+00   6.0263900e+00   2.9626700e+00   5.2132600e+00   5.6831600e-01  -1.0115000e+06
   6.9455100e+00  -1.1182600e+00   6.0263800e+00   2.9623600e+00   5.2135100e+00   5.6845200e-01  -1.0115000e+06
   6.9453500e+00  -1.1181400e+00   6.0264000e+00   2.9622300e+00   5.2137700e+00   5.6850100e-01  -1.0115000e+06
   6.9453100e+00  -1.1183000e+00   6.0263700e+00   2.9621100e+00   5.2139900e+00   5.6887200e-01  -1.0115000e+06
   6.9451900e+00  -1.1181500e+00   6.0264100e+00   2.9619000e+00   5.2141000e+00   5.6865800e-01  -1.0115000e+06
   6.9454300e+00  -1.1181100e+00   6.0264200e+00   2.9617200e+00   5.2138200e+00   5.6872000e-01  -1.0115000e+06
   6.9453200e+00  -1.1180200e+00   6.0264000e+00   2.9617800e+00   5.2139600e+00   5.6866900e-01  -1.0115000e+06
   6.9453000e+00  -1.1178400e+00   6.0263600e+00   2.9623900e+00   5.2138800e+00   5.6868300e-01  -1.0115000e+06
   6.9452500e+00  -1.1177200e+00   6.0264100e+00   2.9627100e+00   5.2139100e+00   5.6842900e-01  -1.0115000e+06
   6.9455100e+00  -1.1179200e+00   6.0264200e+00   2.9629400e+00   5.2136200e+00   5.6835000e-01  -1.0115000e+06
   6.9454600e+00  -1.1176500e+00   6.0264200e+00   2.9631200e+00   5.2136000e+00   5.6866100e-01  -1.0115000e+06
   6.9455200e+00  -1.1179500e+00   6.0263500e+00   2.9630700e+00   5.2134700e+00   5.6869600e-01  -1.0115000e+06
   6.9453500e+00  -1.1181700e+00   6.0264000e+00   2.9629000e+00   5.2138100e+00   5.6880300e-01  -1.0115000e+06
   6.9455600e+00  -1.1181600e+00   6.0263900e+00   2.9630300e+00   5.2135200e+00   5.6851900e-01  -1.0115000e+06
   6.9457900e+00  -1.1179000e+00   6.0263800e+00   2.9633800e+00   5.2131600e+00   5.6818500e-01  -1.0115000e+06
   6.9457900e+00  -1.1179000e+00   6.0263000e+00   2.9636300e+00   5.2130300e+00   5.6824800e-01  -1.0115000e+06
   6.9455600e+00  -1.1178300e+00   6.0263900e+00   2.9637800e+00   5.2134300e+00   5.6820200e-01  -1.0115000e+06
   6.9458700e+00  -1.1178300e+00   6.0263200e+00   2.9636000e+00   5.2129100e+00   5.6809900e-01  -1.0115000e+06
   6.9457200e+00  -1.1176900e+00   6.0262500e+00   2.9636600e+00   5.2130000e+00   5.6784200e-01  -1.0115100e+06
   6.9457900e+00  -1.1179100e+00   6.0263400e+00   2.9638100e+00   5.2130400e+00   5.6806600e-01  -1.0115000e+06
   6.9457100e+00  -1.1180300e+00   6.0263800e+00   2.9635100e+00   5.2130900e+00   5.6794400e-01  -1.0115000e+06
   6.9456000e+00  -1.1179600e+00   6.0263300e+00   2.9636700e+00   5.2135200e+00   5.6859600e-01  -1.0115000e+06
   6.9454600e+00  -1.1179300e+00   6.0263600e+00   2.9636800e+00   5.2135600e+00   5.6832500e-01  -1.0115000e+06
   6.9452500e+00  -1.1175900e+00   6.0263400e+00   2.9638700e+00   5.2139000e+00   5.6907000e-01  -1.0115000e+06
   6.9451000e+00  -1.1179000e+00   6.0263700e+00   2.9640700e+00   5.2142400e+00   5.6902500e-01  -1.0115000e+06
   6.9449200e+00  -1.1181600e+00   6.0263800e+00   2.9637100e+00   5.2144000e+00   5.6955200e-01  -1.0115000e+06
   6.9450200e+00  -1.1183100e+00   6.0263500e+00   2.9633800e+00   5.2142900e+00   5.6926000e-01  -1.0115000e+06
   6.9453300e+00  -1.1186800e+00   6.0263700e+00   2.9635700e+00   5.2138300e+00   5.6890200e-01  -1.0115000e+06
   6.9451500e+00  -1.1185800e+00   6.0263400e+00   2.9635600e+00   5.2139500e+00   5.6905100e-01  -1.0115000e+06
   6.9451600e+00  -1.1185300e+00   6.0264400e+00   2.9630900e+00   5.2141600e+00   5.6891700e-01  -1.0115000e+06
   6.9451300e+00  -1.1183500e+00   6.0263900e+00   2.9631300e+00   5.2142800e+00   5.6914500e-01  -1.0115000e+06
   6.9450600e+00  -1.1181500e+00   6.0263900e+00   2.9629200e+00   5.2142900e+00   5.6925900e-01  -1.0115000e+06
   6.9449200e+00  -1.1180200e+00   6.0263800e+00   2.9626800e+00   5.2143200e+00   5.6926900e-01  -1.0115000e+06
   6.9450700e+00  -1.1179100e+00   6.0264000e+00   2.9622900e+00   5.2143500e+00   5.6922300e-01  -1.0115000e+06
   6.9450300e+00  -1.1182000e+00   6.0264000e+00   2.9624000e+00   5.2142400e+00   5.6935500e-01  -1.0115000e+06
   6.9446700e+00  -1.1184900e+00   6.0264200e+00   2.9623900e+00   5.2149100e+00   5.6967600e-01  -1.0115000e+06
   6.9448300e+00  -1.1184800e+00   6.0263800e+00   2.9627400e+00   5.2144400e+00   5.6955500e-01  -1.0115000e+06
   6.9450300e+00  -1.1185800e+00   6.0263800e+00   2.9628300e+00   5.2142400e+00   5.6937300e-01  -1.0115000e+06
   6.9450600e+00  -1.1185600e+00   6.0263500e+00   2.9631600e+00   5.2142500e+00   5.6928300e-01  -1.0115000e+06
   6.9451300e+00  -1.1189700e+00   6.0263900e+00   2.9632100e+00   5.2141600e+00   5.6908900e-01  -1.0115000e+06
   6.9450400e+00  -1.1184800e+00   6.0263800e+00   2.9634100e+00   5.2143500e+00   5.6909700e-01  -1.0115000e+06
   6.9452500e+00  -1.1183800e+00   6.0263300e+00   2.9639000e+00   5.2138600e+00   5.6880500e-01  -1.0115000e+06
   6.9455300e+00  -1.1182700e+00   6.0262900e+00   2.9639300e+00   5.2134100e+00   5.6876700e-01  -1.0115000e+06
   6.9451500e+00  -1.1181400e+00   6.0263500e+00   2.9638000e+00   5.2139200e+00   5.6882300e-01  -1.0115000e+06
   6.9452700e+00  -1.1179900e+00   6.0263200e+00   2.9633800e+00   5.2139500e+00   5.6861400e-01  -1.0115000e+06
   6.9453000e+00  -1.1182000e+00   6.0264000e+00   2.9631200e+00   5.2139000e+00   5.6893000e-01  -1.0115000e+06
   6.9455600e+00  -1.1181200e+00   6.0263700e+00   2.9633100e+00   5.2135600e+00   5.6844800e-01  -1.0115000e+06
   6.9453900e+00  -1.1181700e+00   6.0263800e+00   2.9631500e+00   5.2137300e+00   5.6875900e-01  -1.0115000e+06
   6.9452300e+00  -1.1181700e+00   6.0263500e+00   2.9633700e+00   5.2139800e+00   5.6882400e-01  -1.0115000e+06
   6.9451800e+00  -1.1181000e+00   6.0263500e+00   2.9630800e+00   5.2140500e+00   5.6927900e-01  -1.0115000e+06
   6.9452200e+00  -1.1182500e+00   6.0263800e+00   2.9631900e+00   5.2139900e+00   5.6902200e-01  -1.0115000e+06
