   6.9454000e+00  -1.1272800e+00   6.0263200e+00   2.9587200e+00   5.2146700e+00   5.6984100e-01  -1.2644100e+05
   6.9452500e+00  -1.1261800e+00   6.0262500e+00   2.9594000e+00   5.2146200e+00   5.6982800e-01  -1.2644000e+05
   6.9452000e+00  -1.1261300e+00   6.0262900e+00   2.9589300e+00   5.2146600e+00   5.6983800e-01  -1.2644000e+05
   6.9452000e+00  -1.1255800e+00   6.0262400e+00   2.9587700e+00   5.2146600e+00   5.6984400e-01  -1.2644200e+05
   6.9452500e+00  -1.1257400e+00   6.0262400e+00   2.9605600e+00   5.2146900e+00   5.6983700e-01  -1.2643900e+05
   6.9453000e+00  -1.1265300e+00   6.0262800e+00   2.9596500e+00   5.2146900e+00   5.6983800e-01  -1.2643900e+05
   6.9453800e+00  -1.1262900e+00   6.0263200e+00   2.9604000e+00   5.2145900e+00   5.6984800e-01  -1.2643900e+05
   6.9453500e+00  -1.1267300e+00   6.0263300e+00   2.9595200e+00   5.2145900e+00   5.6985100e-01  -1.2643900e+05
   6.9451800e+00  -1.1272100e+00   6.0264700e+00   2.9596400e+00   5.2146900e+00   5.6986200e-01  -1.2644000e+05
   6.9452600e+00  -1.1268100e+00   6.0262900e+00   2.9610600e+00   5.2147300e+00   5.6986700e-01  -1.2643800e+05
   6.9454400e+00  -1.1268400e+00   6.0262500e+00   2.9600600e+00   5.2147600e+00   5.6986100e-01  -1.2644000e+05
   6.9450900e+00  -1.1267600e+00   6.0263700e+00   2.9591100e+00   5.2146800e+00   5.6986900e-01  -1.2644000e+05
   6.9448900e+00  -1.1262700e+00   6.0264000e+00   2.9594500e+00   5.2145600e+00   5.6985600e-01  -1.2644200e+05
   6.9453800e+00  -1.1262500e+00   6.0263100e+00   2.9602800e+00   5.2145600e+00   5.6985600e-01  -1.2643900e+05
   6.9453700e+00  -1.1266100e+00   6.0263200e+00   2.9602800e+00   5.2145100e+00   5.6986200e-01  -1.2643900e+05
   6.9456500e+00  -1.1259400e+00   6.0262700e+00   2.9606000e+00   5.2143800e+00   5.6983100e-01  -1.2644100e+05
   6.9451500e+00  -1.1260000e+00   6.0263400e+00   2.9601400e+00   5.2143900e+00   5.6981400e-01  -1.2643900e+05
   6.9456900e+00  -1.1265100e+00   6.0263200e+00   2.9599500e+00   5.2143400e+00   5.6981200e-01  -1.2644100e+05
   6.9452900e+00  -1.1278700e+00   6.0261300e+00   2.9621300e+00   5.2143900e+00   5.6979500e-01  -1.2643900e+05
   6.9452100e+00  -1.1284700e+00   6.0263200e+00   2.9624300e+00   5.2143600e+00   5.6980900e-01  -1.2643900e+05
   6.9455000e+00  -1.1279900e+00   6.0262900e+00   2.9635900e+00   5.2144100e+00   5.6980900e-01  -1.2643900e+05
   6.9453200e+00  -1.1283200e+00   6.0262000e+00   2.9643900e+00   5.2143700e+00   5.6981700e-01  -1.2643900e+05
   6.9454000e+00  -1.1279100e+00   6.0261100e+00   2.9645300e+00   5.2144500e+00   5.6982600e-01  -1.2644000e+05
   6.9455800e+00  -1.1274300e+00   6.0262100e+00   2.9644600e+00   5.2144900e+00   5.6983300e-01  -1.2644100e+05
   6.9451100e+00  -1.1282600e+00   6.0261200e+00   2.9653200e+00   5.2145200e+00   5.6983100e-01  -1.2644000e+05
   6.9450700e+00  -1.1281500e+00   6.0261800e+00   2.9651500e+00   5.2146200e+00   5.6981300e-01  -1.2644000e+05
   6.9448700e+00  -1.1275400e+00   6.0261400e+00   2.9648900e+00   5.2147100e+00   5.6981700e-01  -1.2644000e+05
   6.9451100e+00  -1.1276500e+00   6.0261800e+00   2.9653300e+00   5.2147200e+00   5.6982700e-01  -1.2644000e+05
   6.9450200e+00  -1.1277400e+00   6.0262100e+00   2.9646500e+00   5.2147700e+00   5.6983900e-01  -1.2643900e+05
   6.9450300e+00  -1.1282700e+00   6.0262900e+00   2.9641700e+00   5.2147600e+00   5.6983900e-01  -1.2644000e+05
   6.9454100e+00  -1.1283900e+00   6.0261800e+00   2.9645200e+00   5.2147200e+00   5.6983500e-01  -1.2644000e+05
   6.9455300e+00  -1.1285900e+00   6.0260600e+00   2.9648800e+00   5.2147700e+00   5.6982700e-01  -1.2644500e+05
   6.9453900e+00  -1.1288100e+00   6.0261800e+00   2.9642300e+00   5.2147500e+00   5.6982700e-01  -1.2644000e+05
   6.9451700e+00  -1.1288600e+00   6.0262000e+00   2.9634400e+00   5.2148100e+00   5.6983200e-01  -1.2643800e+05
   6.9449400e+00  -1.1283500e+00   6.0263000e+00   2.9631200e+00   5.2149200e+00   5.6983500e-01  -1.2643900e+05
   6.9451100e+00  -1.1274900e+00   6.0262300e+00   2.9629000e+00   5.2149900e+00   5.6983800e-01  -1.2643800e+05
   6.9450500e+00  -1.1276700e+00   6.0262700e+00   2.9632300e+00   5.2150000e+00   5.6981900e-01  -1.2643800e+05
   6.9452700e+00  -1.1278800e+00   6.0261600e+00   2.9633300e+00   5.2150100e+00   5.6983700e-01  -1.2644000e+05
   6.9449100e+00  -1.1280400e+00   6.0261600e+00   2.9633300e+00   5.2149800e+00   5.6984000e-01  -1.2643900e+05
   6.9451400e+00  -1.1285600e+00   6.0263800e+00   2.9635600e+00   5.2150000e+00   5.6983900e-01  -1.2644000e+05
   6.9452300e+00  -1.1283300e+00   6.0262700e+00   2.9634700e+00   5.2148300e+00   5.6984800e-01  -1.2643800e+05
   6.9448900e+00  -1.1283000e+00   6.0261900e+00   2.9638100e+00   5.2148300e+00   5.6982400e-01  -1.2643900e+05
   6.9452100e+00  -1.1283700e+00   6.0262600e+00   2.9628100e+00   5.2148600e+00   5.6982300e-01  -1.2643800e+05
   6.9448800e+00  -1.1286400e+00   6.0260700e+00   2.9630500e+00   5.2149200e+00   5.6981600e-01  -1.2644000e+05
   6.9450000e+00  -1.1288400e+00   6.0262800e+00   2.9628200e+00   5.2149500e+00   5.6981900e-01  -1.2643800e+05
   6.9452900e+00  -1.1289000e+00   6.0262300e+00   2.9620900e+00   5.2149500e+00   5.6981400e-01  -1.2643900e+05
   6.9452500e+00  -1.1287800e+00   6.0261600e+00   2.9605900e+00   5.2148700e+00   5.6981000e-01  -1.2644000e+05
   6.9450200e+00  -1.1292300e+00   6.0263000e+00   2.9603200e+00   5.2148800e+00   5.6981000e-01  -1.2643900e+05
   6.9449500e+00  -1.1296900e+00   6.0263300e+00   2.9603600e+00   5.2148000e+00   5.6982300e-01  -1.2644100e+05
   6.9454500e+00  -1.1300100e+00   6.0262700e+00   2.9612300e+00   5.2147400e+00   5.6982200e-01  -1.2643900e+05
   6.9455300e+00  -1.1291500e+00   6.0261700e+00   2.9616300e+00   5.2146500e+00   5.6982300e-01  -1.2644000e+05
   6.9447900e+00  -1.1294000e+00   6.0261700e+00   2.9620900e+00   5.2147100e+00   5.6983100e-01  -1.2644100e+05
   6.9452700e+00  -1.1287900e+00   6.0260800e+00   2.9625100e+00   5.2146900e+00   5.6982900e-01  -1.2644000e+05
   6.9453400e+00  -1.1283500e+00   6.0262500e+00   2.9638100e+00   5.2147800e+00   5.6983100e-01  -1.2643900e+05
   6.9451700e+00  -1.1286100e+00   6.0263000e+00   2.9640400e+00   5.2147100e+00   5.6983100e-01  -1.2643900e+05
   6.9452100e+00  -1.1294000e+00   6.0261600e+00   2.9638800e+00   5.2146300e+00   5.6983100e-01  -1.2643900e+05
   6.9453400e+00  -1.1301100e+00   6.0260500e+00   2.9634200e+00   5.2145900e+00   5.6983500e-01  -1.2644000e+05
   6.9454000e+00  -1.1292500e+00   6.0262500e+00   2.9629800e+00   5.2145600e+00   5.6983400e-01  -1.2643800e+05
   6.9448500e+00  -1.1282600e+00   6.0262100e+00   2.9636700e+00   5.2145700e+00   5.6983900e-01  -1.2644100e+05
   6.9454400e+00  -1.1289800e+00   6.0262600e+00   2.9627200e+00   5.2144900e+00   5.6984200e-01  -1.2643800e+05
   6.9452800e+00  -1.1289400e+00   6.0261200e+00   2.9635800e+00   5.2145600e+00   5.6983400e-01  -1.2643900e+05
   6.9450700e+00  -1.1278700e+00   6.0262400e+00   2.9643900e+00   5.2146200e+00   5.6984300e-01  -1.2643900e+05
   6.9453200e+00  -1.1277100e+00   6.0262400e+00   2.9637000e+00   5.2145800e+00   5.6985800e-01  -1.2643800e+05
   6.9456900e+00  -1.1280900e+00   6.0263200e+00   2.9631200e+00   5.2145800e+00   5.6986600e-01  -1.2644100e+05
   6.9449500e+00  -1.1281800e+00   6.0263200e+00   2.9632000e+00   5.2146600e+00   5.6986700e-01  -1.2644000e+05
   6.9450700e+00  -1.1276800e+00   6.0263600e+00   2.9632600e+00   5.2146800e+00   5.6985600e-01  -1.2643900e+05
   6.9450500e+00  -1.1271700e+00   6.0260700e+00   2.9641000e+00   5.2147000e+00   5.6985300e-01  -1.2644000e+05
   6.9448100e+00  -1.1276700e+00   6.0261900e+00   2.9647300e+00   5.2147600e+00   5.6985000e-01  -1.2644000e+05
   6.9446800e+00  -1.1278500e+00   6.0261700e+00   2.9639900e+00   5.2147500e+00   5.6985800e-01  -1.2644100e+05
   6.9451600e+00  -1.1272900e+00   6.0262900e+00   2.9626700e+00   5.2147500e+00   5.6983800e-01  -1.2643700e+05
   6.9449900e+00  -1.1269700e+00   6.0263700e+00   2.9627700e+00   5.2147400e+00   5.6984800e-01  -1.2643900e+05
   6.9454800e+00  -1.1276200e+00   6.0262200e+00   2.9624300e+00   5.2146800e+00   5.6985200e-01  -1.2643900e+05
   6.9453200e+00  -1.1280200e+00   6.0261800e+00   2.9635300e+00   5.2147200e+00   5.6985000e-01  -1.2643900e+05
   6.9451600e+00  -1.1280700e+00   6.0261600e+00   2.9629700e+00   5.2146400e+00   5.6986600e-01  -1.2643800e+05
   6.9455600e+00  -1.1285100e+00   6.0263300e+00   2.9627600e+00   5.2146600e+00   5.6986000e-01  -1.2644000e+05
   6.9451400e+00  -1.1291200e+00   6.0262600e+00   2.9638200e+00   5.2146400e+00   5.6985500e-01  -1.2643900e+05
   6.9453300e+00  -1.1287100e+00   6.0263600e+00   2.9630100e+00   5.2146100e+00   5.6986600e-01  -1.2643900e+05
   6.9448400e+00  -1.1283300e+00   6.0261500e+00   2.9632400e+00   5.2145200e+00   5.6987400e-01  -1.2644100e+05
   6.9450500e+00  -1.1285000e+00   6.0262900e+00   2.9640500e+00   5.2146000e+00   5.6988200e-01  -1.2644000e+05
   6.9453000e+00  -1.1281100e+00   6.0261800e+00   2.9645200e+00   5.2146700e+00   5.6988800e-01  -1.2643900e+05
   6.9452700e+00  -1.1290700e+00   6.0263300e+00   2.9637200e+00   5.2146200e+00   5.6989000e-01  -1.2644000e+05
   6.9450600e+00  -1.1281800e+00   6.0262700e+00   2.9628500e+00   5.2146500e+00   5.6990000e-01  -1.2643800e+05
   6.9448200e+00  -1.1265400e+00   6.0262200e+00   2.9630800e+00   5.2146400e+00   5.6990200e-01  -1.2643900e+05
   6.9450400e+00  -1.1272900e+00   6.0262700e+00   2.9641000e+00   5.2146400e+00   5.6988600e-01  -1.2643900e+05
   6.9449000e+00  -1.1260800e+00   6.0262600e+00   2.9649300e+00   5.2146300e+00   5.6988300e-01  -1.2644000e+05
   6.9451700e+00  -1.1261400e+00   6.0262600e+00   2.9635500e+00   5.2146400e+00   5.6989600e-01  -1.2643700e+05
   6.9449600e+00  -1.1266300e+00   6.0262700e+00   2.9619500e+00   5.2146400e+00   5.6987700e-01  -1.2643800e+05
   6.9454900e+00  -1.1269100e+00   6.0262700e+00   2.9617200e+00   5.2145700e+00   5.6988300e-01  -1.2643900e+05
   6.9450000e+00  -1.1272200e+00   6.0262000e+00   2.9620500e+00   5.2145900e+00   5.6986400e-01  -1.2643800e+05
   6.9453100e+00  -1.1265800e+00   6.0263900e+00   2.9623400e+00   5.2146100e+00   5.6987500e-01  -1.2643800e+05
   6.9450500e+00  -1.1253200e+00   6.0263200e+00   2.9625200e+00   5.2146100e+00   5.6986900e-01  -1.2643700e+05
   6.9455000e+00  -1.1257400e+00   6.0264900e+00   2.9617000e+00   5.2146500e+00   5.6987600e-01  -1.2644100e+05
   6.9450200e+00  -1.1264800e+00   6.0261100e+00   2.9617800e+00   5.2146200e+00   5.6988200e-01  -1.2643900e+05
   6.9450600e+00  -1.1266100e+00   6.0262500e+00   2.9612600e+00   5.2146800e+00   5.6988800e-01  -1.2643800e+05
   6.9451600e+00  -1.1265500e+00   6.0262500e+00   2.9617900e+00   5.2147900e+00   5.6987800e-01  -1.2643700e+05
   6.9451900e+00  -1.1262900e+00   6.0262300e+00   2.9627600e+00   5.2148000e+00   5.6987500e-01  -1.2643800e+05
   6.9454600e+00  -1.1272700e+00   6.0261500e+00   2.9625500e+00   5.2148500e+00   5.6985900e-01  -1.2644200e+05
   6.9449700e+00  -1.1276400e+00   6.0262500e+00   2.9627100e+00   5.2148300e+00   5.6984700e-01  -1.2643800e+05
   6.9448600e+00  -1.1265200e+00   6.0262500e+00   2.9640900e+00   5.2147500e+00   5.6983500e-01  -1.2643900e+05
   6.9449900e+00  -1.1260000e+00   6.0262500e+00   2.9628600e+00   5.2147500e+00   5.6985500e-01  -1.2643700e+05
   6.9451900e+00  -1.1261200e+00   6.0263200e+00   2.9638400e+00   5.2147800e+00   5.6984700e-01  -1.2643800e+05
   6.9452800e+00  -1.1256000e+00   6.0263300e+00   2.9643800e+00   5.2147800e+00   5.6984300e-01  -1.2644000e+05
   6.9448100e+00  -1.1262400e+00   6.0261000e+00   2.9639600e+00   5.2147900e+00   5.6984300e-01  -1.2644000e+05
   6.9451100e+00  -1.1267200e+00   6.0262600e+00   2.9650100e+00   5.2148600e+00   5.6983200e-01  -1.2644000e+05
   6.9445600e+00  -1.1260000e+00   6.0262400e+00   2.9646700e+00   5.2149100e+00   5.6984500e-01  -1.2644200e+05
   6.9446300e+00  -1.1268500e+00   6.0262500e+00   2.9645600e+00   5.2149000e+00   5.6984200e-01  -1.2644100e+05
   6.9448100e+00  -1.1278000e+00   6.0261700e+00   2.9627400e+00   5.2148500e+00   5.6982800e-01  -1.2643900e+05
   6.9453700e+00  -1.1272500e+00   6.0262500e+00   2.9618000e+00   5.2148400e+00   5.6985500e-01  -1.2643900e+05
   6.9451400e+00  -1.1273700e+00   6.0263500e+00   2.9621300e+00   5.2149400e+00   5.6985400e-01  -1.2643800e+05
   6.9451800e+00  -1.1265300e+00   6.0263200e+00   2.9605400e+00   5.2148100e+00   5.6986700e-01  -1.2643800e+05
   6.9450100e+00  -1.1267700e+00   6.0263100e+00   2.9620300e+00   5.2147400e+00   5.6985900e-01  -1.2643700e+05
   6.9450200e+00  -1.1258200e+00   6.0263900e+00   2.9605500e+00   5.2148000e+00   5.6985900e-01  -1.2643800e+05
   6.9448500e+00  -1.1251800e+00   6.0263100e+00   2.9620900e+00   5.2148200e+00   5.6988000e-01  -1.2643700e+05
   6.9448700e+00  -1.1246200e+00   6.0262500e+00   2.9623100e+00   5.2147300e+00   5.6988400e-01  -1.2643700e+05
   6.9452100e+00  -1.1246000e+00   6.0263700e+00   2.9635300e+00   5.2147500e+00   5.6988800e-01  -1.2643800e+05
   6.9450800e+00  -1.1244000e+00   6.0262700e+00   2.9628800e+00   5.2146300e+00   5.6989200e-01  -1.2643700e+05
   6.9452400e+00  -1.1242600e+00   6.0261700e+00   2.9630500e+00   5.2146700e+00   5.6990800e-01  -1.2643900e+05
   6.9452100e+00  -1.1239300e+00   6.0263900e+00   2.9622400e+00   5.2146200e+00   5.6990000e-01  -1.2643800e+05
   6.9452400e+00  -1.1234000e+00   6.0263700e+00   2.9636600e+00   5.2146200e+00   5.6989700e-01  -1.2643800e+05
   6.9453000e+00  -1.1234900e+00   6.0261400e+00   2.9646400e+00   5.2144600e+00   5.6989400e-01  -1.2644000e+05
   6.9452700e+00  -1.1232100e+00   6.0263200e+00   2.9633000e+00   5.2144900e+00   5.6988300e-01  -1.2643800e+05
   6.9452500e+00  -1.1230200e+00   6.0262600e+00   2.9636200e+00   5.2146000e+00   5.6989300e-01  -1.2643800e+05
   6.9451700e+00  -1.1235000e+00   6.0262400e+00   2.9632500e+00   5.2146200e+00   5.6989700e-01  -1.2643800e+05
   6.9449800e+00  -1.1232700e+00   6.0264700e+00   2.9638900e+00   5.2146000e+00   5.6987000e-01  -1.2644000e+05
   6.9450500e+00  -1.1238000e+00   6.0263100e+00   2.9633500e+00   5.2146100e+00   5.6985700e-01  -1.2643700e+05
   6.9446100e+00  -1.1226200e+00   6.0263300e+00   2.9637200e+00   5.2147200e+00   5.6984800e-01  -1.2643900e+05
   6.9449400e+00  -1.1220000e+00   6.0262500e+00   2.9632600e+00   5.2147100e+00   5.6986400e-01  -1.2643700e+05
   6.9449500e+00  -1.1227700e+00   6.0262000e+00   2.9653100e+00   5.2146600e+00   5.6985200e-01  -1.2643900e+05
   6.9448400e+00  -1.1226400e+00   6.0262700e+00   2.9643800e+00   5.2147100e+00   5.6985200e-01  -1.2643800e+05
   6.9448600e+00  -1.1229900e+00   6.0262400e+00   2.9633300e+00   5.2147200e+00   5.6984200e-01  -1.2643700e+05
   6.9447700e+00  -1.1233000e+00   6.0263100e+00   2.9648800e+00   5.2147300e+00   5.6983700e-01  -1.2643900e+05
   6.9445000e+00  -1.1236600e+00   6.0262100e+00   2.9644600e+00   5.2147200e+00   5.6983800e-01  -1.2644100e+05
   6.9450800e+00  -1.1229200e+00   6.0263300e+00   2.9626700e+00   5.2147100e+00   5.6982800e-01  -1.2643700e+05
   6.9449200e+00  -1.1230400e+00   6.0263700e+00   2.9629000e+00   5.2146900e+00   5.6982100e-01  -1.2643700e+05
   6.9452400e+00  -1.1234600e+00   6.0264500e+00   2.9605000e+00   5.2147100e+00   5.6981300e-01  -1.2643900e+05
   6.9453100e+00  -1.1226400e+00   6.0265900e+00   2.9607500e+00   5.2147400e+00   5.6982300e-01  -1.2644200e+05
   6.9449800e+00  -1.1229000e+00   6.0262800e+00   2.9621700e+00   5.2147500e+00   5.6982400e-01  -1.2643700e+05
   6.9450800e+00  -1.1227400e+00   6.0263400e+00   2.9624300e+00   5.2147500e+00   5.6981700e-01  -1.2643700e+05
   6.9453600e+00  -1.1232200e+00   6.0264400e+00   2.9626400e+00   5.2147500e+00   5.6983500e-01  -1.2644000e+05
   6.9450500e+00  -1.1237200e+00   6.0263700e+00   2.9615500e+00   5.2147600e+00   5.6983300e-01  -1.2643700e+05
   6.9450800e+00  -1.1237500e+00   6.0263900e+00   2.9618600e+00   5.2147200e+00   5.6983000e-01  -1.2643700e+05
   6.9449400e+00  -1.1236200e+00   6.0265000e+00   2.9611600e+00   5.2148300e+00   5.6983900e-01  -1.2643900e+05
   6.9450200e+00  -1.1227600e+00   6.0262500e+00   2.9624300e+00   5.2148700e+00   5.6981900e-01  -1.2643800e+05
   6.9450500e+00  -1.1220300e+00   6.0263000e+00   2.9624100e+00   5.2148800e+00   5.6982500e-01  -1.2643800e+05
   6.9447400e+00  -1.1210900e+00   6.0263700e+00   2.9639800e+00   5.2149000e+00   5.6982100e-01  -1.2643800e+05
   6.9449100e+00  -1.1213400e+00   6.0265600e+00   2.9626100e+00   5.2148300e+00   5.6983200e-01  -1.2644000e+05
   6.9446500e+00  -1.1204600e+00   6.0264700e+00   2.9615900e+00   5.2149300e+00   5.6985900e-01  -1.2643800e+05
   6.9443100e+00  -1.1205400e+00   6.0264500e+00   2.9617000e+00   5.2149800e+00   5.6990700e-01  -1.2644200e+05
   6.9447900e+00  -1.1204700e+00   6.0263000e+00   2.9620100e+00   5.2150400e+00   5.6989400e-01  -1.2643800e+05
   6.9447800e+00  -1.1209000e+00   6.0264400e+00   2.9616000e+00   5.2149900e+00   5.6988300e-01  -1.2643700e+05
   6.9443100e+00  -1.1213800e+00   6.0263900e+00   2.9617900e+00   5.2150200e+00   5.6986800e-01  -1.2644100e+05
   6.9449800e+00  -1.1206500e+00   6.0264000e+00   2.9607900e+00   5.2150300e+00   5.6987200e-01  -1.2643900e+05
   6.9448200e+00  -1.1210600e+00   6.0263800e+00   2.9633700e+00   5.2150800e+00   5.6987100e-01  -1.2643800e+05
   6.9444700e+00  -1.1224300e+00   6.0262200e+00   2.9631800e+00   5.2150300e+00   5.6986100e-01  -1.2643900e+05
   6.9446400e+00  -1.1234600e+00   6.0263000e+00   2.9623600e+00   5.2150800e+00   5.6983900e-01  -1.2643800e+05
   6.9450100e+00  -1.1237200e+00   6.0263000e+00   2.9648900e+00   5.2150900e+00   5.6982800e-01  -1.2644000e+05
   6.9448500e+00  -1.1248700e+00   6.0262800e+00   2.9634700e+00   5.2151400e+00   5.6982300e-01  -1.2643800e+05
   6.9449300e+00  -1.1249200e+00   6.0263600e+00   2.9614900e+00   5.2151100e+00   5.6983900e-01  -1.2643700e+05
   6.9451200e+00  -1.1244000e+00   6.0262800e+00   2.9616900e+00   5.2151200e+00   5.6981200e-01  -1.2643900e+05
   6.9451000e+00  -1.1238600e+00   6.0263900e+00   2.9622900e+00   5.2151300e+00   5.6980700e-01  -1.2643800e+05
   6.9447900e+00  -1.1239000e+00   6.0263300e+00   2.9615100e+00   5.2151800e+00   5.6981100e-01  -1.2643700e+05
   6.9449600e+00  -1.1243100e+00   6.0264000e+00   2.9618700e+00   5.2152300e+00   5.6982200e-01  -1.2643800e+05
   6.9446000e+00  -1.1238500e+00   6.0264000e+00   2.9622400e+00   5.2152700e+00   5.6982100e-01  -1.2643800e+05
   6.9447700e+00  -1.1242300e+00   6.0263900e+00   2.9617800e+00   5.2152400e+00   5.6980900e-01  -1.2643700e+05
   6.9447000e+00  -1.1238600e+00   6.0264400e+00   2.9614800e+00   5.2151800e+00   5.6979800e-01  -1.2643800e+05
   6.9449800e+00  -1.1234600e+00   6.0263000e+00   2.9633400e+00   5.2151300e+00   5.6981500e-01  -1.2643800e+05
   6.9449200e+00  -1.1230900e+00   6.0263300e+00   2.9611700e+00   5.2151700e+00   5.6981300e-01  -1.2643800e+05
   6.9447200e+00  -1.1230100e+00   6.0264900e+00   2.9607600e+00   5.2152700e+00   5.6983700e-01  -1.2643800e+05
   6.9450400e+00  -1.1220400e+00   6.0264300e+00   2.9621900e+00   5.2153200e+00   5.6983900e-01  -1.2644000e+05
   6.9442100e+00  -1.1209800e+00   6.0263600e+00   2.9631300e+00   5.2153200e+00   5.6983400e-01  -1.2644000e+05
   6.9447300e+00  -1.1203500e+00   6.0262900e+00   2.9628600e+00   5.2153000e+00   5.6983200e-01  -1.2643900e+05
   6.9447100e+00  -1.1198400e+00   6.0264300e+00   2.9622600e+00   5.2153600e+00   5.6986200e-01  -1.2643800e+05
   6.9449400e+00  -1.1192700e+00   6.0264900e+00   2.9615100e+00   5.2153800e+00   5.6985200e-01  -1.2644100e+05
   6.9448100e+00  -1.1190800e+00   6.0266300e+00   2.9608300e+00   5.2153400e+00   5.6982600e-01  -1.2644100e+05
   6.9446100e+00  -1.1188900e+00   6.0264400e+00   2.9625400e+00   5.2154100e+00   5.6983300e-01  -1.2643900e+05
   6.9448500e+00  -1.1182700e+00   6.0265300e+00   2.9631800e+00   5.2154000e+00   5.6984000e-01  -1.2644200e+05
   6.9445300e+00  -1.1174900e+00   6.0264000e+00   2.9622300e+00   5.2154000e+00   5.6985700e-01  -1.2643900e+05
   6.9442000e+00  -1.1179100e+00   6.0265300e+00   2.9635100e+00   5.2154200e+00   5.6987700e-01  -1.2644100e+05
   6.9442000e+00  -1.1167800e+00   6.0263900e+00   2.9654700e+00   5.2153300e+00   5.6986800e-01  -1.2644200e+05
   6.9442100e+00  -1.1164200e+00   6.0264000e+00   2.9626700e+00   5.2153300e+00   5.6988700e-01  -1.2644000e+05
   6.9444200e+00  -1.1170500e+00   6.0265000e+00   2.9629100e+00   5.2153300e+00   5.6988100e-01  -1.2643900e+05
   6.9445200e+00  -1.1169400e+00   6.0265700e+00   2.9624800e+00   5.2153300e+00   5.6988900e-01  -1.2644000e+05
   6.9444600e+00  -1.1176600e+00   6.0264800e+00   2.9629200e+00   5.2153400e+00   5.6987600e-01  -1.2643900e+05
   6.9447100e+00  -1.1174800e+00   6.0265900e+00   2.9633400e+00   5.2152900e+00   5.6987700e-01  -1.2644100e+05
   6.9445100e+00  -1.1179900e+00   6.0264700e+00   2.9630900e+00   5.2152900e+00   5.6988600e-01  -1.2643900e+05
   6.9445100e+00  -1.1179600e+00   6.0265000e+00   2.9627000e+00   5.2152300e+00   5.6987800e-01  -1.2643900e+05
   6.9444500e+00  -1.1173900e+00   6.0264600e+00   2.9601700e+00   5.2152400e+00   5.6987900e-01  -1.2644000e+05
   6.9444100e+00  -1.1178200e+00   6.0265100e+00   2.9606700e+00   5.2152800e+00   5.6986500e-01  -1.2643900e+05
   6.9443200e+00  -1.1179400e+00   6.0264500e+00   2.9613700e+00   5.2153300e+00   5.6988500e-01  -1.2643900e+05
   6.9445300e+00  -1.1180700e+00   6.0263900e+00   2.9624500e+00   5.2153900e+00   5.6989100e-01  -1.2643900e+05
   6.9444400e+00  -1.1180700e+00   6.0264400e+00   2.9642100e+00   5.2153800e+00   5.6988600e-01  -1.2644000e+05
   6.9443300e+00  -1.1179900e+00   6.0264100e+00   2.9630600e+00   5.2153900e+00   5.6987700e-01  -1.2643900e+05
   6.9443600e+00  -1.1183900e+00   6.0264100e+00   2.9646200e+00   5.2154500e+00   5.6984500e-01  -1.2644000e+05
   6.9448000e+00  -1.1190200e+00   6.0264500e+00   2.9638800e+00   5.2154500e+00   5.6983700e-01  -1.2644200e+05
   6.9441700e+00  -1.1187100e+00   6.0263400e+00   2.9651100e+00   5.2154600e+00   5.6984300e-01  -1.2644200e+05
   6.9443800e+00  -1.1195900e+00   6.0263200e+00   2.9620800e+00   5.2154400e+00   5.6984200e-01  -1.2643900e+05
   6.9445700e+00  -1.1193700e+00   6.0262700e+00   2.9633400e+00   5.2154200e+00   5.6983000e-01  -1.2644000e+05
   6.9443000e+00  -1.1198400e+00   6.0264800e+00   2.9616900e+00   5.2153700e+00   5.6981700e-01  -1.2643900e+05
   6.9443700e+00  -1.1201900e+00   6.0263900e+00   2.9630500e+00   5.2153500e+00   5.6984000e-01  -1.2643900e+05
   6.9444400e+00  -1.1198100e+00   6.0264600e+00   2.9621200e+00   5.2153600e+00   5.6985000e-01  -1.2643800e+05
   6.9444800e+00  -1.1198300e+00   6.0263300e+00   2.9641200e+00   5.2153500e+00   5.6984700e-01  -1.2643900e+05
   6.9445900e+00  -1.1211100e+00   6.0262700e+00   2.9635400e+00   5.2154000e+00   5.6980800e-01  -1.2643900e+05
   6.9444200e+00  -1.1212300e+00   6.0262800e+00   2.9638000e+00   5.2154100e+00   5.6981200e-01  -1.2643900e+05
   6.9442600e+00  -1.1219000e+00   6.0264500e+00   2.9628600e+00   5.2154200e+00   5.6979500e-01  -1.2644100e+05
   6.9447900e+00  -1.1223800e+00   6.0264100e+00   2.9609800e+00   5.2154300e+00   5.6979100e-01  -1.2643800e+05
   6.9445600e+00  -1.1224700e+00   6.0263700e+00   2.9598900e+00   5.2154600e+00   5.6977500e-01  -1.2643900e+05
   6.9448400e+00  -1.1222700e+00   6.0265100e+00   2.9608100e+00   5.2154900e+00   5.6977800e-01  -1.2643900e+05
   6.9448500e+00  -1.1219900e+00   6.0264800e+00   2.9587100e+00   5.2154700e+00   5.6979100e-01  -1.2644100e+05
   6.9444900e+00  -1.1225900e+00   6.0263200e+00   2.9590600e+00   5.2155000e+00   5.6979800e-01  -1.2644100e+05
   6.9449100e+00  -1.1219100e+00   6.0263600e+00   2.9604400e+00   5.2154400e+00   5.6978300e-01  -1.2644100e+05
   6.9445800e+00  -1.1220500e+00   6.0264900e+00   2.9606500e+00   5.2155300e+00   5.6977500e-01  -1.2643800e+05
   6.9444200e+00  -1.1221100e+00   6.0262200e+00   2.9639200e+00   5.2153200e+00   5.6981300e-01  -1.2644000e+05
   6.9445800e+00  -1.1227000e+00   6.0262900e+00   2.9625100e+00   5.2154300e+00   5.6980000e-01  -1.2643800e+05
   6.9448400e+00  -1.1226200e+00   6.0263200e+00   2.9635600e+00   5.2154700e+00   5.6979300e-01  -1.2644000e+05
   6.9443700e+00  -1.1224700e+00   6.0262100e+00   2.9639200e+00   5.2154300e+00   5.6977500e-01  -1.2644100e+05
   6.9447000e+00  -1.1223700e+00   6.0265500e+00   2.9636600e+00   5.2154400e+00   5.6976600e-01  -1.2644200e+05
   6.9447100e+00  -1.1217500e+00   6.0263300e+00   2.9632100e+00   5.2154900e+00   5.6974400e-01  -1.2644000e+05
   6.9445500e+00  -1.1216000e+00   6.0263300e+00   2.9613700e+00   5.2153400e+00   5.6976800e-01  -1.2643800e+05
   6.9448800e+00  -1.1210600e+00   6.0264400e+00   2.9632100e+00   5.2153200e+00   5.6978400e-01  -1.2644000e+05
   6.9442900e+00  -1.1203700e+00   6.0263700e+00   2.9625900e+00   5.2151800e+00   5.6980200e-01  -1.2644000e+05
   6.9445900e+00  -1.1198900e+00   6.0262100e+00   2.9658000e+00   5.2151800e+00   5.6980200e-01  -1.2644200e+05
   6.9446700e+00  -1.1198500e+00   6.0264900e+00   2.9632100e+00   5.2152100e+00   5.6979800e-01  -1.2643900e+05
   6.9446600e+00  -1.1208100e+00   6.0263300e+00   2.9629800e+00   5.2152900e+00   5.6978900e-01  -1.2643800e+05
   6.9451100e+00  -1.1212400e+00   6.0265600e+00   2.9604900e+00   5.2152600e+00   5.6976800e-01  -1.2644100e+05
   6.9447600e+00  -1.1210900e+00   6.0263200e+00   2.9608100e+00   5.2151900e+00   5.6976900e-01  -1.2643900e+05
   6.9446700e+00  -1.1209500e+00   6.0262300e+00   2.9626900e+00   5.2151600e+00   5.6976400e-01  -1.2643900e+05
   6.9444700e+00  -1.1204800e+00   6.0262000e+00   2.9638300e+00   5.2151200e+00   5.6978400e-01  -1.2644000e+05
   6.9446100e+00  -1.1205200e+00   6.0263900e+00   2.9629100e+00   5.2151900e+00   5.6973900e-01  -1.2643800e+05
   6.9448700e+00  -1.1202000e+00   6.0264100e+00   2.9629000e+00   5.2151700e+00   5.6971700e-01  -1.2643900e+05
   6.9443900e+00  -1.1202500e+00   6.0264300e+00   2.9635600e+00   5.2151500e+00   5.6971000e-01  -1.2644000e+05
   6.9445000e+00  -1.1205200e+00   6.0264300e+00   2.9624800e+00   5.2151900e+00   5.6969500e-01  -1.2643800e+05
   6.9445700e+00  -1.1195500e+00   6.0263600e+00   2.9619200e+00   5.2152000e+00   5.6966100e-01  -1.2643800e+05
   6.9442000e+00  -1.1197600e+00   6.0264100e+00   2.9611200e+00   5.2151700e+00   5.6967500e-01  -1.2644200e+05
   6.9446700e+00  -1.1202500e+00   6.0263700e+00   2.9608400e+00   5.2150100e+00   5.6966300e-01  -1.2643800e+05
   6.9444700e+00  -1.1206500e+00   6.0262300e+00   2.9629000e+00   5.2149700e+00   5.6965400e-01  -1.2644000e+05
   6.9445900e+00  -1.1205700e+00   6.0263900e+00   2.9620400e+00   5.2149400e+00   5.6966400e-01  -1.2643800e+05
   6.9448200e+00  -1.1204900e+00   6.0265500e+00   2.9613300e+00   5.2149300e+00   5.6966400e-01  -1.2643900e+05
   6.9448200e+00  -1.1201600e+00   6.0265600e+00   2.9614500e+00   5.2150000e+00   5.6968000e-01  -1.2643900e+05
   6.9449800e+00  -1.1195900e+00   6.0265200e+00   2.9604300e+00   5.2150500e+00   5.6966700e-01  -1.2643900e+05
   6.9446000e+00  -1.1192200e+00   6.0265200e+00   2.9630300e+00   5.2151300e+00   5.6964000e-01  -1.2643900e+05
   6.9449600e+00  -1.1194900e+00   6.0264300e+00   2.9622300e+00   5.2151400e+00   5.6963500e-01  -1.2643900e+05
   6.9446700e+00  -1.1190100e+00   6.0264400e+00   2.9621200e+00   5.2150000e+00   5.6962500e-01  -1.2643800e+05
   6.9446000e+00  -1.1187400e+00   6.0263100e+00   2.9625000e+00   5.2149600e+00   5.6961100e-01  -1.2643800e+05
   6.9445900e+00  -1.1190700e+00   6.0264100e+00   2.9616300e+00   5.2149900e+00   5.6960000e-01  -1.2643800e+05
   6.9446400e+00  -1.1190700e+00   6.0263800e+00   2.9617500e+00   5.2150100e+00   5.6956300e-01  -1.2643800e+05
   6.9448000e+00  -1.1181900e+00   6.0264900e+00   2.9614600e+00   5.2149400e+00   5.6958000e-01  -1.2643800e+05
   6.9446500e+00  -1.1172800e+00   6.0263400e+00   2.9610300e+00   5.2148900e+00   5.6962600e-01  -1.2644000e+05
   6.9448700e+00  -1.1181100e+00   6.0264200e+00   2.9632400e+00   5.2149300e+00   5.6960300e-01  -1.2643900e+05
   6.9444600e+00  -1.1181800e+00   6.0263400e+00   2.9638100e+00   5.2149600e+00   5.6959700e-01  -1.2643900e+05
   6.9449100e+00  -1.1182400e+00   6.0264400e+00   2.9618400e+00   5.2150300e+00   5.6958800e-01  -1.2643900e+05
   6.9445800e+00  -1.1187800e+00   6.0262500e+00   2.9623800e+00   5.2150800e+00   5.6958800e-01  -1.2644000e+05
   6.9448400e+00  -1.1192100e+00   6.0264000e+00   2.9610800e+00   5.2150300e+00   5.6960500e-01  -1.2643800e+05
   6.9448500e+00  -1.1189000e+00   6.0264400e+00   2.9612000e+00   5.2149800e+00   5.6962800e-01  -1.2643800e+05
   6.9444000e+00  -1.1183900e+00   6.0263500e+00   2.9603600e+00   5.2150700e+00   5.6959500e-01  -1.2644100e+05
   6.9449600e+00  -1.1188400e+00   6.0264500e+00   2.9613900e+00   5.2150200e+00   5.6958700e-01  -1.2643900e+05
   6.9445000e+00  -1.1194800e+00   6.0264700e+00   2.9592500e+00   5.2151000e+00   5.6958800e-01  -1.2644100e+05
   6.9445500e+00  -1.1199000e+00   6.0264800e+00   2.9583400e+00   5.2151000e+00   5.6959600e-01  -1.2644200e+05
   6.9449700e+00  -1.1203000e+00   6.0264100e+00   2.9607400e+00   5.2151000e+00   5.6956400e-01  -1.2643900e+05
   6.9445800e+00  -1.1200200e+00   6.0265200e+00   2.9593100e+00   5.2150800e+00   5.6955900e-01  -1.2644000e+05
   6.9444300e+00  -1.1202700e+00   6.0263700e+00   2.9612700e+00   5.2149500e+00   5.6954800e-01  -1.2644000e+05
   6.9450900e+00  -1.1210700e+00   6.0265200e+00   2.9606600e+00   5.2150000e+00   5.6952200e-01  -1.2643900e+05
   6.9446200e+00  -1.1209400e+00   6.0262100e+00   2.9624200e+00   5.2149300e+00   5.6951100e-01  -1.2644000e+05
   6.9446600e+00  -1.1214600e+00   6.0262300e+00   2.9633800e+00   5.2149100e+00   5.6952500e-01  -1.2643900e+05
   6.9450100e+00  -1.1224400e+00   6.0263600e+00   2.9629500e+00   5.2147900e+00   5.6951800e-01  -1.2643700e+05
   6.9449600e+00  -1.1229300e+00   6.0263400e+00   2.9606400e+00   5.2148200e+00   5.6950600e-01  -1.2643800e+05
   6.9449600e+00  -1.1221300e+00   6.0264500e+00   2.9596200e+00   5.2148300e+00   5.6953500e-01  -1.2643800e+05
   6.9450700e+00  -1.1211700e+00   6.0264600e+00   2.9620100e+00   5.2147600e+00   5.6951000e-01  -1.2643800e+05
   6.9450600e+00  -1.1208700e+00   6.0263100e+00   2.9616800e+00   5.2148200e+00   5.6949000e-01  -1.2643900e+05
   6.9444100e+00  -1.1211100e+00   6.0262900e+00   2.9630700e+00   5.2148600e+00   5.6948800e-01  -1.2644100e+05
   6.9450000e+00  -1.1210100e+00   6.0262400e+00   2.9636300e+00   5.2149000e+00   5.6948100e-01  -1.2644000e+05
   6.9450500e+00  -1.1212000e+00   6.0264800e+00   2.9615600e+00   5.2149100e+00   5.6949700e-01  -1.2643800e+05
   6.9450600e+00  -1.1202800e+00   6.0265200e+00   2.9617600e+00   5.2148400e+00   5.6950000e-01  -1.2643900e+05
   6.9443400e+00  -1.1206900e+00   6.0262700e+00   2.9642100e+00   5.2148700e+00   5.6950300e-01  -1.2644200e+05
   6.9449600e+00  -1.1205200e+00   6.0264800e+00   2.9635200e+00   5.2147400e+00   5.6949100e-01  -1.2643900e+05
   6.9449800e+00  -1.1200900e+00   6.0263100e+00   2.9649000e+00   5.2148200e+00   5.6950200e-01  -1.2644000e+05
   6.9446700e+00  -1.1203700e+00   6.0263300e+00   2.9634800e+00   5.2147900e+00   5.6949200e-01  -1.2643800e+05
   6.9446100e+00  -1.1209900e+00   6.0262400e+00   2.9635300e+00   5.2147400e+00   5.6951600e-01  -1.2643900e+05
   6.9448500e+00  -1.1208800e+00   6.0262900e+00   2.9635300e+00   5.2147700e+00   5.6951200e-01  -1.2643800e+05
   6.9448100e+00  -1.1209200e+00   6.0262200e+00   2.9645400e+00   5.2147700e+00   5.6954100e-01  -1.2643900e+05
   6.9449900e+00  -1.1205800e+00   6.0264400e+00   2.9606300e+00   5.2147900e+00   5.6955400e-01  -1.2643800e+05
   6.9446500e+00  -1.1198700e+00   6.0264500e+00   2.9608700e+00   5.2146800e+00   5.6956100e-01  -1.2643900e+05
   6.9448500e+00  -1.1200800e+00   6.0266200e+00   2.9601400e+00   5.2147100e+00   5.6956100e-01  -1.2644100e+05
   6.9449400e+00  -1.1196400e+00   6.0265700e+00   2.9602200e+00   5.2147800e+00   5.6957500e-01  -1.2643900e+05
   6.9444200e+00  -1.1197200e+00   6.0264000e+00   2.9600300e+00   5.2148100e+00   5.6954800e-01  -1.2644200e+05
   6.9446600e+00  -1.1194000e+00   6.0265500e+00   2.9612100e+00   5.2148500e+00   5.6953000e-01  -1.2644000e+05
   6.9447900e+00  -1.1195800e+00   6.0264900e+00   2.9623200e+00   5.2148500e+00   5.6954800e-01  -1.2643800e+05
   6.9447200e+00  -1.1195100e+00   6.0264800e+00   2.9623700e+00   5.2148000e+00   5.6952900e-01  -1.2643800e+05
   6.9449500e+00  -1.1190400e+00   6.0264600e+00   2.9611100e+00   5.2148300e+00   5.6953900e-01  -1.2643800e+05
   6.9446200e+00  -1.1183600e+00   6.0263800e+00   2.9634900e+00   5.2148100e+00   5.6952100e-01  -1.2643800e+05
   6.9448800e+00  -1.1188500e+00   6.0264600e+00   2.9630400e+00   5.2147600e+00   5.6954000e-01  -1.2643800e+05
   6.9449300e+00  -1.1188300e+00   6.0263500e+00   2.9618000e+00   5.2148100e+00   5.6956500e-01  -1.2643800e+05
   6.9447800e+00  -1.1193100e+00   6.0263600e+00   2.9625100e+00   5.2148000e+00   5.6957900e-01  -1.2643700e+05
   6.9447100e+00  -1.1196000e+00   6.0262700e+00   2.9629900e+00   5.2147500e+00   5.6958900e-01  -1.2643800e+05
   6.9450300e+00  -1.1203200e+00   6.0264200e+00   2.9621600e+00   5.2147500e+00   5.6956400e-01  -1.2643700e+05
   6.9449500e+00  -1.1201600e+00   6.0263200e+00   2.9619800e+00   5.2147300e+00   5.6957100e-01  -1.2643800e+05
   6.9446400e+00  -1.1201500e+00   6.0263600e+00   2.9617700e+00   5.2147400e+00   5.6955900e-01  -1.2643800e+05
   6.9448800e+00  -1.1210000e+00   6.0262900e+00   2.9613100e+00   5.2147200e+00   5.6955700e-01  -1.2643800e+05
   6.9447300e+00  -1.1207000e+00   6.0263500e+00   2.9607300e+00   5.2147700e+00   5.6955700e-01  -1.2643800e+05
   6.9447600e+00  -1.1203900e+00   6.0263900e+00   2.9599400e+00   5.2147800e+00   5.6956100e-01  -1.2643900e+05
   6.9448000e+00  -1.1202100e+00   6.0265000e+00   2.9608500e+00   5.2148100e+00   5.6953700e-01  -1.2643800e+05
   6.9447600e+00  -1.1195700e+00   6.0264400e+00   2.9615900e+00   5.2148000e+00   5.6954200e-01  -1.2643800e+05
   6.9447300e+00  -1.1197000e+00   6.0263900e+00   2.9633700e+00   5.2148400e+00   5.6954200e-01  -1.2643800e+05
   6.9447800e+00  -1.1188300e+00   6.0262200e+00   2.9617500e+00   5.2148600e+00   5.6952900e-01  -1.2644100e+05
   6.9446600e+00  -1.1195900e+00   6.0264200e+00   2.9601600e+00   5.2148100e+00   5.6951800e-01  -1.2643900e+05
   6.9446300e+00  -1.1196100e+00   6.0263000e+00   2.9597500e+00   5.2147200e+00   5.6951400e-01  -1.2644200e+05
   6.9447800e+00  -1.1199600e+00   6.0265600e+00   2.9608100e+00   5.2147100e+00   5.6951800e-01  -1.2644000e+05
   6.9452100e+00  -1.1202200e+00   6.0263500e+00   2.9594800e+00   5.2147800e+00   5.6953100e-01  -1.2644200e+05
   6.9448700e+00  -1.1195500e+00   6.0263100e+00   2.9609500e+00   5.2147400e+00   5.6953400e-01  -1.2643900e+05
   6.9451100e+00  -1.1204400e+00   6.0265300e+00   2.9607100e+00   5.2147700e+00   5.6952400e-01  -1.2643900e+05
   6.9447400e+00  -1.1196000e+00   6.0264000e+00   2.9605500e+00   5.2147900e+00   5.6951400e-01  -1.2643800e+05
   6.9448600e+00  -1.1204800e+00   6.0264600e+00   2.9619400e+00   5.2148100e+00   5.6952900e-01  -1.2643700e+05
   6.9451600e+00  -1.1198000e+00   6.0263900e+00   2.9619700e+00   5.2147600e+00   5.6954500e-01  -1.2643900e+05
   6.9447800e+00  -1.1205200e+00   6.0262100e+00   2.9602100e+00   5.2147400e+00   5.6955300e-01  -1.2644200e+05
   6.9446400e+00  -1.1202600e+00   6.0264600e+00   2.9614700e+00   5.2148000e+00   5.6954400e-01  -1.2643900e+05
   6.9448700e+00  -1.1205600e+00   6.0264100e+00   2.9623300e+00   5.2147800e+00   5.6953200e-01  -1.2643700e+05
   6.9448800e+00  -1.1205100e+00   6.0262500e+00   2.9610200e+00   5.2148000e+00   5.6955500e-01  -1.2644000e+05
   6.9445900e+00  -1.1199100e+00   6.0263500e+00   2.9606100e+00   5.2148400e+00   5.6955700e-01  -1.2643900e+05
   6.9448200e+00  -1.1204500e+00   6.0263900e+00   2.9611900e+00   5.2148800e+00   5.6954000e-01  -1.2643700e+05
   6.9450300e+00  -1.1207800e+00   6.0263300e+00   2.9591100e+00   5.2148500e+00   5.6954600e-01  -1.2644100e+05
   6.9450300e+00  -1.1203400e+00   6.0263400e+00   2.9603800e+00   5.2148200e+00   5.6955500e-01  -1.2643900e+05
   6.9449200e+00  -1.1189500e+00   6.0263700e+00   2.9612100e+00   5.2149000e+00   5.6955600e-01  -1.2643900e+05
   6.9451200e+00  -1.1189200e+00   6.0265000e+00   2.9613600e+00   5.2148400e+00   5.6955900e-01  -1.2643900e+05
   6.9445700e+00  -1.1189900e+00   6.0264600e+00   2.9604300e+00   5.2149000e+00   5.6957000e-01  -1.2643900e+05
   6.9448800e+00  -1.1196800e+00   6.0264900e+00   2.9606200e+00   5.2149600e+00   5.6955100e-01  -1.2643800e+05
   6.9447800e+00  -1.1194400e+00   6.0264600e+00   2.9638000e+00   5.2149900e+00   5.6953700e-01  -1.2643900e+05
   6.9448800e+00  -1.1189000e+00   6.0265500e+00   2.9629800e+00   5.2149600e+00   5.6953300e-01  -1.2643900e+05
   6.9445200e+00  -1.1189100e+00   6.0264000e+00   2.9620700e+00   5.2149300e+00   5.6952300e-01  -1.2643800e+05
   6.9446400e+00  -1.1192500e+00   6.0264100e+00   2.9626000e+00   5.2149300e+00   5.6951900e-01  -1.2643800e+05
   6.9446500e+00  -1.1200400e+00   6.0263200e+00   2.9609500e+00   5.2149600e+00   5.6953400e-01  -1.2643900e+05
   6.9448500e+00  -1.1197900e+00   6.0264000e+00   2.9626700e+00   5.2150300e+00   5.6954700e-01  -1.2643800e+05
   6.9446000e+00  -1.1195800e+00   6.0263900e+00   2.9623700e+00   5.2150500e+00   5.6953600e-01  -1.2643800e+05
   6.9445100e+00  -1.1203500e+00   6.0264100e+00   2.9628100e+00   5.2150300e+00   5.6954300e-01  -1.2643900e+05
   6.9445600e+00  -1.1199800e+00   6.0263800e+00   2.9611800e+00   5.2151500e+00   5.6953600e-01  -1.2643800e+05
   6.9447000e+00  -1.1216800e+00   6.0263200e+00   2.9633000e+00   5.2150700e+00   5.6953500e-01  -1.2643800e+05
   6.9448100e+00  -1.1218500e+00   6.0264800e+00   2.9624200e+00   5.2151200e+00   5.6954000e-01  -1.2643800e+05
   6.9444700e+00  -1.1220600e+00   6.0263400e+00   2.9630700e+00   5.2150600e+00   5.6953500e-01  -1.2643900e+05
   6.9448800e+00  -1.1219800e+00   6.0263800e+00   2.9638300e+00   5.2150600e+00   5.6953600e-01  -1.2643900e+05
   6.9450000e+00  -1.1210200e+00   6.0263300e+00   2.9629600e+00   5.2150200e+00   5.6956300e-01  -1.2643900e+05
   6.9452400e+00  -1.1210900e+00   6.0264100e+00   2.9622600e+00   5.2150000e+00   5.6956100e-01  -1.2644100e+05
   6.9453900e+00  -1.1207700e+00   6.0264600e+00   2.9608300e+00   5.2149200e+00   5.6957600e-01  -1.2644300e+05
   6.9444600e+00  -1.1206600e+00   6.0264100e+00   2.9618900e+00   5.2149500e+00   5.6958400e-01  -1.2643900e+05
   6.9445300e+00  -1.1204100e+00   6.0266000e+00   2.9611800e+00   5.2149500e+00   5.6956900e-01  -1.2644200e+05
   6.9450200e+00  -1.1213900e+00   6.0264700e+00   2.9612800e+00   5.2149500e+00   5.6957100e-01  -1.2643800e+05
   6.9449100e+00  -1.1219200e+00   6.0261800e+00   2.9620800e+00   5.2149000e+00   5.6957300e-01  -1.2644000e+05
   6.9449700e+00  -1.1223600e+00   6.0263000e+00   2.9610700e+00   5.2149400e+00   5.6957300e-01  -1.2643800e+05
   6.9446100e+00  -1.1221900e+00   6.0265100e+00   2.9608200e+00   5.2149700e+00   5.6958400e-01  -1.2644000e+05
   6.9447400e+00  -1.1223400e+00   6.0263900e+00   2.9610800e+00   5.2149800e+00   5.6960300e-01  -1.2643800e+05
   6.9450600e+00  -1.1221800e+00   6.0263800e+00   2.9610700e+00   5.2150000e+00   5.6960800e-01  -1.2643800e+05
   6.9448400e+00  -1.1220800e+00   6.0264800e+00   2.9619200e+00   5.2150200e+00   5.6961800e-01  -1.2643800e+05
   6.9448400e+00  -1.1221000e+00   6.0264200e+00   2.9612700e+00   5.2149900e+00   5.6961800e-01  -1.2643700e+05
   6.9448100e+00  -1.1216700e+00   6.0264700e+00   2.9604900e+00   5.2149700e+00   5.6960600e-01  -1.2643800e+05
   6.9451600e+00  -1.1229700e+00   6.0263600e+00   2.9606000e+00   5.2149800e+00   5.6961800e-01  -1.2643900e+05
   6.9451300e+00  -1.1235400e+00   6.0263000e+00   2.9607600e+00   5.2149600e+00   5.6961400e-01  -1.2643900e+05
   6.9450700e+00  -1.1239400e+00   6.0264100e+00   2.9608700e+00   5.2149500e+00   5.6961100e-01  -1.2643800e+05
   6.9445900e+00  -1.1233100e+00   6.0263700e+00   2.9623100e+00   5.2149600e+00   5.6960100e-01  -1.2643900e+05
   6.9449200e+00  -1.1236200e+00   6.0261800e+00   2.9626400e+00   5.2149700e+00   5.6960700e-01  -1.2643900e+05
   6.9453000e+00  -1.1240500e+00   6.0263000e+00   2.9628800e+00   5.2150200e+00   5.6960400e-01  -1.2644100e+05
   6.9446700e+00  -1.1233300e+00   6.0264100e+00   2.9622600e+00   5.2149800e+00   5.6961300e-01  -1.2643800e+05
   6.9449500e+00  -1.1233800e+00   6.0261600e+00   2.9629200e+00   5.2149000e+00   5.6960500e-01  -1.2643900e+05
   6.9453300e+00  -1.1235800e+00   6.0262100e+00   2.9624900e+00   5.2148400e+00   5.6961100e-01  -1.2644100e+05
   6.9451900e+00  -1.1231500e+00   6.0263100e+00   2.9622100e+00   5.2148200e+00   5.6960800e-01  -1.2643800e+05
   6.9447500e+00  -1.1233300e+00   6.0263000e+00   2.9619000e+00   5.2148400e+00   5.6962300e-01  -1.2643800e+05
   6.9450700e+00  -1.1233400e+00   6.0263400e+00   2.9620900e+00   5.2147900e+00   5.6961300e-01  -1.2643700e+05
   6.9449800e+00  -1.1242000e+00   6.0264400e+00   2.9600800e+00   5.2148100e+00   5.6960800e-01  -1.2643800e+05
   6.9453400e+00  -1.1242100e+00   6.0263200e+00   2.9598600e+00   5.2148600e+00   5.6959500e-01  -1.2644100e+05
   6.9450300e+00  -1.1244300e+00   6.0264200e+00   2.9614400e+00   5.2148000e+00   5.6960100e-01  -1.2643700e+05
   6.9445200e+00  -1.1245100e+00   6.0262300e+00   2.9601400e+00   5.2148500e+00   5.6959400e-01  -1.2644300e+05
   6.9451800e+00  -1.1251400e+00   6.0264300e+00   2.9611800e+00   5.2148000e+00   5.6959400e-01  -1.2643800e+05
   6.9448800e+00  -1.1258000e+00   6.0262600e+00   2.9623900e+00   5.2148200e+00   5.6960000e-01  -1.2643800e+05
   6.9452000e+00  -1.1255300e+00   6.0263400e+00   2.9617000e+00   5.2148100e+00   5.6959300e-01  -1.2643700e+05
   6.9454300e+00  -1.1252300e+00   6.0264000e+00   2.9618100e+00   5.2148200e+00   5.6959200e-01  -1.2644000e+05
   6.9449100e+00  -1.1265300e+00   6.0262500e+00   2.9615300e+00   5.2148400e+00   5.6958300e-01  -1.2643800e+05
   6.9450600e+00  -1.1261500e+00   6.0263400e+00   2.9608900e+00   5.2148200e+00   5.6957800e-01  -1.2643800e+05
   6.9452800e+00  -1.1273300e+00   6.0263900e+00   2.9592300e+00   5.2148000e+00   5.6959100e-01  -1.2643900e+05
   6.9452900e+00  -1.1271000e+00   6.0264900e+00   2.9587800e+00   5.2147800e+00   5.6960000e-01  -1.2644100e+05
   6.9454600e+00  -1.1274700e+00   6.0264400e+00   2.9594000e+00   5.2148300e+00   5.6960200e-01  -1.2644000e+05
   6.9450000e+00  -1.1275400e+00   6.0261500e+00   2.9599400e+00   5.2148000e+00   5.6958800e-01  -1.2644100e+05
   6.9453000e+00  -1.1273700e+00   6.0262600e+00   2.9602700e+00   5.2148000e+00   5.6958100e-01  -1.2643900e+05
   6.9449400e+00  -1.1276700e+00   6.0262400e+00   2.9599500e+00   5.2148300e+00   5.6957100e-01  -1.2644000e+05
   6.9450200e+00  -1.1269800e+00   6.0263600e+00   2.9615400e+00   5.2148300e+00   5.6956700e-01  -1.2643800e+05
   6.9449300e+00  -1.1262200e+00   6.0262700e+00   2.9629700e+00   5.2148100e+00   5.6957800e-01  -1.2643800e+05
   6.9449800e+00  -1.1266100e+00   6.0262500e+00   2.9630200e+00   5.2148200e+00   5.6957200e-01  -1.2643800e+05
   6.9451500e+00  -1.1268900e+00   6.0263500e+00   2.9616600e+00   5.2148500e+00   5.6956500e-01  -1.2643800e+05
   6.9452600e+00  -1.1270900e+00   6.0262300e+00   2.9632700e+00   5.2148600e+00   5.6955200e-01  -1.2643900e+05
   6.9450500e+00  -1.1263000e+00   6.0262400e+00   2.9629100e+00   5.2148500e+00   5.6956400e-01  -1.2643800e+05
   6.9453600e+00  -1.1259800e+00   6.0264200e+00   2.9629000e+00   5.2148500e+00   5.6955800e-01  -1.2644000e+05
   6.9451600e+00  -1.1256500e+00   6.0262700e+00   2.9622600e+00   5.2148300e+00   5.6956200e-01  -1.2643800e+05
   6.9449800e+00  -1.1250600e+00   6.0264700e+00   2.9626400e+00   5.2148000e+00   5.6955500e-01  -1.2644000e+05
   6.9447700e+00  -1.1250900e+00   6.0262800e+00   2.9620200e+00   5.2148000e+00   5.6955700e-01  -1.2643800e+05
   6.9451100e+00  -1.1246800e+00   6.0264400e+00   2.9616400e+00   5.2148100e+00   5.6955800e-01  -1.2643800e+05
   6.9453400e+00  -1.1247000e+00   6.0262700e+00   2.9616200e+00   5.2148200e+00   5.6957000e-01  -1.2643900e+05
   6.9449900e+00  -1.1254200e+00   6.0264900e+00   2.9615100e+00   5.2148500e+00   5.6956700e-01  -1.2643900e+05
   6.9449300e+00  -1.1254400e+00   6.0262500e+00   2.9622600e+00   5.2148300e+00   5.6957000e-01  -1.2643800e+05
   6.9449000e+00  -1.1250600e+00   6.0264200e+00   2.9629400e+00   5.2148900e+00   5.6960000e-01  -1.2643900e+05
   6.9451200e+00  -1.1252500e+00   6.0263400e+00   2.9627200e+00   5.2148900e+00   5.6961100e-01  -1.2643800e+05
   6.9449500e+00  -1.1240400e+00   6.0262700e+00   2.9633900e+00   5.2148900e+00   5.6960100e-01  -1.2643800e+05
   6.9452000e+00  -1.1234800e+00   6.0263100e+00   2.9620500e+00   5.2148600e+00   5.6961500e-01  -1.2643800e+05
   6.9451600e+00  -1.1237300e+00   6.0264300e+00   2.9617200e+00   5.2148200e+00   5.6960800e-01  -1.2643800e+05
   6.9451400e+00  -1.1241800e+00   6.0262200e+00   2.9620400e+00   5.2148300e+00   5.6960600e-01  -1.2643900e+05
   6.9451700e+00  -1.1239400e+00   6.0263500e+00   2.9633900e+00   5.2148200e+00   5.6960600e-01  -1.2643800e+05
   6.9450900e+00  -1.1239200e+00   6.0263600e+00   2.9625300e+00   5.2148500e+00   5.6959100e-01  -1.2643700e+05
   6.9453000e+00  -1.1238200e+00   6.0263600e+00   2.9625700e+00   5.2148700e+00   5.6960200e-01  -1.2643900e+05
   6.9450500e+00  -1.1231400e+00   6.0263300e+00   2.9631700e+00   5.2148800e+00   5.6959700e-01  -1.2643800e+05
   6.9448800e+00  -1.1231400e+00   6.0263900e+00   2.9632800e+00   5.2148900e+00   5.6958800e-01  -1.2643800e+05
   6.9447000e+00  -1.1232500e+00   6.0262500e+00   2.9620500e+00   5.2149300e+00   5.6959500e-01  -1.2643800e+05
   6.9451100e+00  -1.1229300e+00   6.0264400e+00   2.9608800e+00   5.2149100e+00   5.6960600e-01  -1.2643800e+05
   6.9446900e+00  -1.1223800e+00   6.0262900e+00   2.9619400e+00   5.2149100e+00   5.6961300e-01  -1.2643800e+05
   6.9444900e+00  -1.1220400e+00   6.0262700e+00   2.9641700e+00   5.2149300e+00   5.6963800e-01  -1.2644000e+05
   6.9449800e+00  -1.1215000e+00   6.0263400e+00   2.9624800e+00   5.2149800e+00   5.6962500e-01  -1.2643800e+05
   6.9446600e+00  -1.1205600e+00   6.0265100e+00   2.9623900e+00   5.2150600e+00   5.6961200e-01  -1.2643900e+05
   6.9445300e+00  -1.1206600e+00   6.0264500e+00   2.9628300e+00   5.2151300e+00   5.6960100e-01  -1.2643900e+05
   6.9448500e+00  -1.1211000e+00   6.0263100e+00   2.9621700e+00   5.2150900e+00   5.6960100e-01  -1.2643800e+05
   6.9443700e+00  -1.1219600e+00   6.0262100e+00   2.9645900e+00   5.2151000e+00   5.6959900e-01  -1.2644200e+05
   6.9447200e+00  -1.1211100e+00   6.0264300e+00   2.9630900e+00   5.2150700e+00   5.6960600e-01  -1.2643800e+05
   6.9448600e+00  -1.1217400e+00   6.0264400e+00   2.9620900e+00   5.2150400e+00   5.6960000e-01  -1.2643800e+05
   6.9450100e+00  -1.1219100e+00   6.0262500e+00   2.9604000e+00   5.2150300e+00   5.6960700e-01  -1.2644100e+05
   6.9449400e+00  -1.1209600e+00   6.0264800e+00   2.9588200e+00   5.2150000e+00   5.6960600e-01  -1.2644000e+05
   6.9446700e+00  -1.1208400e+00   6.0264600e+00   2.9614800e+00   5.2149800e+00   5.6960600e-01  -1.2643800e+05
   6.9448400e+00  -1.1212100e+00   6.0263000e+00   2.9614800e+00   5.2149200e+00   5.6961900e-01  -1.2643800e+05
   6.9447500e+00  -1.1221000e+00   6.0262500e+00   2.9614100e+00   5.2149700e+00   5.6961700e-01  -1.2643800e+05
   6.9450900e+00  -1.1211100e+00   6.0263900e+00   2.9626400e+00   5.2150000e+00   5.6962200e-01  -1.2643900e+05
   6.9448200e+00  -1.1213000e+00   6.0263400e+00   2.9618100e+00   5.2150000e+00   5.6960600e-01  -1.2643700e+05
   6.9448300e+00  -1.1224800e+00   6.0262600e+00   2.9621500e+00   5.2149500e+00   5.6962300e-01  -1.2643800e+05
   6.9449500e+00  -1.1230400e+00   6.0262300e+00   2.9627200e+00   5.2149600e+00   5.6959400e-01  -1.2643800e+05
   6.9446500e+00  -1.1213300e+00   6.0264300e+00   2.9607700e+00   5.2149000e+00   5.6960500e-01  -1.2643800e+05
   6.9448300e+00  -1.1211300e+00   6.0263900e+00   2.9603400e+00   5.2148700e+00   5.6960600e-01  -1.2643800e+05
   6.9446500e+00  -1.1203000e+00   6.0263100e+00   2.9626900e+00   5.2148500e+00   5.6961800e-01  -1.2643800e+05
   6.9448600e+00  -1.1208900e+00   6.0264400e+00   2.9628100e+00   5.2149300e+00   5.6961100e-01  -1.2643800e+05
   6.9448000e+00  -1.1200900e+00   6.0262700e+00   2.9638100e+00   5.2149200e+00   5.6959600e-01  -1.2643900e+05
   6.9445700e+00  -1.1202400e+00   6.0262100e+00   2.9647800e+00   5.2148600e+00   5.6960400e-01  -1.2644000e+05
   6.9447300e+00  -1.1200800e+00   6.0262900e+00   2.9638900e+00   5.2148800e+00   5.6961300e-01  -1.2643800e+05
   6.9450500e+00  -1.1201600e+00   6.0262800e+00   2.9630000e+00   5.2148700e+00   5.6961600e-01  -1.2643900e+05
   6.9445800e+00  -1.1193100e+00   6.0264200e+00   2.9620000e+00   5.2148500e+00   5.6961400e-01  -1.2643800e+05
   6.9445800e+00  -1.1200000e+00   6.0261900e+00   2.9637100e+00   5.2148700e+00   5.6961700e-01  -1.2644000e+05
   6.9448800e+00  -1.1198300e+00   6.0264400e+00   2.9639500e+00   5.2148700e+00   5.6960800e-01  -1.2643900e+05
   6.9447800e+00  -1.1202200e+00   6.0263000e+00   2.9627900e+00   5.2148700e+00   5.6961500e-01  -1.2643800e+05
   6.9444500e+00  -1.1200600e+00   6.0262600e+00   2.9619300e+00   5.2148900e+00   5.6963300e-01  -1.2644000e+05
   6.9448600e+00  -1.1206700e+00   6.0264700e+00   2.9628200e+00   5.2149500e+00   5.6962600e-01  -1.2643800e+05
   6.9443900e+00  -1.1210400e+00   6.0264200e+00   2.9637100e+00   5.2149500e+00   5.6962400e-01  -1.2644200e+05
   6.9448200e+00  -1.1198700e+00   6.0265000e+00   2.9626000e+00   5.2149500e+00   5.6961800e-01  -1.2643800e+05
   6.9449300e+00  -1.1198500e+00   6.0264300e+00   2.9630100e+00   5.2149500e+00   5.6963800e-01  -1.2643800e+05
   6.9447700e+00  -1.1195600e+00   6.0265700e+00   2.9607100e+00   5.2149300e+00   5.6964000e-01  -1.2643900e+05
   6.9446700e+00  -1.1185000e+00   6.0264200e+00   2.9624100e+00   5.2149000e+00   5.6964400e-01  -1.2643800e+05
   6.9446600e+00  -1.1178700e+00   6.0265000e+00   2.9611700e+00   5.2149500e+00   5.6963500e-01  -1.2643800e+05
   6.9447000e+00  -1.1176200e+00   6.0263800e+00   2.9622300e+00   5.2148800e+00   5.6964100e-01  -1.2643800e+05
   6.9446600e+00  -1.1174300e+00   6.0264100e+00   2.9621600e+00   5.2148600e+00   5.6964700e-01  -1.2643800e+05
   6.9447200e+00  -1.1170100e+00   6.0265100e+00   2.9621900e+00   5.2149000e+00   5.6964600e-01  -1.2643800e+05
   6.9446000e+00  -1.1169500e+00   6.0264400e+00   2.9628200e+00   5.2149600e+00   5.6964200e-01  -1.2643800e+05
   6.9447700e+00  -1.1171600e+00   6.0263700e+00   2.9627800e+00   5.2149800e+00   5.6965300e-01  -1.2643900e+05
   6.9441800e+00  -1.1170700e+00   6.0265700e+00   2.9636200e+00   5.2150000e+00   5.6965300e-01  -1.2644500e+05
   6.9449600e+00  -1.1174300e+00   6.0264800e+00   2.9634100e+00   5.2149600e+00   5.6964500e-01  -1.2644000e+05
   6.9444500e+00  -1.1171100e+00   6.0262300e+00   2.9638600e+00   5.2148800e+00   5.6966400e-01  -1.2644100e+05
   6.9445400e+00  -1.1171700e+00   6.0263400e+00   2.9623900e+00   5.2149600e+00   5.6965900e-01  -1.2643900e+05
   6.9445000e+00  -1.1168300e+00   6.0264700e+00   2.9627900e+00   5.2148300e+00   5.6965800e-01  -1.2643900e+05
   6.9445300e+00  -1.1166300e+00   6.0262300e+00   2.9632000e+00   5.2148500e+00   5.6964300e-01  -1.2644100e+05
   6.9445700e+00  -1.1173800e+00   6.0265800e+00   2.9600400e+00   5.2148700e+00   5.6966100e-01  -1.2644100e+05
   6.9450700e+00  -1.1170500e+00   6.0265600e+00   2.9601200e+00   5.2148200e+00   5.6964900e-01  -1.2644100e+05
   6.9447100e+00  -1.1176100e+00   6.0264100e+00   2.9636800e+00   5.2148100e+00   5.6968300e-01  -1.2643800e+05
   6.9443300e+00  -1.1169600e+00   6.0263500e+00   2.9623400e+00   5.2148600e+00   5.6966800e-01  -1.2644000e+05
   6.9443200e+00  -1.1166900e+00   6.0263100e+00   2.9633300e+00   5.2148300e+00   5.6966100e-01  -1.2644100e+05
   6.9446200e+00  -1.1163900e+00   6.0264400e+00   2.9630200e+00   5.2148800e+00   5.6967400e-01  -1.2643800e+05
   6.9447300e+00  -1.1162000e+00   6.0263900e+00   2.9607500e+00   5.2147800e+00   5.6964900e-01  -1.2644000e+05
   6.9448200e+00  -1.1160800e+00   6.0263600e+00   2.9595200e+00   5.2148000e+00   5.6961700e-01  -1.2644300e+05
   6.9443600e+00  -1.1165100e+00   6.0264400e+00   2.9634200e+00   5.2148100e+00   5.6960800e-01  -1.2644100e+05
   6.9444200e+00  -1.1160400e+00   6.0263400e+00   2.9616100e+00   5.2146800e+00   5.6960500e-01  -1.2644100e+05
   6.9447100e+00  -1.1159500e+00   6.0265600e+00   2.9605400e+00   5.2146500e+00   5.6961300e-01  -1.2644000e+05
   6.9450500e+00  -1.1163800e+00   6.0264200e+00   2.9628000e+00   5.2146100e+00   5.6960500e-01  -1.2643900e+05
   6.9447700e+00  -1.1163900e+00   6.0265300e+00   2.9625100e+00   5.2146000e+00   5.6960600e-01  -1.2643900e+05
   6.9449100e+00  -1.1161100e+00   6.0264100e+00   2.9639300e+00   5.2145800e+00   5.6958400e-01  -1.2643900e+05
   6.9448200e+00  -1.1158600e+00   6.0262600e+00   2.9635300e+00   5.2146100e+00   5.6954500e-01  -1.2644000e+05
   6.9449900e+00  -1.1160800e+00   6.0264600e+00   2.9625100e+00   5.2145700e+00   5.6954300e-01  -1.2643900e+05
   6.9448900e+00  -1.1163200e+00   6.0265000e+00   2.9606800e+00   5.2145900e+00   5.6954800e-01  -1.2643900e+05
   6.9449800e+00  -1.1160500e+00   6.0263900e+00   2.9614700e+00   5.2146200e+00   5.6955600e-01  -1.2644000e+05
   6.9447500e+00  -1.1166800e+00   6.0263800e+00   2.9609000e+00   5.2146400e+00   5.6955000e-01  -1.2643900e+05
   6.9448400e+00  -1.1163500e+00   6.0264100e+00   2.9625800e+00   5.2147000e+00   5.6956600e-01  -1.2643800e+05
   6.9450400e+00  -1.1167800e+00   6.0263700e+00   2.9625800e+00   5.2146800e+00   5.6957700e-01  -1.2644000e+05
   6.9446000e+00  -1.1166000e+00   6.0264300e+00   2.9627900e+00   5.2145800e+00   5.6957000e-01  -1.2643900e+05
   6.9445400e+00  -1.1169700e+00   6.0264600e+00   2.9622100e+00   5.2145700e+00   5.6955700e-01  -1.2644000e+05
   6.9447100e+00  -1.1162500e+00   6.0264800e+00   2.9617800e+00   5.2146800e+00   5.6956200e-01  -1.2643900e+05
   6.9450700e+00  -1.1159800e+00   6.0264600e+00   2.9610300e+00   5.2146900e+00   5.6954800e-01  -1.2644100e+05
   6.9448700e+00  -1.1162300e+00   6.0264700e+00   2.9624300e+00   5.2146600e+00   5.6953100e-01  -1.2643800e+05
   6.9447900e+00  -1.1170300e+00   6.0264000e+00   2.9611700e+00   5.2146400e+00   5.6951800e-01  -1.2643900e+05
   6.9448700e+00  -1.1169700e+00   6.0263800e+00   2.9637900e+00   5.2147200e+00   5.6951600e-01  -1.2643900e+05
   6.9450600e+00  -1.1168300e+00   6.0264400e+00   2.9621900e+00   5.2147000e+00   5.6953400e-01  -1.2643900e+05
   6.9445800e+00  -1.1176100e+00   6.0262700e+00   2.9627600e+00   5.2146800e+00   5.6952600e-01  -1.2644000e+05
   6.9445000e+00  -1.1177200e+00   6.0263300e+00   2.9638800e+00   5.2146500e+00   5.6953100e-01  -1.2644000e+05
   6.9449800e+00  -1.1172700e+00   6.0265400e+00   2.9621700e+00   5.2145600e+00   5.6953000e-01  -1.2643900e+05
   6.9450500e+00  -1.1180000e+00   6.0263300e+00   2.9613700e+00   5.2145400e+00   5.6950000e-01  -1.2643900e+05
   6.9451100e+00  -1.1176500e+00   6.0265400e+00   2.9616700e+00   5.2145200e+00   5.6949500e-01  -1.2643900e+05
   6.9452500e+00  -1.1174500e+00   6.0263900e+00   2.9609000e+00   5.2145100e+00   5.6947700e-01  -1.2644100e+05
   6.9450900e+00  -1.1173600e+00   6.0264800e+00   2.9622300e+00   5.2144800e+00   5.6946900e-01  -1.2643800e+05
   6.9447400e+00  -1.1175900e+00   6.0264500e+00   2.9618200e+00   5.2144900e+00   5.6946100e-01  -1.2643900e+05
   6.9449100e+00  -1.1177200e+00   6.0264300e+00   2.9621700e+00   5.2144500e+00   5.6947400e-01  -1.2643800e+05
   6.9450000e+00  -1.1177400e+00   6.0262900e+00   2.9612100e+00   5.2144800e+00   5.6947000e-01  -1.2644000e+05
   6.9452800e+00  -1.1182200e+00   6.0263900e+00   2.9624300e+00   5.2144500e+00   5.6947200e-01  -1.2643900e+05
   6.9449800e+00  -1.1180400e+00   6.0264100e+00   2.9633500e+00   5.2144600e+00   5.6946300e-01  -1.2643800e+05
   6.9449200e+00  -1.1181100e+00   6.0263500e+00   2.9655900e+00   5.2144400e+00   5.6947200e-01  -1.2643900e+05
   6.9448600e+00  -1.1179100e+00   6.0263900e+00   2.9617400e+00   5.2144100e+00   5.6948900e-01  -1.2643800e+05
   6.9450800e+00  -1.1179300e+00   6.0263800e+00   2.9615600e+00   5.2143800e+00   5.6949300e-01  -1.2643800e+05
   6.9449500e+00  -1.1169000e+00   6.0264600e+00   2.9616800e+00   5.2144000e+00   5.6950300e-01  -1.2643800e+05
   6.9446800e+00  -1.1177500e+00   6.0262800e+00   2.9606400e+00   5.2143400e+00   5.6950700e-01  -1.2644200e+05
   6.9450600e+00  -1.1175100e+00   6.0265200e+00   2.9611400e+00   5.2143200e+00   5.6948700e-01  -1.2643900e+05
   6.9450200e+00  -1.1172300e+00   6.0266300e+00   2.9612700e+00   5.2143400e+00   5.6948200e-01  -1.2644200e+05
   6.9449500e+00  -1.1165600e+00   6.0264000e+00   2.9615200e+00   5.2143300e+00   5.6946100e-01  -1.2643900e+05
   6.9448200e+00  -1.1164400e+00   6.0263200e+00   2.9618900e+00   5.2142000e+00   5.6946300e-01  -1.2644000e+05
   6.9448500e+00  -1.1167500e+00   6.0265300e+00   2.9627500e+00   5.2141800e+00   5.6946400e-01  -1.2644000e+05
   6.9454400e+00  -1.1178900e+00   6.0262500e+00   2.9641400e+00   5.2141800e+00   5.6947200e-01  -1.2644200e+05
   6.9450900e+00  -1.1177200e+00   6.0261800e+00   2.9662900e+00   5.2141500e+00   5.6947500e-01  -1.2644100e+05
   6.9452700e+00  -1.1174900e+00   6.0263700e+00   2.9643300e+00   5.2141700e+00   5.6948000e-01  -1.2643900e+05
   6.9450000e+00  -1.1182600e+00   6.0264800e+00   2.9634500e+00   5.2141000e+00   5.6950100e-01  -1.2644000e+05
   6.9454300e+00  -1.1183700e+00   6.0263300e+00   2.9655800e+00   5.2140900e+00   5.6952600e-01  -1.2644100e+05
   6.9453100e+00  -1.1177800e+00   6.0264700e+00   2.9639100e+00   5.2140300e+00   5.6952100e-01  -1.2644000e+05
   6.9452000e+00  -1.1174300e+00   6.0264500e+00   2.9619500e+00   5.2139700e+00   5.6953400e-01  -1.2643900e+05
   6.9451600e+00  -1.1171100e+00   6.0264900e+00   2.9612900e+00   5.2139700e+00   5.6954900e-01  -1.2644000e+05
   6.9451600e+00  -1.1177200e+00   6.0264000e+00   2.9621900e+00   5.2139000e+00   5.6954900e-01  -1.2643900e+05
   6.9451400e+00  -1.1181500e+00   6.0262700e+00   2.9632000e+00   5.2137300e+00   5.6955800e-01  -1.2643900e+05
   6.9457300e+00  -1.1178300e+00   6.0262700e+00   2.9625900e+00   5.2136900e+00   5.6959300e-01  -1.2644400e+05
   6.9454700e+00  -1.1180000e+00   6.0262100e+00   2.9615000e+00   5.2136900e+00   5.6957100e-01  -1.2644300e+05
   6.9456300e+00  -1.1185500e+00   6.0263300e+00   2.9662300e+00   5.2136900e+00   5.6956000e-01  -1.2644300e+05
