   6.9451700e+00  -1.1238800e+00   6.0262900e+00   2.9630600e+00   5.2143100e+00   5.6965000e-01  -1.1379300e+06
   6.9453200e+00  -1.1241100e+00   6.0262800e+00   2.9628900e+00   5.2142100e+00   5.6957300e-01  -1.1379300e+06
   6.9450100e+00  -1.1224500e+00   6.0263500e+00   2.9622800e+00   5.2145300e+00   5.6965600e-01  -1.1379300e+06
   6.9450000e+00  -1.1232200e+00   6.0263100e+00   2.9619400e+00   5.2146700e+00   5.6972300e-01  -1.1379300e+06
   6.9449100e+00  -1.1215700e+00   6.0263900e+00   2.9622600e+00   5.2149200e+00   5.6970200e-01  -1.1379300e+06
   6.9450600e+00  -1.1230900e+00   6.0263600e+00   2.9619400e+00   5.2146400e+00   5.6960700e-01  -1.1379300e+06
   6.9449800e+00  -1.1220000e+00   6.0263500e+00   2.9618400e+00   5.2146200e+00   5.6956200e-01  -1.1379300e+06
   6.9451200e+00  -1.1241900e+00   6.0263400e+00   2.9619700e+00   5.2146900e+00   5.6950500e-01  -1.1379300e+06
   6.9451100e+00  -1.1225900e+00   6.0263900e+00   2.9615600e+00   5.2146900e+00   5.6955700e-01  -1.1379300e+06
   6.9450700e+00  -1.1219300e+00   6.0263900e+00   2.9618200e+00   5.2147300e+00   5.6958500e-01  -1.1379300e+06
   6.9448900e+00  -1.1228200e+00   6.0263400e+00   2.9615300e+00   5.2147900e+00   5.6975800e-01  -1.1379300e+06
   6.9448700e+00  -1.1225300e+00   6.0263700e+00   2.9613500e+00   5.2147700e+00   5.6960800e-01  -1.1379300e+06
   6.9449600e+00  -1.1233000e+00   6.0262800e+00   2.9615600e+00   5.2146200e+00   5.6963100e-01  -1.1379400e+06
   6.9451900e+00  -1.1217300e+00   6.0263300e+00   2.9626300e+00   5.2142300e+00   5.6961300e-01  -1.1379300e+06
   6.9452800e+00  -1.1219900e+00   6.0262700e+00   2.9626300e+00   5.2141800e+00   5.6932900e-01  -1.1379300e+06
   6.9450200e+00  -1.1229800e+00   6.0263300e+00   2.9625300e+00   5.2147000e+00   5.6947000e-01  -1.1379300e+06
   6.9452700e+00  -1.1214600e+00   6.0263700e+00   2.9623600e+00   5.2142500e+00   5.6923600e-01  -1.1379300e+06
   6.9451100e+00  -1.1224700e+00   6.0263400e+00   2.9617900e+00   5.2143300e+00   5.6935200e-01  -1.1379300e+06
   6.9450200e+00  -1.1225200e+00   6.0263900e+00   2.9613200e+00   5.2148200e+00   5.6954400e-01  -1.1379300e+06
   6.9450200e+00  -1.1254000e+00   6.0263100e+00   2.9613100e+00   5.2148000e+00   5.6970000e-01  -1.1379300e+06
   6.9449400e+00  -1.1248400e+00   6.0263100e+00   2.9621100e+00   5.2148000e+00   5.6999700e-01  -1.1379300e+06
   6.9448600e+00  -1.1264500e+00   6.0263000e+00   2.9620900e+00   5.2150200e+00   5.7000900e-01  -1.1379300e+06
   6.9448900e+00  -1.1240100e+00   6.0263000e+00   2.9621800e+00   5.2147500e+00   5.6986700e-01  -1.1379300e+06
   6.9451500e+00  -1.1241800e+00   6.0263500e+00   2.9617700e+00   5.2145300e+00   5.6974400e-01  -1.1379300e+06
   6.9448800e+00  -1.1267800e+00   6.0262800e+00   2.9617000e+00   5.2151200e+00   5.7005900e-01  -1.1379300e+06
   6.9448800e+00  -1.1262500e+00   6.0263500e+00   2.9619200e+00   5.2150900e+00   5.7002200e-01  -1.1379300e+06
   6.9451800e+00  -1.1238200e+00   6.0263400e+00   2.9624300e+00   5.2144100e+00   5.6947600e-01  -1.1379300e+06
   6.9450500e+00  -1.1237500e+00   6.0263000e+00   2.9626200e+00   5.2146800e+00   5.6982100e-01  -1.1379300e+06
   6.9451400e+00  -1.1216800e+00   6.0263600e+00   2.9621600e+00   5.2147100e+00   5.6970500e-01  -1.1379400e+06
   6.9449700e+00  -1.1210900e+00   6.0263000e+00   2.9633300e+00   5.2145500e+00   5.6977500e-01  -1.1379300e+06
   6.9447000e+00  -1.1226500e+00   6.0262800e+00   2.9633500e+00   5.2149100e+00   5.6998700e-01  -1.1379400e+06
   6.9450300e+00  -1.1234800e+00   6.0263300e+00   2.9631300e+00   5.2146800e+00   5.6980800e-01  -1.1379300e+06
   6.9448700e+00  -1.1218800e+00   6.0263000e+00   2.9629500e+00   5.2147300e+00   5.6989400e-01  -1.1379300e+06
   6.9449900e+00  -1.1243400e+00   6.0262500e+00   2.9629400e+00   5.2147400e+00   5.6988800e-01  -1.1379300e+06
   6.9448900e+00  -1.1237400e+00   6.0263400e+00   2.9626500e+00   5.2148100e+00   5.6974900e-01  -1.1379300e+06
   6.9449700e+00  -1.1234100e+00   6.0262600e+00   2.9630300e+00   5.2145700e+00   5.6980700e-01  -1.1379300e+06
   6.9449200e+00  -1.1214800e+00   6.0263100e+00   2.9629800e+00   5.2147000e+00   5.6974700e-01  -1.1379300e+06
   6.9451000e+00  -1.1229800e+00   6.0263300e+00   2.9629400e+00   5.2145100e+00   5.6959500e-01  -1.1379300e+06
   6.9449800e+00  -1.1215500e+00   6.0263200e+00   2.9626300e+00   5.2146200e+00   5.6939200e-01  -1.1379300e+06
   6.9452300e+00  -1.1217000e+00   6.0263500e+00   2.9625100e+00   5.2143000e+00   5.6922100e-01  -1.1379300e+06
   6.9452700e+00  -1.1249700e+00   6.0261700e+00   2.9627000e+00   5.2143000e+00   5.6949500e-01  -1.1379400e+06
   6.9450700e+00  -1.1229900e+00   6.0263100e+00   2.9624800e+00   5.2146800e+00   5.6961800e-01  -1.1379300e+06
   6.9448600e+00  -1.1211300e+00   6.0263900e+00   2.9624300e+00   5.2147300e+00   5.6952500e-01  -1.1379300e+06
   6.9448900e+00  -1.1240600e+00   6.0263400e+00   2.9623200e+00   5.2149900e+00   5.6981000e-01  -1.1379300e+06
   6.9452000e+00  -1.1248800e+00   6.0263100e+00   2.9627200e+00   5.2146200e+00   5.6963200e-01  -1.1379300e+06
   6.9450600e+00  -1.1216200e+00   6.0263800e+00   2.9619400e+00   5.2146800e+00   5.6971000e-01  -1.1379300e+06
   6.9450600e+00  -1.1230200e+00   6.0263100e+00   2.9619500e+00   5.2146100e+00   5.6967700e-01  -1.1379300e+06
   6.9449300e+00  -1.1231100e+00   6.0263700e+00   2.9622000e+00   5.2148400e+00   5.6975800e-01  -1.1379300e+06
   6.9448900e+00  -1.1224300e+00   6.0263700e+00   2.9618700e+00   5.2147800e+00   5.6976600e-01  -1.1379300e+06
   6.9450200e+00  -1.1239400e+00   6.0263200e+00   2.9623600e+00   5.2145500e+00   5.6967500e-01  -1.1379300e+06
   6.9449000e+00  -1.1219800e+00   6.0263300e+00   2.9625700e+00   5.2146400e+00   5.6959600e-01  -1.1379300e+06
   6.9451700e+00  -1.1230900e+00   6.0263000e+00   2.9622400e+00   5.2144200e+00   5.6948900e-01  -1.1379300e+06
   6.9452000e+00  -1.1211400e+00   6.0263600e+00   2.9624900e+00   5.2141400e+00   5.6924200e-01  -1.1379300e+06
   6.9453300e+00  -1.1232500e+00   6.0263300e+00   2.9624200e+00   5.2142900e+00   5.6921300e-01  -1.1379300e+06
   6.9452000e+00  -1.1238400e+00   6.0263000e+00   2.9623400e+00   5.2144400e+00   5.6928000e-01  -1.1379300e+06
   6.9451800e+00  -1.1217100e+00   6.0263900e+00   2.9623200e+00   5.2145600e+00   5.6953700e-01  -1.1379300e+06
   6.9452600e+00  -1.1208500e+00   6.0263500e+00   2.9626900e+00   5.2141400e+00   5.6947900e-01  -1.1379300e+06
   6.9449500e+00  -1.1229400e+00   6.0263300e+00   2.9624200e+00   5.2148300e+00   5.6961900e-01  -1.1379300e+06
   6.9452200e+00  -1.1238800e+00   6.0262900e+00   2.9624500e+00   5.2143800e+00   5.6969000e-01  -1.1379300e+06
   6.9450300e+00  -1.1267000e+00   6.0262500e+00   2.9623600e+00   5.2148800e+00   5.6994500e-01  -1.1379300e+06
   6.9450200e+00  -1.1228100e+00   6.0263500e+00   2.9623100e+00   5.2145800e+00   5.6981600e-01  -1.1379300e+06
   6.9449500e+00  -1.1238000e+00   6.0262700e+00   2.9626300e+00   5.2147900e+00   5.6998000e-01  -1.1379300e+06
   6.9448000e+00  -1.1239300e+00   6.0263100e+00   2.9619600e+00   5.2149500e+00   5.6989400e-01  -1.1379300e+06
   6.9450100e+00  -1.1239100e+00   6.0263200e+00   2.9617500e+00   5.2146700e+00   5.6973400e-01  -1.1379300e+06
   6.9449600e+00  -1.1245300e+00   6.0263000e+00   2.9620500e+00   5.2147400e+00   5.6976200e-01  -1.1379300e+06
   6.9452300e+00  -1.1246200e+00   6.0263600e+00   2.9623700e+00   5.2146300e+00   5.6980000e-01  -1.1379400e+06
   6.9451300e+00  -1.1239200e+00   6.0263700e+00   2.9619100e+00   5.2147600e+00   5.6962900e-01  -1.1379300e+06
   6.9451100e+00  -1.1223200e+00   6.0263500e+00   2.9619200e+00   5.2145200e+00   5.6927300e-01  -1.1379300e+06
   6.9450800e+00  -1.1222000e+00   6.0263900e+00   2.9620200e+00   5.2144900e+00   5.6947200e-01  -1.1379300e+06
   6.9450200e+00  -1.1238700e+00   6.0263900e+00   2.9619200e+00   5.2148100e+00   5.6961000e-01  -1.1379300e+06
   6.9451100e+00  -1.1211800e+00   6.0263500e+00   2.9619200e+00   5.2144700e+00   5.6968800e-01  -1.1379300e+06
   6.9449700e+00  -1.1229000e+00   6.0263600e+00   2.9622400e+00   5.2147800e+00   5.6967900e-01  -1.1379300e+06
   6.9449500e+00  -1.1215300e+00   6.0264000e+00   2.9618300e+00   5.2148400e+00   5.6963400e-01  -1.1379300e+06
   6.9448000e+00  -1.1212100e+00   6.0263600e+00   2.9618900e+00   5.2149500e+00   5.6982300e-01  -1.1379300e+06
   6.9448300e+00  -1.1226700e+00   6.0263400e+00   2.9621500e+00   5.2149000e+00   5.6974900e-01  -1.1379300e+06
   6.9448500e+00  -1.1231600e+00   6.0264000e+00   2.9626700e+00   5.2150200e+00   5.6998000e-01  -1.1379300e+06
   6.9452200e+00  -1.1238400e+00   6.0263100e+00   2.9635300e+00   5.2145600e+00   5.6975400e-01  -1.1379400e+06
   6.9447300e+00  -1.1253500e+00   6.0262400e+00   2.9625800e+00   5.2151600e+00   5.7007900e-01  -1.1379300e+06
   6.9448600e+00  -1.1250700e+00   6.0263100e+00   2.9621500e+00   5.2150800e+00   5.7015500e-01  -1.1379300e+06
   6.9451400e+00  -1.1279900e+00   6.0262600e+00   2.9626300e+00   5.2150500e+00   5.7022800e-01  -1.1379400e+06
   6.9448500e+00  -1.1259400e+00   6.0263100e+00   2.9622000e+00   5.2150300e+00   5.7040700e-01  -1.1379300e+06
   6.9449400e+00  -1.1278000e+00   6.0262600e+00   2.9621200e+00   5.2152600e+00   5.7030100e-01  -1.1379300e+06
   6.9448500e+00  -1.1239000e+00   6.0263100e+00   2.9623800e+00   5.2149600e+00   5.7036500e-01  -1.1379300e+06
   6.9447000e+00  -1.1226100e+00   6.0263300e+00   2.9632400e+00   5.2152500e+00   5.7016000e-01  -1.1379400e+06
   6.9447200e+00  -1.1246200e+00   6.0263000e+00   2.9630600e+00   5.2152900e+00   5.7046600e-01  -1.1379300e+06
   6.9448200e+00  -1.1259200e+00   6.0262500e+00   2.9630200e+00   5.2151600e+00   5.7043000e-01  -1.1379300e+06
   6.9447500e+00  -1.1229900e+00   6.0263100e+00   2.9630000e+00   5.2149800e+00   5.7010700e-01  -1.1379300e+06
   6.9450300e+00  -1.1231300e+00   6.0263000e+00   2.9631100e+00   5.2147200e+00   5.6994500e-01  -1.1379300e+06
   6.9449100e+00  -1.1234400e+00   6.0262900e+00   2.9629600e+00   5.2148600e+00   5.7001900e-01  -1.1379300e+06
   6.9447900e+00  -1.1244200e+00   6.0262700e+00   2.9633300e+00   5.2148300e+00   5.7010300e-01  -1.1379400e+06
   6.9449200e+00  -1.1276200e+00   6.0262500e+00   2.9629100e+00   5.2152700e+00   5.7022200e-01  -1.1379400e+06
   6.9449400e+00  -1.1250100e+00   6.0262300e+00   2.9631100e+00   5.2148300e+00   5.7035800e-01  -1.1379400e+06
   6.9447400e+00  -1.1262300e+00   6.0262800e+00   2.9628100e+00   5.2152400e+00   5.7063900e-01  -1.1379300e+06
   6.9446400e+00  -1.1252900e+00   6.0262400e+00   2.9630600e+00   5.2152500e+00   5.7085500e-01  -1.1379400e+06
   6.9448800e+00  -1.1267000e+00   6.0262500e+00   2.9628700e+00   5.2151500e+00   5.7089500e-01  -1.1379400e+06
   6.9446800e+00  -1.1289600e+00   6.0262200e+00   2.9629600e+00   5.2154200e+00   5.7110900e-01  -1.1379400e+06
   6.9447900e+00  -1.1297400e+00   6.0262300e+00   2.9629500e+00   5.2157100e+00   5.7098400e-01  -1.1379400e+06
   6.9445000e+00  -1.1268200e+00   6.0263000e+00   2.9626900e+00   5.2158200e+00   5.7097000e-01  -1.1379300e+06
   6.9446000e+00  -1.1274600e+00   6.0263200e+00   2.9617900e+00   5.2157500e+00   5.7091100e-01  -1.1379300e+06
   6.9447000e+00  -1.1293800e+00   6.0262900e+00   2.9622700e+00   5.2156700e+00   5.7091300e-01  -1.1379300e+06
   6.9446400e+00  -1.1278100e+00   6.0262200e+00   2.9623800e+00   5.2155800e+00   5.7101700e-01  -1.1379300e+06
   6.9445000e+00  -1.1277300e+00   6.0262900e+00   2.9618800e+00   5.2158800e+00   5.7103200e-01  -1.1379300e+06
   6.9445400e+00  -1.1291700e+00   6.0262400e+00   2.9618700e+00   5.2159500e+00   5.7106900e-01  -1.1379300e+06
   6.9443400e+00  -1.1284500e+00   6.0263100e+00   2.9620200e+00   5.2161100e+00   5.7122800e-01  -1.1379300e+06
   6.9444700e+00  -1.1292000e+00   6.0262200e+00   2.9624500e+00   5.2160000e+00   5.7137600e-01  -1.1379300e+06
   6.9441900e+00  -1.1268400e+00   6.0262900e+00   2.9624700e+00   5.2162100e+00   5.7137100e-01  -1.1379400e+06
   6.9445100e+00  -1.1267500e+00   6.0263300e+00   2.9622800e+00   5.2158300e+00   5.7117600e-01  -1.1379300e+06
   6.9445600e+00  -1.1267900e+00   6.0263000e+00   2.9623400e+00   5.2156600e+00   5.7102000e-01  -1.1379300e+06
   6.9444800e+00  -1.1263300e+00   6.0262900e+00   2.9616900e+00   5.2157700e+00   5.7083200e-01  -1.1379300e+06
   6.9446000e+00  -1.1243000e+00   6.0263400e+00   2.9620100e+00   5.2154400e+00   5.7074500e-01  -1.1379300e+06
   6.9445300e+00  -1.1266500e+00   6.0262800e+00   2.9615700e+00   5.2156900e+00   5.7070400e-01  -1.1379300e+06
   6.9445700e+00  -1.1272400e+00   6.0263200e+00   2.9612900e+00   5.2157200e+00   5.7082300e-01  -1.1379300e+06
   6.9445300e+00  -1.1257800e+00   6.0263000e+00   2.9611800e+00   5.2157100e+00   5.7057800e-01  -1.1379300e+06
   6.9447800e+00  -1.1280700e+00   6.0262900e+00   2.9616300e+00   5.2152900e+00   5.7043200e-01  -1.1379300e+06
   6.9446000e+00  -1.1264400e+00   6.0263000e+00   2.9616700e+00   5.2154600e+00   5.7074000e-01  -1.1379300e+06
   6.9444400e+00  -1.1263500e+00   6.0262700e+00   2.9624500e+00   5.2158800e+00   5.7107100e-01  -1.1379300e+06
   6.9445600e+00  -1.1248200e+00   6.0263400e+00   2.9619700e+00   5.2157600e+00   5.7066700e-01  -1.1379300e+06
   6.9446200e+00  -1.1263400e+00   6.0263000e+00   2.9616400e+00   5.2156200e+00   5.7055300e-01  -1.1379300e+06
   6.9449000e+00  -1.1262200e+00   6.0263400e+00   2.9615600e+00   5.2152700e+00   5.7049600e-01  -1.1379300e+06
   6.9444200e+00  -1.1280500e+00   6.0263100e+00   2.9617000e+00   5.2159000e+00   5.7096400e-01  -1.1379300e+06
   6.9448100e+00  -1.1278200e+00   6.0262700e+00   2.9623700e+00   5.2154400e+00   5.7078400e-01  -1.1379300e+06
   6.9446800e+00  -1.1256800e+00   6.0262600e+00   2.9623700e+00   5.2153400e+00   5.7053600e-01  -1.1379300e+06
   6.9446700e+00  -1.1237100e+00   6.0263100e+00   2.9620500e+00   5.2152000e+00   5.7030500e-01  -1.1379300e+06
   6.9449300e+00  -1.1254100e+00   6.0263100e+00   2.9618000e+00   5.2149000e+00   5.7020400e-01  -1.1379300e+06
   6.9448500e+00  -1.1262500e+00   6.0263200e+00   2.9617200e+00   5.2152700e+00   5.7017200e-01  -1.1379300e+06
   6.9448500e+00  -1.1230300e+00   6.0263400e+00   2.9622200e+00   5.2149000e+00   5.7008500e-01  -1.1379300e+06
   6.9448900e+00  -1.1259400e+00   6.0263300e+00   2.9619800e+00   5.2152700e+00   5.7052000e-01  -1.1379300e+06
   6.9448200e+00  -1.1273800e+00   6.0262600e+00   2.9618900e+00   5.2151900e+00   5.7035600e-01  -1.1379300e+06
   6.9449100e+00  -1.1253300e+00   6.0262800e+00   2.9618400e+00   5.2149500e+00   5.7020000e-01  -1.1379300e+06
   6.9447700e+00  -1.1228900e+00   6.0263600e+00   2.9624200e+00   5.2150500e+00   5.7022700e-01  -1.1379300e+06
   6.9449500e+00  -1.1230600e+00   6.0263200e+00   2.9629000e+00   5.2148900e+00   5.7006900e-01  -1.1379300e+06
   6.9449200e+00  -1.1250500e+00   6.0263400e+00   2.9621800e+00   5.2149600e+00   5.7009600e-01  -1.1379300e+06
   6.9449700e+00  -1.1257100e+00   6.0263000e+00   2.9623000e+00   5.2148300e+00   5.7005200e-01  -1.1379300e+06
   6.9449900e+00  -1.1247500e+00   6.0262900e+00   2.9620300e+00   5.2148700e+00   5.6993400e-01  -1.1379300e+06
   6.9447400e+00  -1.1246700e+00   6.0263600e+00   2.9616900e+00   5.2152400e+00   5.7009300e-01  -1.1379300e+06
   6.9449000e+00  -1.1258600e+00   6.0262600e+00   2.9618500e+00   5.2151100e+00   5.7030100e-01  -1.1379300e+06
   6.9447300e+00  -1.1256400e+00   6.0262600e+00   2.9617700e+00   5.2151300e+00   5.7053000e-01  -1.1379300e+06
   6.9446500e+00  -1.1273600e+00   6.0262900e+00   2.9617200e+00   5.2155200e+00   5.7074500e-01  -1.1379300e+06
   6.9447200e+00  -1.1279600e+00   6.0263000e+00   2.9616000e+00   5.2155300e+00   5.7067700e-01  -1.1379300e+06
   6.9446000e+00  -1.1280600e+00   6.0262800e+00   2.9618800e+00   5.2157900e+00   5.7098300e-01  -1.1379300e+06
   6.9443400e+00  -1.1262000e+00   6.0263100e+00   2.9617100e+00   5.2158500e+00   5.7096400e-01  -1.1379300e+06
   6.9444900e+00  -1.1265500e+00   6.0263200e+00   2.9614600e+00   5.2158800e+00   5.7091900e-01  -1.1379300e+06
   6.9447500e+00  -1.1273600e+00   6.0262400e+00   2.9619700e+00   5.2153800e+00   5.7043500e-01  -1.1379300e+06
   6.9448200e+00  -1.1269300e+00   6.0262400e+00   2.9622800e+00   5.2152400e+00   5.7083100e-01  -1.1379300e+06
   6.9445900e+00  -1.1288300e+00   6.0262400e+00   2.9618600e+00   5.2158100e+00   5.7098200e-01  -1.1379300e+06
   6.9443000e+00  -1.1268800e+00   6.0263100e+00   2.9615900e+00   5.2161200e+00   5.7104300e-01  -1.1379300e+06
   6.9441500e+00  -1.1271600e+00   6.0262900e+00   2.9616100e+00   5.2160400e+00   5.7133900e-01  -1.1379400e+06
   6.9441800e+00  -1.1300800e+00   6.0262300e+00   2.9617500e+00   5.2165100e+00   5.7177300e-01  -1.1379300e+06
   6.9441600e+00  -1.1322200e+00   6.0262500e+00   2.9618800e+00   5.2166300e+00   5.7182700e-01  -1.1379400e+06
   6.9442900e+00  -1.1291000e+00   6.0262800e+00   2.9613700e+00   5.2164400e+00   5.7169200e-01  -1.1379400e+06
   6.9445200e+00  -1.1321800e+00   6.0261900e+00   2.9612000e+00   5.2162300e+00   5.7172100e-01  -1.1379400e+06
   6.9442500e+00  -1.1326300e+00   6.0262500e+00   2.9604900e+00   5.2166100e+00   5.7181200e-01  -1.1379400e+06
   6.9441800e+00  -1.1297100e+00   6.0262500e+00   2.9615600e+00   5.2165600e+00   5.7155700e-01  -1.1379400e+06
   6.9442600e+00  -1.1300300e+00   6.0262700e+00   2.9612300e+00   5.2164200e+00   5.7166300e-01  -1.1379300e+06
   6.9442300e+00  -1.1300000e+00   6.0262400e+00   2.9616700e+00   5.2163500e+00   5.7155900e-01  -1.1379300e+06
   6.9445900e+00  -1.1309300e+00   6.0263200e+00   2.9611600e+00   5.2161100e+00   5.7158200e-01  -1.1379400e+06
   6.9440600e+00  -1.1283800e+00   6.0263100e+00   2.9617000e+00   5.2165800e+00   5.7182200e-01  -1.1379400e+06
   6.9441700e+00  -1.1288100e+00   6.0262500e+00   2.9620200e+00   5.2164700e+00   5.7184300e-01  -1.1379400e+06
   6.9442600e+00  -1.1301800e+00   6.0262500e+00   2.9620800e+00   5.2162700e+00   5.7156200e-01  -1.1379300e+06
   6.9442500e+00  -1.1317000e+00   6.0262400e+00   2.9615500e+00   5.2165300e+00   5.7175100e-01  -1.1379400e+06
   6.9443500e+00  -1.1293300e+00   6.0262100e+00   2.9621600e+00   5.2161300e+00   5.7164500e-01  -1.1379400e+06
   6.9443600e+00  -1.1312300e+00   6.0262400e+00   2.9622900e+00   5.2163700e+00   5.7169600e-01  -1.1379400e+06
   6.9443200e+00  -1.1286800e+00   6.0262700e+00   2.9623100e+00   5.2162200e+00   5.7133100e-01  -1.1379300e+06
   6.9446500e+00  -1.1253100e+00   6.0262300e+00   2.9622600e+00   5.2154300e+00   5.7092700e-01  -1.1379400e+06
   6.9446800e+00  -1.1276000e+00   6.0262400e+00   2.9623200e+00   5.2154700e+00   5.7080200e-01  -1.1379300e+06
   6.9447700e+00  -1.1293900e+00   6.0262600e+00   2.9615500e+00   5.2156100e+00   5.7064600e-01  -1.1379300e+06
   6.9448100e+00  -1.1283200e+00   6.0262500e+00   2.9615700e+00   5.2154100e+00   5.7075400e-01  -1.1379300e+06
   6.9445700e+00  -1.1257600e+00   6.0262800e+00   2.9617900e+00   5.2155200e+00   5.7052600e-01  -1.1379300e+06
   6.9446400e+00  -1.1237800e+00   6.0262900e+00   2.9624100e+00   5.2153200e+00   5.7071800e-01  -1.1379300e+06
   6.9446000e+00  -1.1239200e+00   6.0263000e+00   2.9625700e+00   5.2152700e+00   5.7038300e-01  -1.1379300e+06
   6.9446600e+00  -1.1257400e+00   6.0262900e+00   2.9630400e+00   5.2153800e+00   5.7033000e-01  -1.1379300e+06
   6.9452200e+00  -1.1230200e+00   6.0263400e+00   2.9629800e+00   5.2142500e+00   5.6984800e-01  -1.1379400e+06
   6.9450400e+00  -1.1240800e+00   6.0263000e+00   2.9625800e+00   5.2146200e+00   5.6969900e-01  -1.1379300e+06
   6.9451900e+00  -1.1237200e+00   6.0263100e+00   2.9627200e+00   5.2144000e+00   5.6957300e-01  -1.1379300e+06
   6.9449900e+00  -1.1226100e+00   6.0262700e+00   2.9632200e+00   5.2145800e+00   5.6956500e-01  -1.1379300e+06
   6.9451500e+00  -1.1227800e+00   6.0262800e+00   2.9630200e+00   5.2144900e+00   5.6962200e-01  -1.1379300e+06
   6.9449200e+00  -1.1194200e+00   6.0263900e+00   2.9633800e+00   5.2146100e+00   5.6938100e-01  -1.1379400e+06
   6.9451800e+00  -1.1212600e+00   6.0263200e+00   2.9633900e+00   5.2141800e+00   5.6919300e-01  -1.1379300e+06
   6.9453800e+00  -1.1233200e+00   6.0262800e+00   2.9634300e+00   5.2141300e+00   5.6903600e-01  -1.1379400e+06
   6.9452200e+00  -1.1209000e+00   6.0263200e+00   2.9627000e+00   5.2141400e+00   5.6912400e-01  -1.1379300e+06
   6.9453700e+00  -1.1240800e+00   6.0262700e+00   2.9628300e+00   5.2140600e+00   5.6896400e-01  -1.1379400e+06
   6.9451400e+00  -1.1208400e+00   6.0263400e+00   2.9620800e+00   5.2141800e+00   5.6923800e-01  -1.1379300e+06
   6.9451000e+00  -1.1234100e+00   6.0263200e+00   2.9623500e+00   5.2145600e+00   5.6935100e-01  -1.1379300e+06
   6.9451100e+00  -1.1210700e+00   6.0264000e+00   2.9619300e+00   5.2143400e+00   5.6935800e-01  -1.1379300e+06
   6.9451500e+00  -1.1231700e+00   6.0263700e+00   2.9617400e+00   5.2145600e+00   5.6917300e-01  -1.1379300e+06
   6.9452000e+00  -1.1224000e+00   6.0263300e+00   2.9618000e+00   5.2142200e+00   5.6918300e-01  -1.1379300e+06
   6.9452200e+00  -1.1232900e+00   6.0263200e+00   2.9618300e+00   5.2141900e+00   5.6925700e-01  -1.1379300e+06
   6.9451600e+00  -1.1227000e+00   6.0263700e+00   2.9618000e+00   5.2146200e+00   5.6939700e-01  -1.1379300e+06
   6.9450800e+00  -1.1217100e+00   6.0263600e+00   2.9616400e+00   5.2145300e+00   5.6962700e-01  -1.1379300e+06
   6.9449400e+00  -1.1235300e+00   6.0263500e+00   2.9616000e+00   5.2147000e+00   5.6967000e-01  -1.1379300e+06
   6.9448400e+00  -1.1231500e+00   6.0263900e+00   2.9614500e+00   5.2149400e+00   5.6966100e-01  -1.1379300e+06
   6.9448800e+00  -1.1253300e+00   6.0262700e+00   2.9614200e+00   5.2148800e+00   5.6961200e-01  -1.1379400e+06
   6.9450200e+00  -1.1240000e+00   6.0263000e+00   2.9613700e+00   5.2148200e+00   5.6972400e-01  -1.1379300e+06
   6.9450700e+00  -1.1258300e+00   6.0263600e+00   2.9616200e+00   5.2148800e+00   5.6973000e-01  -1.1379300e+06
   6.9450500e+00  -1.1237600e+00   6.0263000e+00   2.9612900e+00   5.2145800e+00   5.6976800e-01  -1.1379400e+06
   6.9451700e+00  -1.1235000e+00   6.0263100e+00   2.9614800e+00   5.2144400e+00   5.6953000e-01  -1.1379300e+06
   6.9454300e+00  -1.1218600e+00   6.0263800e+00   2.9619100e+00   5.2140500e+00   5.6926400e-01  -1.1379400e+06
   6.9453000e+00  -1.1217600e+00   6.0263300e+00   2.9615800e+00   5.2142100e+00   5.6903200e-01  -1.1379300e+06
   6.9452600e+00  -1.1230100e+00   6.0263500e+00   2.9623300e+00   5.2144000e+00   5.6928900e-01  -1.1379300e+06
   6.9452100e+00  -1.1204100e+00   6.0263800e+00   2.9619100e+00   5.2143200e+00   5.6917300e-01  -1.1379300e+06
   6.9450300e+00  -1.1177200e+00   6.0264100e+00   2.9619200e+00   5.2142500e+00   5.6928300e-01  -1.1379400e+06
   6.9450900e+00  -1.1207800e+00   6.0263500e+00   2.9615500e+00   5.2143700e+00   5.6919300e-01  -1.1379300e+06
   6.9451300e+00  -1.1231400e+00   6.0263500e+00   2.9612300e+00   5.2144300e+00   5.6953400e-01  -1.1379400e+06
   6.9451700e+00  -1.1222100e+00   6.0263600e+00   2.9624600e+00   5.2144200e+00   5.6947500e-01  -1.1379300e+06
   6.9450300e+00  -1.1225600e+00   6.0263400e+00   2.9626400e+00   5.2146500e+00   5.6969000e-01  -1.1379300e+06
   6.9447100e+00  -1.1213100e+00   6.0263900e+00   2.9622300e+00   5.2149700e+00   5.6971000e-01  -1.1379400e+06
   6.9449100e+00  -1.1228300e+00   6.0263500e+00   2.9621900e+00   5.2148200e+00   5.6966600e-01  -1.1379300e+06
   6.9449500e+00  -1.1221100e+00   6.0263300e+00   2.9627800e+00   5.2147100e+00   5.6957600e-01  -1.1379300e+06
   6.9452200e+00  -1.1228000e+00   6.0263200e+00   2.9635500e+00   5.2143400e+00   5.6949600e-01  -1.1379300e+06
   6.9448800e+00  -1.1198000e+00   6.0264000e+00   2.9630300e+00   5.2145800e+00   5.6957600e-01  -1.1379400e+06
   6.9450400e+00  -1.1225800e+00   6.0263500e+00   2.9627800e+00   5.2144700e+00   5.6941400e-01  -1.1379300e+06
   6.9452400e+00  -1.1220500e+00   6.0263100e+00   2.9618400e+00   5.2141900e+00   5.6926300e-01  -1.1379300e+06
   6.9452300e+00  -1.1248700e+00   6.0263000e+00   2.9618900e+00   5.2145500e+00   5.6953200e-01  -1.1379300e+06
   6.9450100e+00  -1.1194600e+00   6.0263800e+00   2.9625500e+00   5.2143700e+00   5.6962600e-01  -1.1379400e+06
   6.9449400e+00  -1.1226200e+00   6.0263300e+00   2.9620200e+00   5.2146700e+00   5.6946500e-01  -1.1379300e+06
   6.9451500e+00  -1.1240200e+00   6.0263100e+00   2.9619500e+00   5.2143900e+00   5.6934200e-01  -1.1379300e+06
   6.9452000e+00  -1.1212500e+00   6.0263000e+00   2.9620900e+00   5.2142700e+00   5.6905000e-01  -1.1379300e+06
   6.9452100e+00  -1.1217000e+00   6.0263700e+00   2.9622100e+00   5.2142100e+00   5.6925500e-01  -1.1379300e+06
   6.9453200e+00  -1.1220600e+00   6.0263000e+00   2.9620900e+00   5.2140600e+00   5.6889500e-01  -1.1379300e+06
   6.9453900e+00  -1.1229900e+00   6.0263400e+00   2.9615500e+00   5.2142700e+00   5.6902100e-01  -1.1379400e+06
   6.9454200e+00  -1.1237000e+00   6.0263300e+00   2.9622700e+00   5.2141600e+00   5.6907000e-01  -1.1379300e+06
   6.9453800e+00  -1.1218200e+00   6.0263400e+00   2.9623900e+00   5.2139100e+00   5.6898500e-01  -1.1379300e+06
   6.9450600e+00  -1.1232400e+00   6.0263200e+00   2.9623000e+00   5.2146300e+00   5.6947600e-01  -1.1379300e+06
   6.9450500e+00  -1.1242400e+00   6.0262900e+00   2.9621100e+00   5.2146400e+00   5.6967700e-01  -1.1379300e+06
   6.9452200e+00  -1.1251800e+00   6.0263200e+00   2.9617200e+00   5.2143400e+00   5.6956500e-01  -1.1379400e+06
   6.9452300e+00  -1.1245200e+00   6.0263600e+00   2.9612600e+00   5.2145500e+00   5.6948300e-01  -1.1379300e+06
   6.9453900e+00  -1.1229600e+00   6.0263300e+00   2.9612900e+00   5.2141900e+00   5.6923500e-01  -1.1379400e+06
   6.9449600e+00  -1.1235900e+00   6.0263600e+00   2.9614400e+00   5.2147300e+00   5.6960800e-01  -1.1379300e+06
   6.9450100e+00  -1.1246300e+00   6.0263500e+00   2.9615400e+00   5.2148400e+00   5.6972100e-01  -1.1379300e+06
   6.9448500e+00  -1.1242800e+00   6.0263500e+00   2.9624000e+00   5.2149300e+00   5.6974600e-01  -1.1379300e+06
   6.9451700e+00  -1.1262700e+00   6.0262900e+00   2.9619900e+00   5.2145600e+00   5.6965400e-01  -1.1379300e+06
   6.9449700e+00  -1.1240500e+00   6.0263200e+00   2.9619900e+00   5.2147800e+00   5.6980000e-01  -1.1379300e+06
   6.9450000e+00  -1.1237000e+00   6.0263300e+00   2.9615000e+00   5.2148700e+00   5.6983700e-01  -1.1379300e+06
   6.9448400e+00  -1.1246100e+00   6.0263400e+00   2.9618000e+00   5.2150600e+00   5.6987000e-01  -1.1379300e+06
   6.9450000e+00  -1.1241500e+00   6.0263200e+00   2.9619200e+00   5.2149100e+00   5.7015300e-01  -1.1379300e+06
   6.9447300e+00  -1.1236600e+00   6.0263900e+00   2.9612600e+00   5.2151700e+00   5.7000900e-01  -1.1379300e+06
   6.9447800e+00  -1.1227100e+00   6.0263500e+00   2.9616400e+00   5.2151400e+00   5.6999400e-01  -1.1379300e+06
   6.9449600e+00  -1.1277600e+00   6.0263100e+00   2.9620200e+00   5.2150500e+00   5.7025500e-01  -1.1379300e+06
   6.9449300e+00  -1.1266700e+00   6.0263000e+00   2.9620400e+00   5.2150800e+00   5.7036400e-01  -1.1379300e+06
   6.9449000e+00  -1.1252300e+00   6.0262700e+00   2.9619000e+00   5.2149700e+00   5.7001300e-01  -1.1379300e+06
   6.9451200e+00  -1.1270300e+00   6.0263100e+00   2.9624600e+00   5.2148500e+00   5.6994700e-01  -1.1379400e+06
   6.9450600e+00  -1.1225100e+00   6.0263600e+00   2.9618400e+00   5.2146400e+00   5.6946400e-01  -1.1379300e+06
   6.9450000e+00  -1.1221400e+00   6.0263800e+00   2.9624200e+00   5.2146400e+00   5.6957000e-01  -1.1379300e+06
   6.9450100e+00  -1.1225700e+00   6.0263400e+00   2.9618800e+00   5.2146400e+00   5.6964200e-01  -1.1379300e+06
   6.9451200e+00  -1.1199300e+00   6.0263800e+00   2.9624700e+00   5.2142900e+00   5.6928900e-01  -1.1379300e+06
   6.9453500e+00  -1.1215700e+00   6.0263500e+00   2.9626200e+00   5.2142000e+00   5.6931100e-01  -1.1379300e+06
   6.9451400e+00  -1.1219300e+00   6.0264200e+00   2.9616500e+00   5.2146100e+00   5.6938500e-01  -1.1379300e+06
   6.9451000e+00  -1.1220300e+00   6.0263900e+00   2.9620800e+00   5.2146700e+00   5.6954600e-01  -1.1379300e+06
   6.9449800e+00  -1.1240200e+00   6.0263700e+00   2.9620600e+00   5.2148300e+00   5.6957600e-01  -1.1379300e+06
   6.9448600e+00  -1.1223800e+00   6.0263400e+00   2.9623500e+00   5.2149000e+00   5.6986200e-01  -1.1379300e+06
   6.9446500e+00  -1.1256300e+00   6.0262900e+00   2.9622900e+00   5.2152700e+00   5.7011100e-01  -1.1379300e+06
   6.9448400e+00  -1.1238700e+00   6.0263400e+00   2.9623800e+00   5.2150000e+00   5.7003600e-01  -1.1379300e+06
   6.9449700e+00  -1.1244000e+00   6.0262800e+00   2.9621800e+00   5.2148500e+00   5.7012700e-01  -1.1379300e+06
   6.9448000e+00  -1.1255700e+00   6.0263000e+00   2.9627000e+00   5.2150700e+00   5.7043700e-01  -1.1379300e+06
   6.9448600e+00  -1.1249200e+00   6.0262800e+00   2.9627900e+00   5.2151700e+00   5.7030500e-01  -1.1379300e+06
   6.9448500e+00  -1.1236200e+00   6.0262700e+00   2.9624100e+00   5.2149000e+00   5.7002500e-01  -1.1379300e+06
   6.9449100e+00  -1.1249000e+00   6.0263000e+00   2.9622500e+00   5.2150700e+00   5.7018300e-01  -1.1379300e+06
   6.9450000e+00  -1.1258700e+00   6.0263100e+00   2.9614000e+00   5.2148700e+00   5.6970900e-01  -1.1379300e+06
   6.9449400e+00  -1.1219800e+00   6.0263900e+00   2.9612500e+00   5.2149000e+00   5.6991500e-01  -1.1379400e+06
   6.9451200e+00  -1.1238900e+00   6.0263400e+00   2.9615100e+00   5.2144900e+00   5.6966700e-01  -1.1379300e+06
   6.9449800e+00  -1.1283500e+00   6.0262700e+00   2.9619700e+00   5.2152300e+00   5.6998500e-01  -1.1379400e+06
   6.9449100e+00  -1.1260500e+00   6.0263100e+00   2.9620600e+00   5.2149900e+00   5.6977800e-01  -1.1379300e+06
   6.9451400e+00  -1.1236500e+00   6.0263200e+00   2.9620400e+00   5.2144400e+00   5.6946600e-01  -1.1379300e+06
   6.9453000e+00  -1.1229200e+00   6.0263000e+00   2.9622800e+00   5.2143400e+00   5.6932000e-01  -1.1379300e+06
   6.9451700e+00  -1.1205400e+00   6.0264200e+00   2.9624600e+00   5.2143600e+00   5.6927800e-01  -1.1379300e+06
   6.9450100e+00  -1.1175200e+00   6.0264100e+00   2.9623300e+00   5.2142000e+00   5.6905000e-01  -1.1379400e+06
   6.9450800e+00  -1.1220100e+00   6.0262700e+00   2.9623400e+00   5.2144800e+00   5.6926600e-01  -1.1379400e+06
   6.9449700e+00  -1.1220400e+00   6.0264000e+00   2.9625700e+00   5.2147400e+00   5.6972300e-01  -1.1379300e+06
   6.9451200e+00  -1.1237200e+00   6.0262800e+00   2.9629500e+00   5.2143900e+00   5.6949100e-01  -1.1379300e+06
   6.9451100e+00  -1.1212800e+00   6.0263900e+00   2.9623700e+00   5.2145200e+00   5.6963700e-01  -1.1379300e+06
   6.9450500e+00  -1.1228000e+00   6.0263100e+00   2.9626800e+00   5.2146600e+00   5.6985100e-01  -1.1379300e+06
   6.9448400e+00  -1.1225800e+00   6.0263300e+00   2.9628000e+00   5.2148800e+00   5.7010700e-01  -1.1379300e+06
   6.9446500e+00  -1.1257100e+00   6.0263000e+00   2.9623600e+00   5.2154400e+00   5.7041200e-01  -1.1379300e+06
   6.9447500e+00  -1.1233700e+00   6.0263200e+00   2.9622100e+00   5.2151500e+00   5.7019400e-01  -1.1379300e+06
   6.9448600e+00  -1.1232600e+00   6.0263700e+00   2.9619800e+00   5.2151100e+00   5.7022700e-01  -1.1379300e+06
   6.9449300e+00  -1.1223800e+00   6.0263600e+00   2.9615600e+00   5.2150000e+00   5.6969800e-01  -1.1379300e+06
   6.9450300e+00  -1.1221300e+00   6.0263200e+00   2.9616500e+00   5.2145400e+00   5.6947300e-01  -1.1379300e+06
   6.9447100e+00  -1.1206900e+00   6.0264600e+00   2.9620300e+00   5.2151600e+00   5.6977000e-01  -1.1379400e+06
   6.9446500e+00  -1.1239700e+00   6.0263300e+00   2.9616500e+00   5.2154400e+00   5.7000400e-01  -1.1379400e+06
   6.9446400e+00  -1.1243700e+00   6.0263100e+00   2.9621300e+00   5.2153100e+00   5.7006300e-01  -1.1379300e+06
   6.9448900e+00  -1.1256500e+00   6.0262900e+00   2.9622600e+00   5.2150000e+00   5.7023700e-01  -1.1379300e+06
   6.9450000e+00  -1.1249900e+00   6.0262700e+00   2.9625500e+00   5.2147700e+00   5.6978900e-01  -1.1379300e+06
   6.9450000e+00  -1.1237600e+00   6.0263800e+00   2.9625000e+00   5.2147600e+00   5.6979300e-01  -1.1379300e+06
   6.9450500e+00  -1.1245100e+00   6.0262600e+00   2.9624000e+00   5.2146800e+00   5.6988200e-01  -1.1379300e+06
   6.9450300e+00  -1.1225200e+00   6.0263000e+00   2.9629700e+00   5.2144500e+00   5.6955900e-01  -1.1379300e+06
   6.9451400e+00  -1.1224100e+00   6.0262700e+00   2.9627700e+00   5.2143900e+00   5.6963100e-01  -1.1379300e+06
   6.9452100e+00  -1.1228600e+00   6.0263100e+00   2.9625300e+00   5.2146000e+00   5.6963700e-01  -1.1379400e+06
   6.9450600e+00  -1.1247500e+00   6.0263200e+00   2.9620300e+00   5.2146800e+00   5.6959900e-01  -1.1379300e+06
   6.9447800e+00  -1.1257300e+00   6.0262700e+00   2.9618400e+00   5.2150700e+00   5.7005300e-01  -1.1379300e+06
   6.9450700e+00  -1.1260900e+00   6.0262900e+00   2.9616600e+00   5.2148300e+00   5.7021000e-01  -1.1379300e+06
   6.9447600e+00  -1.1229700e+00   6.0263700e+00   2.9621500e+00   5.2150000e+00   5.6986000e-01  -1.1379300e+06
   6.9450200e+00  -1.1237500e+00   6.0263300e+00   2.9622700e+00   5.2148000e+00   5.6997100e-01  -1.1379300e+06
   6.9448000e+00  -1.1233800e+00   6.0263100e+00   2.9623300e+00   5.2150900e+00   5.7002800e-01  -1.1379300e+06
   6.9448400e+00  -1.1236700e+00   6.0263300e+00   2.9625600e+00   5.2151100e+00   5.7012900e-01  -1.1379300e+06
   6.9450600e+00  -1.1289600e+00   6.0262500e+00   2.9620100e+00   5.2150300e+00   5.7023900e-01  -1.1379400e+06
   6.9448700e+00  -1.1251000e+00   6.0262700e+00   2.9622200e+00   5.2150500e+00   5.7011200e-01  -1.1379300e+06
   6.9447800e+00  -1.1238700e+00   6.0263500e+00   2.9620400e+00   5.2151900e+00   5.7004900e-01  -1.1379300e+06
   6.9450700e+00  -1.1235900e+00   6.0263400e+00   2.9631200e+00   5.2146000e+00   5.6975200e-01  -1.1379300e+06
   6.9452800e+00  -1.1246100e+00   6.0262700e+00   2.9626400e+00   5.2140800e+00   5.6973400e-01  -1.1379400e+06
   6.9449600e+00  -1.1242800e+00   6.0262900e+00   2.9624500e+00   5.2148400e+00   5.6982300e-01  -1.1379300e+06
   6.9449000e+00  -1.1247900e+00   6.0263200e+00   2.9625700e+00   5.2149700e+00   5.7014200e-01  -1.1379300e+06
   6.9448800e+00  -1.1245400e+00   6.0262700e+00   2.9620200e+00   5.2149700e+00   5.7019500e-01  -1.1379300e+06
   6.9448900e+00  -1.1233400e+00   6.0262700e+00   2.9629000e+00   5.2148900e+00   5.7026700e-01  -1.1379300e+06
   6.9448300e+00  -1.1273300e+00   6.0263200e+00   2.9622900e+00   5.2152900e+00   5.7059900e-01  -1.1379300e+06
   6.9446200e+00  -1.1264100e+00   6.0263000e+00   2.9615800e+00   5.2155000e+00   5.7024300e-01  -1.1379300e+06
   6.9445300e+00  -1.1261300e+00   6.0263200e+00   2.9616100e+00   5.2155100e+00   5.7059900e-01  -1.1379300e+06
   6.9447500e+00  -1.1240500e+00   6.0263700e+00   2.9622700e+00   5.2152000e+00   5.7010000e-01  -1.1379300e+06
   6.9451800e+00  -1.1234500e+00   6.0262900e+00   2.9620200e+00   5.2145000e+00   5.6953300e-01  -1.1379300e+06
   6.9451100e+00  -1.1217600e+00   6.0263600e+00   2.9623200e+00   5.2145100e+00   5.6954500e-01  -1.1379300e+06
   6.9449800e+00  -1.1225000e+00   6.0263200e+00   2.9626400e+00   5.2147100e+00   5.6982000e-01  -1.1379300e+06
   6.9452300e+00  -1.1216600e+00   6.0263300e+00   2.9621300e+00   5.2140800e+00   5.6943700e-01  -1.1379400e+06
   6.9450200e+00  -1.1224700e+00   6.0263100e+00   2.9618100e+00   5.2144700e+00   5.6941900e-01  -1.1379300e+06
   6.9447200e+00  -1.1241800e+00   6.0263200e+00   2.9617300e+00   5.2152900e+00   5.7013500e-01  -1.1379300e+06
   6.9447100e+00  -1.1242500e+00   6.0263800e+00   2.9620000e+00   5.2154000e+00   5.7028200e-01  -1.1379300e+06
   6.9448300e+00  -1.1255700e+00   6.0263300e+00   2.9623800e+00   5.2152700e+00   5.7033800e-01  -1.1379300e+06
   6.9447200e+00  -1.1265300e+00   6.0262100e+00   2.9631200e+00   5.2152800e+00   5.7063400e-01  -1.1379300e+06
   6.9448900e+00  -1.1237600e+00   6.0263000e+00   2.9628000e+00   5.2147200e+00   5.6987100e-01  -1.1379300e+06
   6.9449900e+00  -1.1250200e+00   6.0262600e+00   2.9622800e+00   5.2148600e+00   5.6979500e-01  -1.1379300e+06
   6.9451000e+00  -1.1232100e+00   6.0263300e+00   2.9623500e+00   5.2146300e+00   5.6972500e-01  -1.1379300e+06
   6.9447300e+00  -1.1243300e+00   6.0263400e+00   2.9621500e+00   5.2153800e+00   5.7024300e-01  -1.1379300e+06
   6.9449500e+00  -1.1258600e+00   6.0263200e+00   2.9615600e+00   5.2150300e+00   5.7030300e-01  -1.1379300e+06
   6.9447100e+00  -1.1285100e+00   6.0263100e+00   2.9616000e+00   5.2158000e+00   5.7082100e-01  -1.1379400e+06
   6.9448300e+00  -1.1281100e+00   6.0262900e+00   2.9613200e+00   5.2155100e+00   5.7072900e-01  -1.1379300e+06
   6.9444900e+00  -1.1250900e+00   6.0263000e+00   2.9618500e+00   5.2156600e+00   5.7046600e-01  -1.1379300e+06
   6.9446200e+00  -1.1242700e+00   6.0263700e+00   2.9615900e+00   5.2156200e+00   5.7044600e-01  -1.1379300e+06
   6.9450100e+00  -1.1239300e+00   6.0263100e+00   2.9614500e+00   5.2149100e+00   5.7004900e-01  -1.1379300e+06
   6.9446200e+00  -1.1247100e+00   6.0263500e+00   2.9612000e+00   5.2153700e+00   5.7031200e-01  -1.1379300e+06
   6.9445800e+00  -1.1281300e+00   6.0262800e+00   2.9609000e+00   5.2160100e+00   5.7093200e-01  -1.1379400e+06
   6.9443100e+00  -1.1273300e+00   6.0263500e+00   2.9609900e+00   5.2162500e+00   5.7120600e-01  -1.1379300e+06
   6.9444200e+00  -1.1262900e+00   6.0263600e+00   2.9608800e+00   5.2160200e+00   5.7102100e-01  -1.1379400e+06
   6.9445300e+00  -1.1286400e+00   6.0263200e+00   2.9609300e+00   5.2160000e+00   5.7102100e-01  -1.1379300e+06
   6.9446200e+00  -1.1268800e+00   6.0262700e+00   2.9616000e+00   5.2156600e+00   5.7091900e-01  -1.1379300e+06
   6.9443800e+00  -1.1251700e+00   6.0263500e+00   2.9618200e+00   5.2156900e+00   5.7083900e-01  -1.1379400e+06
   6.9447400e+00  -1.1248900e+00   6.0263700e+00   2.9615900e+00   5.2154200e+00   5.7014300e-01  -1.1379300e+06
   6.9446400e+00  -1.1271600e+00   6.0263300e+00   2.9614100e+00   5.2155900e+00   5.7071600e-01  -1.1379300e+06
   6.9445400e+00  -1.1303100e+00   6.0262600e+00   2.9609200e+00   5.2160300e+00   5.7137400e-01  -1.1379400e+06
   6.9445500e+00  -1.1251900e+00   6.0263000e+00   2.9611300e+00   5.2155000e+00   5.7067200e-01  -1.1379400e+06
   6.9445700e+00  -1.1239300e+00   6.0263800e+00   2.9613300e+00   5.2154700e+00   5.7053100e-01  -1.1379300e+06
   6.9447600e+00  -1.1250600e+00   6.0263500e+00   2.9610300e+00   5.2153500e+00   5.7051600e-01  -1.1379300e+06
   6.9447400e+00  -1.1262700e+00   6.0262900e+00   2.9621400e+00   5.2152900e+00   5.7025400e-01  -1.1379300e+06
   6.9450800e+00  -1.1250300e+00   6.0263100e+00   2.9622200e+00   5.2149000e+00   5.6994800e-01  -1.1379300e+06
   6.9449500e+00  -1.1280800e+00   6.0262500e+00   2.9611900e+00   5.2150700e+00   5.6999800e-01  -1.1379400e+06
   6.9446900e+00  -1.1248600e+00   6.0263400e+00   2.9615900e+00   5.2153400e+00   5.7040900e-01  -1.1379300e+06
   6.9449100e+00  -1.1246500e+00   6.0263000e+00   2.9619600e+00   5.2148500e+00   5.7010100e-01  -1.1379300e+06
   6.9451400e+00  -1.1238600e+00   6.0263300e+00   2.9619600e+00   5.2145900e+00   5.6993600e-01  -1.1379300e+06
   6.9451000e+00  -1.1249700e+00   6.0263100e+00   2.9623700e+00   5.2147200e+00   5.6973900e-01  -1.1379300e+06
   6.9447700e+00  -1.1232400e+00   6.0263400e+00   2.9622200e+00   5.2150600e+00   5.7000800e-01  -1.1379300e+06
   6.9448500e+00  -1.1221500e+00   6.0263500e+00   2.9621200e+00   5.2149500e+00   5.6976300e-01  -1.1379300e+06
   6.9448800e+00  -1.1275200e+00   6.0262600e+00   2.9623100e+00   5.2151800e+00   5.7044100e-01  -1.1379300e+06
   6.9445800e+00  -1.1293100e+00   6.0262400e+00   2.9628200e+00   5.2156700e+00   5.7122000e-01  -1.1379400e+06
   6.9448000e+00  -1.1260000e+00   6.0262700e+00   2.9625900e+00   5.2152300e+00   5.7049200e-01  -1.1379300e+06
   6.9445400e+00  -1.1274100e+00   6.0262800e+00   2.9626600e+00   5.2157900e+00   5.7090900e-01  -1.1379300e+06
   6.9446400e+00  -1.1239300e+00   6.0262700e+00   2.9625700e+00   5.2152500e+00   5.7057700e-01  -1.1379300e+06
   6.9449000e+00  -1.1260200e+00   6.0262400e+00   2.9631300e+00   5.2149700e+00   5.7002600e-01  -1.1379300e+06
   6.9450600e+00  -1.1247800e+00   6.0262800e+00   2.9624600e+00   5.2147200e+00   5.6988000e-01  -1.1379300e+06
   6.9450400e+00  -1.1236000e+00   6.0262800e+00   2.9626100e+00   5.2146700e+00   5.6988400e-01  -1.1379300e+06
   6.9451800e+00  -1.1259000e+00   6.0263100e+00   2.9620900e+00   5.2145700e+00   5.6972200e-01  -1.1379300e+06
   6.9447600e+00  -1.1243100e+00   6.0263100e+00   2.9621300e+00   5.2152100e+00   5.7025100e-01  -1.1379300e+06
   6.9447900e+00  -1.1245000e+00   6.0263100e+00   2.9620100e+00   5.2152000e+00   5.7000800e-01  -1.1379300e+06
   6.9447600e+00  -1.1237500e+00   6.0263100e+00   2.9620800e+00   5.2150100e+00   5.7014200e-01  -1.1379300e+06
   6.9450100e+00  -1.1256900e+00   6.0262900e+00   2.9621600e+00   5.2148600e+00   5.7014400e-01  -1.1379300e+06
   6.9448000e+00  -1.1242600e+00   6.0263400e+00   2.9621400e+00   5.2151000e+00   5.7020400e-01  -1.1379300e+06
   6.9447600e+00  -1.1250700e+00   6.0263100e+00   2.9622500e+00   5.2154300e+00   5.7032200e-01  -1.1379300e+06
   6.9446800e+00  -1.1248800e+00   6.0263500e+00   2.9625600e+00   5.2153500e+00   5.7070900e-01  -1.1379300e+06
   6.9448800e+00  -1.1255300e+00   6.0262500e+00   2.9624400e+00   5.2150100e+00   5.7025200e-01  -1.1379300e+06
   6.9450300e+00  -1.1268600e+00   6.0262500e+00   2.9627300e+00   5.2147600e+00   5.7020700e-01  -1.1379300e+06
   6.9447400e+00  -1.1242300e+00   6.0262800e+00   2.9625700e+00   5.2151000e+00   5.7013500e-01  -1.1379300e+06
   6.9445800e+00  -1.1254400e+00   6.0263100e+00   2.9625300e+00   5.2154900e+00   5.7051700e-01  -1.1379300e+06
   6.9444200e+00  -1.1246700e+00   6.0262600e+00   2.9623900e+00   5.2157500e+00   5.7092800e-01  -1.1379400e+06
   6.9447400e+00  -1.1264600e+00   6.0262900e+00   2.9623200e+00   5.2152000e+00   5.7061000e-01  -1.1379300e+06
   6.9445900e+00  -1.1282000e+00   6.0262800e+00   2.9621900e+00   5.2156500e+00   5.7091600e-01  -1.1379300e+06
   6.9445200e+00  -1.1260800e+00   6.0262800e+00   2.9624400e+00   5.2156700e+00   5.7084700e-01  -1.1379300e+06
   6.9445600e+00  -1.1271100e+00   6.0262600e+00   2.9622300e+00   5.2155800e+00   5.7060200e-01  -1.1379300e+06
   6.9445200e+00  -1.1250600e+00   6.0263400e+00   2.9621800e+00   5.2156000e+00   5.7061600e-01  -1.1379300e+06
   6.9448700e+00  -1.1244900e+00   6.0263000e+00   2.9621400e+00   5.2151900e+00   5.6989900e-01  -1.1379300e+06
   6.9449800e+00  -1.1236800e+00   6.0262900e+00   2.9617200e+00   5.2147000e+00   5.6964700e-01  -1.1379300e+06
   6.9451000e+00  -1.1218300e+00   6.0263900e+00   2.9614500e+00   5.2146500e+00   5.6952300e-01  -1.1379300e+06
   6.9448100e+00  -1.1215300e+00   6.0263700e+00   2.9615100e+00   5.2149900e+00   5.6984100e-01  -1.1379300e+06
   6.9446700e+00  -1.1213200e+00   6.0264300e+00   2.9612100e+00   5.2151800e+00   5.7008100e-01  -1.1379400e+06
   6.9449000e+00  -1.1257700e+00   6.0263100e+00   2.9617700e+00   5.2148500e+00   5.7012500e-01  -1.1379300e+06
   6.9445700e+00  -1.1227200e+00   6.0263300e+00   2.9617700e+00   5.2154300e+00   5.7021600e-01  -1.1379300e+06
   6.9447000e+00  -1.1258200e+00   6.0262600e+00   2.9616600e+00   5.2152000e+00   5.7024700e-01  -1.1379300e+06
   6.9447400e+00  -1.1234800e+00   6.0263700e+00   2.9625700e+00   5.2152000e+00   5.7027500e-01  -1.1379300e+06
   6.9449600e+00  -1.1264000e+00   6.0262800e+00   2.9623900e+00   5.2151100e+00   5.7042600e-01  -1.1379300e+06
   6.9447100e+00  -1.1241500e+00   6.0263600e+00   2.9616100e+00   5.2152000e+00   5.7020600e-01  -1.1379300e+06
   6.9448900e+00  -1.1231000e+00   6.0263700e+00   2.9616300e+00   5.2151600e+00   5.7012900e-01  -1.1379400e+06
   6.9450400e+00  -1.1239100e+00   6.0263400e+00   2.9617400e+00   5.2145700e+00   5.6973100e-01  -1.1379300e+06
   6.9449700e+00  -1.1257800e+00   6.0263000e+00   2.9621600e+00   5.2147600e+00   5.6987800e-01  -1.1379300e+06
   6.9450300e+00  -1.1211400e+00   6.0263100e+00   2.9627100e+00   5.2142900e+00   5.6943100e-01  -1.1379300e+06
   6.9453500e+00  -1.1229800e+00   6.0262900e+00   2.9630600e+00   5.2142000e+00   5.6923600e-01  -1.1379300e+06
   6.9451400e+00  -1.1219000e+00   6.0263800e+00   2.9629200e+00   5.2146800e+00   5.6949100e-01  -1.1379400e+06
   6.9452800e+00  -1.1230800e+00   6.0263100e+00   2.9625200e+00   5.2144600e+00   5.6958500e-01  -1.1379400e+06
   6.9452500e+00  -1.1237700e+00   6.0263400e+00   2.9616500e+00   5.2145300e+00   5.6943600e-01  -1.1379300e+06
   6.9450700e+00  -1.1237200e+00   6.0263300e+00   2.9615300e+00   5.2145600e+00   5.6929900e-01  -1.1379300e+06
   6.9451400e+00  -1.1261100e+00   6.0263500e+00   2.9617700e+00   5.2148300e+00   5.6964100e-01  -1.1379400e+06
   6.9450300e+00  -1.1249000e+00   6.0262900e+00   2.9612300e+00   5.2147700e+00   5.6951400e-01  -1.1379400e+06
   6.9449700e+00  -1.1190900e+00   6.0264600e+00   2.9615500e+00   5.2144600e+00   5.6907900e-01  -1.1379400e+06
   6.9452000e+00  -1.1218700e+00   6.0263600e+00   2.9616300e+00   5.2142600e+00   5.6913300e-01  -1.1379300e+06
   6.9450000e+00  -1.1222400e+00   6.0263700e+00   2.9618000e+00   5.2146600e+00   5.6967000e-01  -1.1379300e+06
   6.9449600e+00  -1.1235000e+00   6.0263000e+00   2.9620600e+00   5.2146600e+00   5.6968000e-01  -1.1379300e+06
   6.9451300e+00  -1.1225700e+00   6.0263300e+00   2.9621200e+00   5.2145700e+00   5.6968800e-01  -1.1379300e+06
   6.9451800e+00  -1.1230400e+00   6.0263400e+00   2.9625600e+00   5.2143900e+00   5.6948400e-01  -1.1379300e+06
   6.9450800e+00  -1.1224000e+00   6.0264100e+00   2.9618600e+00   5.2144100e+00   5.6937400e-01  -1.1379400e+06
   6.9452100e+00  -1.1244100e+00   6.0262900e+00   2.9618300e+00   5.2143000e+00   5.6914900e-01  -1.1379400e+06
   6.9449800e+00  -1.1227100e+00   6.0263600e+00   2.9623000e+00   5.2146500e+00   5.6926200e-01  -1.1379300e+06
   6.9450500e+00  -1.1225700e+00   6.0263200e+00   2.9626100e+00   5.2144900e+00   5.6945900e-01  -1.1379300e+06
   6.9448700e+00  -1.1228400e+00   6.0262400e+00   2.9634700e+00   5.2146700e+00   5.6977900e-01  -1.1379400e+06
   6.9448500e+00  -1.1228800e+00   6.0262800e+00   2.9633400e+00   5.2147300e+00   5.6991700e-01  -1.1379300e+06
   6.9451100e+00  -1.1237900e+00   6.0262300e+00   2.9630500e+00   5.2144600e+00   5.6958000e-01  -1.1379300e+06
   6.9451900e+00  -1.1238600e+00   6.0263500e+00   2.9622800e+00   5.2144900e+00   5.6940900e-01  -1.1379300e+06
   6.9451100e+00  -1.1220600e+00   6.0263200e+00   2.9623000e+00   5.2142100e+00   5.6940800e-01  -1.1379400e+06
   6.9451500e+00  -1.1226300e+00   6.0263200e+00   2.9622500e+00   5.2143600e+00   5.6957600e-01  -1.1379300e+06
   6.9449500e+00  -1.1230700e+00   6.0262800e+00   2.9625800e+00   5.2146800e+00   5.6984200e-01  -1.1379300e+06
   6.9450100e+00  -1.1246100e+00   6.0263400e+00   2.9618400e+00   5.2148700e+00   5.6965200e-01  -1.1379300e+06
   6.9451500e+00  -1.1240700e+00   6.0263000e+00   2.9621000e+00   5.2146200e+00   5.6937900e-01  -1.1379300e+06
   6.9452100e+00  -1.1226100e+00   6.0262500e+00   2.9618700e+00   5.2142700e+00   5.6907900e-01  -1.1379400e+06
   6.9451200e+00  -1.1220400e+00   6.0263600e+00   2.9619200e+00   5.2144700e+00   5.6944400e-01  -1.1379300e+06
   6.9452100e+00  -1.1218700e+00   6.0263300e+00   2.9623300e+00   5.2143600e+00   5.6930300e-01  -1.1379300e+06
   6.9450900e+00  -1.1215800e+00   6.0263700e+00   2.9626200e+00   5.2145200e+00   5.6930800e-01  -1.1379300e+06
   6.9450400e+00  -1.1203100e+00   6.0263800e+00   2.9623500e+00   5.2144800e+00   5.6945000e-01  -1.1379300e+06
   6.9451500e+00  -1.1241200e+00   6.0263200e+00   2.9629200e+00   5.2146400e+00   5.6953700e-01  -1.1379300e+06
   6.9451900e+00  -1.1225300e+00   6.0263100e+00   2.9631000e+00   5.2142300e+00   5.6937500e-01  -1.1379300e+06
   6.9451300e+00  -1.1231900e+00   6.0262600e+00   2.9631400e+00   5.2144800e+00   5.6973500e-01  -1.1379300e+06
   6.9448400e+00  -1.1230000e+00   6.0263100e+00   2.9625000e+00   5.2149400e+00   5.6997700e-01  -1.1379300e+06
   6.9449900e+00  -1.1239700e+00   6.0263500e+00   2.9625800e+00   5.2149200e+00   5.7003300e-01  -1.1379300e+06
   6.9450100e+00  -1.1256600e+00   6.0263000e+00   2.9622200e+00   5.2148800e+00   5.6990800e-01  -1.1379300e+06
   6.9446800e+00  -1.1231800e+00   6.0264000e+00   2.9622500e+00   5.2151800e+00   5.7006800e-01  -1.1379400e+06
   6.9447800e+00  -1.1246100e+00   6.0263000e+00   2.9624000e+00   5.2151100e+00   5.7020900e-01  -1.1379300e+06
   6.9449000e+00  -1.1256700e+00   6.0263000e+00   2.9625500e+00   5.2150300e+00   5.7016400e-01  -1.1379300e+06
   6.9448100e+00  -1.1245900e+00   6.0262900e+00   2.9620900e+00   5.2151600e+00   5.7034700e-01  -1.1379300e+06
   6.9449400e+00  -1.1240600e+00   6.0263400e+00   2.9620000e+00   5.2149300e+00   5.7029900e-01  -1.1379300e+06
   6.9446200e+00  -1.1241100e+00   6.0263800e+00   2.9615300e+00   5.2154300e+00   5.7025500e-01  -1.1379300e+06
   6.9445200e+00  -1.1229300e+00   6.0263300e+00   2.9621400e+00   5.2153300e+00   5.7030500e-01  -1.1379300e+06
   6.9447200e+00  -1.1252400e+00   6.0263700e+00   2.9617400e+00   5.2152800e+00   5.7039500e-01  -1.1379300e+06
   6.9446300e+00  -1.1243900e+00   6.0263300e+00   2.9620200e+00   5.2153900e+00   5.7028600e-01  -1.1379300e+06
   6.9447500e+00  -1.1243700e+00   6.0263200e+00   2.9617700e+00   5.2151100e+00   5.7030100e-01  -1.1379300e+06
   6.9447500e+00  -1.1255800e+00   6.0262800e+00   2.9616000e+00   5.2154000e+00   5.7039200e-01  -1.1379300e+06
   6.9447200e+00  -1.1266600e+00   6.0262900e+00   2.9618500e+00   5.2151800e+00   5.7024800e-01  -1.1379300e+06
   6.9448600e+00  -1.1261500e+00   6.0263200e+00   2.9617500e+00   5.2151900e+00   5.7027200e-01  -1.1379300e+06
   6.9448800e+00  -1.1247000e+00   6.0263700e+00   2.9613500e+00   5.2152300e+00   5.7021400e-01  -1.1379300e+06
   6.9448200e+00  -1.1246500e+00   6.0263300e+00   2.9613300e+00   5.2150500e+00   5.7006900e-01  -1.1379300e+06
   6.9447700e+00  -1.1231300e+00   6.0263800e+00   2.9612000e+00   5.2153200e+00   5.7002300e-01  -1.1379400e+06
   6.9447400e+00  -1.1245600e+00   6.0263100e+00   2.9612700e+00   5.2151900e+00   5.7008700e-01  -1.1379300e+06
   6.9448700e+00  -1.1223200e+00   6.0264100e+00   2.9618200e+00   5.2149800e+00   5.7001600e-01  -1.1379300e+06
   6.9447900e+00  -1.1240500e+00   6.0263500e+00   2.9616000e+00   5.2152900e+00   5.7015500e-01  -1.1379300e+06
   6.9446300e+00  -1.1235900e+00   6.0264000e+00   2.9615500e+00   5.2155500e+00   5.7020900e-01  -1.1379400e+06
   6.9449400e+00  -1.1247500e+00   6.0263100e+00   2.9619900e+00   5.2151000e+00   5.6999400e-01  -1.1379300e+06
   6.9449200e+00  -1.1252500e+00   6.0262900e+00   2.9617200e+00   5.2148800e+00   5.7001800e-01  -1.1379300e+06
   6.9447100e+00  -1.1233100e+00   6.0263300e+00   2.9620000e+00   5.2151000e+00   5.6999000e-01  -1.1379300e+06
   6.9449900e+00  -1.1240100e+00   6.0263400e+00   2.9617000e+00   5.2147100e+00   5.6985500e-01  -1.1379300e+06
   6.9452300e+00  -1.1210200e+00   6.0263800e+00   2.9617800e+00   5.2144000e+00   5.6934300e-01  -1.1379300e+06
   6.9450000e+00  -1.1253300e+00   6.0263000e+00   2.9614300e+00   5.2147600e+00   5.6971600e-01  -1.1379300e+06
   6.9451400e+00  -1.1254600e+00   6.0263100e+00   2.9625000e+00   5.2146800e+00   5.6977200e-01  -1.1379300e+06
   6.9448800e+00  -1.1236100e+00   6.0263100e+00   2.9621800e+00   5.2148500e+00   5.7005300e-01  -1.1379300e+06
   6.9451000e+00  -1.1243600e+00   6.0262700e+00   2.9622200e+00   5.2144400e+00   5.6993300e-01  -1.1379400e+06
   6.9450300e+00  -1.1251800e+00   6.0263200e+00   2.9622800e+00   5.2145700e+00   5.6987300e-01  -1.1379400e+06
   6.9449100e+00  -1.1250900e+00   6.0263200e+00   2.9616300e+00   5.2149800e+00   5.7014000e-01  -1.1379300e+06
   6.9449100e+00  -1.1217400e+00   6.0263400e+00   2.9620000e+00   5.2148000e+00   5.6981100e-01  -1.1379300e+06
   6.9451200e+00  -1.1244100e+00   6.0262900e+00   2.9623700e+00   5.2146100e+00   5.6973100e-01  -1.1379300e+06
   6.9451000e+00  -1.1242300e+00   6.0263100e+00   2.9624400e+00   5.2145500e+00   5.6975100e-01  -1.1379300e+06
   6.9450000e+00  -1.1267100e+00   6.0262900e+00   2.9620700e+00   5.2151200e+00   5.7017700e-01  -1.1379300e+06
   6.9449800e+00  -1.1275700e+00   6.0263000e+00   2.9621000e+00   5.2150300e+00   5.7019100e-01  -1.1379300e+06
   6.9444900e+00  -1.1240800e+00   6.0263100e+00   2.9626600e+00   5.2155100e+00   5.7048400e-01  -1.1379300e+06
   6.9447400e+00  -1.1255900e+00   6.0262900e+00   2.9626900e+00   5.2154400e+00   5.7071300e-01  -1.1379300e+06
   6.9446800e+00  -1.1261800e+00   6.0262800e+00   2.9627900e+00   5.2154200e+00   5.7066600e-01  -1.1379300e+06
   6.9446600e+00  -1.1286000e+00   6.0262500e+00   2.9624200e+00   5.2154700e+00   5.7077400e-01  -1.1379300e+06
   6.9448700e+00  -1.1290600e+00   6.0262300e+00   2.9619700e+00   5.2153400e+00   5.7054300e-01  -1.1379300e+06
   6.9449100e+00  -1.1249900e+00   6.0262900e+00   2.9621500e+00   5.2149000e+00   5.7023400e-01  -1.1379300e+06
   6.9449400e+00  -1.1247200e+00   6.0262900e+00   2.9625800e+00   5.2148900e+00   5.7010800e-01  -1.1379300e+06
   6.9447000e+00  -1.1225500e+00   6.0263000e+00   2.9626700e+00   5.2150500e+00   5.6990200e-01  -1.1379300e+06
   6.9449500e+00  -1.1224200e+00   6.0263300e+00   2.9626100e+00   5.2147200e+00   5.6950700e-01  -1.1379300e+06
   6.9450000e+00  -1.1231300e+00   6.0263400e+00   2.9627100e+00   5.2147600e+00   5.6983300e-01  -1.1379300e+06
   6.9449700e+00  -1.1234000e+00   6.0263300e+00   2.9623900e+00   5.2146300e+00   5.7000000e-01  -1.1379300e+06
   6.9447100e+00  -1.1239600e+00   6.0263300e+00   2.9628500e+00   5.2151900e+00   5.7036600e-01  -1.1379300e+06
   6.9449200e+00  -1.1248500e+00   6.0262300e+00   2.9625400e+00   5.2148300e+00   5.7003100e-01  -1.1379300e+06
   6.9448000e+00  -1.1273600e+00   6.0262700e+00   2.9624000e+00   5.2151100e+00   5.7034200e-01  -1.1379300e+06
   6.9447300e+00  -1.1255700e+00   6.0263400e+00   2.9625400e+00   5.2153400e+00   5.7071200e-01  -1.1379300e+06
   6.9446400e+00  -1.1280800e+00   6.0262900e+00   2.9624800e+00   5.2155100e+00   5.7069200e-01  -1.1379300e+06
   6.9448900e+00  -1.1238400e+00   6.0263300e+00   2.9623000e+00   5.2149300e+00   5.7036600e-01  -1.1379300e+06
   6.9448900e+00  -1.1240000e+00   6.0263200e+00   2.9623200e+00   5.2150200e+00   5.6998200e-01  -1.1379300e+06
   6.9451900e+00  -1.1253900e+00   6.0262800e+00   2.9624100e+00   5.2145600e+00   5.6982300e-01  -1.1379300e+06
   6.9449800e+00  -1.1247300e+00   6.0262500e+00   2.9617000e+00   5.2148200e+00   5.6985300e-01  -1.1379300e+06
   6.9449900e+00  -1.1241500e+00   6.0263200e+00   2.9617700e+00   5.2148000e+00   5.7002000e-01  -1.1379300e+06
   6.9447000e+00  -1.1267100e+00   6.0263400e+00   2.9622000e+00   5.2154100e+00   5.7056300e-01  -1.1379300e+06
   6.9447600e+00  -1.1260300e+00   6.0262800e+00   2.9622100e+00   5.2152600e+00   5.7035800e-01  -1.1379300e+06
   6.9447100e+00  -1.1248700e+00   6.0262600e+00   2.9623600e+00   5.2151900e+00   5.7060200e-01  -1.1379300e+06
   6.9446700e+00  -1.1246800e+00   6.0263300e+00   2.9619600e+00   5.2152900e+00   5.7059800e-01  -1.1379300e+06
   6.9450500e+00  -1.1243500e+00   6.0263600e+00   2.9617500e+00   5.2149800e+00   5.6994800e-01  -1.1379300e+06
   6.9447300e+00  -1.1254700e+00   6.0263000e+00   2.9616500e+00   5.2152100e+00   5.7027100e-01  -1.1379300e+06
   6.9447200e+00  -1.1255500e+00   6.0263200e+00   2.9615700e+00   5.2151700e+00   5.7033700e-01  -1.1379300e+06
   6.9446600e+00  -1.1266300e+00   6.0263100e+00   2.9618200e+00   5.2153600e+00   5.7032700e-01  -1.1379300e+06
   6.9447900e+00  -1.1240800e+00   6.0262900e+00   2.9623700e+00   5.2149600e+00   5.7008900e-01  -1.1379300e+06
   6.9449000e+00  -1.1263600e+00   6.0262600e+00   2.9617000e+00   5.2151500e+00   5.7049000e-01  -1.1379300e+06
   6.9447500e+00  -1.1249900e+00   6.0263100e+00   2.9614700e+00   5.2152300e+00   5.7070900e-01  -1.1379400e+06
   6.9447000e+00  -1.1240300e+00   6.0263300e+00   2.9619000e+00   5.2153400e+00   5.7021800e-01  -1.1379300e+06
   6.9446700e+00  -1.1262000e+00   6.0262900e+00   2.9620900e+00   5.2154100e+00   5.7037200e-01  -1.1379300e+06
   6.9446200e+00  -1.1253300e+00   6.0262900e+00   2.9616600e+00   5.2153900e+00   5.7035300e-01  -1.1379300e+06
   6.9448300e+00  -1.1226300e+00   6.0263500e+00   2.9620200e+00   5.2150400e+00   5.7004800e-01  -1.1379300e+06
   6.9449300e+00  -1.1244900e+00   6.0263200e+00   2.9621900e+00   5.2149600e+00   5.7024800e-01  -1.1379300e+06
   6.9449000e+00  -1.1268400e+00   6.0262500e+00   2.9620200e+00   5.2152100e+00   5.7036000e-01  -1.1379300e+06
   6.9445900e+00  -1.1254200e+00   6.0263300e+00   2.9624800e+00   5.2155500e+00   5.7051500e-01  -1.1379300e+06
   6.9445900e+00  -1.1270900e+00   6.0263100e+00   2.9621100e+00   5.2158100e+00   5.7065500e-01  -1.1379300e+06
   6.9449100e+00  -1.1248400e+00   6.0262800e+00   2.9626500e+00   5.2150300e+00   5.7008400e-01  -1.1379300e+06
   6.9447700e+00  -1.1237100e+00   6.0263300e+00   2.9625500e+00   5.2150800e+00   5.6991900e-01  -1.1379300e+06
   6.9451100e+00  -1.1240400e+00   6.0262900e+00   2.9633000e+00   5.2146100e+00   5.6970400e-01  -1.1379300e+06
   6.9449600e+00  -1.1241800e+00   6.0262900e+00   2.9628700e+00   5.2148200e+00   5.6994500e-01  -1.1379300e+06
   6.9449600e+00  -1.1258500e+00   6.0262600e+00   2.9626200e+00   5.2148200e+00   5.7006000e-01  -1.1379300e+06
   6.9449000e+00  -1.1249500e+00   6.0263400e+00   2.9620000e+00   5.2150100e+00   5.7004100e-01  -1.1379300e+06
   6.9449900e+00  -1.1245600e+00   6.0263700e+00   2.9619300e+00   5.2149700e+00   5.6996400e-01  -1.1379300e+06
   6.9448600e+00  -1.1229200e+00   6.0263000e+00   2.9620900e+00   5.2147800e+00   5.7001300e-01  -1.1379300e+06
   6.9450000e+00  -1.1214200e+00   6.0263600e+00   2.9619200e+00   5.2145000e+00   5.6927700e-01  -1.1379300e+06
   6.9453700e+00  -1.1227400e+00   6.0263300e+00   2.9618400e+00   5.2140800e+00   5.6908700e-01  -1.1379300e+06
   6.9452000e+00  -1.1217300e+00   6.0264200e+00   2.9618300e+00   5.2142800e+00   5.6911100e-01  -1.1379400e+06
   6.9452600e+00  -1.1204600e+00   6.0263700e+00   2.9616800e+00   5.2140500e+00   5.6901200e-01  -1.1379300e+06
   6.9453500e+00  -1.1198900e+00   6.0263700e+00   2.9618400e+00   5.2140000e+00   5.6881900e-01  -1.1379300e+06
   6.9452100e+00  -1.1183100e+00   6.0264200e+00   2.9621100e+00   5.2141700e+00   5.6892000e-01  -1.1379300e+06
   6.9448900e+00  -1.1221900e+00   6.0263400e+00   2.9618200e+00   5.2147500e+00   5.6985800e-01  -1.1379300e+06
   6.9449800e+00  -1.1248900e+00   6.0262900e+00   2.9614200e+00   5.2148700e+00   5.7003000e-01  -1.1379300e+06
   6.9447900e+00  -1.1229100e+00   6.0263800e+00   2.9610200e+00   5.2151100e+00   5.7002400e-01  -1.1379300e+06
