   6.9451800e+00  -1.1215400e+00   6.0263500e+00   2.9625900e+00   5.2144200e+00   5.6966700e-01  -5.0574800e+05
   6.9445100e+00  -1.1213700e+00   6.0263300e+00   2.9625900e+00   5.2156700e+00   5.7056500e-01  -5.0575400e+05
   6.9452000e+00  -1.1212500e+00   6.0263700e+00   2.9629000e+00   5.2144000e+00   5.6939600e-01  -5.0574800e+05
   6.9452700e+00  -1.1214100e+00   6.0263500e+00   2.9629400e+00   5.2143100e+00   5.6923700e-01  -5.0574800e+05
   6.9451900e+00  -1.1217100e+00   6.0263400e+00   2.9622000e+00   5.2143500e+00   5.6883100e-01  -5.0574900e+05
   6.9455800e+00  -1.1217700e+00   6.0263900e+00   2.9625500e+00   5.2136600e+00   5.6865500e-01  -5.0575000e+05
   6.9449400e+00  -1.1216800e+00   6.0263400e+00   2.9622100e+00   5.2146000e+00   5.6956100e-01  -5.0574800e+05
   6.9450700e+00  -1.1214000e+00   6.0263900e+00   2.9620900e+00   5.2143700e+00   5.6916100e-01  -5.0574900e+05
   6.9449100e+00  -1.1215100e+00   6.0263100e+00   2.9620400e+00   5.2147600e+00   5.6980700e-01  -5.0574900e+05
   6.9451000e+00  -1.1216700e+00   6.0264200e+00   2.9621500e+00   5.2143200e+00   5.6936100e-01  -5.0575000e+05
   6.9448400e+00  -1.1210200e+00   6.0263400e+00   2.9619100e+00   5.2150500e+00   5.6961400e-01  -5.0575100e+05
   6.9452400e+00  -1.1210900e+00   6.0263500e+00   2.9617300e+00   5.2143200e+00   5.6919500e-01  -5.0574800e+05
   6.9448800e+00  -1.1207200e+00   6.0264700e+00   2.9615700e+00   5.2150700e+00   5.6981200e-01  -5.0575100e+05
   6.9452700e+00  -1.1207300e+00   6.0264600e+00   2.9614600e+00   5.2140600e+00   5.6947700e-01  -5.0575500e+05
   6.9454800e+00  -1.1206900e+00   6.0264000e+00   2.9619800e+00   5.2136900e+00   5.6856800e-01  -5.0574900e+05
   6.9449100e+00  -1.1206700e+00   6.0264100e+00   2.9617400e+00   5.2143400e+00   5.6943000e-01  -5.0575300e+05
   6.9450200e+00  -1.1204400e+00   6.0264000e+00   2.9619700e+00   5.2145900e+00   5.6933700e-01  -5.0574800e+05
   6.9448300e+00  -1.1203600e+00   6.0264300e+00   2.9616000e+00   5.2149600e+00   5.6952700e-01  -5.0574900e+05
   6.9452800e+00  -1.1204200e+00   6.0264200e+00   2.9615000e+00   5.2141200e+00   5.6878300e-01  -5.0574900e+05
   6.9449200e+00  -1.1208100e+00   6.0264100e+00   2.9619200e+00   5.2145900e+00   5.6946600e-01  -5.0574900e+05
   6.9449800e+00  -1.1209800e+00   6.0263600e+00   2.9618800e+00   5.2146000e+00   5.6965300e-01  -5.0574800e+05
   6.9451200e+00  -1.1211800e+00   6.0263800e+00   2.9618200e+00   5.2145400e+00   5.6925800e-01  -5.0574800e+05
   6.9453200e+00  -1.1214400e+00   6.0263500e+00   2.9622600e+00   5.2143700e+00   5.6929900e-01  -5.0575000e+05
   6.9452900e+00  -1.1210700e+00   6.0263700e+00   2.9619700e+00   5.2139000e+00   5.6892600e-01  -5.0574900e+05
   6.9448300e+00  -1.1210800e+00   6.0263900e+00   2.9619400e+00   5.2146800e+00   5.6975600e-01  -5.0574900e+05
   6.9450400e+00  -1.1209800e+00   6.0263000e+00   2.9621000e+00   5.2145200e+00   5.6963900e-01  -5.0574900e+05
   6.9446900e+00  -1.1209300e+00   6.0264500e+00   2.9621100e+00   5.2152700e+00   5.7018100e-01  -5.0575100e+05
   6.9449700e+00  -1.1210700e+00   6.0263900e+00   2.9617400e+00   5.2145900e+00   5.6970700e-01  -5.0574900e+05
   6.9445700e+00  -1.1213600e+00   6.0263200e+00   2.9616900e+00   5.2153100e+00   5.7050500e-01  -5.0575100e+05
   6.9448300e+00  -1.1213700e+00   6.0263600e+00   2.9620400e+00   5.2146700e+00   5.6979700e-01  -5.0574900e+05
   6.9452400e+00  -1.1214100e+00   6.0263600e+00   2.9620400e+00   5.2142600e+00   5.6931900e-01  -5.0574800e+05
   6.9449700e+00  -1.1212500e+00   6.0263700e+00   2.9618000e+00   5.2147900e+00   5.6976300e-01  -5.0574800e+05
   6.9453400e+00  -1.1209400e+00   6.0264200e+00   2.9618700e+00   5.2140500e+00   5.6904300e-01  -5.0574900e+05
   6.9444600e+00  -1.1208200e+00   6.0263500e+00   2.9619100e+00   5.2153400e+00   5.7027200e-01  -5.0575100e+05
   6.9447300e+00  -1.1208300e+00   6.0263800e+00   2.9617500e+00   5.2151100e+00   5.7001200e-01  -5.0574900e+05
   6.9447100e+00  -1.1208100e+00   6.0264600e+00   2.9615700e+00   5.2150700e+00   5.6975400e-01  -5.0575000e+05
   6.9454400e+00  -1.1209300e+00   6.0264300e+00   2.9619700e+00   5.2142600e+00   5.6938000e-01  -5.0575300e+05
   6.9453500e+00  -1.1208600e+00   6.0264300e+00   2.9616500e+00   5.2141400e+00   5.6896300e-01  -5.0574900e+05
   6.9453700e+00  -1.1208100e+00   6.0264300e+00   2.9615600e+00   5.2139200e+00   5.6853600e-01  -5.0575000e+05
   6.9451700e+00  -1.1206900e+00   6.0264100e+00   2.9614900e+00   5.2146200e+00   5.6930800e-01  -5.0575000e+05
   6.9456200e+00  -1.1205500e+00   6.0263800e+00   2.9613500e+00   5.2137400e+00   5.6823800e-01  -5.0575100e+05
   6.9455600e+00  -1.1207500e+00   6.0264200e+00   2.9610900e+00   5.2135600e+00   5.6833100e-01  -5.0575200e+05
   6.9453000e+00  -1.1204000e+00   6.0264500e+00   2.9615400e+00   5.2140000e+00   5.6877300e-01  -5.0575000e+05
   6.9453800e+00  -1.1200500e+00   6.0263200e+00   2.9623000e+00   5.2139400e+00   5.6891900e-01  -5.0574900e+05
   6.9447800e+00  -1.1200500e+00   6.0263900e+00   2.9625100e+00   5.2148800e+00   5.6980800e-01  -5.0574900e+05
   6.9452500e+00  -1.1204900e+00   6.0263500e+00   2.9627600e+00   5.2142100e+00   5.6932500e-01  -5.0574800e+05
   6.9450100e+00  -1.1204700e+00   6.0263700e+00   2.9627900e+00   5.2143100e+00   5.6940700e-01  -5.0574900e+05
   6.9455600e+00  -1.1203500e+00   6.0264100e+00   2.9627200e+00   5.2138300e+00   5.6889400e-01  -5.0575000e+05
   6.9450800e+00  -1.1206300e+00   6.0263400e+00   2.9623400e+00   5.2142200e+00   5.6892600e-01  -5.0574900e+05
   6.9449000e+00  -1.1207600e+00   6.0263700e+00   2.9615200e+00   5.2144500e+00   5.6889900e-01  -5.0575300e+05
   6.9447900e+00  -1.1210000e+00   6.0264100e+00   2.9621900e+00   5.2150600e+00   5.6948400e-01  -5.0575000e+05
   6.9452300e+00  -1.1205700e+00   6.0264700e+00   2.9616200e+00   5.2143900e+00   5.6926600e-01  -5.0575100e+05
   6.9447500e+00  -1.1200800e+00   6.0263800e+00   2.9613800e+00   5.2148200e+00   5.6937000e-01  -5.0575100e+05
   6.9449400e+00  -1.1200100e+00   6.0263800e+00   2.9617400e+00   5.2147500e+00   5.6948200e-01  -5.0574900e+05
   6.9450600e+00  -1.1200300e+00   6.0263200e+00   2.9616100e+00   5.2141800e+00   5.6905400e-01  -5.0575100e+05
   6.9451900e+00  -1.1198800e+00   6.0264400e+00   2.9619100e+00   5.2143800e+00   5.6932000e-01  -5.0575000e+05
   6.9451100e+00  -1.1203200e+00   6.0262900e+00   2.9620600e+00   5.2140000e+00   5.6936800e-01  -5.0575300e+05
   6.9453400e+00  -1.1202100e+00   6.0263900e+00   2.9622000e+00   5.2140000e+00   5.6872900e-01  -5.0574800e+05
   6.9453700e+00  -1.1202600e+00   6.0263600e+00   2.9625600e+00   5.2140700e+00   5.6899200e-01  -5.0574800e+05
   6.9455900e+00  -1.1206900e+00   6.0264000e+00   2.9619900e+00   5.2136600e+00   5.6866200e-01  -5.0574900e+05
   6.9448700e+00  -1.1209600e+00   6.0263600e+00   2.9620800e+00   5.2150100e+00   5.6964100e-01  -5.0575000e+05
   6.9453300e+00  -1.1207000e+00   6.0263600e+00   2.9616300e+00   5.2139200e+00   5.6880900e-01  -5.0574900e+05
   6.9451300e+00  -1.1207700e+00   6.0264300e+00   2.9625200e+00   5.2145500e+00   5.6942200e-01  -5.0574900e+05
   6.9454300e+00  -1.1210600e+00   6.0262900e+00   2.9631700e+00   5.2134600e+00   5.6848300e-01  -5.0575200e+05
   6.9453400e+00  -1.1209300e+00   6.0263100e+00   2.9634300e+00   5.2138500e+00   5.6915000e-01  -5.0574900e+05
   6.9450200e+00  -1.1207200e+00   6.0263400e+00   2.9635300e+00   5.2144000e+00   5.6956000e-01  -5.0574900e+05
   6.9454100e+00  -1.1208400e+00   6.0262600e+00   2.9638500e+00   5.2138500e+00   5.6920100e-01  -5.0575000e+05
   6.9447200e+00  -1.1208200e+00   6.0262400e+00   2.9636200e+00   5.2150200e+00   5.7059100e-01  -5.0575500e+05
   6.9448800e+00  -1.1205700e+00   6.0263300e+00   2.9637800e+00   5.2144000e+00   5.6986600e-01  -5.0575200e+05
   6.9450700e+00  -1.1208200e+00   6.0263000e+00   2.9644200e+00   5.2141700e+00   5.6957900e-01  -5.0575100e+05
   6.9458800e+00  -1.1208100e+00   6.0263800e+00   2.9645000e+00   5.2130000e+00   5.6833300e-01  -5.0575600e+05
   6.9451000e+00  -1.1209700e+00   6.0263000e+00   2.9641600e+00   5.2141600e+00   5.6964700e-01  -5.0575100e+05
   6.9454400e+00  -1.1207200e+00   6.0263000e+00   2.9637200e+00   5.2138100e+00   5.6873200e-01  -5.0574900e+05
   6.9449800e+00  -1.1210600e+00   6.0262600e+00   2.9630700e+00   5.2142400e+00   5.6998200e-01  -5.0575300e+05
   6.9452600e+00  -1.1207700e+00   6.0263600e+00   2.9626400e+00   5.2142200e+00   5.6887200e-01  -5.0574800e+05
   6.9452500e+00  -1.1206800e+00   6.0263600e+00   2.9630100e+00   5.2141100e+00   5.6909400e-01  -5.0574800e+05
   6.9451900e+00  -1.1208900e+00   6.0262900e+00   2.9633800e+00   5.2143600e+00   5.6958200e-01  -5.0575000e+05
   6.9452500e+00  -1.1206900e+00   6.0263000e+00   2.9639700e+00   5.2139200e+00   5.6929900e-01  -5.0575000e+05
   6.9448900e+00  -1.1209800e+00   6.0263800e+00   2.9633200e+00   5.2144900e+00   5.7017400e-01  -5.0575400e+05
   6.9451600e+00  -1.1208400e+00   6.0263600e+00   2.9632200e+00   5.2146700e+00   5.6942000e-01  -5.0575200e+05
   6.9449800e+00  -1.1207700e+00   6.0263200e+00   2.9623900e+00   5.2146800e+00   5.6988000e-01  -5.0574900e+05
   6.9450000e+00  -1.1207300e+00   6.0263600e+00   2.9622900e+00   5.2147600e+00   5.6929300e-01  -5.0575000e+05
   6.9450900e+00  -1.1206200e+00   6.0263300e+00   2.9622500e+00   5.2144200e+00   5.6957300e-01  -5.0574800e+05
   6.9451600e+00  -1.1206400e+00   6.0264200e+00   2.9615700e+00   5.2143700e+00   5.6906200e-01  -5.0574900e+05
   6.9454800e+00  -1.1207300e+00   6.0263400e+00   2.9616800e+00   5.2135900e+00   5.6812900e-01  -5.0575200e+05
   6.9454600e+00  -1.1204600e+00   6.0264000e+00   2.9617100e+00   5.2134900e+00   5.6834100e-01  -5.0575300e+05
   6.9452300e+00  -1.1209200e+00   6.0263700e+00   2.9624100e+00   5.2142700e+00   5.6907300e-01  -5.0574800e+05
   6.9457300e+00  -1.1208400e+00   6.0264000e+00   2.9624200e+00   5.2137400e+00   5.6865500e-01  -5.0575200e+05
   6.9453700e+00  -1.1204400e+00   6.0263400e+00   2.9623800e+00   5.2142000e+00   5.6878000e-01  -5.0575000e+05
   6.9454100e+00  -1.1206700e+00   6.0263300e+00   2.9627200e+00   5.2140100e+00   5.6889900e-01  -5.0574800e+05
   6.9453000e+00  -1.1205700e+00   6.0263000e+00   2.9625600e+00   5.2140900e+00   5.6928000e-01  -5.0574900e+05
   6.9453300e+00  -1.1202200e+00   6.0263600e+00   2.9625500e+00   5.2142500e+00   5.6893000e-01  -5.0575000e+05
   6.9454500e+00  -1.1200300e+00   6.0263300e+00   2.9622700e+00   5.2135700e+00   5.6853200e-01  -5.0574900e+05
   6.9451600e+00  -1.1200600e+00   6.0263000e+00   2.9620800e+00   5.2140600e+00   5.6883500e-01  -5.0575000e+05
   6.9456400e+00  -1.1202800e+00   6.0264200e+00   2.9622900e+00   5.2136400e+00   5.6861300e-01  -5.0575000e+05
   6.9454500e+00  -1.1198600e+00   6.0264200e+00   2.9615800e+00   5.2140400e+00   5.6856000e-01  -5.0575000e+05
   6.9446300e+00  -1.1196400e+00   6.0264600e+00   2.9612400e+00   5.2152000e+00   5.6985000e-01  -5.0575100e+05
   6.9455300e+00  -1.1197000e+00   6.0264100e+00   2.9613600e+00   5.2138000e+00   5.6857200e-01  -5.0575000e+05
   6.9450600e+00  -1.1198800e+00   6.0263500e+00   2.9619900e+00   5.2144000e+00   5.6927900e-01  -5.0574800e+05
   6.9450200e+00  -1.1197800e+00   6.0263300e+00   2.9625500e+00   5.2143000e+00   5.6942500e-01  -5.0574900e+05
   6.9452000e+00  -1.1196800e+00   6.0263600e+00   2.9627200e+00   5.2141100e+00   5.6903100e-01  -5.0574800e+05
   6.9454500e+00  -1.1195400e+00   6.0264200e+00   2.9624600e+00   5.2138300e+00   5.6871200e-01  -5.0574900e+05
   6.9459800e+00  -1.1196700e+00   6.0263700e+00   2.9624900e+00   5.2130100e+00   5.6816500e-01  -5.0575100e+05
   6.9449200e+00  -1.1199400e+00   6.0263400e+00   2.9624900e+00   5.2145900e+00   5.6912600e-01  -5.0575000e+05
   6.9450100e+00  -1.1200400e+00   6.0263700e+00   2.9624300e+00   5.2144400e+00   5.6939800e-01  -5.0574800e+05
   6.9454000e+00  -1.1196300e+00   6.0263800e+00   2.9624400e+00   5.2138100e+00   5.6858700e-01  -5.0574800e+05
   6.9449100e+00  -1.1199600e+00   6.0263300e+00   2.9631600e+00   5.2143200e+00   5.6948500e-01  -5.0575000e+05
   6.9450800e+00  -1.1199800e+00   6.0262900e+00   2.9633300e+00   5.2140400e+00   5.6908400e-01  -5.0575000e+05
   6.9448900e+00  -1.1206200e+00   6.0263400e+00   2.9636400e+00   5.2144600e+00   5.6983600e-01  -5.0575100e+05
   6.9451900e+00  -1.1206100e+00   6.0263000e+00   2.9639200e+00   5.2140800e+00   5.6902200e-01  -5.0574900e+05
   6.9448200e+00  -1.1206800e+00   6.0264100e+00   2.9637500e+00   5.2148800e+00   5.6976700e-01  -5.0575200e+05
   6.9449600e+00  -1.1205500e+00   6.0263600e+00   2.9634200e+00   5.2144200e+00   5.6973400e-01  -5.0575000e+05
   6.9454300e+00  -1.1207200e+00   6.0262900e+00   2.9631800e+00   5.2137200e+00   5.6921100e-01  -5.0575000e+05
   6.9449200e+00  -1.1210000e+00   6.0264000e+00   2.9629500e+00   5.2148300e+00   5.6983900e-01  -5.0574900e+05
   6.9449400e+00  -1.1210000e+00   6.0263400e+00   2.9629500e+00   5.2144900e+00   5.6932800e-01  -5.0574900e+05
   6.9453900e+00  -1.1212400e+00   6.0263500e+00   2.9630300e+00   5.2140200e+00   5.6956600e-01  -5.0575100e+05
   6.9457200e+00  -1.1215700e+00   6.0263100e+00   2.9631200e+00   5.2131800e+00   5.6828600e-01  -5.0575100e+05
   6.9455500e+00  -1.1215200e+00   6.0262500e+00   2.9630800e+00   5.2134700e+00   5.6829600e-01  -5.0575200e+05
   6.9453100e+00  -1.1217300e+00   6.0262800e+00   2.9627800e+00   5.2141700e+00   5.6905200e-01  -5.0574900e+05
   6.9450100e+00  -1.1213500e+00   6.0262900e+00   2.9627900e+00   5.2141600e+00   5.6869200e-01  -5.0575500e+05
   6.9452800e+00  -1.1211800e+00   6.0263300e+00   2.9629000e+00   5.2143400e+00   5.6976100e-01  -5.0575100e+05
   6.9459400e+00  -1.1215600e+00   6.0263200e+00   2.9631000e+00   5.2130000e+00   5.6776500e-01  -5.0575300e+05
   6.9448300e+00  -1.1213700e+00   6.0263100e+00   2.9629300e+00   5.2146900e+00   5.6941800e-01  -5.0575000e+05
   6.9447000e+00  -1.1211800e+00   6.0263100e+00   2.9628400e+00   5.2147400e+00   5.6972900e-01  -5.0575000e+05
   6.9452600e+00  -1.1210400e+00   6.0263900e+00   2.9627900e+00   5.2142600e+00   5.6943500e-01  -5.0574900e+05
   6.9452300e+00  -1.1208900e+00   6.0263400e+00   2.9633000e+00   5.2142700e+00   5.6911000e-01  -5.0574800e+05
   6.9452400e+00  -1.1211700e+00   6.0262800e+00   2.9627600e+00   5.2138500e+00   5.6911900e-01  -5.0575000e+05
   6.9451000e+00  -1.1209500e+00   6.0264000e+00   2.9623800e+00   5.2143000e+00   5.6921400e-01  -5.0574900e+05
   6.9456000e+00  -1.1210900e+00   6.0262300e+00   2.9619200e+00   5.2134600e+00   5.6854800e-01  -5.0575300e+05
   6.9451200e+00  -1.1205100e+00   6.0264600e+00   2.9617400e+00   5.2145700e+00   5.6939400e-01  -5.0575000e+05
   6.9449900e+00  -1.1203500e+00   6.0264500e+00   2.9612100e+00   5.2145700e+00   5.6953400e-01  -5.0575000e+05
   6.9447300e+00  -1.1202700e+00   6.0264200e+00   2.9612400e+00   5.2148600e+00   5.6939100e-01  -5.0575100e+05
   6.9454900e+00  -1.1198500e+00   6.0264100e+00   2.9616000e+00   5.2137900e+00   5.6898200e-01  -5.0575100e+05
   6.9450800e+00  -1.1199000e+00   6.0264300e+00   2.9617800e+00   5.2143700e+00   5.6935600e-01  -5.0574900e+05
   6.9449100e+00  -1.1199700e+00   6.0264300e+00   2.9619800e+00   5.2146100e+00   5.6945300e-01  -5.0574900e+05
   6.9450200e+00  -1.1202900e+00   6.0264000e+00   2.9621900e+00   5.2145700e+00   5.6929600e-01  -5.0574800e+05
   6.9450600e+00  -1.1200800e+00   6.0263200e+00   2.9622300e+00   5.2142400e+00   5.6938700e-01  -5.0574900e+05
   6.9450000e+00  -1.1199900e+00   6.0263800e+00   2.9619600e+00   5.2144800e+00   5.6969400e-01  -5.0574900e+05
   6.9453400e+00  -1.1199100e+00   6.0264200e+00   2.9617100e+00   5.2140300e+00   5.6853000e-01  -5.0574900e+05
   6.9461700e+00  -1.1200900e+00   6.0264100e+00   2.9617400e+00   5.2127100e+00   5.6741000e-01  -5.0575500e+05
   6.9455500e+00  -1.1203800e+00   6.0264800e+00   2.9613300e+00   5.2139400e+00   5.6827000e-01  -5.0575300e+05
   6.9447000e+00  -1.1204700e+00   6.0263600e+00   2.9609000e+00   5.2149700e+00   5.6935700e-01  -5.0575300e+05
   6.9452500e+00  -1.1208100e+00   6.0264500e+00   2.9610700e+00   5.2141200e+00   5.6913900e-01  -5.0575100e+05
   6.9450300e+00  -1.1207800e+00   6.0265100e+00   2.9606100e+00   5.2145100e+00   5.6914800e-01  -5.0575400e+05
   6.9451900e+00  -1.1210900e+00   6.0263700e+00   2.9610700e+00   5.2141400e+00   5.6872900e-01  -5.0575100e+05
   6.9452900e+00  -1.1213800e+00   6.0264000e+00   2.9617800e+00   5.2140300e+00   5.6877300e-01  -5.0574900e+05
   6.9448100e+00  -1.1216100e+00   6.0263300e+00   2.9621500e+00   5.2147000e+00   5.6939200e-01  -5.0575000e+05
   6.9449600e+00  -1.1212800e+00   6.0262600e+00   2.9622700e+00   5.2146100e+00   5.6959700e-01  -5.0575100e+05
   6.9451000e+00  -1.1212700e+00   6.0263400e+00   2.9624600e+00   5.2146800e+00   5.6943200e-01  -5.0575000e+05
   6.9449800e+00  -1.1214300e+00   6.0263400e+00   2.9626800e+00   5.2146400e+00   5.6927000e-01  -5.0574900e+05
   6.9448400e+00  -1.1217600e+00   6.0263400e+00   2.9626600e+00   5.2147800e+00   5.6957600e-01  -5.0574800e+05
   6.9446900e+00  -1.1217200e+00   6.0262700e+00   2.9624000e+00   5.2152700e+00   5.7049600e-01  -5.0575300e+05
   6.9451400e+00  -1.1218000e+00   6.0262800e+00   2.9622000e+00   5.2144700e+00   5.6955100e-01  -5.0574900e+05
   6.9447800e+00  -1.1213900e+00   6.0263100e+00   2.9623900e+00   5.2150700e+00   5.7021300e-01  -5.0575000e+05
   6.9452600e+00  -1.1211200e+00   6.0263400e+00   2.9622300e+00   5.2142500e+00   5.6909400e-01  -5.0574800e+05
   6.9449200e+00  -1.1210500e+00   6.0263600e+00   2.9619300e+00   5.2148600e+00   5.6954800e-01  -5.0574900e+05
   6.9449600e+00  -1.1214600e+00   6.0264500e+00   2.9619000e+00   5.2149800e+00   5.6925400e-01  -5.0575200e+05
   6.9454200e+00  -1.1216300e+00   6.0263400e+00   2.9622000e+00   5.2139900e+00   5.6900000e-01  -5.0574800e+05
   6.9450300e+00  -1.1216300e+00   6.0263800e+00   2.9618100e+00   5.2146400e+00   5.6973100e-01  -5.0574800e+05
   6.9448200e+00  -1.1218100e+00   6.0264000e+00   2.9618300e+00   5.2151300e+00   5.6971800e-01  -5.0574900e+05
   6.9452700e+00  -1.1213800e+00   6.0264200e+00   2.9618000e+00   5.2141100e+00   5.6900400e-01  -5.0574900e+05
   6.9449500e+00  -1.1218400e+00   6.0263800e+00   2.9621300e+00   5.2148600e+00   5.6902800e-01  -5.0575200e+05
   6.9448700e+00  -1.1217300e+00   6.0264100e+00   2.9619300e+00   5.2150000e+00   5.6955900e-01  -5.0574900e+05
   6.9451500e+00  -1.1215000e+00   6.0263300e+00   2.9621700e+00   5.2143400e+00   5.6955300e-01  -5.0574800e+05
   6.9450600e+00  -1.1219600e+00   6.0262800e+00   2.9622000e+00   5.2143900e+00   5.6950300e-01  -5.0574800e+05
   6.9455000e+00  -1.1218100e+00   6.0263200e+00   2.9622400e+00   5.2138100e+00   5.6894300e-01  -5.0574800e+05
   6.9452900e+00  -1.1218200e+00   6.0263500e+00   2.9622100e+00   5.2140600e+00   5.6907500e-01  -5.0574800e+05
   6.9454700e+00  -1.1219900e+00   6.0262900e+00   2.9623200e+00   5.2139100e+00   5.6892600e-01  -5.0574900e+05
   6.9453000e+00  -1.1220100e+00   6.0262100e+00   2.9627500e+00   5.2140900e+00   5.6906700e-01  -5.0575200e+05
   6.9454400e+00  -1.1220400e+00   6.0262800e+00   2.9625900e+00   5.2137100e+00   5.6893300e-01  -5.0574900e+05
   6.9454500e+00  -1.1218000e+00   6.0263200e+00   2.9626000e+00   5.2137600e+00   5.6878700e-01  -5.0574800e+05
   6.9448200e+00  -1.1216500e+00   6.0263500e+00   2.9620900e+00   5.2149200e+00   5.6991500e-01  -5.0574800e+05
   6.9443900e+00  -1.1218400e+00   6.0263900e+00   2.9617900e+00   5.2155700e+00   5.7027800e-01  -5.0575000e+05
   6.9448400e+00  -1.1216900e+00   6.0262800e+00   2.9622200e+00   5.2147300e+00   5.6981100e-01  -5.0574900e+05
   6.9453700e+00  -1.1214400e+00   6.0263800e+00   2.9622300e+00   5.2143700e+00   5.6925500e-01  -5.0575000e+05
   6.9444500e+00  -1.1214000e+00   6.0263800e+00   2.9623200e+00   5.2153700e+00   5.6974200e-01  -5.0575300e+05
   6.9453800e+00  -1.1220500e+00   6.0263300e+00   2.9620200e+00   5.2139300e+00   5.6947000e-01  -5.0575100e+05
   6.9447400e+00  -1.1215600e+00   6.0263600e+00   2.9621200e+00   5.2151000e+00   5.6970000e-01  -5.0574900e+05
   6.9449800e+00  -1.1219400e+00   6.0263400e+00   2.9623800e+00   5.2143300e+00   5.6963700e-01  -5.0575100e+05
   6.9453400e+00  -1.1222900e+00   6.0262600e+00   2.9623400e+00   5.2140300e+00   5.6913800e-01  -5.0574900e+05
   6.9453500e+00  -1.1222200e+00   6.0262600e+00   2.9623300e+00   5.2140000e+00   5.6914900e-01  -5.0574900e+05
   6.9455100e+00  -1.1224100e+00   6.0263800e+00   2.9625600e+00   5.2137200e+00   5.6881200e-01  -5.0575000e+05
   6.9454000e+00  -1.1224200e+00   6.0263300e+00   2.9630300e+00   5.2140200e+00   5.6889300e-01  -5.0574800e+05
   6.9452700e+00  -1.1220700e+00   6.0264000e+00   2.9627600e+00   5.2143900e+00   5.6951200e-01  -5.0575000e+05
   6.9443100e+00  -1.1221500e+00   6.0263400e+00   2.9626000e+00   5.2156200e+00   5.7053400e-01  -5.0575100e+05
   6.9446300e+00  -1.1219600e+00   6.0263300e+00   2.9626300e+00   5.2152500e+00   5.7023800e-01  -5.0574900e+05
   6.9447900e+00  -1.1221600e+00   6.0263200e+00   2.9623300e+00   5.2148900e+00   5.6942500e-01  -5.0575000e+05
   6.9452600e+00  -1.1219900e+00   6.0263300e+00   2.9619400e+00   5.2144300e+00   5.6934500e-01  -5.0574900e+05
   6.9448900e+00  -1.1215100e+00   6.0263100e+00   2.9619500e+00   5.2148400e+00   5.6980300e-01  -5.0574900e+05
   6.9450900e+00  -1.1212000e+00   6.0263200e+00   2.9623400e+00   5.2146100e+00   5.6921400e-01  -5.0575000e+05
   6.9450800e+00  -1.1210800e+00   6.0263900e+00   2.9627500e+00   5.2145200e+00   5.6976300e-01  -5.0574900e+05
   6.9449500e+00  -1.1209500e+00   6.0263400e+00   2.9628800e+00   5.2147500e+00   5.6979800e-01  -5.0574800e+05
   6.9450400e+00  -1.1207400e+00   6.0263400e+00   2.9634500e+00   5.2145800e+00   5.6966700e-01  -5.0574900e+05
   6.9450900e+00  -1.1209500e+00   6.0263000e+00   2.9627800e+00   5.2143800e+00   5.6934700e-01  -5.0574800e+05
   6.9453400e+00  -1.1215300e+00   6.0262600e+00   2.9630300e+00   5.2136900e+00   5.6895500e-01  -5.0575000e+05
   6.9446900e+00  -1.1215000e+00   6.0263200e+00   2.9629900e+00   5.2152600e+00   5.6985900e-01  -5.0575100e+05
   6.9449800e+00  -1.1210800e+00   6.0262600e+00   2.9633300e+00   5.2143600e+00   5.6956400e-01  -5.0575000e+05
   6.9451300e+00  -1.1208700e+00   6.0263300e+00   2.9634800e+00   5.2144000e+00   5.6898700e-01  -5.0575000e+05
   6.9449100e+00  -1.1208600e+00   6.0262900e+00   2.9631400e+00   5.2144700e+00   5.6933300e-01  -5.0575000e+05
   6.9442700e+00  -1.1208900e+00   6.0262700e+00   2.9630600e+00   5.2156200e+00   5.7085300e-01  -5.0575500e+05
   6.9448000e+00  -1.1210700e+00   6.0262800e+00   2.9626800e+00   5.2147900e+00   5.6991300e-01  -5.0575000e+05
   6.9451400e+00  -1.1213000e+00   6.0263200e+00   2.9630300e+00   5.2143700e+00   5.6902800e-01  -5.0574900e+05
   6.9448200e+00  -1.1210700e+00   6.0263100e+00   2.9626100e+00   5.2146100e+00   5.6992700e-01  -5.0575000e+05
   6.9458900e+00  -1.1211300e+00   6.0263500e+00   2.9626400e+00   5.2132800e+00   5.6854800e-01  -5.0575100e+05
   6.9450500e+00  -1.1210800e+00   6.0263900e+00   2.9626000e+00   5.2144500e+00   5.6911300e-01  -5.0574900e+05
   6.9451900e+00  -1.1207300e+00   6.0263700e+00   2.9629000e+00   5.2142900e+00   5.6923300e-01  -5.0574800e+05
   6.9457700e+00  -1.1206500e+00   6.0264000e+00   2.9627500e+00   5.2133300e+00   5.6812400e-01  -5.0575100e+05
   6.9447900e+00  -1.1206000e+00   6.0262900e+00   2.9630900e+00   5.2146800e+00   5.6982300e-01  -5.0575000e+05
   6.9448400e+00  -1.1204500e+00   6.0263100e+00   2.9628600e+00   5.2147900e+00   5.6983700e-01  -5.0574900e+05
   6.9448600e+00  -1.1206900e+00   6.0263300e+00   2.9622600e+00   5.2148000e+00   5.6946800e-01  -5.0574900e+05
   6.9449400e+00  -1.1211900e+00   6.0263700e+00   2.9627500e+00   5.2146000e+00   5.6993800e-01  -5.0574900e+05
   6.9450100e+00  -1.1209700e+00   6.0264100e+00   2.9621200e+00   5.2144100e+00   5.6903600e-01  -5.0575000e+05
   6.9453900e+00  -1.1212900e+00   6.0264400e+00   2.9617600e+00   5.2139400e+00   5.6856400e-01  -5.0575100e+05
   6.9449800e+00  -1.1214300e+00   6.0263200e+00   2.9617200e+00   5.2146900e+00   5.6935300e-01  -5.0574900e+05
   6.9448800e+00  -1.1216100e+00   6.0264100e+00   2.9617100e+00   5.2151100e+00   5.6963800e-01  -5.0575000e+05
   6.9450200e+00  -1.1213700e+00   6.0264100e+00   2.9618400e+00   5.2144700e+00   5.6939500e-01  -5.0574900e+05
   6.9456500e+00  -1.1214600e+00   6.0264400e+00   2.9620500e+00   5.2138300e+00   5.6852100e-01  -5.0575200e+05
   6.9454800e+00  -1.1215100e+00   6.0263400e+00   2.9616500e+00   5.2140000e+00   5.6884700e-01  -5.0574900e+05
   6.9453400e+00  -1.1214600e+00   6.0263800e+00   2.9615600e+00   5.2141900e+00   5.6928900e-01  -5.0574900e+05
   6.9450300e+00  -1.1215300e+00   6.0264200e+00   2.9614100e+00   5.2143500e+00   5.6919000e-01  -5.0575100e+05
   6.9450500e+00  -1.1216500e+00   6.0264500e+00   2.9611300e+00   5.2150400e+00   5.6941400e-01  -5.0575400e+05
   6.9453700e+00  -1.1214800e+00   6.0263000e+00   2.9610500e+00   5.2140500e+00   5.6886200e-01  -5.0575200e+05
   6.9451300e+00  -1.1217400e+00   6.0263800e+00   2.9616300e+00   5.2144800e+00   5.6987400e-01  -5.0575000e+05
   6.9451700e+00  -1.1215200e+00   6.0263900e+00   2.9620800e+00   5.2145400e+00   5.6954500e-01  -5.0574900e+05
   6.9451100e+00  -1.1217700e+00   6.0263200e+00   2.9619200e+00   5.2144300e+00   5.6940400e-01  -5.0574800e+05
   6.9451400e+00  -1.1215000e+00   6.0263900e+00   2.9618500e+00   5.2143400e+00   5.6904800e-01  -5.0574800e+05
   6.9455000e+00  -1.1217300e+00   6.0263700e+00   2.9618100e+00   5.2138200e+00   5.6894300e-01  -5.0574900e+05
   6.9449200e+00  -1.1219100e+00   6.0263000e+00   2.9619800e+00   5.2147000e+00   5.6961400e-01  -5.0574800e+05
   6.9452300e+00  -1.1219000e+00   6.0264300e+00   2.9622100e+00   5.2142900e+00   5.6913200e-01  -5.0575000e+05
   6.9449500e+00  -1.1216200e+00   6.0263200e+00   2.9622400e+00   5.2146100e+00   5.6943500e-01  -5.0574800e+05
   6.9446600e+00  -1.1218800e+00   6.0263600e+00   2.9625200e+00   5.2150000e+00   5.7024400e-01  -5.0574900e+05
   6.9454900e+00  -1.1219000e+00   6.0263300e+00   2.9628100e+00   5.2139100e+00   5.6869800e-01  -5.0574900e+05
   6.9453100e+00  -1.1220500e+00   6.0263400e+00   2.9631100e+00   5.2142300e+00   5.6931400e-01  -5.0574800e+05
   6.9454600e+00  -1.1223100e+00   6.0262100e+00   2.9633000e+00   5.2137400e+00   5.6891200e-01  -5.0575100e+05
   6.9454100e+00  -1.1223500e+00   6.0262800e+00   2.9633800e+00   5.2141500e+00   5.6928400e-01  -5.0575000e+05
   6.9450400e+00  -1.1226200e+00   6.0263100e+00   2.9631800e+00   5.2143900e+00   5.6951400e-01  -5.0574800e+05
   6.9449200e+00  -1.1228700e+00   6.0263500e+00   2.9627700e+00   5.2150700e+00   5.6963600e-01  -5.0575000e+05
   6.9454100e+00  -1.1227300e+00   6.0263300e+00   2.9624900e+00   5.2140200e+00   5.6925100e-01  -5.0574800e+05
   6.9450300e+00  -1.1221700e+00   6.0263600e+00   2.9629500e+00   5.2145200e+00   5.6928700e-01  -5.0574900e+05
   6.9451700e+00  -1.1225600e+00   6.0262500e+00   2.9630200e+00   5.2141800e+00   5.6957700e-01  -5.0574900e+05
   6.9453800e+00  -1.1225100e+00   6.0262700e+00   2.9635400e+00   5.2140100e+00   5.6901800e-01  -5.0574900e+05
   6.9455300e+00  -1.1229200e+00   6.0262700e+00   2.9636500e+00   5.2140000e+00   5.6917600e-01  -5.0575100e+05
   6.9450600e+00  -1.1229300e+00   6.0262800e+00   2.9633600e+00   5.2148600e+00   5.7018200e-01  -5.0575200e+05
   6.9447600e+00  -1.1231700e+00   6.0263300e+00   2.9630600e+00   5.2149600e+00   5.6977700e-01  -5.0574900e+05
   6.9449300e+00  -1.1227900e+00   6.0263200e+00   2.9634200e+00   5.2146500e+00   5.6967100e-01  -5.0574900e+05
   6.9449100e+00  -1.1227100e+00   6.0263700e+00   2.9626700e+00   5.2146400e+00   5.7003600e-01  -5.0575000e+05
   6.9451100e+00  -1.1224600e+00   6.0262800e+00   2.9632400e+00   5.2144500e+00   5.6963300e-01  -5.0574800e+05
   6.9447300e+00  -1.1227000e+00   6.0263500e+00   2.9634800e+00   5.2149900e+00   5.6987100e-01  -5.0575000e+05
   6.9451600e+00  -1.1227800e+00   6.0263200e+00   2.9636300e+00   5.2142700e+00   5.6961100e-01  -5.0574900e+05
   6.9452600e+00  -1.1223200e+00   6.0263000e+00   2.9636000e+00   5.2142400e+00   5.6953200e-01  -5.0574900e+05
   6.9450100e+00  -1.1220600e+00   6.0262900e+00   2.9635700e+00   5.2144000e+00   5.6936300e-01  -5.0574900e+05
   6.9451800e+00  -1.1221800e+00   6.0264200e+00   2.9635600e+00   5.2142800e+00   5.6910100e-01  -5.0575300e+05
   6.9453600e+00  -1.1221300e+00   6.0262500e+00   2.9635000e+00   5.2136000e+00   5.6897500e-01  -5.0575200e+05
   6.9446700e+00  -1.1225700e+00   6.0262800e+00   2.9625500e+00   5.2150800e+00   5.7003700e-01  -5.0574900e+05
   6.9451100e+00  -1.1224500e+00   6.0263700e+00   2.9624500e+00   5.2143700e+00   5.6945300e-01  -5.0574800e+05
   6.9451100e+00  -1.1224600e+00   6.0264200e+00   2.9625300e+00   5.2145500e+00   5.6959400e-01  -5.0574900e+05
   6.9447500e+00  -1.1225000e+00   6.0263600e+00   2.9622900e+00   5.2150500e+00   5.7016100e-01  -5.0574800e+05
   6.9455500e+00  -1.1225200e+00   6.0263600e+00   2.9622100e+00   5.2138700e+00   5.6867900e-01  -5.0574900e+05
   6.9449600e+00  -1.1224400e+00   6.0263600e+00   2.9620800e+00   5.2146000e+00   5.6898000e-01  -5.0575100e+05
   6.9450700e+00  -1.1223900e+00   6.0263000e+00   2.9622100e+00   5.2146000e+00   5.6979300e-01  -5.0574800e+05
   6.9449300e+00  -1.1225000e+00   6.0264400e+00   2.9618000e+00   5.2150500e+00   5.6993800e-01  -5.0575000e+05
   6.9450000e+00  -1.1223700e+00   6.0263500e+00   2.9623700e+00   5.2146600e+00   5.6960200e-01  -5.0574700e+05
   6.9448600e+00  -1.1219300e+00   6.0264100e+00   2.9623100e+00   5.2148900e+00   5.7006700e-01  -5.0574900e+05
   6.9447700e+00  -1.1217000e+00   6.0263400e+00   2.9627500e+00   5.2151300e+00   5.7021500e-01  -5.0574900e+05
   6.9451800e+00  -1.1216100e+00   6.0262800e+00   2.9628600e+00   5.2141100e+00   5.6911800e-01  -5.0574900e+05
   6.9451700e+00  -1.1215900e+00   6.0263300e+00   2.9627300e+00   5.2141500e+00   5.6952600e-01  -5.0574900e+05
   6.9451700e+00  -1.1214500e+00   6.0262900e+00   2.9630400e+00   5.2141100e+00   5.6925900e-01  -5.0574800e+05
   6.9449100e+00  -1.1214300e+00   6.0262800e+00   2.9628300e+00   5.2147200e+00   5.6997200e-01  -5.0574900e+05
   6.9450100e+00  -1.1215200e+00   6.0263000e+00   2.9631300e+00   5.2145400e+00   5.6978800e-01  -5.0574800e+05
   6.9452700e+00  -1.1214600e+00   6.0263200e+00   2.9624300e+00   5.2142900e+00   5.6921100e-01  -5.0574800e+05
   6.9450100e+00  -1.1213200e+00   6.0263200e+00   2.9628700e+00   5.2144600e+00   5.6933700e-01  -5.0574800e+05
   6.9455600e+00  -1.1211200e+00   6.0263400e+00   2.9624900e+00   5.2136900e+00   5.6838000e-01  -5.0574900e+05
   6.9451500e+00  -1.1213700e+00   6.0263800e+00   2.9621100e+00   5.2145600e+00   5.6972000e-01  -5.0574900e+05
   6.9453000e+00  -1.1216200e+00   6.0263300e+00   2.9621200e+00   5.2140400e+00   5.6896700e-01  -5.0574800e+05
   6.9448700e+00  -1.1215900e+00   6.0263100e+00   2.9618600e+00   5.2149300e+00   5.7006900e-01  -5.0575000e+05
   6.9446000e+00  -1.1214900e+00   6.0264000e+00   2.9611600e+00   5.2151200e+00   5.7035200e-01  -5.0575200e+05
   6.9448700e+00  -1.1219200e+00   6.0263200e+00   2.9611000e+00   5.2149000e+00   5.7008600e-01  -5.0575100e+05
   6.9454800e+00  -1.1217200e+00   6.0263800e+00   2.9619500e+00   5.2137900e+00   5.6895200e-01  -5.0574900e+05
   6.9447800e+00  -1.1216500e+00   6.0263700e+00   2.9627200e+00   5.2148900e+00   5.6952700e-01  -5.0574900e+05
   6.9449200e+00  -1.1214100e+00   6.0263400e+00   2.9627500e+00   5.2147100e+00   5.6986700e-01  -5.0574800e+05
   6.9449900e+00  -1.1216300e+00   6.0263500e+00   2.9625200e+00   5.2143400e+00   5.6924600e-01  -5.0575000e+05
   6.9448800e+00  -1.1214300e+00   6.0263400e+00   2.9633100e+00   5.2148500e+00   5.7013300e-01  -5.0574900e+05
   6.9449300e+00  -1.1215000e+00   6.0263300e+00   2.9636100e+00   5.2143000e+00   5.6958100e-01  -5.0575200e+05
   6.9447000e+00  -1.1213900e+00   6.0262800e+00   2.9634700e+00   5.2146400e+00   5.7014300e-01  -5.0575300e+05
   6.9451500e+00  -1.1212200e+00   6.0263500e+00   2.9631900e+00   5.2143200e+00   5.6945900e-01  -5.0574800e+05
   6.9451900e+00  -1.1212600e+00   6.0262700e+00   2.9635800e+00   5.2140800e+00   5.6923600e-01  -5.0574900e+05
   6.9454300e+00  -1.1212600e+00   6.0263100e+00   2.9639000e+00   5.2136800e+00   5.6884100e-01  -5.0575000e+05
   6.9454700e+00  -1.1216100e+00   6.0262200e+00   2.9641300e+00   5.2135000e+00   5.6891200e-01  -5.0575200e+05
   6.9452800e+00  -1.1214700e+00   6.0262900e+00   2.9639200e+00   5.2141600e+00   5.6926100e-01  -5.0574900e+05
   6.9449400e+00  -1.1216000e+00   6.0262900e+00   2.9637100e+00   5.2145900e+00   5.6981500e-01  -5.0574900e+05
   6.9452400e+00  -1.1216400e+00   6.0263300e+00   2.9637400e+00   5.2140300e+00   5.6925200e-01  -5.0574900e+05
   6.9445800e+00  -1.1214900e+00   6.0263200e+00   2.9634700e+00   5.2151000e+00   5.7040100e-01  -5.0575000e+05
   6.9452500e+00  -1.1212700e+00   6.0262600e+00   2.9637000e+00   5.2140600e+00   5.6938200e-01  -5.0574900e+05
   6.9446900e+00  -1.1213600e+00   6.0263800e+00   2.9635300e+00   5.2150700e+00   5.6995400e-01  -5.0575000e+05
   6.9450700e+00  -1.1215100e+00   6.0263700e+00   2.9633600e+00   5.2145900e+00   5.6959000e-01  -5.0574900e+05
   6.9452600e+00  -1.1212400e+00   6.0263800e+00   2.9630700e+00   5.2139400e+00   5.6892100e-01  -5.0575000e+05
   6.9449000e+00  -1.1218100e+00   6.0262700e+00   2.9630100e+00   5.2143800e+00   5.6886300e-01  -5.0575600e+05
   6.9453800e+00  -1.1219600e+00   6.0263600e+00   2.9633100e+00   5.2140600e+00   5.6875000e-01  -5.0575000e+05
   6.9448400e+00  -1.1221200e+00   6.0263000e+00   2.9630400e+00   5.2149700e+00   5.7010400e-01  -5.0574900e+05
   6.9449300e+00  -1.1220200e+00   6.0262800e+00   2.9625700e+00   5.2147800e+00   5.6951000e-01  -5.0574900e+05
   6.9450800e+00  -1.1217800e+00   6.0262500e+00   2.9627400e+00   5.2143800e+00   5.6909800e-01  -5.0575100e+05
   6.9452200e+00  -1.1221900e+00   6.0263800e+00   2.9618200e+00   5.2145900e+00   5.6922700e-01  -5.0574900e+05
   6.9457300e+00  -1.1216800e+00   6.0262300e+00   2.9620000e+00   5.2132400e+00   5.6866000e-01  -5.0575400e+05
   6.9454000e+00  -1.1217700e+00   6.0263500e+00   2.9618100e+00   5.2140600e+00   5.6888900e-01  -5.0574800e+05
   6.9453900e+00  -1.1221900e+00   6.0263600e+00   2.9620200e+00   5.2139400e+00   5.6868200e-01  -5.0574900e+05
   6.9448400e+00  -1.1217400e+00   6.0264000e+00   2.9618600e+00   5.2149400e+00   5.6959800e-01  -5.0574800e+05
   6.9447400e+00  -1.1218700e+00   6.0263800e+00   2.9614600e+00   5.2151900e+00   5.7052600e-01  -5.0575100e+05
   6.9450800e+00  -1.1214600e+00   6.0263600e+00   2.9615800e+00   5.2145700e+00   5.6943800e-01  -5.0574800e+05
   6.9447600e+00  -1.1212700e+00   6.0263200e+00   2.9618700e+00   5.2147700e+00   5.6947900e-01  -5.0575000e+05
   6.9449400e+00  -1.1205800e+00   6.0263600e+00   2.9619900e+00   5.2143500e+00   5.6927600e-01  -5.0575000e+05
   6.9453500e+00  -1.1208100e+00   6.0264200e+00   2.9616300e+00   5.2139700e+00   5.6905100e-01  -5.0575000e+05
   6.9447900e+00  -1.1204500e+00   6.0263800e+00   2.9616000e+00   5.2147300e+00   5.6961100e-01  -5.0575000e+05
   6.9453400e+00  -1.1205100e+00   6.0263400e+00   2.9623200e+00   5.2140800e+00   5.6868000e-01  -5.0574900e+05
   6.9452800e+00  -1.1207700e+00   6.0264400e+00   2.9624900e+00   5.2143700e+00   5.6912300e-01  -5.0575000e+05
   6.9451000e+00  -1.1204800e+00   6.0264100e+00   2.9625000e+00   5.2144200e+00   5.6911600e-01  -5.0574800e+05
   6.9454100e+00  -1.1204300e+00   6.0263900e+00   2.9624400e+00   5.2138700e+00   5.6926100e-01  -5.0575000e+05
   6.9452500e+00  -1.1206800e+00   6.0263400e+00   2.9624200e+00   5.2140800e+00   5.6899700e-01  -5.0574800e+05
   6.9447800e+00  -1.1207600e+00   6.0263500e+00   2.9629400e+00   5.2149700e+00   5.6984600e-01  -5.0574900e+05
   6.9456100e+00  -1.1208000e+00   6.0262700e+00   2.9626000e+00   5.2135700e+00   5.6896700e-01  -5.0575100e+05
   6.9454000e+00  -1.1209100e+00   6.0263400e+00   2.9629700e+00   5.2139200e+00   5.6907600e-01  -5.0574800e+05
   6.9449800e+00  -1.1207400e+00   6.0263600e+00   2.9619400e+00   5.2143500e+00   5.6895300e-01  -5.0575100e+05
   6.9450600e+00  -1.1209600e+00   6.0263200e+00   2.9617000e+00   5.2147700e+00   5.6988900e-01  -5.0575300e+05
   6.9449200e+00  -1.1210500e+00   6.0262800e+00   2.9618900e+00   5.2146800e+00   5.6968600e-01  -5.0575000e+05
   6.9451400e+00  -1.1212300e+00   6.0264100e+00   2.9626600e+00   5.2143000e+00   5.6922400e-01  -5.0574900e+05
   6.9458000e+00  -1.1209000e+00   6.0263600e+00   2.9631300e+00   5.2133600e+00   5.6863300e-01  -5.0575100e+05
   6.9453200e+00  -1.1208800e+00   6.0263000e+00   2.9630400e+00   5.2139900e+00   5.6922600e-01  -5.0574800e+05
   6.9448800e+00  -1.1207500e+00   6.0263700e+00   2.9627600e+00   5.2146900e+00   5.6930500e-01  -5.0574900e+05
   6.9451700e+00  -1.1205800e+00   6.0263800e+00   2.9622700e+00   5.2142800e+00   5.6904300e-01  -5.0574800e+05
   6.9451400e+00  -1.1204900e+00   6.0264000e+00   2.9617500e+00   5.2142000e+00   5.6909300e-01  -5.0574900e+05
   6.9455900e+00  -1.1205300e+00   6.0264200e+00   2.9618900e+00   5.2138300e+00   5.6868800e-01  -5.0575000e+05
   6.9449900e+00  -1.1205800e+00   6.0264100e+00   2.9619100e+00   5.2147300e+00   5.6923600e-01  -5.0574900e+05
   6.9455400e+00  -1.1204900e+00   6.0263400e+00   2.9617600e+00   5.2137500e+00   5.6863300e-01  -5.0574900e+05
   6.9450400e+00  -1.1203500e+00   6.0264100e+00   2.9612500e+00   5.2144900e+00   5.6923600e-01  -5.0574900e+05
   6.9451700e+00  -1.1202900e+00   6.0264000e+00   2.9610900e+00   5.2144700e+00   5.6870300e-01  -5.0575200e+05
   6.9451900e+00  -1.1203300e+00   6.0263200e+00   2.9615800e+00   5.2140700e+00   5.6916700e-01  -5.0575000e+05
   6.9453200e+00  -1.1202900e+00   6.0264200e+00   2.9616400e+00   5.2142100e+00   5.6894100e-01  -5.0574900e+05
   6.9451400e+00  -1.1202500e+00   6.0263600e+00   2.9620700e+00   5.2141400e+00   5.6893600e-01  -5.0574900e+05
   6.9453300e+00  -1.1204300e+00   6.0263700e+00   2.9621100e+00   5.2138700e+00   5.6894400e-01  -5.0574900e+05
   6.9452200e+00  -1.1204000e+00   6.0264900e+00   2.9616400e+00   5.2143700e+00   5.6878000e-01  -5.0575200e+05
   6.9451100e+00  -1.1203900e+00   6.0264500e+00   2.9617700e+00   5.2145200e+00   5.6960200e-01  -5.0575100e+05
   6.9449400e+00  -1.1206000e+00   6.0263800e+00   2.9616600e+00   5.2144800e+00   5.6941700e-01  -5.0574900e+05
   6.9452900e+00  -1.1206300e+00   6.0264100e+00   2.9615600e+00   5.2139000e+00   5.6851600e-01  -5.0575100e+05
   6.9455000e+00  -1.1206800e+00   6.0264100e+00   2.9619600e+00   5.2140700e+00   5.6895200e-01  -5.0575100e+05
   6.9448900e+00  -1.1210800e+00   6.0263400e+00   2.9622300e+00   5.2150000e+00   5.6989500e-01  -5.0575000e+05
   6.9451300e+00  -1.1207400e+00   6.0263300e+00   2.9624100e+00   5.2144200e+00   5.6963600e-01  -5.0574900e+05
   6.9448200e+00  -1.1206000e+00   6.0264200e+00   2.9619000e+00   5.2148500e+00   5.6986800e-01  -5.0574900e+05
   6.9450800e+00  -1.1211700e+00   6.0264100e+00   2.9619400e+00   5.2143000e+00   5.6925000e-01  -5.0574900e+05
   6.9452100e+00  -1.1213200e+00   6.0262900e+00   2.9620300e+00   5.2141200e+00   5.6859700e-01  -5.0575200e+05
   6.9452000e+00  -1.1211500e+00   6.0263600e+00   2.9622100e+00   5.2142200e+00   5.6940700e-01  -5.0574800e+05
   6.9447900e+00  -1.1213200e+00   6.0263600e+00   2.9623500e+00   5.2146500e+00   5.6925200e-01  -5.0575200e+05
   6.9449900e+00  -1.1212400e+00   6.0263300e+00   2.9623600e+00   5.2145600e+00   5.6936300e-01  -5.0574800e+05
   6.9455300e+00  -1.1211900e+00   6.0263300e+00   2.9624600e+00   5.2138000e+00   5.6868100e-01  -5.0574800e+05
   6.9452800e+00  -1.1210500e+00   6.0264000e+00   2.9621000e+00   5.2142400e+00   5.6938200e-01  -5.0574900e+05
   6.9454600e+00  -1.1208800e+00   6.0262500e+00   2.9625700e+00   5.2138400e+00   5.6858400e-01  -5.0575100e+05
   6.9449100e+00  -1.1211600e+00   6.0262900e+00   2.9630700e+00   5.2142500e+00   5.6918400e-01  -5.0575300e+05
   6.9447400e+00  -1.1210500e+00   6.0263200e+00   2.9626400e+00   5.2147800e+00   5.7017000e-01  -5.0575000e+05
   6.9448400e+00  -1.1213300e+00   6.0263900e+00   2.9621200e+00   5.2148800e+00   5.6974300e-01  -5.0574800e+05
   6.9451800e+00  -1.1210800e+00   6.0264300e+00   2.9619200e+00   5.2142900e+00   5.6926000e-01  -5.0574900e+05
   6.9452600e+00  -1.1211100e+00   6.0264300e+00   2.9616200e+00   5.2143700e+00   5.6941100e-01  -5.0575000e+05
   6.9449300e+00  -1.1210000e+00   6.0262700e+00   2.9622000e+00   5.2143200e+00   5.6943300e-01  -5.0575200e+05
   6.9459800e+00  -1.1207000e+00   6.0263400e+00   2.9625400e+00   5.2131300e+00   5.6786400e-01  -5.0575200e+05
   6.9450700e+00  -1.1206100e+00   6.0262900e+00   2.9619200e+00   5.2144500e+00   5.6923500e-01  -5.0575000e+05
   6.9450700e+00  -1.1202400e+00   6.0264000e+00   2.9621200e+00   5.2147000e+00   5.6945100e-01  -5.0575000e+05
   6.9451900e+00  -1.1202100e+00   6.0263900e+00   2.9626200e+00   5.2141500e+00   5.6856700e-01  -5.0575000e+05
   6.9454600e+00  -1.1204500e+00   6.0263600e+00   2.9621700e+00   5.2137400e+00   5.6874300e-01  -5.0574800e+05
   6.9455300e+00  -1.1207900e+00   6.0264000e+00   2.9617900e+00   5.2139200e+00   5.6856800e-01  -5.0575000e+05
   6.9449800e+00  -1.1212000e+00   6.0264600e+00   2.9618000e+00   5.2146100e+00   5.6932100e-01  -5.0575000e+05
   6.9450600e+00  -1.1210900e+00   6.0263500e+00   2.9615900e+00   5.2145700e+00   5.6949000e-01  -5.0574800e+05
   6.9449100e+00  -1.1215600e+00   6.0263600e+00   2.9610900e+00   5.2146800e+00   5.6993000e-01  -5.0575100e+05
   6.9449900e+00  -1.1215300e+00   6.0264100e+00   2.9607800e+00   5.2146900e+00   5.6912400e-01  -5.0575100e+05
   6.9447200e+00  -1.1214200e+00   6.0263600e+00   2.9609900e+00   5.2149200e+00   5.6971600e-01  -5.0575100e+05
   6.9449400e+00  -1.1215100e+00   6.0264900e+00   2.9604400e+00   5.2150400e+00   5.6975200e-01  -5.0575300e+05
   6.9450100e+00  -1.1212800e+00   6.0263000e+00   2.9611900e+00   5.2144200e+00   5.6936400e-01  -5.0575100e+05
   6.9449800e+00  -1.1207400e+00   6.0264600e+00   2.9609600e+00   5.2146900e+00   5.6969200e-01  -5.0575100e+05
   6.9449800e+00  -1.1209200e+00   6.0263700e+00   2.9611400e+00   5.2145800e+00   5.6925900e-01  -5.0575000e+05
   6.9453800e+00  -1.1208200e+00   6.0264900e+00   2.9607900e+00   5.2141500e+00   5.6866700e-01  -5.0575200e+05
   6.9454200e+00  -1.1207400e+00   6.0263700e+00   2.9611300e+00   5.2137000e+00   5.6850600e-01  -5.0575200e+05
   6.9451800e+00  -1.1208600e+00   6.0263100e+00   2.9614400e+00   5.2142100e+00   5.6910300e-01  -5.0575000e+05
   6.9447500e+00  -1.1211300e+00   6.0263500e+00   2.9612400e+00   5.2148400e+00   5.6962100e-01  -5.0575000e+05
   6.9454500e+00  -1.1208100e+00   6.0263900e+00   2.9614400e+00   5.2139200e+00   5.6920900e-01  -5.0575100e+05
   6.9451400e+00  -1.1208000e+00   6.0264100e+00   2.9612800e+00   5.2146500e+00   5.6915400e-01  -5.0575100e+05
   6.9455100e+00  -1.1205200e+00   6.0263500e+00   2.9612200e+00   5.2136400e+00   5.6864900e-01  -5.0575100e+05
   6.9452000e+00  -1.1204600e+00   6.0264500e+00   2.9613500e+00   5.2144500e+00   5.6948700e-01  -5.0575100e+05
   6.9451300e+00  -1.1204400e+00   6.0263800e+00   2.9614300e+00   5.2143000e+00   5.6916000e-01  -5.0574900e+05
   6.9449200e+00  -1.1207500e+00   6.0264200e+00   2.9615700e+00   5.2144800e+00   5.6943700e-01  -5.0575100e+05
   6.9449900e+00  -1.1210700e+00   6.0263300e+00   2.9617600e+00   5.2147900e+00   5.6957800e-01  -5.0575000e+05
   6.9449900e+00  -1.1212900e+00   6.0263600e+00   2.9617200e+00   5.2149600e+00   5.6923800e-01  -5.0575300e+05
   6.9447200e+00  -1.1212200e+00   6.0263900e+00   2.9616200e+00   5.2152000e+00   5.6983700e-01  -5.0574900e+05
   6.9443500e+00  -1.1212400e+00   6.0264600e+00   2.9614500e+00   5.2155600e+00   5.7031200e-01  -5.0575200e+05
   6.9450800e+00  -1.1209100e+00   6.0262900e+00   2.9614200e+00   5.2144700e+00   5.6908900e-01  -5.0575200e+05
   6.9447400e+00  -1.1206700e+00   6.0264100e+00   2.9619300e+00   5.2149500e+00   5.6958200e-01  -5.0574900e+05
   6.9447000e+00  -1.1207000e+00   6.0263300e+00   2.9624300e+00   5.2148500e+00   5.6982600e-01  -5.0574900e+05
   6.9452200e+00  -1.1207600e+00   6.0263600e+00   2.9624500e+00   5.2144300e+00   5.6917100e-01  -5.0574900e+05
   6.9456900e+00  -1.1208000e+00   6.0262900e+00   2.9629000e+00   5.2133700e+00   5.6808400e-01  -5.0575100e+05
   6.9456700e+00  -1.1212300e+00   6.0263400e+00   2.9628800e+00   5.2134700e+00   5.6830300e-01  -5.0574900e+05
   6.9452400e+00  -1.1215000e+00   6.0264000e+00   2.9624100e+00   5.2142300e+00   5.6918000e-01  -5.0574800e+05
   6.9453500e+00  -1.1214100e+00   6.0263400e+00   2.9622900e+00   5.2140600e+00   5.6917600e-01  -5.0574800e+05
   6.9452000e+00  -1.1219100e+00   6.0264200e+00   2.9622400e+00   5.2143700e+00   5.6899600e-01  -5.0574900e+05
   6.9452700e+00  -1.1219900e+00   6.0263600e+00   2.9626900e+00   5.2142000e+00   5.6915400e-01  -5.0574800e+05
   6.9448900e+00  -1.1220300e+00   6.0263500e+00   2.9633000e+00   5.2149100e+00   5.6965300e-01  -5.0574900e+05
   6.9452200e+00  -1.1219800e+00   6.0262500e+00   2.9632000e+00   5.2139000e+00   5.6949200e-01  -5.0575200e+05
   6.9451200e+00  -1.1220200e+00   6.0263300e+00   2.9631900e+00   5.2145600e+00   5.6957300e-01  -5.0574800e+05
   6.9448700e+00  -1.1221100e+00   6.0263200e+00   2.9626500e+00   5.2147000e+00   5.6928700e-01  -5.0575000e+05
   6.9448200e+00  -1.1221000e+00   6.0262700e+00   2.9631500e+00   5.2148800e+00   5.7014700e-01  -5.0574900e+05
   6.9452300e+00  -1.1223300e+00   6.0263100e+00   2.9629900e+00   5.2141800e+00   5.6907500e-01  -5.0574800e+05
   6.9455100e+00  -1.1223900e+00   6.0262900e+00   2.9631600e+00   5.2135200e+00   5.6887900e-01  -5.0575100e+05
   6.9453600e+00  -1.1220900e+00   6.0263000e+00   2.9627500e+00   5.2139300e+00   5.6870400e-01  -5.0574900e+05
   6.9451100e+00  -1.1219500e+00   6.0263100e+00   2.9630000e+00   5.2140600e+00   5.6897700e-01  -5.0575100e+05
   6.9453600e+00  -1.1217600e+00   6.0263100e+00   2.9625100e+00   5.2138400e+00   5.6904400e-01  -5.0574900e+05
   6.9453900e+00  -1.1217900e+00   6.0262700e+00   2.9624700e+00   5.2138700e+00   5.6929900e-01  -5.0575000e+05
   6.9449600e+00  -1.1218300e+00   6.0263600e+00   2.9626000e+00   5.2147100e+00   5.6951900e-01  -5.0574800e+05
   6.9449100e+00  -1.1219000e+00   6.0263200e+00   2.9629000e+00   5.2146700e+00   5.6990300e-01  -5.0574800e+05
   6.9452300e+00  -1.1219500e+00   6.0263200e+00   2.9625300e+00   5.2143200e+00   5.6927800e-01  -5.0574700e+05
   6.9457700e+00  -1.1218000e+00   6.0262900e+00   2.9623400e+00   5.2134200e+00   5.6807900e-01  -5.0575200e+05
   6.9453200e+00  -1.1219700e+00   6.0263300e+00   2.9624800e+00   5.2139300e+00   5.6935200e-01  -5.0574900e+05
   6.9453900e+00  -1.1217400e+00   6.0262500e+00   2.9625500e+00   5.2137600e+00   5.6911800e-01  -5.0575000e+05
   6.9449400e+00  -1.1218100e+00   6.0263700e+00   2.9625900e+00   5.2146400e+00   5.6987700e-01  -5.0574800e+05
   6.9446900e+00  -1.1217200e+00   6.0263500e+00   2.9624700e+00   5.2148400e+00   5.7007600e-01  -5.0575000e+05
   6.9449800e+00  -1.1221000e+00   6.0262600e+00   2.9622700e+00   5.2145500e+00   5.6936300e-01  -5.0575000e+05
   6.9451700e+00  -1.1222700e+00   6.0263500e+00   2.9622200e+00   5.2141100e+00   5.6946800e-01  -5.0575000e+05
   6.9445700e+00  -1.1223600e+00   6.0263500e+00   2.9622200e+00   5.2151100e+00   5.7028500e-01  -5.0575000e+05
   6.9446600e+00  -1.1224900e+00   6.0263900e+00   2.9616900e+00   5.2150000e+00   5.6975000e-01  -5.0575000e+05
   6.9445400e+00  -1.1218700e+00   6.0264200e+00   2.9610500e+00   5.2153500e+00   5.6994700e-01  -5.0575100e+05
   6.9444800e+00  -1.1220700e+00   6.0263400e+00   2.9613600e+00   5.2157300e+00   5.7035300e-01  -5.0575300e+05
   6.9445800e+00  -1.1218100e+00   6.0264100e+00   2.9616500e+00   5.2149700e+00   5.6977700e-01  -5.0575300e+05
   6.9457100e+00  -1.1214400e+00   6.0263200e+00   2.9619300e+00   5.2133600e+00   5.6852300e-01  -5.0575000e+05
   6.9454800e+00  -1.1215400e+00   6.0263500e+00   2.9622100e+00   5.2142100e+00   5.6892600e-01  -5.0575100e+05
   6.9452200e+00  -1.1219000e+00   6.0263900e+00   2.9624100e+00   5.2142900e+00   5.6939800e-01  -5.0574800e+05
   6.9452000e+00  -1.1218200e+00   6.0263200e+00   2.9625400e+00   5.2141700e+00   5.6935700e-01  -5.0574800e+05
   6.9454100e+00  -1.1215000e+00   6.0263100e+00   2.9624000e+00   5.2138300e+00   5.6841000e-01  -5.0575000e+05
   6.9451100e+00  -1.1217700e+00   6.0263000e+00   2.9625800e+00   5.2142800e+00   5.6916700e-01  -5.0574800e+05
   6.9451100e+00  -1.1216800e+00   6.0263200e+00   2.9619700e+00   5.2141700e+00   5.6913400e-01  -5.0575000e+05
   6.9453400e+00  -1.1214900e+00   6.0263900e+00   2.9622500e+00   5.2142300e+00   5.6901600e-01  -5.0574800e+05
   6.9450000e+00  -1.1213500e+00   6.0264100e+00   2.9624500e+00   5.2148500e+00   5.6977800e-01  -5.0574900e+05
   6.9451500e+00  -1.1212600e+00   6.0262500e+00   2.9628300e+00   5.2141800e+00   5.6937900e-01  -5.0574900e+05
   6.9448200e+00  -1.1211400e+00   6.0263300e+00   2.9623000e+00   5.2148900e+00   5.6995500e-01  -5.0574800e+05
   6.9456100e+00  -1.1210500e+00   6.0262700e+00   2.9627800e+00   5.2136800e+00   5.6842200e-01  -5.0575100e+05
   6.9450700e+00  -1.1207400e+00   6.0263000e+00   2.9628800e+00   5.2144200e+00   5.6962000e-01  -5.0574900e+05
   6.9451000e+00  -1.1207800e+00   6.0263400e+00   2.9625600e+00   5.2145800e+00   5.6904100e-01  -5.0575000e+05
   6.9453800e+00  -1.1208700e+00   6.0263200e+00   2.9625700e+00   5.2139400e+00   5.6876400e-01  -5.0574800e+05
   6.9456200e+00  -1.1205500e+00   6.0263500e+00   2.9625600e+00   5.2135600e+00   5.6854100e-01  -5.0574800e+05
   6.9452800e+00  -1.1202900e+00   6.0263500e+00   2.9625200e+00   5.2141600e+00   5.6888000e-01  -5.0574800e+05
   6.9450500e+00  -1.1201400e+00   6.0263600e+00   2.9628800e+00   5.2142700e+00   5.6879400e-01  -5.0575000e+05
   6.9449400e+00  -1.1201000e+00   6.0262800e+00   2.9629900e+00   5.2145300e+00   5.6968600e-01  -5.0575000e+05
   6.9457000e+00  -1.1201700e+00   6.0262700e+00   2.9634800e+00   5.2134300e+00   5.6869900e-01  -5.0575100e+05
   6.9452500e+00  -1.1204900e+00   6.0263400e+00   2.9634900e+00   5.2139900e+00   5.6913700e-01  -5.0574800e+05
   6.9452900e+00  -1.1205700e+00   6.0263200e+00   2.9627500e+00   5.2142000e+00   5.6918700e-01  -5.0574900e+05
   6.9449100e+00  -1.1208400e+00   6.0264000e+00   2.9624700e+00   5.2145700e+00   5.6973400e-01  -5.0574900e+05
   6.9454900e+00  -1.1206000e+00   6.0263400e+00   2.9625500e+00   5.2140500e+00   5.6928900e-01  -5.0575200e+05
   6.9448900e+00  -1.1205700e+00   6.0263800e+00   2.9628300e+00   5.2147500e+00   5.6981200e-01  -5.0574800e+05
   6.9450300e+00  -1.1207800e+00   6.0263800e+00   2.9626600e+00   5.2146800e+00   5.6967600e-01  -5.0574900e+05
   6.9456000e+00  -1.1209400e+00   6.0263000e+00   2.9629800e+00   5.2137400e+00   5.6901300e-01  -5.0575000e+05
   6.9453100e+00  -1.1209300e+00   6.0263000e+00   2.9630500e+00   5.2138400e+00   5.6877600e-01  -5.0574900e+05
   6.9454600e+00  -1.1213600e+00   6.0263000e+00   2.9632600e+00   5.2140500e+00   5.6877100e-01  -5.0575100e+05
   6.9452500e+00  -1.1214800e+00   6.0261900e+00   2.9633400e+00   5.2138500e+00   5.6928900e-01  -5.0575300e+05
   6.9446800e+00  -1.1215200e+00   6.0263500e+00   2.9627800e+00   5.2148000e+00   5.6976300e-01  -5.0575000e+05
   6.9449400e+00  -1.1214900e+00   6.0263000e+00   2.9636300e+00   5.2145000e+00   5.6952000e-01  -5.0574900e+05
   6.9447200e+00  -1.1212600e+00   6.0263700e+00   2.9630700e+00   5.2150500e+00   5.6988600e-01  -5.0574900e+05
   6.9455600e+00  -1.1208100e+00   6.0262800e+00   2.9626000e+00   5.2136700e+00   5.6862800e-01  -5.0575000e+05
   6.9450900e+00  -1.1206500e+00   6.0264000e+00   2.9626400e+00   5.2146400e+00   5.6907300e-01  -5.0575100e+05
   6.9450300e+00  -1.1209600e+00   6.0263200e+00   2.9624600e+00   5.2142100e+00   5.6917400e-01  -5.0575000e+05
   6.9449700e+00  -1.1209500e+00   6.0264000e+00   2.9627700e+00   5.2149000e+00   5.6972400e-01  -5.0575000e+05
   6.9443300e+00  -1.1207500e+00   6.0264100e+00   2.9621700e+00   5.2158200e+00   5.7097300e-01  -5.0575400e+05
   6.9457200e+00  -1.1208900e+00   6.0262500e+00   2.9617300e+00   5.2132800e+00   5.6873200e-01  -5.0575500e+05
   6.9447700e+00  -1.1209500e+00   6.0263800e+00   2.9614900e+00   5.2150500e+00   5.7029700e-01  -5.0575100e+05
   6.9452300e+00  -1.1209400e+00   6.0263900e+00   2.9611900e+00   5.2143000e+00   5.6902800e-01  -5.0574900e+05
   6.9454700e+00  -1.1209600e+00   6.0263900e+00   2.9609600e+00   5.2140100e+00   5.6861800e-01  -5.0575100e+05
   6.9454400e+00  -1.1204900e+00   6.0264200e+00   2.9608000e+00   5.2139700e+00   5.6859000e-01  -5.0575100e+05
   6.9449400e+00  -1.1208200e+00   6.0263300e+00   2.9607100e+00   5.2146000e+00   5.6917400e-01  -5.0575300e+05
   6.9448200e+00  -1.1204200e+00   6.0264600e+00   2.9612800e+00   5.2149300e+00   5.6964500e-01  -5.0575000e+05
   6.9452000e+00  -1.1204700e+00   6.0263200e+00   2.9619100e+00   5.2142200e+00   5.6895500e-01  -5.0574900e+05
   6.9456000e+00  -1.1204500e+00   6.0263700e+00   2.9617500e+00   5.2137200e+00   5.6900400e-01  -5.0575100e+05
   6.9447700e+00  -1.1205000e+00   6.0264100e+00   2.9624700e+00   5.2149800e+00   5.6978900e-01  -5.0574900e+05
   6.9449600e+00  -1.1204900e+00   6.0264700e+00   2.9628900e+00   5.2146900e+00   5.6982400e-01  -5.0575200e+05
   6.9446700e+00  -1.1203300e+00   6.0263600e+00   2.9633700e+00   5.2152400e+00   5.7043400e-01  -5.0575300e+05
   6.9450500e+00  -1.1201000e+00   6.0263200e+00   2.9638700e+00   5.2141800e+00   5.6926900e-01  -5.0575000e+05
   6.9450100e+00  -1.1196600e+00   6.0263600e+00   2.9636300e+00   5.2143000e+00   5.6909000e-01  -5.0575000e+05
   6.9448900e+00  -1.1197700e+00   6.0263300e+00   2.9630200e+00   5.2145100e+00   5.6916600e-01  -5.0575000e+05
   6.9449000e+00  -1.1199000e+00   6.0263400e+00   2.9630000e+00   5.2146100e+00   5.7037300e-01  -5.0575500e+05
   6.9447300e+00  -1.1197100e+00   6.0263400e+00   2.9633500e+00   5.2145800e+00   5.6996100e-01  -5.0575200e+05
   6.9454000e+00  -1.1195900e+00   6.0262700e+00   2.9635300e+00   5.2136900e+00   5.6890300e-01  -5.0575000e+05
   6.9449300e+00  -1.1201900e+00   6.0262900e+00   2.9630800e+00   5.2143600e+00   5.6943800e-01  -5.0575000e+05
   6.9452100e+00  -1.1197800e+00   6.0263000e+00   2.9633300e+00   5.2142200e+00   5.6911600e-01  -5.0575000e+05
   6.9451200e+00  -1.1194400e+00   6.0264000e+00   2.9630900e+00   5.2143000e+00   5.6911300e-01  -5.0574900e+05
   6.9453000e+00  -1.1194200e+00   6.0263900e+00   2.9624800e+00   5.2141700e+00   5.6870400e-01  -5.0574900e+05
   6.9452000e+00  -1.1198000e+00   6.0264300e+00   2.9625600e+00   5.2141000e+00   5.6879400e-01  -5.0575000e+05
   6.9457000e+00  -1.1195900e+00   6.0262900e+00   2.9626200e+00   5.2132600e+00   5.6837800e-01  -5.0575000e+05
   6.9453000e+00  -1.1200100e+00   6.0263800e+00   2.9628600e+00   5.2140000e+00   5.6925300e-01  -5.0574900e+05
   6.9447200e+00  -1.1207900e+00   6.0263200e+00   2.9628700e+00   5.2149900e+00   5.6963900e-01  -5.0575000e+05
   6.9449500e+00  -1.1206800e+00   6.0263800e+00   2.9621600e+00   5.2149500e+00   5.6996700e-01  -5.0575100e+05
   6.9448900e+00  -1.1210500e+00   6.0262800e+00   2.9621600e+00   5.2144400e+00   5.6919300e-01  -5.0575200e+05
   6.9452600e+00  -1.1211600e+00   6.0264000e+00   2.9617400e+00   5.2140700e+00   5.6836500e-01  -5.0575300e+05
   6.9449800e+00  -1.1213600e+00   6.0262900e+00   2.9622800e+00   5.2145000e+00   5.6912200e-01  -5.0575000e+05
   6.9450900e+00  -1.1215400e+00   6.0263400e+00   2.9619200e+00   5.2144200e+00   5.6909900e-01  -5.0574800e+05
   6.9450900e+00  -1.1214900e+00   6.0263800e+00   2.9619600e+00   5.2144200e+00   5.6938400e-01  -5.0574800e+05
   6.9446400e+00  -1.1216200e+00   6.0264600e+00   2.9625300e+00   5.2149700e+00   5.6967800e-01  -5.0575400e+05
   6.9446200e+00  -1.1218500e+00   6.0264500e+00   2.9625200e+00   5.2152900e+00   5.6986900e-01  -5.0575200e+05
   6.9450200e+00  -1.1217400e+00   6.0263100e+00   2.9628900e+00   5.2144400e+00   5.6963700e-01  -5.0574800e+05
   6.9451500e+00  -1.1217900e+00   6.0262800e+00   2.9630600e+00   5.2142900e+00   5.6938300e-01  -5.0574800e+05
   6.9453200e+00  -1.1215600e+00   6.0262800e+00   2.9632900e+00   5.2140900e+00   5.6921200e-01  -5.0574800e+05
   6.9448400e+00  -1.1211300e+00   6.0262200e+00   2.9632900e+00   5.2148900e+00   5.6999500e-01  -5.0575400e+05
   6.9449400e+00  -1.1207500e+00   6.0262700e+00   2.9634000e+00   5.2144100e+00   5.7003100e-01  -5.0575200e+05
   6.9454100e+00  -1.1205400e+00   6.0263000e+00   2.9639100e+00   5.2135800e+00   5.6876800e-01  -5.0575000e+05
   6.9453300e+00  -1.1204000e+00   6.0262600e+00   2.9638900e+00   5.2139000e+00   5.6877600e-01  -5.0575100e+05
   6.9450100e+00  -1.1206400e+00   6.0263800e+00   2.9637600e+00   5.2140800e+00   5.6922300e-01  -5.0575500e+05
   6.9449900e+00  -1.1204600e+00   6.0263800e+00   2.9631400e+00   5.2145200e+00   5.6922100e-01  -5.0574900e+05
   6.9454200e+00  -1.1202800e+00   6.0263400e+00   2.9630700e+00   5.2138700e+00   5.6891900e-01  -5.0574800e+05
   6.9455000e+00  -1.1200800e+00   6.0263300e+00   2.9623400e+00   5.2136500e+00   5.6903000e-01  -5.0575000e+05
   6.9453100e+00  -1.1201400e+00   6.0263700e+00   2.9622400e+00   5.2139100e+00   5.6876800e-01  -5.0574800e+05
   6.9451900e+00  -1.1201500e+00   6.0263800e+00   2.9619200e+00   5.2142800e+00   5.6880100e-01  -5.0574900e+05
   6.9450400e+00  -1.1204200e+00   6.0263400e+00   2.9618200e+00   5.2143100e+00   5.6921800e-01  -5.0574900e+05
   6.9444600e+00  -1.1202700e+00   6.0263700e+00   2.9619100e+00   5.2156700e+00   5.7005600e-01  -5.0575400e+05
   6.9449600e+00  -1.1204100e+00   6.0264300e+00   2.9622200e+00   5.2145400e+00   5.6968500e-01  -5.0575000e+05
   6.9452700e+00  -1.1201600e+00   6.0264000e+00   2.9628100e+00   5.2144800e+00   5.6934300e-01  -5.0575200e+05
   6.9455200e+00  -1.1199900e+00   6.0264100e+00   2.9629600e+00   5.2136300e+00   5.6842700e-01  -5.0575000e+05
   6.9449200e+00  -1.1198900e+00   6.0262900e+00   2.9630100e+00   5.2147900e+00   5.7003400e-01  -5.0575300e+05
   6.9451500e+00  -1.1197800e+00   6.0262500e+00   2.9635300e+00   5.2141900e+00   5.6927800e-01  -5.0575100e+05
