   7.4760200e+00  -5.6138500e+00   6.8499100e+00   3.4011800e+00   5.6881900e+00   3.4012000e+00  -2.4556900e+07
   7.4758000e+00  -5.6137100e+00   6.8499100e+00   3.4012000e+00   5.6882200e+00   3.4012000e+00  -2.4556900e+07
   7.4758400e+00  -5.6136200e+00   6.8499300e+00   3.4011900e+00   5.6881400e+00   3.4012000e+00  -2.4556900e+07
   7.4757400e+00  -5.6136700e+00   6.8498300e+00   3.4011900e+00   5.6882200e+00   3.4012000e+00  -2.4556900e+07
   7.4761100e+00  -5.6139000e+00   6.8499200e+00   3.4011900e+00   5.6882400e+00   3.4012000e+00  -2.4556900e+07
   7.4764100e+00  -5.6142200e+00   6.8498700e+00   3.4012000e+00   5.6882400e+00   3.4011900e+00  -2.4556900e+07
   7.4762000e+00  -5.6140700e+00   6.8499500e+00   3.4012000e+00   5.6881100e+00   3.4012000e+00  -2.4556900e+07
   7.4762000e+00  -5.6141300e+00   6.8499400e+00   3.4011900e+00   5.6881600e+00   3.4012000e+00  -2.4556900e+07
   7.4763600e+00  -5.6142500e+00   6.8498200e+00   3.4011900e+00   5.6881900e+00   3.4012000e+00  -2.4556900e+07
   7.4764900e+00  -5.6142600e+00   6.8499700e+00   3.4012000e+00   5.6882000e+00   3.4012000e+00  -2.4556900e+07
   7.4761900e+00  -5.6141500e+00   6.8499300e+00   3.4011900e+00   5.6882200e+00   3.4012000e+00  -2.4556900e+07
   7.4764700e+00  -5.6143400e+00   6.8499600e+00   3.4011900e+00   5.6881800e+00   3.4012000e+00  -2.4556900e+07
   7.4765000e+00  -5.6145900e+00   6.8499700e+00   3.4011900e+00   5.6881900e+00   3.4012000e+00  -2.4556900e+07
   7.4767600e+00  -5.6146700e+00   6.8499200e+00   3.4011900e+00   5.6882100e+00   3.4012000e+00  -2.4556900e+07
   7.4767300e+00  -5.6146500e+00   6.8499000e+00   3.4011900e+00   5.6881100e+00   3.4012000e+00  -2.4556900e+07
   7.4766700e+00  -5.6146000e+00   6.8499100e+00   3.4011900e+00   5.6882100e+00   3.4012000e+00  -2.4556900e+07
   7.4768300e+00  -5.6148600e+00   6.8498700e+00   3.4011800e+00   5.6881200e+00   3.4012000e+00  -2.4556900e+07
   7.4767100e+00  -5.6147700e+00   6.8498700e+00   3.4012000e+00   5.6881900e+00   3.4012000e+00  -2.4556900e+07
   7.4768600e+00  -5.6148100e+00   6.8499500e+00   3.4011900e+00   5.6882000e+00   3.4012000e+00  -2.4556900e+07
   7.4770000e+00  -5.6150900e+00   6.8499600e+00   3.4011900e+00   5.6882600e+00   3.4011900e+00  -2.4556900e+07
   7.4767800e+00  -5.6148800e+00   6.8498600e+00   3.4011900e+00   5.6881500e+00   3.4012000e+00  -2.4556900e+07
   7.4767800e+00  -5.6148900e+00   6.8499500e+00   3.4011800e+00   5.6882600e+00   3.4012000e+00  -2.4556900e+07
   7.4770400e+00  -5.6149800e+00   6.8499600e+00   3.4012000e+00   5.6881300e+00   3.4012000e+00  -2.4556900e+07
   7.4772100e+00  -5.6151600e+00   6.8500300e+00   3.4011900e+00   5.6881600e+00   3.4012000e+00  -2.4556900e+07
   7.4772700e+00  -5.6151000e+00   6.8499600e+00   3.4011900e+00   5.6881600e+00   3.4012000e+00  -2.4556900e+07
   7.4771500e+00  -5.6151200e+00   6.8499800e+00   3.4011900e+00   5.6882300e+00   3.4012000e+00  -2.4556900e+07
   7.4772300e+00  -5.6151300e+00   6.8499100e+00   3.4011900e+00   5.6881900e+00   3.4012000e+00  -2.4556900e+07
   7.4770400e+00  -5.6150600e+00   6.8499400e+00   3.4011900e+00   5.6882100e+00   3.4012000e+00  -2.4556900e+07
   7.4767400e+00  -5.6148200e+00   6.8499800e+00   3.4012000e+00   5.6882200e+00   3.4012000e+00  -2.4556900e+07
   7.4768000e+00  -5.6148600e+00   6.8498700e+00   3.4012000e+00   5.6882300e+00   3.4012000e+00  -2.4556900e+07
   7.4768300e+00  -5.6147300e+00   6.8499100e+00   3.4012000e+00   5.6881500e+00   3.4012000e+00  -2.4556900e+07
   7.4769300e+00  -5.6147700e+00   6.8499900e+00   3.4011900e+00   5.6881100e+00   3.4012000e+00  -2.4556900e+07
   7.4768500e+00  -5.6149200e+00   6.8499000e+00   3.4011900e+00   5.6882200e+00   3.4012000e+00  -2.4556900e+07
   7.4772700e+00  -5.6151500e+00   6.8499600e+00   3.4012000e+00   5.6882000e+00   3.4012000e+00  -2.4556900e+07
   7.4771500e+00  -5.6152100e+00   6.8498400e+00   3.4011900e+00   5.6881000e+00   3.4012000e+00  -2.4556900e+07
   7.4771800e+00  -5.6152400e+00   6.8499700e+00   3.4012000e+00   5.6881700e+00   3.4012000e+00  -2.4556900e+07
   7.4772400e+00  -5.6152600e+00   6.8499800e+00   3.4012000e+00   5.6881200e+00   3.4012000e+00  -2.4556900e+07
   7.4773400e+00  -5.6154400e+00   6.8499800e+00   3.4011900e+00   5.6882100e+00   3.4012000e+00  -2.4556900e+07
   7.4775900e+00  -5.6156000e+00   6.8499700e+00   3.4011900e+00   5.6882200e+00   3.4012000e+00  -2.4556900e+07
   7.4774900e+00  -5.6155200e+00   6.8499400e+00   3.4012000e+00   5.6881800e+00   3.4012000e+00  -2.4556900e+07
   7.4776100e+00  -5.6156500e+00   6.8499700e+00   3.4011900e+00   5.6882100e+00   3.4012000e+00  -2.4556900e+07
   7.4775600e+00  -5.6155400e+00   6.8499700e+00   3.4011900e+00   5.6881600e+00   3.4012000e+00  -2.4556900e+07
   7.4775300e+00  -5.6154900e+00   6.8499800e+00   3.4012000e+00   5.6881600e+00   3.4012000e+00  -2.4556900e+07
   7.4776500e+00  -5.6155600e+00   6.8500200e+00   3.4011900e+00   5.6881600e+00   3.4012000e+00  -2.4556900e+07
   7.4773400e+00  -5.6155500e+00   6.8499000e+00   3.4011900e+00   5.6882300e+00   3.4011900e+00  -2.4556900e+07
   7.4774200e+00  -5.6154300e+00   6.8499100e+00   3.4011900e+00   5.6881500e+00   3.4011900e+00  -2.4556900e+07
   7.4772200e+00  -5.6153100e+00   6.8500100e+00   3.4012000e+00   5.6881600e+00   3.4012000e+00  -2.4556900e+07
   7.4772400e+00  -5.6152700e+00   6.8499900e+00   3.4011900e+00   5.6881800e+00   3.4012000e+00  -2.4556900e+07
   7.4774400e+00  -5.6152600e+00   6.8500600e+00   3.4011900e+00   5.6881400e+00   3.4012000e+00  -2.4556900e+07
   7.4772600e+00  -5.6154900e+00   6.8499900e+00   3.4011900e+00   5.6882300e+00   3.4012000e+00  -2.4556900e+07
   7.4772800e+00  -5.6153900e+00   6.8498400e+00   3.4011900e+00   5.6882300e+00   3.4012000e+00  -2.4556900e+07
   7.4773900e+00  -5.6154300e+00   6.8498900e+00   3.4012000e+00   5.6881800e+00   3.4012000e+00  -2.4556900e+07
   7.4772900e+00  -5.6155200e+00   6.8498800e+00   3.4011900e+00   5.6882100e+00   3.4012000e+00  -2.4556900e+07
   7.4772600e+00  -5.6155300e+00   6.8499300e+00   3.4011900e+00   5.6882000e+00   3.4011900e+00  -2.4556900e+07
   7.4777300e+00  -5.6155700e+00   6.8500200e+00   3.4012000e+00   5.6881900e+00   3.4011900e+00  -2.4556900e+07
   7.4774600e+00  -5.6154700e+00   6.8499200e+00   3.4011900e+00   5.6881800e+00   3.4012000e+00  -2.4556900e+07
   7.4772900e+00  -5.6155400e+00   6.8499200e+00   3.4011900e+00   5.6882200e+00   3.4012000e+00  -2.4556900e+07
   7.4774900e+00  -5.6154500e+00   6.8499500e+00   3.4011900e+00   5.6882300e+00   3.4012000e+00  -2.4556900e+07
   7.4773700e+00  -5.6154400e+00   6.8499600e+00   3.4011900e+00   5.6882400e+00   3.4012000e+00  -2.4556900e+07
   7.4772100e+00  -5.6152400e+00   6.8499900e+00   3.4011900e+00   5.6881700e+00   3.4011900e+00  -2.4556900e+07
   7.4773400e+00  -5.6154100e+00   6.8500000e+00   3.4011800e+00   5.6882500e+00   3.4012000e+00  -2.4556900e+07
   7.4771200e+00  -5.6152700e+00   6.8500200e+00   3.4011900e+00   5.6882600e+00   3.4012000e+00  -2.4556900e+07
   7.4774800e+00  -5.6153700e+00   6.8499500e+00   3.4011900e+00   5.6881500e+00   3.4012000e+00  -2.4556900e+07
   7.4773300e+00  -5.6152700e+00   6.8499800e+00   3.4011900e+00   5.6881400e+00   3.4012000e+00  -2.4556900e+07
   7.4772700e+00  -5.6151800e+00   6.8500100e+00   3.4011800e+00   5.6881700e+00   3.4012000e+00  -2.4556900e+07
   7.4772400e+00  -5.6151900e+00   6.8499600e+00   3.4012000e+00   5.6882500e+00   3.4012000e+00  -2.4556900e+07
   7.4770000e+00  -5.6151400e+00   6.8499600e+00   3.4011800e+00   5.6882300e+00   3.4012000e+00  -2.4556900e+07
   7.4772500e+00  -5.6152700e+00   6.8499500e+00   3.4011900e+00   5.6882200e+00   3.4012000e+00  -2.4556900e+07
   7.4771900e+00  -5.6153400e+00   6.8498700e+00   3.4012000e+00   5.6882200e+00   3.4012000e+00  -2.4556900e+07
   7.4771900e+00  -5.6152100e+00   6.8499500e+00   3.4011900e+00   5.6881900e+00   3.4012000e+00  -2.4556900e+07
   7.4771100e+00  -5.6152200e+00   6.8499200e+00   3.4011800e+00   5.6882300e+00   3.4012000e+00  -2.4556900e+07
   7.4770400e+00  -5.6151200e+00   6.8499300e+00   3.4012000e+00   5.6882100e+00   3.4012000e+00  -2.4556900e+07
   7.4774800e+00  -5.6154000e+00   6.8499300e+00   3.4011900e+00   5.6881300e+00   3.4012000e+00  -2.4556900e+07
   7.4774600e+00  -5.6154500e+00   6.8499100e+00   3.4011900e+00   5.6881500e+00   3.4012000e+00  -2.4556900e+07
   7.4774300e+00  -5.6156900e+00   6.8499000e+00   3.4011900e+00   5.6882000e+00   3.4012000e+00  -2.4556900e+07
   7.4775000e+00  -5.6156800e+00   6.8499100e+00   3.4011900e+00   5.6881800e+00   3.4012000e+00  -2.4556900e+07
   7.4775100e+00  -5.6156600e+00   6.8499600e+00   3.4011900e+00   5.6882300e+00   3.4012000e+00  -2.4556900e+07
   7.4774600e+00  -5.6154900e+00   6.8499300e+00   3.4011900e+00   5.6881900e+00   3.4012000e+00  -2.4556900e+07
   7.4774700e+00  -5.6154500e+00   6.8499900e+00   3.4012000e+00   5.6881200e+00   3.4012000e+00  -2.4556900e+07
   7.4772500e+00  -5.6154700e+00   6.8499900e+00   3.4011900e+00   5.6882700e+00   3.4012000e+00  -2.4556900e+07
   7.4773100e+00  -5.6154500e+00   6.8499400e+00   3.4011900e+00   5.6881600e+00   3.4012000e+00  -2.4556900e+07
   7.4777800e+00  -5.6158800e+00   6.8499700e+00   3.4011900e+00   5.6881400e+00   3.4012000e+00  -2.4556900e+07
   7.4775600e+00  -5.6156400e+00   6.8499700e+00   3.4012000e+00   5.6881700e+00   3.4012000e+00  -2.4556900e+07
   7.4774500e+00  -5.6156600e+00   6.8499400e+00   3.4011900e+00   5.6881600e+00   3.4012000e+00  -2.4556900e+07
   7.4774300e+00  -5.6155100e+00   6.8499500e+00   3.4011900e+00   5.6881700e+00   3.4012000e+00  -2.4556900e+07
   7.4773700e+00  -5.6154300e+00   6.8499700e+00   3.4011900e+00   5.6881900e+00   3.4012000e+00  -2.4556900e+07
   7.4772100e+00  -5.6154700e+00   6.8499300e+00   3.4011900e+00   5.6882000e+00   3.4012000e+00  -2.4556900e+07
   7.4773300e+00  -5.6154100e+00   6.8499000e+00   3.4011900e+00   5.6881600e+00   3.4012000e+00  -2.4556900e+07
   7.4774000e+00  -5.6156800e+00   6.8499300e+00   3.4011800e+00   5.6883100e+00   3.4012000e+00  -2.4556900e+07
   7.4776900e+00  -5.6157100e+00   6.8499700e+00   3.4011900e+00   5.6881800e+00   3.4012000e+00  -2.4556900e+07
   7.4777100e+00  -5.6158000e+00   6.8499300e+00   3.4012000e+00   5.6882400e+00   3.4012000e+00  -2.4556900e+07
   7.4777000e+00  -5.6158800e+00   6.8499200e+00   3.4012000e+00   5.6881400e+00   3.4012000e+00  -2.4556900e+07
   7.4777500e+00  -5.6158700e+00   6.8499400e+00   3.4012000e+00   5.6882900e+00   3.4012000e+00  -2.4556900e+07
   7.4776800e+00  -5.6157400e+00   6.8500000e+00   3.4011900e+00   5.6881700e+00   3.4012000e+00  -2.4556900e+07
   7.4780200e+00  -5.6160000e+00   6.8499900e+00   3.4011900e+00   5.6881200e+00   3.4012000e+00  -2.4556900e+07
   7.4778600e+00  -5.6160900e+00   6.8499400e+00   3.4011700e+00   5.6881900e+00   3.4012000e+00  -2.4556900e+07
   7.4778600e+00  -5.6160100e+00   6.8500300e+00   3.4011900e+00   5.6881500e+00   3.4012000e+00  -2.4556900e+07
   7.4780300e+00  -5.6160300e+00   6.8499900e+00   3.4011900e+00   5.6881200e+00   3.4012000e+00  -2.4556900e+07
   7.4780300e+00  -5.6162200e+00   6.8499300e+00   3.4011900e+00   5.6881500e+00   3.4012000e+00  -2.4556900e+07
   7.4782800e+00  -5.6163800e+00   6.8499800e+00   3.4011900e+00   5.6881900e+00   3.4012000e+00  -2.4556900e+07
   7.4779400e+00  -5.6161700e+00   6.8500000e+00   3.4011900e+00   5.6881700e+00   3.4012000e+00  -2.4556900e+07
   7.4781100e+00  -5.6163000e+00   6.8499500e+00   3.4011900e+00   5.6882200e+00   3.4012000e+00  -2.4556900e+07
   7.4782500e+00  -5.6163600e+00   6.8500300e+00   3.4011900e+00   5.6881500e+00   3.4012000e+00  -2.4556900e+07
   7.4782000e+00  -5.6162700e+00   6.8500100e+00   3.4012000e+00   5.6881700e+00   3.4012000e+00  -2.4556900e+07
   7.4781500e+00  -5.6162900e+00   6.8500000e+00   3.4012000e+00   5.6882000e+00   3.4012000e+00  -2.4556900e+07
   7.4778400e+00  -5.6161100e+00   6.8499500e+00   3.4011800e+00   5.6882000e+00   3.4012000e+00  -2.4556900e+07
   7.4781800e+00  -5.6162400e+00   6.8500300e+00   3.4011900e+00   5.6882200e+00   3.4012000e+00  -2.4556900e+07
   7.4780000e+00  -5.6160900e+00   6.8500100e+00   3.4011900e+00   5.6881700e+00   3.4012000e+00  -2.4556900e+07
   7.4781400e+00  -5.6162100e+00   6.8500400e+00   3.4011900e+00   5.6882300e+00   3.4012000e+00  -2.4556900e+07
   7.4781500e+00  -5.6163200e+00   6.8500000e+00   3.4012000e+00   5.6882100e+00   3.4012000e+00  -2.4556900e+07
   7.4782400e+00  -5.6163300e+00   6.8500200e+00   3.4011900e+00   5.6881600e+00   3.4012000e+00  -2.4556900e+07
   7.4780000e+00  -5.6163800e+00   6.8499500e+00   3.4011900e+00   5.6882400e+00   3.4012000e+00  -2.4556900e+07
   7.4782700e+00  -5.6163900e+00   6.8499900e+00   3.4011900e+00   5.6882000e+00   3.4012000e+00  -2.4556900e+07
   7.4780400e+00  -5.6162200e+00   6.8499200e+00   3.4012000e+00   5.6882300e+00   3.4012000e+00  -2.4556900e+07
   7.4779000e+00  -5.6159500e+00   6.8499900e+00   3.4011900e+00   5.6881500e+00   3.4012000e+00  -2.4556900e+07
   7.4775200e+00  -5.6158200e+00   6.8499400e+00   3.4011800e+00   5.6882100e+00   3.4012000e+00  -2.4556900e+07
   7.4776700e+00  -5.6159300e+00   6.8499100e+00   3.4011900e+00   5.6881900e+00   3.4012000e+00  -2.4556900e+07
   7.4777200e+00  -5.6158700e+00   6.8499000e+00   3.4011900e+00   5.6882000e+00   3.4012000e+00  -2.4556900e+07
   7.4778700e+00  -5.6161100e+00   6.8499200e+00   3.4012000e+00   5.6882500e+00   3.4012000e+00  -2.4556900e+07
   7.4780600e+00  -5.6162000e+00   6.8500200e+00   3.4012000e+00   5.6881800e+00   3.4012000e+00  -2.4556900e+07
   7.4781100e+00  -5.6163300e+00   6.8500000e+00   3.4012000e+00   5.6882200e+00   3.4012000e+00  -2.4556900e+07
   7.4782500e+00  -5.6162900e+00   6.8500300e+00   3.4012000e+00   5.6881800e+00   3.4012000e+00  -2.4556900e+07
   7.4784200e+00  -5.6164400e+00   6.8500100e+00   3.4012000e+00   5.6881500e+00   3.4012000e+00  -2.4556900e+07
   7.4784000e+00  -5.6164500e+00   6.8500100e+00   3.4011900e+00   5.6881000e+00   3.4012000e+00  -2.4556900e+07
   7.4782800e+00  -5.6165400e+00   6.8499100e+00   3.4011900e+00   5.6882100e+00   3.4012000e+00  -2.4556900e+07
   7.4781000e+00  -5.6163300e+00   6.8499000e+00   3.4012000e+00   5.6882300e+00   3.4012000e+00  -2.4556900e+07
   7.4781900e+00  -5.6164100e+00   6.8499700e+00   3.4012000e+00   5.6881100e+00   3.4012000e+00  -2.4556900e+07
   7.4780300e+00  -5.6162400e+00   6.8499700e+00   3.4011900e+00   5.6881200e+00   3.4012000e+00  -2.4556900e+07
   7.4782100e+00  -5.6162400e+00   6.8499800e+00   3.4011900e+00   5.6881300e+00   3.4012000e+00  -2.4556900e+07
   7.4780800e+00  -5.6160800e+00   6.8499700e+00   3.4011900e+00   5.6881300e+00   3.4012000e+00  -2.4556900e+07
   7.4780100e+00  -5.6161900e+00   6.8499800e+00   3.4011900e+00   5.6881600e+00   3.4012000e+00  -2.4556900e+07
   7.4781700e+00  -5.6163100e+00   6.8499000e+00   3.4012000e+00   5.6881900e+00   3.4012000e+00  -2.4556900e+07
   7.4781100e+00  -5.6162500e+00   6.8499900e+00   3.4011900e+00   5.6881300e+00   3.4012000e+00  -2.4556900e+07
   7.4780800e+00  -5.6161400e+00   6.8499800e+00   3.4012000e+00   5.6881600e+00   3.4012000e+00  -2.4556900e+07
   7.4778200e+00  -5.6159900e+00   6.8499200e+00   3.4012000e+00   5.6882100e+00   3.4012000e+00  -2.4556900e+07
   7.4779000e+00  -5.6161000e+00   6.8499700e+00   3.4012000e+00   5.6881900e+00   3.4012000e+00  -2.4556900e+07
   7.4780200e+00  -5.6162100e+00   6.8499000e+00   3.4011900e+00   5.6882300e+00   3.4012000e+00  -2.4556900e+07
   7.4781200e+00  -5.6164100e+00   6.8499500e+00   3.4011900e+00   5.6881600e+00   3.4012000e+00  -2.4556900e+07
   7.4783800e+00  -5.6164500e+00   6.8500200e+00   3.4011900e+00   5.6881900e+00   3.4012000e+00  -2.4556900e+07
   7.4783100e+00  -5.6163800e+00   6.8499200e+00   3.4012000e+00   5.6881700e+00   3.4012000e+00  -2.4556900e+07
   7.4781900e+00  -5.6163500e+00   6.8499800e+00   3.4012000e+00   5.6881500e+00   3.4012000e+00  -2.4556900e+07
   7.4784300e+00  -5.6165600e+00   6.8500400e+00   3.4011900e+00   5.6881700e+00   3.4012000e+00  -2.4556900e+07
   7.4782100e+00  -5.6165400e+00   6.8499500e+00   3.4011900e+00   5.6882400e+00   3.4012000e+00  -2.4556900e+07
   7.4783400e+00  -5.6165800e+00   6.8499600e+00   3.4012000e+00   5.6881600e+00   3.4012000e+00  -2.4556900e+07
   7.4781700e+00  -5.6164100e+00   6.8499700e+00   3.4011900e+00   5.6882400e+00   3.4012000e+00  -2.4556900e+07
   7.4781900e+00  -5.6163600e+00   6.8500200e+00   3.4012000e+00   5.6881700e+00   3.4012000e+00  -2.4556900e+07
   7.4782500e+00  -5.6165700e+00   6.8499300e+00   3.4012000e+00   5.6881500e+00   3.4012000e+00  -2.4556900e+07
   7.4783400e+00  -5.6165300e+00   6.8499500e+00   3.4012000e+00   5.6881700e+00   3.4012000e+00  -2.4556900e+07
   7.4782800e+00  -5.6165900e+00   6.8499100e+00   3.4012000e+00   5.6881600e+00   3.4012000e+00  -2.4556900e+07
   7.4783600e+00  -5.6166500e+00   6.8499100e+00   3.4012000e+00   5.6881700e+00   3.4012000e+00  -2.4556900e+07
   7.4785000e+00  -5.6166800e+00   6.8499900e+00   3.4012000e+00   5.6882500e+00   3.4012000e+00  -2.4556900e+07
   7.4783100e+00  -5.6165900e+00   6.8499900e+00   3.4011900e+00   5.6882400e+00   3.4012000e+00  -2.4556900e+07
   7.4786300e+00  -5.6167300e+00   6.8500500e+00   3.4011700e+00   5.6882100e+00   3.4012000e+00  -2.4556900e+07
   7.4782900e+00  -5.6167500e+00   6.8499400e+00   3.4011900e+00   5.6882700e+00   3.4012000e+00  -2.4556900e+07
   7.4786600e+00  -5.6167900e+00   6.8499800e+00   3.4011900e+00   5.6880900e+00   3.4012000e+00  -2.4556900e+07
   7.4782600e+00  -5.6166700e+00   6.8499100e+00   3.4011900e+00   5.6881900e+00   3.4012000e+00  -2.4556900e+07
   7.4782200e+00  -5.6165000e+00   6.8498900e+00   3.4011900e+00   5.6882000e+00   3.4012000e+00  -2.4556900e+07
   7.4782700e+00  -5.6165100e+00   6.8499800e+00   3.4011800e+00   5.6881700e+00   3.4012000e+00  -2.4556900e+07
   7.4781700e+00  -5.6165100e+00   6.8499200e+00   3.4012000e+00   5.6881600e+00   3.4012000e+00  -2.4556900e+07
   7.4782300e+00  -5.6164600e+00   6.8499700e+00   3.4011900e+00   5.6881400e+00   3.4012000e+00  -2.4556900e+07
   7.4783800e+00  -5.6167700e+00   6.8498600e+00   3.4011800e+00   5.6881800e+00   3.4012000e+00  -2.4556900e+07
   7.4782800e+00  -5.6166900e+00   6.8498900e+00   3.4011800e+00   5.6882400e+00   3.4012000e+00  -2.4556900e+07
   7.4785700e+00  -5.6166200e+00   6.8500000e+00   3.4011900e+00   5.6881700e+00   3.4012000e+00  -2.4556900e+07
   7.4785500e+00  -5.6167000e+00   6.8500100e+00   3.4012000e+00   5.6881700e+00   3.4012000e+00  -2.4556900e+07
   7.4783200e+00  -5.6167100e+00   6.8499700e+00   3.4011900e+00   5.6882300e+00   3.4012000e+00  -2.4556900e+07
   7.4783400e+00  -5.6166300e+00   6.8499700e+00   3.4011900e+00   5.6881900e+00   3.4012000e+00  -2.4556900e+07
   7.4784200e+00  -5.6166400e+00   6.8499700e+00   3.4011900e+00   5.6881500e+00   3.4011900e+00  -2.4556900e+07
   7.4786000e+00  -5.6166300e+00   6.8500600e+00   3.4012000e+00   5.6881600e+00   3.4012000e+00  -2.4556900e+07
   7.4784300e+00  -5.6166000e+00   6.8499700e+00   3.4012000e+00   5.6881400e+00   3.4012000e+00  -2.4556900e+07
   7.4785900e+00  -5.6167500e+00   6.8500200e+00   3.4012000e+00   5.6882200e+00   3.4012000e+00  -2.4556900e+07
   7.4784100e+00  -5.6167100e+00   6.8500100e+00   3.4011900e+00   5.6882200e+00   3.4012000e+00  -2.4556900e+07
   7.4786400e+00  -5.6168900e+00   6.8500700e+00   3.4011900e+00   5.6882100e+00   3.4012000e+00  -2.4556900e+07
   7.4786600e+00  -5.6167800e+00   6.8500700e+00   3.4012000e+00   5.6881800e+00   3.4012000e+00  -2.4556900e+07
   7.4784300e+00  -5.6165300e+00   6.8499500e+00   3.4011900e+00   5.6881000e+00   3.4012000e+00  -2.4556900e+07
   7.4783200e+00  -5.6166200e+00   6.8499300e+00   3.4012000e+00   5.6882400e+00   3.4012000e+00  -2.4556900e+07
   7.4781900e+00  -5.6164300e+00   6.8499700e+00   3.4011900e+00   5.6882300e+00   3.4012000e+00  -2.4556900e+07
   7.4785100e+00  -5.6166500e+00   6.8499800e+00   3.4012000e+00   5.6881300e+00   3.4012000e+00  -2.4556900e+07
   7.4784900e+00  -5.6167800e+00   6.8498900e+00   3.4011900e+00   5.6881500e+00   3.4012000e+00  -2.4556900e+07
   7.4786300e+00  -5.6170200e+00   6.8499400e+00   3.4011900e+00   5.6882300e+00   3.4012000e+00  -2.4556900e+07
   7.4788600e+00  -5.6171900e+00   6.8499200e+00   3.4012000e+00   5.6881200e+00   3.4012000e+00  -2.4556900e+07
   7.4789300e+00  -5.6172200e+00   6.8500200e+00   3.4012000e+00   5.6882300e+00   3.4012000e+00  -2.4556900e+07
   7.4790000e+00  -5.6173200e+00   6.8499700e+00   3.4012000e+00   5.6882300e+00   3.4012000e+00  -2.4556900e+07
   7.4789900e+00  -5.6173700e+00   6.8500000e+00   3.4011900e+00   5.6882100e+00   3.4012000e+00  -2.4556900e+07
   7.4790800e+00  -5.6173200e+00   6.8500500e+00   3.4011900e+00   5.6881000e+00   3.4012000e+00  -2.4556900e+07
   7.4788900e+00  -5.6171500e+00   6.8500000e+00   3.4012000e+00   5.6882100e+00   3.4012000e+00  -2.4556900e+07
   7.4789500e+00  -5.6171400e+00   6.8500100e+00   3.4012000e+00   5.6882200e+00   3.4012000e+00  -2.4556900e+07
   7.4787100e+00  -5.6169500e+00   6.8499900e+00   3.4012000e+00   5.6881900e+00   3.4012000e+00  -2.4556900e+07
   7.4785900e+00  -5.6168500e+00   6.8499700e+00   3.4011900e+00   5.6881500e+00   3.4012000e+00  -2.4556900e+07
   7.4784600e+00  -5.6168300e+00   6.8499600e+00   3.4011900e+00   5.6881800e+00   3.4012000e+00  -2.4556900e+07
   7.4784800e+00  -5.6167800e+00   6.8500100e+00   3.4012000e+00   5.6882200e+00   3.4011900e+00  -2.4556900e+07
   7.4785700e+00  -5.6167200e+00   6.8500000e+00   3.4012000e+00   5.6882000e+00   3.4012000e+00  -2.4556900e+07
   7.4784600e+00  -5.6166900e+00   6.8499600e+00   3.4011900e+00   5.6881700e+00   3.4012000e+00  -2.4556900e+07
   7.4784300e+00  -5.6166300e+00   6.8499800e+00   3.4011900e+00   5.6881900e+00   3.4012000e+00  -2.4556900e+07
   7.4784400e+00  -5.6166600e+00   6.8499300e+00   3.4011900e+00   5.6881700e+00   3.4012000e+00  -2.4556900e+07
   7.4784000e+00  -5.6165500e+00   6.8499700e+00   3.4012000e+00   5.6881800e+00   3.4012000e+00  -2.4556900e+07
   7.4786900e+00  -5.6168700e+00   6.8500800e+00   3.4011900e+00   5.6881300e+00   3.4012000e+00  -2.4556900e+07
   7.4785000e+00  -5.6168100e+00   6.8499500e+00   3.4012000e+00   5.6881600e+00   3.4012000e+00  -2.4556900e+07
   7.4785500e+00  -5.6167200e+00   6.8499700e+00   3.4011900e+00   5.6882000e+00   3.4012000e+00  -2.4556900e+07
   7.4786100e+00  -5.6167000e+00   6.8500500e+00   3.4011800e+00   5.6881900e+00   3.4012000e+00  -2.4556900e+07
   7.4787000e+00  -5.6167600e+00   6.8500800e+00   3.4011900e+00   5.6881900e+00   3.4012000e+00  -2.4556900e+07
   7.4783000e+00  -5.6167600e+00   6.8499200e+00   3.4012000e+00   5.6881900e+00   3.4012000e+00  -2.4556900e+07
   7.4784800e+00  -5.6167800e+00   6.8499600e+00   3.4011900e+00   5.6881700e+00   3.4012000e+00  -2.4556900e+07
   7.4785200e+00  -5.6166800e+00   6.8499900e+00   3.4012000e+00   5.6881800e+00   3.4012000e+00  -2.4556900e+07
   7.4784000e+00  -5.6165200e+00   6.8500200e+00   3.4011900e+00   5.6882200e+00   3.4012000e+00  -2.4556900e+07
   7.4785200e+00  -5.6167700e+00   6.8500100e+00   3.4011900e+00   5.6882200e+00   3.4012000e+00  -2.4556900e+07
   7.4783500e+00  -5.6168300e+00   6.8498700e+00   3.4011900e+00   5.6881900e+00   3.4012000e+00  -2.4556900e+07
   7.4783500e+00  -5.6166400e+00   6.8500100e+00   3.4011900e+00   5.6882700e+00   3.4012000e+00  -2.4556900e+07
   7.4784300e+00  -5.6166500e+00   6.8500900e+00   3.4012000e+00   5.6881800e+00   3.4012000e+00  -2.4556900e+07
   7.4783600e+00  -5.6167000e+00   6.8499700e+00   3.4011900e+00   5.6882300e+00   3.4012000e+00  -2.4556900e+07
   7.4783600e+00  -5.6167100e+00   6.8499700e+00   3.4012000e+00   5.6881900e+00   3.4011900e+00  -2.4556900e+07
   7.4785300e+00  -5.6166600e+00   6.8500700e+00   3.4011800e+00   5.6881700e+00   3.4012000e+00  -2.4556900e+07
   7.4783300e+00  -5.6166500e+00   6.8500300e+00   3.4011900e+00   5.6882500e+00   3.4012000e+00  -2.4556900e+07
   7.4784600e+00  -5.6167900e+00   6.8500900e+00   3.4011900e+00   5.6882200e+00   3.4012000e+00  -2.4556900e+07
   7.4782800e+00  -5.6166500e+00   6.8499100e+00   3.4011900e+00   5.6881800e+00   3.4012000e+00  -2.4556900e+07
   7.4782600e+00  -5.6164700e+00   6.8500600e+00   3.4012000e+00   5.6882300e+00   3.4012000e+00  -2.4556900e+07
   7.4783000e+00  -5.6163600e+00   6.8500500e+00   3.4011800e+00   5.6881600e+00   3.4012000e+00  -2.4556900e+07
   7.4783900e+00  -5.6164300e+00   6.8499300e+00   3.4011600e+00   5.6880800e+00   3.4012000e+00  -2.4556900e+07
   7.4781300e+00  -5.6164500e+00   6.8498700e+00   3.4012000e+00   5.6881600e+00   3.4012000e+00  -2.4556900e+07
   7.4782100e+00  -5.6165100e+00   6.8499600e+00   3.4012000e+00   5.6881900e+00   3.4012000e+00  -2.4556900e+07
   7.4782800e+00  -5.6164900e+00   6.8499500e+00   3.4011900e+00   5.6881900e+00   3.4012000e+00  -2.4556900e+07
   7.4781000e+00  -5.6164100e+00   6.8499600e+00   3.4011900e+00   5.6882700e+00   3.4012000e+00  -2.4556900e+07
   7.4780100e+00  -5.6163700e+00   6.8499100e+00   3.4011700e+00   5.6883000e+00   3.4012000e+00  -2.4556900e+07
   7.4784200e+00  -5.6165300e+00   6.8500100e+00   3.4011900e+00   5.6882000e+00   3.4012000e+00  -2.4556900e+07
   7.4784700e+00  -5.6167000e+00   6.8499800e+00   3.4011900e+00   5.6881900e+00   3.4012000e+00  -2.4556900e+07
   7.4784600e+00  -5.6167200e+00   6.8499500e+00   3.4011800e+00   5.6882000e+00   3.4012000e+00  -2.4556900e+07
   7.4783600e+00  -5.6166400e+00   6.8500100e+00   3.4011800e+00   5.6882300e+00   3.4012000e+00  -2.4556900e+07
   7.4782600e+00  -5.6165900e+00   6.8499600e+00   3.4011800e+00   5.6882000e+00   3.4012000e+00  -2.4556900e+07
   7.4781700e+00  -5.6165200e+00   6.8499400e+00   3.4012000e+00   5.6881800e+00   3.4012000e+00  -2.4556900e+07
   7.4781800e+00  -5.6164100e+00   6.8499300e+00   3.4011900e+00   5.6881500e+00   3.4012000e+00  -2.4556900e+07
   7.4782800e+00  -5.6165500e+00   6.8499700e+00   3.4011900e+00   5.6881400e+00   3.4012000e+00  -2.4556900e+07
   7.4782700e+00  -5.6164200e+00   6.8499500e+00   3.4011900e+00   5.6881500e+00   3.4012000e+00  -2.4556900e+07
   7.4781300e+00  -5.6164000e+00   6.8499100e+00   3.4011900e+00   5.6882300e+00   3.4012000e+00  -2.4556900e+07
   7.4785700e+00  -5.6165800e+00   6.8499800e+00   3.4011900e+00   5.6881200e+00   3.4012000e+00  -2.4556900e+07
   7.4783500e+00  -5.6167400e+00   6.8499200e+00   3.4012000e+00   5.6882600e+00   3.4012000e+00  -2.4556900e+07
   7.4785900e+00  -5.6168200e+00   6.8499800e+00   3.4012000e+00   5.6881100e+00   3.4012000e+00  -2.4556900e+07
   7.4783400e+00  -5.6166600e+00   6.8499300e+00   3.4012000e+00   5.6882000e+00   3.4012000e+00  -2.4556900e+07
   7.4782500e+00  -5.6164600e+00   6.8499700e+00   3.4012000e+00   5.6881400e+00   3.4012000e+00  -2.4556900e+07
   7.4779900e+00  -5.6163700e+00   6.8498900e+00   3.4011800e+00   5.6882100e+00   3.4012000e+00  -2.4556900e+07
   7.4779200e+00  -5.6161600e+00   6.8499200e+00   3.4011900e+00   5.6882100e+00   3.4012000e+00  -2.4556900e+07
   7.4778200e+00  -5.6160900e+00   6.8500100e+00   3.4012000e+00   5.6881600e+00   3.4012000e+00  -2.4556900e+07
   7.4778200e+00  -5.6160600e+00   6.8500000e+00   3.4011900e+00   5.6882100e+00   3.4012000e+00  -2.4556900e+07
   7.4780200e+00  -5.6159800e+00   6.8500400e+00   3.4011900e+00   5.6882000e+00   3.4012000e+00  -2.4556900e+07
   7.4778400e+00  -5.6159400e+00   6.8499300e+00   3.4011900e+00   5.6881800e+00   3.4012000e+00  -2.4556900e+07
   7.4778800e+00  -5.6160100e+00   6.8499700e+00   3.4011700e+00   5.6881900e+00   3.4012000e+00  -2.4556900e+07
   7.4780500e+00  -5.6161000e+00   6.8500200e+00   3.4011900e+00   5.6881600e+00   3.4012000e+00  -2.4556900e+07
   7.4777500e+00  -5.6159600e+00   6.8499400e+00   3.4011900e+00   5.6881800e+00   3.4012000e+00  -2.4556900e+07
   7.4779200e+00  -5.6159400e+00   6.8500000e+00   3.4012000e+00   5.6881600e+00   3.4012000e+00  -2.4556900e+07
   7.4779900e+00  -5.6159500e+00   6.8499800e+00   3.4011900e+00   5.6880900e+00   3.4011900e+00  -2.4556900e+07
   7.4778500e+00  -5.6159700e+00   6.8499600e+00   3.4011900e+00   5.6881600e+00   3.4012000e+00  -2.4556900e+07
   7.4774300e+00  -5.6157700e+00   6.8499500e+00   3.4011800e+00   5.6881800e+00   3.4012000e+00  -2.4556900e+07
   7.4775200e+00  -5.6157800e+00   6.8499500e+00   3.4011900e+00   5.6882300e+00   3.4012000e+00  -2.4556900e+07
   7.4777800e+00  -5.6158600e+00   6.8499800e+00   3.4011900e+00   5.6882000e+00   3.4012000e+00  -2.4556900e+07
   7.4775300e+00  -5.6157800e+00   6.8498700e+00   3.4011900e+00   5.6881500e+00   3.4012000e+00  -2.4556900e+07
   7.4775900e+00  -5.6158900e+00   6.8499200e+00   3.4012000e+00   5.6881500e+00   3.4012000e+00  -2.4556900e+07
   7.4777000e+00  -5.6158600e+00   6.8500000e+00   3.4011900e+00   5.6881900e+00   3.4012000e+00  -2.4556900e+07
   7.4775000e+00  -5.6157100e+00   6.8499700e+00   3.4011900e+00   5.6882200e+00   3.4012000e+00  -2.4556900e+07
   7.4776100e+00  -5.6156800e+00   6.8499700e+00   3.4012000e+00   5.6880900e+00   3.4012000e+00  -2.4556900e+07
   7.4777700e+00  -5.6157900e+00   6.8500600e+00   3.4011900e+00   5.6881400e+00   3.4012000e+00  -2.4556900e+07
   7.4776600e+00  -5.6157300e+00   6.8500600e+00   3.4012000e+00   5.6882300e+00   3.4012000e+00  -2.4556900e+07
   7.4775500e+00  -5.6155900e+00   6.8499900e+00   3.4012000e+00   5.6881800e+00   3.4012000e+00  -2.4556900e+07
   7.4774200e+00  -5.6155700e+00   6.8499100e+00   3.4011900e+00   5.6881700e+00   3.4012000e+00  -2.4556900e+07
   7.4773800e+00  -5.6153900e+00   6.8499200e+00   3.4011900e+00   5.6881500e+00   3.4012000e+00  -2.4556900e+07
   7.4771200e+00  -5.6151900e+00   6.8499400e+00   3.4011900e+00   5.6882000e+00   3.4012000e+00  -2.4556900e+07
   7.4770000e+00  -5.6151400e+00   6.8499700e+00   3.4011900e+00   5.6882100e+00   3.4012000e+00  -2.4556900e+07
   7.4770700e+00  -5.6150300e+00   6.8499200e+00   3.4011800e+00   5.6881900e+00   3.4012000e+00  -2.4556900e+07
   7.4769700e+00  -5.6151300e+00   6.8499300e+00   3.4011900e+00   5.6882000e+00   3.4012000e+00  -2.4556900e+07
   7.4770000e+00  -5.6151800e+00   6.8498400e+00   3.4012000e+00   5.6881900e+00   3.4012000e+00  -2.4556900e+07
   7.4772000e+00  -5.6152300e+00   6.8499400e+00   3.4011900e+00   5.6882000e+00   3.4012000e+00  -2.4556900e+07
   7.4770100e+00  -5.6151000e+00   6.8498600e+00   3.4011900e+00   5.6881900e+00   3.4012000e+00  -2.4556900e+07
   7.4771300e+00  -5.6151200e+00   6.8500400e+00   3.4012000e+00   5.6882100e+00   3.4012000e+00  -2.4556900e+07
   7.4770500e+00  -5.6150200e+00   6.8499700e+00   3.4012000e+00   5.6882000e+00   3.4012000e+00  -2.4556900e+07
   7.4770100e+00  -5.6151500e+00   6.8499400e+00   3.4011900e+00   5.6881900e+00   3.4012000e+00  -2.4556900e+07
   7.4769600e+00  -5.6151900e+00   6.8498800e+00   3.4011900e+00   5.6882300e+00   3.4012000e+00  -2.4556900e+07
   7.4773800e+00  -5.6152700e+00   6.8499800e+00   3.4011900e+00   5.6881200e+00   3.4012000e+00  -2.4556900e+07
   7.4774600e+00  -5.6153500e+00   6.8499500e+00   3.4011900e+00   5.6882100e+00   3.4012000e+00  -2.4556900e+07
   7.4774700e+00  -5.6153900e+00   6.8500200e+00   3.4012000e+00   5.6881500e+00   3.4012000e+00  -2.4556900e+07
   7.4774400e+00  -5.6154100e+00   6.8499600e+00   3.4011900e+00   5.6882000e+00   3.4012000e+00  -2.4556900e+07
   7.4774200e+00  -5.6154100e+00   6.8499400e+00   3.4011900e+00   5.6881400e+00   3.4012000e+00  -2.4556900e+07
   7.4774400e+00  -5.6154700e+00   6.8499700e+00   3.4011900e+00   5.6881900e+00   3.4012000e+00  -2.4556900e+07
   7.4772800e+00  -5.6154400e+00   6.8498400e+00   3.4011800e+00   5.6881500e+00   3.4012000e+00  -2.4556900e+07
   7.4771400e+00  -5.6152700e+00   6.8499600e+00   3.4011900e+00   5.6882800e+00   3.4012000e+00  -2.4556900e+07
   7.4772300e+00  -5.6153000e+00   6.8500000e+00   3.4012000e+00   5.6882000e+00   3.4012000e+00  -2.4556900e+07
   7.4775000e+00  -5.6155100e+00   6.8500400e+00   3.4011800e+00   5.6881600e+00   3.4012000e+00  -2.4556900e+07
   7.4775000e+00  -5.6156000e+00   6.8499600e+00   3.4011900e+00   5.6882200e+00   3.4012000e+00  -2.4556900e+07
   7.4774700e+00  -5.6155800e+00   6.8499500e+00   3.4012000e+00   5.6881800e+00   3.4012000e+00  -2.4556900e+07
   7.4774800e+00  -5.6155800e+00   6.8499600e+00   3.4011900e+00   5.6882000e+00   3.4012000e+00  -2.4556900e+07
   7.4772800e+00  -5.6154000e+00   6.8500500e+00   3.4011800e+00   5.6882000e+00   3.4012000e+00  -2.4556900e+07
   7.4774000e+00  -5.6155300e+00   6.8499100e+00   3.4011900e+00   5.6881800e+00   3.4012000e+00  -2.4556900e+07
   7.4775200e+00  -5.6155600e+00   6.8498800e+00   3.4012000e+00   5.6881700e+00   3.4012000e+00  -2.4556900e+07
   7.4774300e+00  -5.6157400e+00   6.8499400e+00   3.4011900e+00   5.6883100e+00   3.4012000e+00  -2.4556900e+07
   7.4774400e+00  -5.6156200e+00   6.8499400e+00   3.4011900e+00   5.6881600e+00   3.4012000e+00  -2.4556900e+07
   7.4775100e+00  -5.6157000e+00   6.8499300e+00   3.4012000e+00   5.6882000e+00   3.4012000e+00  -2.4556900e+07
   7.4774100e+00  -5.6154400e+00   6.8499700e+00   3.4012000e+00   5.6881700e+00   3.4012000e+00  -2.4556900e+07
   7.4773600e+00  -5.6153100e+00   6.8499000e+00   3.4012000e+00   5.6881700e+00   3.4012000e+00  -2.4556900e+07
   7.4774000e+00  -5.6155500e+00   6.8500100e+00   3.4011900e+00   5.6882200e+00   3.4012000e+00  -2.4556900e+07
   7.4773800e+00  -5.6155700e+00   6.8499800e+00   3.4012000e+00   5.6881800e+00   3.4012000e+00  -2.4556900e+07
   7.4773700e+00  -5.6154500e+00   6.8500100e+00   3.4011900e+00   5.6881800e+00   3.4012000e+00  -2.4556900e+07
   7.4773700e+00  -5.6152700e+00   6.8500400e+00   3.4011900e+00   5.6880700e+00   3.4012000e+00  -2.4556900e+07
   7.4771500e+00  -5.6153600e+00   6.8498600e+00   3.4011900e+00   5.6881500e+00   3.4011900e+00  -2.4556900e+07
   7.4773100e+00  -5.6154500e+00   6.8498700e+00   3.4011900e+00   5.6881900e+00   3.4012000e+00  -2.4556900e+07
   7.4776700e+00  -5.6156500e+00   6.8499500e+00   3.4012000e+00   5.6881300e+00   3.4012000e+00  -2.4556900e+07
   7.4777700e+00  -5.6159100e+00   6.8499900e+00   3.4011900e+00   5.6881300e+00   3.4012000e+00  -2.4556900e+07
   7.4778400e+00  -5.6158700e+00   6.8499900e+00   3.4011900e+00   5.6882000e+00   3.4012000e+00  -2.4556900e+07
   7.4776300e+00  -5.6158500e+00   6.8499000e+00   3.4012000e+00   5.6882200e+00   3.4012000e+00  -2.4556900e+07
   7.4777500e+00  -5.6160100e+00   6.8499400e+00   3.4012000e+00   5.6882300e+00   3.4012000e+00  -2.4556900e+07
   7.4778800e+00  -5.6160200e+00   6.8500300e+00   3.4011900e+00   5.6882700e+00   3.4012000e+00  -2.4556900e+07
   7.4778600e+00  -5.6159200e+00   6.8499700e+00   3.4012000e+00   5.6881600e+00   3.4012000e+00  -2.4556900e+07
   7.4776100e+00  -5.6158700e+00   6.8499100e+00   3.4012000e+00   5.6882300e+00   3.4012000e+00  -2.4556900e+07
   7.4778100e+00  -5.6158700e+00   6.8500800e+00   3.4012000e+00   5.6881700e+00   3.4012000e+00  -2.4556900e+07
   7.4780000e+00  -5.6161500e+00   6.8500100e+00   3.4012000e+00   5.6882000e+00   3.4012000e+00  -2.4556900e+07
   7.4778500e+00  -5.6160300e+00   6.8500400e+00   3.4011900e+00   5.6882000e+00   3.4012000e+00  -2.4556900e+07
   7.4781200e+00  -5.6163000e+00   6.8500400e+00   3.4012000e+00   5.6882200e+00   3.4012000e+00  -2.4556900e+07
   7.4779700e+00  -5.6163200e+00   6.8500200e+00   3.4011900e+00   5.6882500e+00   3.4012000e+00  -2.4556900e+07
   7.4776800e+00  -5.6160500e+00   6.8499300e+00   3.4011900e+00   5.6881800e+00   3.4012000e+00  -2.4556900e+07
   7.4777400e+00  -5.6159200e+00   6.8499600e+00   3.4012000e+00   5.6882400e+00   3.4012000e+00  -2.4556900e+07
   7.4778100e+00  -5.6158200e+00   6.8499900e+00   3.4012000e+00   5.6881500e+00   3.4012000e+00  -2.4556900e+07
   7.4777900e+00  -5.6158000e+00   6.8499500e+00   3.4011900e+00   5.6881300e+00   3.4011900e+00  -2.4556900e+07
   7.4777500e+00  -5.6158900e+00   6.8500100e+00   3.4011900e+00   5.6882900e+00   3.4012000e+00  -2.4556900e+07
   7.4777500e+00  -5.6157300e+00   6.8499700e+00   3.4012000e+00   5.6881400e+00   3.4012000e+00  -2.4556900e+07
   7.4778400e+00  -5.6158300e+00   6.8499600e+00   3.4011800e+00   5.6881300e+00   3.4012000e+00  -2.4556900e+07
   7.4778000e+00  -5.6158400e+00   6.8499900e+00   3.4012000e+00   5.6882000e+00   3.4012000e+00  -2.4556900e+07
   7.4779400e+00  -5.6159800e+00   6.8499800e+00   3.4011900e+00   5.6881700e+00   3.4012000e+00  -2.4556900e+07
   7.4777300e+00  -5.6158200e+00   6.8499700e+00   3.4011900e+00   5.6882200e+00   3.4012000e+00  -2.4556900e+07
   7.4776100e+00  -5.6156800e+00   6.8500200e+00   3.4011900e+00   5.6881000e+00   3.4012000e+00  -2.4556900e+07
   7.4774300e+00  -5.6155600e+00   6.8499300e+00   3.4011900e+00   5.6882200e+00   3.4012000e+00  -2.4556900e+07
   7.4774100e+00  -5.6153700e+00   6.8499600e+00   3.4012000e+00   5.6882000e+00   3.4012000e+00  -2.4556900e+07
   7.4771800e+00  -5.6153200e+00   6.8499600e+00   3.4011800e+00   5.6882000e+00   3.4012000e+00  -2.4556900e+07
   7.4771800e+00  -5.6152500e+00   6.8500300e+00   3.4011700e+00   5.6882500e+00   3.4012000e+00  -2.4556900e+07
   7.4772200e+00  -5.6151700e+00   6.8499800e+00   3.4011900e+00   5.6882400e+00   3.4012000e+00  -2.4556900e+07
   7.4771000e+00  -5.6151500e+00   6.8499800e+00   3.4012000e+00   5.6882500e+00   3.4012000e+00  -2.4556900e+07
   7.4770900e+00  -5.6151600e+00   6.8498800e+00   3.4012000e+00   5.6881700e+00   3.4012000e+00  -2.4556900e+07
   7.4770800e+00  -5.6152200e+00   6.8499200e+00   3.4011900e+00   5.6882200e+00   3.4012000e+00  -2.4556900e+07
   7.4770800e+00  -5.6152200e+00   6.8498200e+00   3.4011900e+00   5.6882000e+00   3.4012000e+00  -2.4556900e+07
   7.4771800e+00  -5.6153000e+00   6.8499400e+00   3.4011900e+00   5.6882200e+00   3.4012000e+00  -2.4556900e+07
   7.4773400e+00  -5.6154800e+00   6.8499400e+00   3.4012000e+00   5.6881500e+00   3.4012000e+00  -2.4556900e+07
   7.4773200e+00  -5.6154800e+00   6.8499900e+00   3.4011900e+00   5.6882300e+00   3.4012000e+00  -2.4556900e+07
   7.4774200e+00  -5.6155000e+00   6.8499500e+00   3.4011800e+00   5.6882400e+00   3.4012000e+00  -2.4556900e+07
   7.4774800e+00  -5.6155100e+00   6.8500000e+00   3.4012000e+00   5.6882100e+00   3.4012000e+00  -2.4556900e+07
   7.4772600e+00  -5.6154400e+00   6.8499500e+00   3.4011900e+00   5.6882500e+00   3.4012000e+00  -2.4556900e+07
   7.4775900e+00  -5.6156000e+00   6.8500200e+00   3.4011800e+00   5.6882300e+00   3.4012000e+00  -2.4556900e+07
   7.4777200e+00  -5.6156300e+00   6.8499700e+00   3.4011900e+00   5.6881300e+00   3.4012000e+00  -2.4556900e+07
   7.4774700e+00  -5.6155200e+00   6.8499600e+00   3.4011900e+00   5.6882000e+00   3.4012000e+00  -2.4556900e+07
   7.4774500e+00  -5.6155500e+00   6.8500200e+00   3.4011900e+00   5.6881800e+00   3.4012000e+00  -2.4556900e+07
   7.4775700e+00  -5.6155200e+00   6.8500500e+00   3.4011900e+00   5.6881700e+00   3.4012000e+00  -2.4556900e+07
   7.4775200e+00  -5.6155100e+00   6.8499100e+00   3.4011900e+00   5.6881100e+00   3.4012000e+00  -2.4556900e+07
   7.4771200e+00  -5.6152900e+00   6.8499400e+00   3.4011900e+00   5.6882300e+00   3.4012000e+00  -2.4556900e+07
   7.4772400e+00  -5.6152900e+00   6.8499700e+00   3.4011900e+00   5.6882800e+00   3.4012000e+00  -2.4556900e+07
   7.4773500e+00  -5.6154400e+00   6.8499800e+00   3.4012000e+00   5.6881600e+00   3.4012000e+00  -2.4556900e+07
   7.4773400e+00  -5.6154900e+00   6.8499100e+00   3.4011800e+00   5.6882200e+00   3.4012000e+00  -2.4556900e+07
   7.4773300e+00  -5.6153800e+00   6.8499200e+00   3.4011900e+00   5.6882200e+00   3.4012000e+00  -2.4556900e+07
   7.4771800e+00  -5.6152100e+00   6.8498800e+00   3.4012000e+00   5.6881300e+00   3.4012000e+00  -2.4556900e+07
   7.4770900e+00  -5.6152200e+00   6.8499300e+00   3.4011900e+00   5.6881800e+00   3.4012000e+00  -2.4556900e+07
   7.4773000e+00  -5.6153400e+00   6.8499300e+00   3.4012000e+00   5.6881600e+00   3.4011900e+00  -2.4556900e+07
   7.4773200e+00  -5.6155400e+00   6.8498800e+00   3.4011900e+00   5.6882200e+00   3.4011900e+00  -2.4556900e+07
   7.4775100e+00  -5.6156100e+00   6.8500000e+00   3.4012000e+00   5.6882100e+00   3.4012000e+00  -2.4556900e+07
   7.4774700e+00  -5.6154200e+00   6.8500200e+00   3.4011900e+00   5.6881800e+00   3.4012000e+00  -2.4556900e+07
   7.4771100e+00  -5.6154000e+00   6.8499900e+00   3.4011900e+00   5.6882900e+00   3.4012000e+00  -2.4556900e+07
   7.4773600e+00  -5.6155200e+00   6.8499500e+00   3.4011900e+00   5.6881200e+00   3.4012000e+00  -2.4556900e+07
   7.4773500e+00  -5.6155700e+00   6.8498700e+00   3.4011900e+00   5.6882100e+00   3.4012000e+00  -2.4556900e+07
   7.4773500e+00  -5.6154600e+00   6.8498700e+00   3.4011900e+00   5.6881600e+00   3.4012000e+00  -2.4556900e+07
   7.4771400e+00  -5.6153200e+00   6.8499800e+00   3.4012000e+00   5.6882000e+00   3.4012000e+00  -2.4556900e+07
   7.4772400e+00  -5.6152300e+00   6.8500100e+00   3.4012000e+00   5.6882200e+00   3.4012000e+00  -2.4556900e+07
   7.4770500e+00  -5.6151000e+00   6.8499400e+00   3.4011900e+00   5.6882300e+00   3.4012000e+00  -2.4556900e+07
   7.4769100e+00  -5.6148600e+00   6.8499400e+00   3.4011900e+00   5.6881400e+00   3.4012000e+00  -2.4556900e+07
   7.4769500e+00  -5.6149700e+00   6.8499300e+00   3.4011900e+00   5.6882100e+00   3.4012000e+00  -2.4556900e+07
   7.4768800e+00  -5.6148500e+00   6.8499100e+00   3.4011900e+00   5.6882100e+00   3.4012000e+00  -2.4556900e+07
   7.4767500e+00  -5.6148100e+00   6.8498900e+00   3.4011800e+00   5.6881800e+00   3.4012000e+00  -2.4556900e+07
   7.4767300e+00  -5.6146200e+00   6.8499900e+00   3.4012000e+00   5.6882600e+00   3.4012000e+00  -2.4556900e+07
   7.4767300e+00  -5.6148100e+00   6.8499200e+00   3.4012000e+00   5.6882300e+00   3.4012000e+00  -2.4556900e+07
   7.4766500e+00  -5.6147400e+00   6.8499300e+00   3.4011900e+00   5.6882200e+00   3.4012000e+00  -2.4556900e+07
   7.4767100e+00  -5.6146600e+00   6.8499600e+00   3.4011900e+00   5.6882200e+00   3.4012000e+00  -2.4556900e+07
   7.4765600e+00  -5.6144700e+00   6.8498800e+00   3.4012000e+00   5.6882000e+00   3.4012000e+00  -2.4556900e+07
   7.4763900e+00  -5.6143600e+00   6.8499100e+00   3.4011900e+00   5.6882100e+00   3.4012000e+00  -2.4556900e+07
   7.4762500e+00  -5.6141900e+00   6.8499700e+00   3.4012000e+00   5.6882300e+00   3.4012000e+00  -2.4556900e+07
   7.4763300e+00  -5.6142400e+00   6.8498900e+00   3.4011900e+00   5.6882400e+00   3.4012000e+00  -2.4556900e+07
   7.4763800e+00  -5.6143500e+00   6.8500000e+00   3.4012000e+00   5.6882200e+00   3.4012000e+00  -2.4556900e+07
   7.4764800e+00  -5.6144400e+00   6.8499200e+00   3.4011900e+00   5.6882100e+00   3.4012000e+00  -2.4556900e+07
   7.4762300e+00  -5.6142700e+00   6.8498800e+00   3.4012000e+00   5.6882400e+00   3.4012000e+00  -2.4556900e+07
   7.4761300e+00  -5.6141100e+00   6.8499200e+00   3.4011900e+00   5.6882300e+00   3.4012000e+00  -2.4556900e+07
   7.4762400e+00  -5.6142300e+00   6.8499000e+00   3.4012000e+00   5.6882300e+00   3.4012000e+00  -2.4556900e+07
   7.4762500e+00  -5.6142600e+00   6.8499800e+00   3.4011900e+00   5.6882300e+00   3.4012000e+00  -2.4556900e+07
   7.4760200e+00  -5.6140400e+00   6.8499400e+00   3.4012000e+00   5.6882600e+00   3.4012000e+00  -2.4556900e+07
   7.4762500e+00  -5.6142100e+00   6.8499700e+00   3.4011900e+00   5.6882400e+00   3.4012000e+00  -2.4556900e+07
   7.4762900e+00  -5.6143000e+00   6.8498900e+00   3.4012000e+00   5.6882000e+00   3.4012000e+00  -2.4556900e+07
   7.4760300e+00  -5.6140500e+00   6.8499400e+00   3.4011900e+00   5.6882000e+00   3.4012000e+00  -2.4556900e+07
   7.4763600e+00  -5.6143400e+00   6.8499000e+00   3.4011900e+00   5.6882300e+00   3.4012000e+00  -2.4556900e+07
   7.4765500e+00  -5.6144400e+00   6.8498800e+00   3.4011800e+00   5.6881800e+00   3.4012000e+00  -2.4556900e+07
   7.4763200e+00  -5.6143000e+00   6.8499300e+00   3.4011900e+00   5.6881900e+00   3.4012000e+00  -2.4556900e+07
   7.4760700e+00  -5.6141100e+00   6.8499500e+00   3.4012000e+00   5.6882100e+00   3.4012000e+00  -2.4556900e+07
   7.4762700e+00  -5.6142000e+00   6.8498900e+00   3.4011900e+00   5.6881300e+00   3.4012000e+00  -2.4556900e+07
   7.4762100e+00  -5.6141800e+00   6.8499200e+00   3.4011900e+00   5.6881800e+00   3.4012000e+00  -2.4556900e+07
   7.4762600e+00  -5.6142900e+00   6.8499400e+00   3.4012000e+00   5.6881400e+00   3.4012000e+00  -2.4556900e+07
   7.4762400e+00  -5.6142400e+00   6.8499200e+00   3.4011900e+00   5.6881800e+00   3.4012000e+00  -2.4556900e+07
   7.4763600e+00  -5.6141500e+00   6.8499700e+00   3.4012000e+00   5.6882200e+00   3.4012000e+00  -2.4556900e+07
   7.4761500e+00  -5.6140100e+00   6.8499100e+00   3.4012000e+00   5.6882600e+00   3.4012000e+00  -2.4556900e+07
   7.4759500e+00  -5.6137500e+00   6.8499400e+00   3.4012000e+00   5.6882700e+00   3.4012000e+00  -2.4556900e+07
   7.4759300e+00  -5.6137200e+00   6.8498400e+00   3.4011800e+00   5.6881300e+00   3.4012000e+00  -2.4556900e+07
   7.4758200e+00  -5.6135800e+00   6.8499000e+00   3.4011900e+00   5.6882100e+00   3.4012000e+00  -2.4556900e+07
   7.4759200e+00  -5.6136000e+00   6.8500700e+00   3.4011900e+00   5.6882700e+00   3.4011900e+00  -2.4556900e+07
   7.4758100e+00  -5.6137500e+00   6.8499500e+00   3.4011900e+00   5.6882700e+00   3.4012000e+00  -2.4556900e+07
   7.4759700e+00  -5.6137800e+00   6.8499300e+00   3.4011900e+00   5.6881700e+00   3.4012000e+00  -2.4556900e+07
   7.4761200e+00  -5.6140200e+00   6.8499100e+00   3.4011800e+00   5.6882300e+00   3.4012000e+00  -2.4556900e+07
   7.4761200e+00  -5.6140000e+00   6.8499400e+00   3.4011900e+00   5.6882400e+00   3.4012000e+00  -2.4556900e+07
   7.4760300e+00  -5.6138900e+00   6.8499900e+00   3.4012000e+00   5.6882000e+00   3.4012000e+00  -2.4556900e+07
   7.4758600e+00  -5.6138400e+00   6.8499200e+00   3.4011900e+00   5.6882200e+00   3.4012000e+00  -2.4556900e+07
   7.4758700e+00  -5.6137300e+00   6.8500500e+00   3.4011900e+00   5.6882700e+00   3.4012000e+00  -2.4556900e+07
   7.4759100e+00  -5.6137800e+00   6.8499500e+00   3.4011900e+00   5.6881900e+00   3.4012000e+00  -2.4556900e+07
   7.4758800e+00  -5.6136100e+00   6.8498900e+00   3.4011900e+00   5.6881600e+00   3.4012000e+00  -2.4556900e+07
   7.4758300e+00  -5.6138100e+00   6.8498800e+00   3.4011900e+00   5.6882200e+00   3.4012000e+00  -2.4556900e+07
   7.4757500e+00  -5.6136400e+00   6.8498800e+00   3.4011900e+00   5.6881900e+00   3.4012000e+00  -2.4556900e+07
   7.4757800e+00  -5.6137700e+00   6.8498400e+00   3.4011900e+00   5.6882000e+00   3.4012000e+00  -2.4556900e+07
   7.4762700e+00  -5.6140600e+00   6.8498800e+00   3.4011900e+00   5.6881300e+00   3.4012000e+00  -2.4556900e+07
   7.4759900e+00  -5.6140400e+00   6.8498200e+00   3.4012000e+00   5.6881900e+00   3.4012000e+00  -2.4556900e+07
   7.4762500e+00  -5.6140500e+00   6.8498800e+00   3.4012000e+00   5.6882400e+00   3.4012000e+00  -2.4556900e+07
   7.4764600e+00  -5.6143100e+00   6.8499700e+00   3.4011900e+00   5.6882400e+00   3.4012000e+00  -2.4556900e+07
   7.4764700e+00  -5.6142900e+00   6.8499700e+00   3.4011900e+00   5.6881500e+00   3.4012000e+00  -2.4556900e+07
   7.4763100e+00  -5.6141100e+00   6.8499500e+00   3.4011900e+00   5.6881600e+00   3.4012000e+00  -2.4556900e+07
   7.4762800e+00  -5.6141700e+00   6.8498400e+00   3.4012000e+00   5.6881800e+00   3.4012000e+00  -2.4556900e+07
   7.4763600e+00  -5.6141900e+00   6.8499600e+00   3.4011900e+00   5.6881700e+00   3.4011900e+00  -2.4556900e+07
   7.4762300e+00  -5.6138700e+00   6.8499100e+00   3.4011800e+00   5.6881200e+00   3.4012000e+00  -2.4556900e+07
   7.4760200e+00  -5.6139400e+00   6.8499100e+00   3.4012000e+00   5.6882200e+00   3.4012000e+00  -2.4556900e+07
   7.4760100e+00  -5.6137700e+00   6.8498400e+00   3.4012000e+00   5.6881700e+00   3.4012000e+00  -2.4556900e+07
   7.4759500e+00  -5.6138000e+00   6.8499800e+00   3.4011900e+00   5.6881700e+00   3.4012000e+00  -2.4556900e+07
   7.4758900e+00  -5.6137700e+00   6.8498800e+00   3.4011800e+00   5.6882100e+00   3.4012000e+00  -2.4556900e+07
   7.4762600e+00  -5.6141400e+00   6.8498800e+00   3.4011900e+00   5.6881400e+00   3.4012000e+00  -2.4556900e+07
   7.4763200e+00  -5.6142400e+00   6.8499000e+00   3.4011900e+00   5.6882300e+00   3.4012000e+00  -2.4556900e+07
   7.4762500e+00  -5.6143000e+00   6.8499000e+00   3.4011900e+00   5.6882300e+00   3.4012000e+00  -2.4556900e+07
   7.4765300e+00  -5.6144900e+00   6.8499100e+00   3.4012000e+00   5.6882100e+00   3.4012000e+00  -2.4556900e+07
   7.4763500e+00  -5.6143500e+00   6.8499300e+00   3.4011900e+00   5.6882200e+00   3.4012000e+00  -2.4556900e+07
   7.4766100e+00  -5.6145700e+00   6.8499600e+00   3.4012000e+00   5.6881200e+00   3.4012000e+00  -2.4556900e+07
   7.4764700e+00  -5.6144400e+00   6.8499200e+00   3.4012000e+00   5.6882300e+00   3.4012000e+00  -2.4556900e+07
   7.4764500e+00  -5.6145900e+00   6.8499500e+00   3.4012000e+00   5.6882800e+00   3.4012000e+00  -2.4556900e+07
   7.4763900e+00  -5.6144700e+00   6.8498800e+00   3.4011900e+00   5.6881600e+00   3.4012000e+00  -2.4556900e+07
   7.4765200e+00  -5.6145200e+00   6.8498900e+00   3.4012000e+00   5.6881700e+00   3.4012000e+00  -2.4556900e+07
   7.4765200e+00  -5.6144100e+00   6.8499500e+00   3.4012000e+00   5.6881800e+00   3.4012000e+00  -2.4556900e+07
   7.4766600e+00  -5.6145400e+00   6.8499000e+00   3.4011900e+00   5.6881700e+00   3.4012000e+00  -2.4556900e+07
   7.4766200e+00  -5.6145500e+00   6.8499800e+00   3.4012000e+00   5.6881900e+00   3.4012000e+00  -2.4556900e+07
   7.4766700e+00  -5.6145600e+00   6.8498600e+00   3.4011900e+00   5.6881200e+00   3.4012000e+00  -2.4556900e+07
   7.4768000e+00  -5.6145500e+00   6.8500100e+00   3.4011900e+00   5.6881600e+00   3.4012000e+00  -2.4556900e+07
   7.4765100e+00  -5.6145800e+00   6.8499200e+00   3.4012000e+00   5.6882000e+00   3.4012000e+00  -2.4556900e+07
   7.4764900e+00  -5.6145600e+00   6.8499100e+00   3.4012000e+00   5.6882400e+00   3.4012000e+00  -2.4556900e+07
   7.4764200e+00  -5.6145800e+00   6.8498600e+00   3.4012000e+00   5.6882400e+00   3.4012000e+00  -2.4556900e+07
   7.4767100e+00  -5.6147200e+00   6.8499600e+00   3.4011900e+00   5.6882000e+00   3.4012000e+00  -2.4556900e+07
   7.4768000e+00  -5.6148500e+00   6.8499500e+00   3.4011900e+00   5.6882200e+00   3.4012000e+00  -2.4556900e+07
   7.4766500e+00  -5.6147700e+00   6.8499300e+00   3.4011900e+00   5.6882000e+00   3.4012000e+00  -2.4556900e+07
   7.4769000e+00  -5.6149300e+00   6.8499700e+00   3.4011900e+00   5.6882000e+00   3.4012000e+00  -2.4556900e+07
   7.4767100e+00  -5.6148000e+00   6.8499400e+00   3.4012000e+00   5.6882800e+00   3.4012000e+00  -2.4556900e+07
   7.4768900e+00  -5.6147700e+00   6.8499600e+00   3.4012000e+00   5.6881800e+00   3.4012000e+00  -2.4556900e+07
   7.4767300e+00  -5.6147800e+00   6.8500300e+00   3.4012000e+00   5.6882200e+00   3.4012000e+00  -2.4556900e+07
   7.4768400e+00  -5.6148500e+00   6.8499000e+00   3.4011900e+00   5.6882100e+00   3.4012000e+00  -2.4556900e+07
   7.4768100e+00  -5.6149700e+00   6.8499200e+00   3.4011900e+00   5.6882200e+00   3.4012000e+00  -2.4556900e+07
   7.4770800e+00  -5.6150400e+00   6.8499000e+00   3.4011900e+00   5.6881100e+00   3.4012000e+00  -2.4556900e+07
   7.4770500e+00  -5.6150300e+00   6.8499600e+00   3.4011900e+00   5.6881500e+00   3.4012000e+00  -2.4556900e+07
   7.4771500e+00  -5.6150500e+00   6.8499500e+00   3.4011900e+00   5.6881400e+00   3.4012000e+00  -2.4556900e+07
   7.4770200e+00  -5.6151400e+00   6.8499800e+00   3.4011900e+00   5.6882500e+00   3.4012000e+00  -2.4556900e+07
   7.4771800e+00  -5.6152500e+00   6.8498900e+00   3.4012000e+00   5.6881700e+00   3.4012000e+00  -2.4556900e+07
   7.4771800e+00  -5.6152000e+00   6.8499800e+00   3.4011900e+00   5.6881700e+00   3.4012000e+00  -2.4556900e+07
   7.4771600e+00  -5.6151700e+00   6.8499600e+00   3.4011800e+00   5.6882000e+00   3.4012000e+00  -2.4556900e+07
   7.4771100e+00  -5.6152400e+00   6.8499400e+00   3.4011900e+00   5.6881800e+00   3.4012000e+00  -2.4556900e+07
   7.4773300e+00  -5.6152900e+00   6.8499500e+00   3.4012000e+00   5.6882100e+00   3.4012000e+00  -2.4556900e+07
   7.4773400e+00  -5.6153600e+00   6.8500000e+00   3.4011900e+00   5.6882000e+00   3.4012000e+00  -2.4556900e+07
   7.4772700e+00  -5.6153400e+00   6.8499500e+00   3.4012000e+00   5.6881600e+00   3.4012000e+00  -2.4556900e+07
   7.4773300e+00  -5.6154700e+00   6.8499400e+00   3.4011800e+00   5.6882100e+00   3.4012000e+00  -2.4556900e+07
   7.4773200e+00  -5.6155800e+00   6.8499300e+00   3.4011900e+00   5.6882400e+00   3.4012000e+00  -2.4556900e+07
   7.4775600e+00  -5.6156600e+00   6.8499900e+00   3.4011800e+00   5.6881900e+00   3.4012000e+00  -2.4556900e+07
   7.4772700e+00  -5.6155000e+00   6.8498900e+00   3.4012000e+00   5.6881900e+00   3.4011900e+00  -2.4556900e+07
   7.4772200e+00  -5.6153600e+00   6.8499700e+00   3.4011800e+00   5.6881400e+00   3.4012000e+00  -2.4556900e+07
   7.4773300e+00  -5.6153200e+00   6.8500300e+00   3.4011900e+00   5.6881700e+00   3.4012000e+00  -2.4556900e+07
   7.4773300e+00  -5.6153800e+00   6.8499100e+00   3.4012000e+00   5.6882200e+00   3.4012000e+00  -2.4556900e+07
   7.4774200e+00  -5.6153700e+00   6.8499700e+00   3.4011900e+00   5.6880900e+00   3.4012000e+00  -2.4556900e+07
   7.4772200e+00  -5.6152600e+00   6.8499600e+00   3.4012000e+00   5.6881800e+00   3.4012000e+00  -2.4556900e+07
   7.4771100e+00  -5.6151300e+00   6.8499300e+00   3.4011900e+00   5.6882300e+00   3.4012000e+00  -2.4556900e+07
   7.4770100e+00  -5.6150600e+00   6.8499700e+00   3.4011900e+00   5.6881600e+00   3.4012000e+00  -2.4556900e+07
   7.4770600e+00  -5.6148700e+00   6.8499900e+00   3.4011900e+00   5.6881100e+00   3.4012000e+00  -2.4556900e+07
   7.4768700e+00  -5.6148300e+00   6.8499400e+00   3.4012000e+00   5.6882000e+00   3.4012000e+00  -2.4556900e+07
   7.4769200e+00  -5.6147900e+00   6.8499300e+00   3.4011900e+00   5.6881800e+00   3.4012000e+00  -2.4556900e+07
   7.4769000e+00  -5.6149300e+00   6.8499500e+00   3.4011900e+00   5.6882000e+00   3.4012000e+00  -2.4556900e+07
   7.4770600e+00  -5.6149300e+00   6.8499500e+00   3.4011900e+00   5.6882200e+00   3.4012000e+00  -2.4556900e+07
   7.4768000e+00  -5.6148100e+00   6.8499700e+00   3.4012000e+00   5.6881700e+00   3.4012000e+00  -2.4556900e+07
   7.4769300e+00  -5.6150000e+00   6.8499700e+00   3.4011900e+00   5.6882700e+00   3.4012000e+00  -2.4556900e+07
   7.4771800e+00  -5.6151100e+00   6.8499300e+00   3.4011900e+00   5.6881900e+00   3.4012000e+00  -2.4556900e+07
   7.4768600e+00  -5.6150900e+00   6.8498900e+00   3.4011900e+00   5.6882600e+00   3.4012000e+00  -2.4556900e+07
   7.4769400e+00  -5.6152200e+00   6.8498800e+00   3.4011900e+00   5.6881900e+00   3.4012000e+00  -2.4556900e+07
