   6.6195100e+00  -4.6453200e+00   6.7495000e+00   3.4010800e+00   5.6970600e+00   3.4012000e+00  -1.5458100e+07
   6.6192500e+00  -4.6452800e+00   6.7493700e+00   3.4011500e+00   5.6970800e+00   3.4012000e+00  -1.5458100e+07
   6.6192000e+00  -4.6449500e+00   6.7494900e+00   3.4011700e+00   5.6970600e+00   3.4012000e+00  -1.5458100e+07
   6.6193100e+00  -4.6452600e+00   6.7495800e+00   3.4011800e+00   5.6972000e+00   3.4012000e+00  -1.5458100e+07
   6.6190800e+00  -4.6448300e+00   6.7494600e+00   3.4011300e+00   5.6971200e+00   3.4012000e+00  -1.5458100e+07
   6.6177900e+00  -4.6431700e+00   6.7491900e+00   3.4011900e+00   5.6970600e+00   3.4012000e+00  -1.5458100e+07
   6.6178500e+00  -4.6432700e+00   6.7493000e+00   3.4011900e+00   5.6970800e+00   3.4012000e+00  -1.5458100e+07
   6.6183800e+00  -4.6435500e+00   6.7493800e+00   3.4009300e+00   5.6970300e+00   3.4012000e+00  -1.5458100e+07
   6.6182800e+00  -4.6438500e+00   6.7494300e+00   3.4011000e+00   5.6970900e+00   3.4012000e+00  -1.5458100e+07
   6.6176300e+00  -4.6430000e+00   6.7492900e+00   3.4011800e+00   5.6971300e+00   3.4011900e+00  -1.5458100e+07
   6.6183300e+00  -4.6436700e+00   6.7494800e+00   3.4011500e+00   5.6970700e+00   3.4012000e+00  -1.5458100e+07
   6.6184100e+00  -4.6437000e+00   6.7496200e+00   3.4011300e+00   5.6971500e+00   3.4012000e+00  -1.5458100e+07
   6.6181800e+00  -4.6433400e+00   6.7494800e+00   3.4010600e+00   5.6970000e+00   3.4012000e+00  -1.5458100e+07
   6.6182500e+00  -4.6438100e+00   6.7493100e+00   3.4010800e+00   5.6970700e+00   3.4012000e+00  -1.5458100e+07
   6.6184800e+00  -4.6442000e+00   6.7495500e+00   3.4011600e+00   5.6971100e+00   3.4012000e+00  -1.5458100e+07
   6.6182300e+00  -4.6435900e+00   6.7494900e+00   3.4010400e+00   5.6971200e+00   3.4012000e+00  -1.5458100e+07
   6.6179200e+00  -4.6430900e+00   6.7494500e+00   3.4011300e+00   5.6970700e+00   3.4012000e+00  -1.5458100e+07
   6.6183600e+00  -4.6438400e+00   6.7495700e+00   3.4010900e+00   5.6971200e+00   3.4011900e+00  -1.5458100e+07
   6.6187600e+00  -4.6446800e+00   6.7492800e+00   3.4011400e+00   5.6970700e+00   3.4011900e+00  -1.5458100e+07
   6.6189600e+00  -4.6448600e+00   6.7493900e+00   3.4011600e+00   5.6970300e+00   3.4012000e+00  -1.5458100e+07
   6.6196300e+00  -4.6460200e+00   6.7494400e+00   3.4011800e+00   5.6971600e+00   3.4011900e+00  -1.5458100e+07
   6.6199000e+00  -4.6459000e+00   6.7496400e+00   3.4010500e+00   5.6970300e+00   3.4012000e+00  -1.5458100e+07
   6.6194800e+00  -4.6455300e+00   6.7494100e+00   3.4011500e+00   5.6970200e+00   3.4012000e+00  -1.5458100e+07
   6.6194000e+00  -4.6456100e+00   6.7493800e+00   3.4011600e+00   5.6971200e+00   3.4012000e+00  -1.5458100e+07
   6.6191000e+00  -4.6449500e+00   6.7495600e+00   3.4011200e+00   5.6970500e+00   3.4012000e+00  -1.5458100e+07
   6.6186700e+00  -4.6444800e+00   6.7494600e+00   3.4011700e+00   5.6971000e+00   3.4011900e+00  -1.5458100e+07
   6.6186500e+00  -4.6444600e+00   6.7493600e+00   3.4011600e+00   5.6970600e+00   3.4012000e+00  -1.5458100e+07
   6.6181900e+00  -4.6437700e+00   6.7493700e+00   3.4010600e+00   5.6970100e+00   3.4012000e+00  -1.5458100e+07
   6.6182700e+00  -4.6437400e+00   6.7494700e+00   3.4011500e+00   5.6971700e+00   3.4012000e+00  -1.5458100e+07
   6.6184600e+00  -4.6442300e+00   6.7494600e+00   3.4011600e+00   5.6971300e+00   3.4012000e+00  -1.5458100e+07
   6.6181300e+00  -4.6438800e+00   6.7493800e+00   3.4010500e+00   5.6970600e+00   3.4012000e+00  -1.5458100e+07
   6.6188100e+00  -4.6442900e+00   6.7495600e+00   3.4011800e+00   5.6970400e+00   3.4011900e+00  -1.5458100e+07
   6.6182100e+00  -4.6438000e+00   6.7494800e+00   3.4011700e+00   5.6970500e+00   3.4012000e+00  -1.5458100e+07
   6.6183600e+00  -4.6440400e+00   6.7493000e+00   3.4011600e+00   5.6970500e+00   3.4012000e+00  -1.5458100e+07
   6.6192200e+00  -4.6447400e+00   6.7495900e+00   3.4011600e+00   5.6971000e+00   3.4012000e+00  -1.5458100e+07
   6.6194100e+00  -4.6454700e+00   6.7493600e+00   3.4011700e+00   5.6971600e+00   3.4011900e+00  -1.5458100e+07
   6.6194600e+00  -4.6457600e+00   6.7494100e+00   3.4011300e+00   5.6970600e+00   3.4011900e+00  -1.5458100e+07
   6.6198000e+00  -4.6457700e+00   6.7497200e+00   3.4010000e+00   5.6971200e+00   3.4012000e+00  -1.5458100e+07
   6.6201200e+00  -4.6462200e+00   6.7498300e+00   3.4008700e+00   5.6971100e+00   3.4012000e+00  -1.5458100e+07
   6.6200000e+00  -4.6459000e+00   6.7497300e+00   3.4011200e+00   5.6970100e+00   3.4012000e+00  -1.5458100e+07
   6.6195900e+00  -4.6457800e+00   6.7496000e+00   3.4010800e+00   5.6970500e+00   3.4011900e+00  -1.5458100e+07
   6.6200100e+00  -4.6461300e+00   6.7495800e+00   3.4011900e+00   5.6970600e+00   3.4012000e+00  -1.5458100e+07
   6.6195900e+00  -4.6457700e+00   6.7493900e+00   3.4011700e+00   5.6970400e+00   3.4012000e+00  -1.5458100e+07
   6.6194000e+00  -4.6456400e+00   6.7493600e+00   3.4010400e+00   5.6970700e+00   3.4012000e+00  -1.5458100e+07
   6.6194700e+00  -4.6457100e+00   6.7495800e+00   3.4011500e+00   5.6971200e+00   3.4012000e+00  -1.5458100e+07
   6.6198500e+00  -4.6456700e+00   6.7496400e+00   3.4011900e+00   5.6970600e+00   3.4011900e+00  -1.5458100e+07
   6.6194900e+00  -4.6455600e+00   6.7494300e+00   3.4011700e+00   5.6970700e+00   3.4011900e+00  -1.5458100e+07
   6.6195400e+00  -4.6456300e+00   6.7493400e+00   3.4011600e+00   5.6970800e+00   3.4012000e+00  -1.5458100e+07
   6.6194800e+00  -4.6453900e+00   6.7495300e+00   3.4011900e+00   5.6970800e+00   3.4012000e+00  -1.5458100e+07
   6.6192200e+00  -4.6447400e+00   6.7496400e+00   3.4011700e+00   5.6970100e+00   3.4012000e+00  -1.5458100e+07
   6.6187900e+00  -4.6443100e+00   6.7496400e+00   3.4010600e+00   5.6971300e+00   3.4012000e+00  -1.5458100e+07
   6.6183000e+00  -4.6440600e+00   6.7492200e+00   3.4011900e+00   5.6971900e+00   3.4012000e+00  -1.5458100e+07
   6.6185100e+00  -4.6437800e+00   6.7496900e+00   3.4011700e+00   5.6970900e+00   3.4011900e+00  -1.5458100e+07
   6.6185100e+00  -4.6439000e+00   6.7496200e+00   3.4011100e+00   5.6971100e+00   3.4011900e+00  -1.5458100e+07
   6.6188200e+00  -4.6447200e+00   6.7495100e+00   3.4010100e+00   5.6971200e+00   3.4012000e+00  -1.5458100e+07
   6.6192400e+00  -4.6452600e+00   6.7495000e+00   3.4011600e+00   5.6971000e+00   3.4012000e+00  -1.5458100e+07
   6.6193000e+00  -4.6453600e+00   6.7496000e+00   3.4011900e+00   5.6970800e+00   3.4011900e+00  -1.5458100e+07
   6.6193700e+00  -4.6453500e+00   6.7495900e+00   3.4011900e+00   5.6969700e+00   3.4012000e+00  -1.5458100e+07
   6.6195200e+00  -4.6451900e+00   6.7496600e+00   3.4011800e+00   5.6970300e+00   3.4012000e+00  -1.5458100e+07
   6.6190900e+00  -4.6452100e+00   6.7493600e+00   3.4009800e+00   5.6971100e+00   3.4012000e+00  -1.5458100e+07
   6.6189400e+00  -4.6450200e+00   6.7493800e+00   3.4010700e+00   5.6971200e+00   3.4011900e+00  -1.5458100e+07
   6.6189900e+00  -4.6447400e+00   6.7495300e+00   3.4011500e+00   5.6970200e+00   3.4012000e+00  -1.5458100e+07
   6.6187900e+00  -4.6446500e+00   6.7493700e+00   3.4010500e+00   5.6971400e+00   3.4012000e+00  -1.5458100e+07
   6.6191200e+00  -4.6451400e+00   6.7494800e+00   3.4010500e+00   5.6971700e+00   3.4012000e+00  -1.5458100e+07
   6.6194300e+00  -4.6449300e+00   6.7495400e+00   3.4011900e+00   5.6969800e+00   3.4011900e+00  -1.5458100e+07
   6.6194200e+00  -4.6454100e+00   6.7495300e+00   3.4010900e+00   5.6969700e+00   3.4012000e+00  -1.5458100e+07
   6.6191600e+00  -4.6451200e+00   6.7494100e+00   3.4011000e+00   5.6970300e+00   3.4011900e+00  -1.5458100e+07
   6.6191200e+00  -4.6448200e+00   6.7494900e+00   3.4011900e+00   5.6971500e+00   3.4011900e+00  -1.5458100e+07
   6.6196500e+00  -4.6458100e+00   6.7494700e+00   3.4011800e+00   5.6970300e+00   3.4012000e+00  -1.5458100e+07
   6.6193400e+00  -4.6454900e+00   6.7495000e+00   3.4011900e+00   5.6970800e+00   3.4012000e+00  -1.5458100e+07
   6.6190600e+00  -4.6446500e+00   6.7495800e+00   3.4011900e+00   5.6970900e+00   3.4011900e+00  -1.5458100e+07
   6.6184100e+00  -4.6440900e+00   6.7494100e+00   3.4011500e+00   5.6970400e+00   3.4012000e+00  -1.5458100e+07
   6.6196300e+00  -4.6453500e+00   6.7496800e+00   3.4011700e+00   5.6970800e+00   3.4012000e+00  -1.5458100e+07
   6.6193000e+00  -4.6451400e+00   6.7496100e+00   3.4011700e+00   5.6971100e+00   3.4012000e+00  -1.5458100e+07
   6.6190100e+00  -4.6449200e+00   6.7495900e+00   3.4011500e+00   5.6971600e+00   3.4012000e+00  -1.5458100e+07
   6.6195800e+00  -4.6458400e+00   6.7495200e+00   3.4011100e+00   5.6970400e+00   3.4012000e+00  -1.5458100e+07
   6.6197200e+00  -4.6459100e+00   6.7495700e+00   3.4011900e+00   5.6970800e+00   3.4012000e+00  -1.5458100e+07
   6.6199100e+00  -4.6458800e+00   6.7494900e+00   3.4011800e+00   5.6970500e+00   3.4012000e+00  -1.5458100e+07
   6.6195800e+00  -4.6458000e+00   6.7494800e+00   3.4011100e+00   5.6971300e+00   3.4012000e+00  -1.5458100e+07
   6.6195700e+00  -4.6456800e+00   6.7493500e+00   3.4011700e+00   5.6970500e+00   3.4012000e+00  -1.5458100e+07
   6.6196300e+00  -4.6454200e+00   6.7497200e+00   3.4008000e+00   5.6970600e+00   3.4012000e+00  -1.5458100e+07
   6.6196800e+00  -4.6457100e+00   6.7495500e+00   3.4011000e+00   5.6970500e+00   3.4012000e+00  -1.5458100e+07
   6.6191300e+00  -4.6449700e+00   6.7494700e+00   3.4010500e+00   5.6971300e+00   3.4012000e+00  -1.5458100e+07
   6.6186100e+00  -4.6444300e+00   6.7492100e+00   3.4010800e+00   5.6970800e+00   3.4012000e+00  -1.5458100e+07
   6.6185200e+00  -4.6441400e+00   6.7494300e+00   3.4011900e+00   5.6970100e+00   3.4012000e+00  -1.5458100e+07
   6.6187100e+00  -4.6444200e+00   6.7496900e+00   3.4010600e+00   5.6972600e+00   3.4012000e+00  -1.5458100e+07
   6.6178600e+00  -4.6434000e+00   6.7492900e+00   3.4008600e+00   5.6971300e+00   3.4012000e+00  -1.5458100e+07
   6.6179700e+00  -4.6434900e+00   6.7492400e+00   3.4011500e+00   5.6971200e+00   3.4012000e+00  -1.5458100e+07
   6.6184900e+00  -4.6442300e+00   6.7493500e+00   3.4011400e+00   5.6971100e+00   3.4012000e+00  -1.5458100e+07
   6.6189700e+00  -4.6447200e+00   6.7494400e+00   3.4010300e+00   5.6969900e+00   3.4012000e+00  -1.5458100e+07
   6.6189300e+00  -4.6447900e+00   6.7493600e+00   3.4011900e+00   5.6971700e+00   3.4012000e+00  -1.5458100e+07
   6.6195800e+00  -4.6456800e+00   6.7495600e+00   3.4010800e+00   5.6971700e+00   3.4012000e+00  -1.5458100e+07
   6.6196900e+00  -4.6454800e+00   6.7496600e+00   3.4011200e+00   5.6970900e+00   3.4012000e+00  -1.5458100e+07
   6.6194400e+00  -4.6452600e+00   6.7494800e+00   3.4011600e+00   5.6970000e+00   3.4012000e+00  -1.5458100e+07
   6.6188700e+00  -4.6446500e+00   6.7494300e+00   3.4012000e+00   5.6970500e+00   3.4011900e+00  -1.5458100e+07
   6.6180900e+00  -4.6436200e+00   6.7493800e+00   3.4010700e+00   5.6971100e+00   3.4012000e+00  -1.5458100e+07
   6.6176900e+00  -4.6433200e+00   6.7491200e+00   3.4011800e+00   5.6970700e+00   3.4012000e+00  -1.5458100e+07
   6.6178900e+00  -4.6432600e+00   6.7494400e+00   3.4008500e+00   5.6971700e+00   3.4012000e+00  -1.5458100e+07
   6.6177800e+00  -4.6430400e+00   6.7493600e+00   3.4010900e+00   5.6971800e+00   3.4012000e+00  -1.5458100e+07
   6.6182900e+00  -4.6438200e+00   6.7493100e+00   3.4011700e+00   5.6971000e+00   3.4012000e+00  -1.5458100e+07
   6.6184900e+00  -4.6442300e+00   6.7494500e+00   3.4011600e+00   5.6971700e+00   3.4012000e+00  -1.5458100e+07
   6.6187200e+00  -4.6445700e+00   6.7494900e+00   3.4010800e+00   5.6971800e+00   3.4012000e+00  -1.5458100e+07
   6.6184600e+00  -4.6441500e+00   6.7493600e+00   3.4010700e+00   5.6971300e+00   3.4012000e+00  -1.5458100e+07
   6.6185500e+00  -4.6443300e+00   6.7494300e+00   3.4011900e+00   5.6971000e+00   3.4012000e+00  -1.5458100e+07
   6.6192000e+00  -4.6448800e+00   6.7495700e+00   3.4010700e+00   5.6970700e+00   3.4011900e+00  -1.5458100e+07
   6.6196700e+00  -4.6455300e+00   6.7496400e+00   3.4010900e+00   5.6970200e+00   3.4011900e+00  -1.5458100e+07
   6.6202500e+00  -4.6461800e+00   6.7496600e+00   3.4011700e+00   5.6970600e+00   3.4012000e+00  -1.5458100e+07
   6.6197100e+00  -4.6456500e+00   6.7495400e+00   3.4010700e+00   5.6970000e+00   3.4012000e+00  -1.5458100e+07
   6.6196500e+00  -4.6457700e+00   6.7494900e+00   3.4011500e+00   5.6970600e+00   3.4012000e+00  -1.5458100e+07
   6.6194400e+00  -4.6455800e+00   6.7494300e+00   3.4011800e+00   5.6971300e+00   3.4012000e+00  -1.5458100e+07
   6.6190100e+00  -4.6448200e+00   6.7494200e+00   3.4011900e+00   5.6970600e+00   3.4011900e+00  -1.5458100e+07
   6.6187600e+00  -4.6447000e+00   6.7493600e+00   3.4011800e+00   5.6970900e+00   3.4012000e+00  -1.5458100e+07
   6.6184600e+00  -4.6439800e+00   6.7495400e+00   3.4011700e+00   5.6970600e+00   3.4012000e+00  -1.5458100e+07
   6.6186000e+00  -4.6442700e+00   6.7495800e+00   3.4011700e+00   5.6970300e+00   3.4012000e+00  -1.5458100e+07
   6.6189400e+00  -4.6444800e+00   6.7496000e+00   3.4011600e+00   5.6970400e+00   3.4012000e+00  -1.5458100e+07
   6.6190000e+00  -4.6448400e+00   6.7494900e+00   3.4010700e+00   5.6971100e+00   3.4011900e+00  -1.5458100e+07
   6.6198300e+00  -4.6458000e+00   6.7495500e+00   3.4011800e+00   5.6969600e+00   3.4011900e+00  -1.5458100e+07
   6.6200500e+00  -4.6462100e+00   6.7496200e+00   3.4008500e+00   5.6971000e+00   3.4011900e+00  -1.5458100e+07
   6.6199200e+00  -4.6458800e+00   6.7495400e+00   3.4011500e+00   5.6970300e+00   3.4012000e+00  -1.5458100e+07
   6.6194100e+00  -4.6454000e+00   6.7495500e+00   3.4011000e+00   5.6971300e+00   3.4012000e+00  -1.5458100e+07
   6.6199100e+00  -4.6459200e+00   6.7496300e+00   3.4011900e+00   5.6970600e+00   3.4012000e+00  -1.5458100e+07
   6.6200500e+00  -4.6460700e+00   6.7495800e+00   3.4011100e+00   5.6970200e+00   3.4012000e+00  -1.5458100e+07
   6.6195100e+00  -4.6455200e+00   6.7496100e+00   3.4011200e+00   5.6970500e+00   3.4012000e+00  -1.5458100e+07
   6.6192800e+00  -4.6451100e+00   6.7494200e+00   3.4012000e+00   5.6970300e+00   3.4012000e+00  -1.5458100e+07
   6.6192900e+00  -4.6451100e+00   6.7494900e+00   3.4011300e+00   5.6971500e+00   3.4012000e+00  -1.5458100e+07
   6.6191400e+00  -4.6448900e+00   6.7496200e+00   3.4011500e+00   5.6971100e+00   3.4012000e+00  -1.5458100e+07
   6.6191600e+00  -4.6447600e+00   6.7495900e+00   3.4011600e+00   5.6971100e+00   3.4012000e+00  -1.5458100e+07
   6.6195600e+00  -4.6455100e+00   6.7495400e+00   3.4011600e+00   5.6970600e+00   3.4012000e+00  -1.5458100e+07
   6.6195700e+00  -4.6455500e+00   6.7494800e+00   3.4011300e+00   5.6970300e+00   3.4012000e+00  -1.5458100e+07
   6.6195000e+00  -4.6457500e+00   6.7495500e+00   3.4010300e+00   5.6971300e+00   3.4012000e+00  -1.5458100e+07
   6.6196500e+00  -4.6454600e+00   6.7497000e+00   3.4010400e+00   5.6970900e+00   3.4011900e+00  -1.5458100e+07
   6.6193900e+00  -4.6455700e+00   6.7494100e+00   3.4011100e+00   5.6971100e+00   3.4012000e+00  -1.5458100e+07
   6.6197300e+00  -4.6458100e+00   6.7495100e+00   3.4011900e+00   5.6970900e+00   3.4012000e+00  -1.5458100e+07
   6.6187200e+00  -4.6443600e+00   6.7494000e+00   3.4011800e+00   5.6971300e+00   3.4012000e+00  -1.5458100e+07
   6.6191100e+00  -4.6449100e+00   6.7495800e+00   3.4011000e+00   5.6971000e+00   3.4012000e+00  -1.5458100e+07
   6.6185500e+00  -4.6441000e+00   6.7494700e+00   3.4011100e+00   5.6969900e+00   3.4011900e+00  -1.5458100e+07
   6.6185400e+00  -4.6441800e+00   6.7493600e+00   3.4011700e+00   5.6970300e+00   3.4012000e+00  -1.5458100e+07
   6.6187300e+00  -4.6443400e+00   6.7494900e+00   3.4011500e+00   5.6970500e+00   3.4011900e+00  -1.5458100e+07
   6.6187500e+00  -4.6444400e+00   6.7492400e+00   3.4011300e+00   5.6970600e+00   3.4012000e+00  -1.5458100e+07
   6.6187900e+00  -4.6447300e+00   6.7494400e+00   3.4011800e+00   5.6971000e+00   3.4012000e+00  -1.5458100e+07
   6.6192000e+00  -4.6451700e+00   6.7495500e+00   3.4010800e+00   5.6970900e+00   3.4011900e+00  -1.5458100e+07
   6.6189500e+00  -4.6448400e+00   6.7493500e+00   3.4011300e+00   5.6970900e+00   3.4012000e+00  -1.5458100e+07
   6.6191600e+00  -4.6453800e+00   6.7493900e+00   3.4011900e+00   5.6970800e+00   3.4012000e+00  -1.5458100e+07
   6.6195800e+00  -4.6453400e+00   6.7496100e+00   3.4009100e+00   5.6970700e+00   3.4012000e+00  -1.5458100e+07
   6.6186100e+00  -4.6444500e+00   6.7494300e+00   3.4009200e+00   5.6970200e+00   3.4012000e+00  -1.5458100e+07
   6.6192200e+00  -4.6453100e+00   6.7493800e+00   3.4011800e+00   5.6971300e+00   3.4012000e+00  -1.5458100e+07
   6.6193400e+00  -4.6452200e+00   6.7495100e+00   3.4011500e+00   5.6970200e+00   3.4011900e+00  -1.5458100e+07
   6.6187600e+00  -4.6445800e+00   6.7496900e+00   3.4011600e+00   5.6971600e+00   3.4011900e+00  -1.5458100e+07
   6.6197300e+00  -4.6454900e+00   6.7497100e+00   3.4011600e+00   5.6970900e+00   3.4012000e+00  -1.5458100e+07
   6.6199400e+00  -4.6460100e+00   6.7497100e+00   3.4011500e+00   5.6971600e+00   3.4012000e+00  -1.5458100e+07
   6.6196600e+00  -4.6457500e+00   6.7496300e+00   3.4009600e+00   5.6970200e+00   3.4012000e+00  -1.5458100e+07
   6.6190100e+00  -4.6452100e+00   6.7493700e+00   3.4011800e+00   5.6971300e+00   3.4012000e+00  -1.5458100e+07
   6.6188100e+00  -4.6447700e+00   6.7495100e+00   3.4011600e+00   5.6970800e+00   3.4012000e+00  -1.5458100e+07
   6.6184900e+00  -4.6438100e+00   6.7495100e+00   3.4011500e+00   5.6970700e+00   3.4012000e+00  -1.5458100e+07
   6.6180300e+00  -4.6436300e+00   6.7493800e+00   3.4011400e+00   5.6971500e+00   3.4012000e+00  -1.5458100e+07
   6.6182400e+00  -4.6440900e+00   6.7493700e+00   3.4008800e+00   5.6971100e+00   3.4012000e+00  -1.5458100e+07
   6.6183800e+00  -4.6438900e+00   6.7494600e+00   3.4011000e+00   5.6970200e+00   3.4012000e+00  -1.5458100e+07
   6.6186000e+00  -4.6442300e+00   6.7496100e+00   3.4011800e+00   5.6971200e+00   3.4012000e+00  -1.5458100e+07
   6.6190900e+00  -4.6447400e+00   6.7496600e+00   3.4011300e+00   5.6970900e+00   3.4012000e+00  -1.5458100e+07
   6.6183500e+00  -4.6439300e+00   6.7495500e+00   3.4011200e+00   5.6971500e+00   3.4012000e+00  -1.5458100e+07
   6.6182200e+00  -4.6438500e+00   6.7495000e+00   3.4011200e+00   5.6971200e+00   3.4012000e+00  -1.5458100e+07
   6.6177700e+00  -4.6433500e+00   6.7495200e+00   3.4011800e+00   5.6971100e+00   3.4012000e+00  -1.5458100e+07
   6.6181600e+00  -4.6435800e+00   6.7494300e+00   3.4011800e+00   5.6970700e+00   3.4012000e+00  -1.5458100e+07
   6.6184500e+00  -4.6436100e+00   6.7496700e+00   3.4011600e+00   5.6970500e+00   3.4012000e+00  -1.5458100e+07
   6.6180700e+00  -4.6439100e+00   6.7494000e+00   3.4011900e+00   5.6971400e+00   3.4012000e+00  -1.5458100e+07
   6.6173900e+00  -4.6428400e+00   6.7493500e+00   3.4011400e+00   5.6970700e+00   3.4012000e+00  -1.5458100e+07
   6.6178100e+00  -4.6431100e+00   6.7493300e+00   3.4011300e+00   5.6971500e+00   3.4012000e+00  -1.5458100e+07
   6.6182900e+00  -4.6438300e+00   6.7493800e+00   3.4011600e+00   5.6970500e+00   3.4012000e+00  -1.5458100e+07
   6.6180500e+00  -4.6438500e+00   6.7493800e+00   3.4011500e+00   5.6971600e+00   3.4012000e+00  -1.5458100e+07
   6.6179400e+00  -4.6434400e+00   6.7493700e+00   3.4011100e+00   5.6970900e+00   3.4012000e+00  -1.5458100e+07
   6.6185000e+00  -4.6440600e+00   6.7495200e+00   3.4010500e+00   5.6971200e+00   3.4012000e+00  -1.5458100e+07
   6.6178500e+00  -4.6433100e+00   6.7493200e+00   3.4011600e+00   5.6971300e+00   3.4012000e+00  -1.5458100e+07
   6.6178600e+00  -4.6433700e+00   6.7494000e+00   3.4011900e+00   5.6971800e+00   3.4012000e+00  -1.5458100e+07
   6.6184100e+00  -4.6439400e+00   6.7494300e+00   3.4011900e+00   5.6970600e+00   3.4012000e+00  -1.5458100e+07
   6.6180900e+00  -4.6436200e+00   6.7494100e+00   3.4011600e+00   5.6970700e+00   3.4012000e+00  -1.5458100e+07
   6.6184300e+00  -4.6439300e+00   6.7494400e+00   3.4011700e+00   5.6971300e+00   3.4012000e+00  -1.5458100e+07
   6.6180800e+00  -4.6439100e+00   6.7493100e+00   3.4011500e+00   5.6971300e+00   3.4012000e+00  -1.5458100e+07
   6.6183500e+00  -4.6440500e+00   6.7493300e+00   3.4011500e+00   5.6970600e+00   3.4012000e+00  -1.5458100e+07
   6.6190100e+00  -4.6445400e+00   6.7495100e+00   3.4011800e+00   5.6970100e+00   3.4012000e+00  -1.5458100e+07
   6.6185500e+00  -4.6443200e+00   6.7494100e+00   3.4011700e+00   5.6971200e+00   3.4012000e+00  -1.5458100e+07
   6.6190600e+00  -4.6449000e+00   6.7494600e+00   3.4010700e+00   5.6970900e+00   3.4012000e+00  -1.5458100e+07
   6.6195200e+00  -4.6456400e+00   6.7493600e+00   3.4011900e+00   5.6970600e+00   3.4011900e+00  -1.5458100e+07
   6.6197900e+00  -4.6462900e+00   6.7494100e+00   3.4011800e+00   5.6971400e+00   3.4011900e+00  -1.5458100e+07
   6.6193100e+00  -4.6452900e+00   6.7495800e+00   3.4010500e+00   5.6970300e+00   3.4012000e+00  -1.5458100e+07
   6.6189300e+00  -4.6448900e+00   6.7493900e+00   3.4011800e+00   5.6971900e+00   3.4012000e+00  -1.5458100e+07
   6.6188300e+00  -4.6448100e+00   6.7492900e+00   3.4011400e+00   5.6971300e+00   3.4012000e+00  -1.5458100e+07
   6.6187000e+00  -4.6446000e+00   6.7493300e+00   3.4011000e+00   5.6970100e+00   3.4012000e+00  -1.5458100e+07
   6.6193300e+00  -4.6455500e+00   6.7493400e+00   3.4010800e+00   5.6970400e+00   3.4012000e+00  -1.5458100e+07
   6.6198900e+00  -4.6458600e+00   6.7494200e+00   3.4011300e+00   5.6970100e+00   3.4011900e+00  -1.5458100e+07
   6.6194500e+00  -4.6455600e+00   6.7493700e+00   3.4010800e+00   5.6971800e+00   3.4012000e+00  -1.5458100e+07
   6.6200100e+00  -4.6459400e+00   6.7497500e+00   3.4010700e+00   5.6969900e+00   3.4012000e+00  -1.5458100e+07
   6.6200600e+00  -4.6462200e+00   6.7495400e+00   3.4011300e+00   5.6970900e+00   3.4012000e+00  -1.5458100e+07
   6.6201400e+00  -4.6463600e+00   6.7496100e+00   3.4009300e+00   5.6971100e+00   3.4012000e+00  -1.5458100e+07
   6.6207500e+00  -4.6472100e+00   6.7495400e+00   3.4010200e+00   5.6970600e+00   3.4012000e+00  -1.5458100e+07
   6.6207100e+00  -4.6470200e+00   6.7497200e+00   3.4011900e+00   5.6970400e+00   3.4012000e+00  -1.5458100e+07
   6.6207400e+00  -4.6472100e+00   6.7496200e+00   3.4010600e+00   5.6970400e+00   3.4012000e+00  -1.5458100e+07
   6.6208900e+00  -4.6473000e+00   6.7496900e+00   3.4011300e+00   5.6970100e+00   3.4012000e+00  -1.5458100e+07
   6.6210800e+00  -4.6476300e+00   6.7495800e+00   3.4010900e+00   5.6970400e+00   3.4012000e+00  -1.5458100e+07
   6.6200600e+00  -4.6460000e+00   6.7496700e+00   3.4011700e+00   5.6970500e+00   3.4011900e+00  -1.5458100e+07
   6.6195200e+00  -4.6451900e+00   6.7494300e+00   3.4011300e+00   5.6970000e+00   3.4012000e+00  -1.5458100e+07
   6.6198100e+00  -4.6455600e+00   6.7496900e+00   3.4011300e+00   5.6970600e+00   3.4012000e+00  -1.5458100e+07
   6.6202600e+00  -4.6461800e+00   6.7495700e+00   3.4011500e+00   5.6970200e+00   3.4012000e+00  -1.5458100e+07
   6.6201900e+00  -4.6462100e+00   6.7496000e+00   3.4011200e+00   5.6971200e+00   3.4012000e+00  -1.5458100e+07
   6.6196500e+00  -4.6459200e+00   6.7496200e+00   3.4011700e+00   5.6970900e+00   3.4012000e+00  -1.5458100e+07
   6.6194000e+00  -4.6452700e+00   6.7496800e+00   3.4011000e+00   5.6970700e+00   3.4012000e+00  -1.5458100e+07
   6.6192700e+00  -4.6451000e+00   6.7494800e+00   3.4010400e+00   5.6970200e+00   3.4012000e+00  -1.5458100e+07
   6.6194000e+00  -4.6455200e+00   6.7494800e+00   3.4011800e+00   5.6971200e+00   3.4011900e+00  -1.5458100e+07
   6.6197700e+00  -4.6458400e+00   6.7496000e+00   3.4011800e+00   5.6970500e+00   3.4011900e+00  -1.5458100e+07
   6.6188800e+00  -4.6447700e+00   6.7493500e+00   3.4011100e+00   5.6970700e+00   3.4012000e+00  -1.5458100e+07
   6.6182600e+00  -4.6439700e+00   6.7493300e+00   3.4011800e+00   5.6970500e+00   3.4012000e+00  -1.5458100e+07
   6.6193200e+00  -4.6451900e+00   6.7494000e+00   3.4011800e+00   5.6970700e+00   3.4012000e+00  -1.5458100e+07
   6.6189900e+00  -4.6448200e+00   6.7493100e+00   3.4011700e+00   5.6970100e+00   3.4011900e+00  -1.5458100e+07
   6.6183800e+00  -4.6440000e+00   6.7494400e+00   3.4011100e+00   5.6970600e+00   3.4012000e+00  -1.5458100e+07
   6.6185300e+00  -4.6441000e+00   6.7496600e+00   3.4011900e+00   5.6972000e+00   3.4012000e+00  -1.5458100e+07
   6.6178100e+00  -4.6431200e+00   6.7493300e+00   3.4011800e+00   5.6970700e+00   3.4012000e+00  -1.5458100e+07
   6.6183300e+00  -4.6436000e+00   6.7493900e+00   3.4011800e+00   5.6970800e+00   3.4012000e+00  -1.5458100e+07
   6.6172200e+00  -4.6426100e+00   6.7492400e+00   3.4010100e+00   5.6970900e+00   3.4012000e+00  -1.5458100e+07
   6.6172900e+00  -4.6425800e+00   6.7494000e+00   3.4011200e+00   5.6971300e+00   3.4012000e+00  -1.5458100e+07
   6.6171500e+00  -4.6421900e+00   6.7494200e+00   3.4011900e+00   5.6971400e+00   3.4012000e+00  -1.5458100e+07
   6.6178700e+00  -4.6431400e+00   6.7494000e+00   3.4011800e+00   5.6970500e+00   3.4012000e+00  -1.5458100e+07
   6.6181900e+00  -4.6435900e+00   6.7494500e+00   3.4011900e+00   5.6971300e+00   3.4012000e+00  -1.5458100e+07
   6.6181000e+00  -4.6436800e+00   6.7492100e+00   3.4011900e+00   5.6971700e+00   3.4012000e+00  -1.5458100e+07
   6.6183500e+00  -4.6439300e+00   6.7496300e+00   3.4011200e+00   5.6972000e+00   3.4012000e+00  -1.5458100e+07
   6.6185400e+00  -4.6442100e+00   6.7495500e+00   3.4011600e+00   5.6972000e+00   3.4012000e+00  -1.5458100e+07
   6.6184000e+00  -4.6442000e+00   6.7493700e+00   3.4010600e+00   5.6970900e+00   3.4012000e+00  -1.5458100e+07
   6.6184000e+00  -4.6443400e+00   6.7492600e+00   3.4011300e+00   5.6970200e+00   3.4012000e+00  -1.5458100e+07
   6.6188700e+00  -4.6449200e+00   6.7493800e+00   3.4011900e+00   5.6971000e+00   3.4012000e+00  -1.5458100e+07
   6.6190100e+00  -4.6445600e+00   6.7495900e+00   3.4010400e+00   5.6971600e+00   3.4012000e+00  -1.5458100e+07
   6.6190100e+00  -4.6447700e+00   6.7494300e+00   3.4011400e+00   5.6970000e+00   3.4012000e+00  -1.5458100e+07
   6.6186100e+00  -4.6442800e+00   6.7494200e+00   3.4011400e+00   5.6970600e+00   3.4012000e+00  -1.5458100e+07
   6.6189900e+00  -4.6446500e+00   6.7495900e+00   3.4011500e+00   5.6970700e+00   3.4012000e+00  -1.5458100e+07
   6.6192200e+00  -4.6451000e+00   6.7494100e+00   3.4011600e+00   5.6970600e+00   3.4012000e+00  -1.5458100e+07
   6.6184700e+00  -4.6444400e+00   6.7493000e+00   3.4010400e+00   5.6970400e+00   3.4012000e+00  -1.5458100e+07
   6.6187400e+00  -4.6444000e+00   6.7495600e+00   3.4010900e+00   5.6971400e+00   3.4012000e+00  -1.5458100e+07
   6.6188100e+00  -4.6446200e+00   6.7495000e+00   3.4011800e+00   5.6971000e+00   3.4012000e+00  -1.5458100e+07
   6.6190700e+00  -4.6447900e+00   6.7496300e+00   3.4011900e+00   5.6970600e+00   3.4011900e+00  -1.5458100e+07
   6.6194200e+00  -4.6452300e+00   6.7496700e+00   3.4011800e+00   5.6971100e+00   3.4011900e+00  -1.5458100e+07
   6.6192900e+00  -4.6452200e+00   6.7495200e+00   3.4011500e+00   5.6970700e+00   3.4011900e+00  -1.5458100e+07
   6.6200800e+00  -4.6460300e+00   6.7495700e+00   3.4011100e+00   5.6970900e+00   3.4012000e+00  -1.5458100e+07
   6.6199500e+00  -4.6459100e+00   6.7494500e+00   3.4011200e+00   5.6969600e+00   3.4012000e+00  -1.5458100e+07
   6.6200200e+00  -4.6460600e+00   6.7496000e+00   3.4011800e+00   5.6970000e+00   3.4012000e+00  -1.5458100e+07
   6.6192700e+00  -4.6452400e+00   6.7495300e+00   3.4009200e+00   5.6970700e+00   3.4012000e+00  -1.5458100e+07
   6.6192400e+00  -4.6450800e+00   6.7495200e+00   3.4011800e+00   5.6970700e+00   3.4012000e+00  -1.5458100e+07
   6.6195400e+00  -4.6452600e+00   6.7495700e+00   3.4010700e+00   5.6969900e+00   3.4012000e+00  -1.5458100e+07
   6.6197500e+00  -4.6458500e+00   6.7496600e+00   3.4011800e+00   5.6970600e+00   3.4012000e+00  -1.5458100e+07
   6.6201000e+00  -4.6464300e+00   6.7495000e+00   3.4011500e+00   5.6970200e+00   3.4012000e+00  -1.5458100e+07
   6.6200000e+00  -4.6462000e+00   6.7496100e+00   3.4011500e+00   5.6970600e+00   3.4011900e+00  -1.5458100e+07
   6.6200700e+00  -4.6462500e+00   6.7495500e+00   3.4010300e+00   5.6970300e+00   3.4012000e+00  -1.5458100e+07
   6.6199400e+00  -4.6462100e+00   6.7495800e+00   3.4011300e+00   5.6971300e+00   3.4012000e+00  -1.5458100e+07
   6.6196700e+00  -4.6455600e+00   6.7495900e+00   3.4011500e+00   5.6971000e+00   3.4011900e+00  -1.5458100e+07
   6.6198700e+00  -4.6459100e+00   6.7497200e+00   3.4011900e+00   5.6971100e+00   3.4011900e+00  -1.5458100e+07
   6.6194400e+00  -4.6454200e+00   6.7493900e+00   3.4011100e+00   5.6970200e+00   3.4012000e+00  -1.5458100e+07
   6.6194500e+00  -4.6455000e+00   6.7493800e+00   3.4011800e+00   5.6970400e+00   3.4012000e+00  -1.5458100e+07
   6.6193400e+00  -4.6450300e+00   6.7496600e+00   3.4011200e+00   5.6969900e+00   3.4012000e+00  -1.5458100e+07
   6.6193800e+00  -4.6450700e+00   6.7495700e+00   3.4011900e+00   5.6970500e+00   3.4012000e+00  -1.5458100e+07
   6.6195800e+00  -4.6453800e+00   6.7495600e+00   3.4011800e+00   5.6969900e+00   3.4011900e+00  -1.5458100e+07
   6.6198800e+00  -4.6458200e+00   6.7497300e+00   3.4010800e+00   5.6971200e+00   3.4012000e+00  -1.5458100e+07
   6.6197800e+00  -4.6459100e+00   6.7495000e+00   3.4010900e+00   5.6970500e+00   3.4012000e+00  -1.5458100e+07
   6.6198800e+00  -4.6461900e+00   6.7495600e+00   3.4011900e+00   5.6970600e+00   3.4011900e+00  -1.5458100e+07
   6.6196700e+00  -4.6457800e+00   6.7495300e+00   3.4011000e+00   5.6970700e+00   3.4012000e+00  -1.5458100e+07
   6.6198300e+00  -4.6460200e+00   6.7496500e+00   3.4011700e+00   5.6970300e+00   3.4012000e+00  -1.5458100e+07
   6.6193300e+00  -4.6452900e+00   6.7494400e+00   3.4011600e+00   5.6970500e+00   3.4012000e+00  -1.5458100e+07
   6.6191200e+00  -4.6452600e+00   6.7495100e+00   3.4012000e+00   5.6970900e+00   3.4012000e+00  -1.5458100e+07
   6.6193500e+00  -4.6453500e+00   6.7494100e+00   3.4011000e+00   5.6970800e+00   3.4012000e+00  -1.5458100e+07
   6.6205300e+00  -4.6464700e+00   6.7498500e+00   3.4008300e+00   5.6970900e+00   3.4012000e+00  -1.5458100e+07
   6.6196900e+00  -4.6456900e+00   6.7495600e+00   3.4011900e+00   5.6970400e+00   3.4012000e+00  -1.5458100e+07
   6.6196600e+00  -4.6455100e+00   6.7495200e+00   3.4010300e+00   5.6969100e+00   3.4012000e+00  -1.5458100e+07
   6.6194800e+00  -4.6457800e+00   6.7493900e+00   3.4011900e+00   5.6971200e+00   3.4012000e+00  -1.5458100e+07
   6.6189300e+00  -4.6448700e+00   6.7493700e+00   3.4011700e+00   5.6971000e+00   3.4012000e+00  -1.5458100e+07
   6.6188200e+00  -4.6445800e+00   6.7492700e+00   3.4011800e+00   5.6969800e+00   3.4012000e+00  -1.5458100e+07
   6.6190500e+00  -4.6448300e+00   6.7495200e+00   3.4010600e+00   5.6971000e+00   3.4012000e+00  -1.5458100e+07
   6.6190000e+00  -4.6448500e+00   6.7494700e+00   3.4011500e+00   5.6970800e+00   3.4011900e+00  -1.5458100e+07
   6.6192600e+00  -4.6454300e+00   6.7493900e+00   3.4011700e+00   5.6971800e+00   3.4012000e+00  -1.5458100e+07
   6.6194300e+00  -4.6451500e+00   6.7496800e+00   3.4009600e+00   5.6971000e+00   3.4012000e+00  -1.5458100e+07
   6.6193800e+00  -4.6452800e+00   6.7495800e+00   3.4011800e+00   5.6970100e+00   3.4012000e+00  -1.5458100e+07
   6.6191400e+00  -4.6452100e+00   6.7495200e+00   3.4011600e+00   5.6971100e+00   3.4012000e+00  -1.5458100e+07
   6.6197100e+00  -4.6457700e+00   6.7497700e+00   3.4009900e+00   5.6971200e+00   3.4012000e+00  -1.5458100e+07
   6.6200400e+00  -4.6461100e+00   6.7497200e+00   3.4011800e+00   5.6971200e+00   3.4012000e+00  -1.5458100e+07
   6.6193900e+00  -4.6453500e+00   6.7496000e+00   3.4010900e+00   5.6971500e+00   3.4012000e+00  -1.5458100e+07
   6.6193900e+00  -4.6450800e+00   6.7495800e+00   3.4011900e+00   5.6971100e+00   3.4012000e+00  -1.5458100e+07
   6.6196100e+00  -4.6454700e+00   6.7494800e+00   3.4010200e+00   5.6969700e+00   3.4011900e+00  -1.5458100e+07
   6.6199800e+00  -4.6459400e+00   6.7496700e+00   3.4011900e+00   5.6970800e+00   3.4012000e+00  -1.5458100e+07
   6.6200100e+00  -4.6460700e+00   6.7496700e+00   3.4011500e+00   5.6971200e+00   3.4012000e+00  -1.5458100e+07
   6.6198500e+00  -4.6459200e+00   6.7495600e+00   3.4011800e+00   5.6970100e+00   3.4012000e+00  -1.5458100e+07
   6.6199300e+00  -4.6460500e+00   6.7496500e+00   3.4011700e+00   5.6971200e+00   3.4011900e+00  -1.5458100e+07
   6.6196100e+00  -4.6461400e+00   6.7493100e+00   3.4011700e+00   5.6971400e+00   3.4012000e+00  -1.5458100e+07
   6.6204400e+00  -4.6468200e+00   6.7495900e+00   3.4011200e+00   5.6970100e+00   3.4012000e+00  -1.5458100e+07
   6.6203800e+00  -4.6467500e+00   6.7496100e+00   3.4012000e+00   5.6969700e+00   3.4012000e+00  -1.5458100e+07
   6.6204300e+00  -4.6465700e+00   6.7495100e+00   3.4010800e+00   5.6970600e+00   3.4012000e+00  -1.5458100e+07
   6.6195600e+00  -4.6457300e+00   6.7494300e+00   3.4011900e+00   5.6970800e+00   3.4011900e+00  -1.5458100e+07
   6.6195900e+00  -4.6454400e+00   6.7497900e+00   3.4011900e+00   5.6970500e+00   3.4012000e+00  -1.5458100e+07
   6.6192100e+00  -4.6453500e+00   6.7494600e+00   3.4011700e+00   5.6971400e+00   3.4012000e+00  -1.5458100e+07
   6.6194200e+00  -4.6455500e+00   6.7494100e+00   3.4011500e+00   5.6970800e+00   3.4012000e+00  -1.5458100e+07
   6.6192700e+00  -4.6448200e+00   6.7497300e+00   3.4011700e+00   5.6970500e+00   3.4012000e+00  -1.5458100e+07
   6.6196400e+00  -4.6455400e+00   6.7496800e+00   3.4010800e+00   5.6970400e+00   3.4012000e+00  -1.5458100e+07
   6.6182600e+00  -4.6439900e+00   6.7494500e+00   3.4010800e+00   5.6972200e+00   3.4012000e+00  -1.5458100e+07
   6.6181700e+00  -4.6439200e+00   6.7495700e+00   3.4011100e+00   5.6972000e+00   3.4011900e+00  -1.5458100e+07
   6.6185700e+00  -4.6443000e+00   6.7493700e+00   3.4011800e+00   5.6971200e+00   3.4012000e+00  -1.5458100e+07
   6.6188200e+00  -4.6447000e+00   6.7495800e+00   3.4010100e+00   5.6971300e+00   3.4012000e+00  -1.5458100e+07
   6.6180500e+00  -4.6439000e+00   6.7493900e+00   3.4011400e+00   5.6971000e+00   3.4012000e+00  -1.5458100e+07
   6.6186500e+00  -4.6442600e+00   6.7494500e+00   3.4011800e+00   5.6970800e+00   3.4012000e+00  -1.5458100e+07
   6.6191800e+00  -4.6448000e+00   6.7496300e+00   3.4011800e+00   5.6970500e+00   3.4012000e+00  -1.5458100e+07
   6.6188100e+00  -4.6444900e+00   6.7495100e+00   3.4011500e+00   5.6971100e+00   3.4012000e+00  -1.5458100e+07
   6.6182500e+00  -4.6438400e+00   6.7494900e+00   3.4011000e+00   5.6971000e+00   3.4012000e+00  -1.5458100e+07
   6.6184100e+00  -4.6437400e+00   6.7495300e+00   3.4011700e+00   5.6970100e+00   3.4012000e+00  -1.5458100e+07
   6.6184700e+00  -4.6436400e+00   6.7494400e+00   3.4011800e+00   5.6970000e+00   3.4011900e+00  -1.5458100e+07
   6.6186200e+00  -4.6440200e+00   6.7495400e+00   3.4011800e+00   5.6970600e+00   3.4012000e+00  -1.5458100e+07
   6.6179100e+00  -4.6434900e+00   6.7494500e+00   3.4011000e+00   5.6971100e+00   3.4012000e+00  -1.5458100e+07
   6.6182500e+00  -4.6438100e+00   6.7494900e+00   3.4010100e+00   5.6970700e+00   3.4012000e+00  -1.5458100e+07
   6.6184100e+00  -4.6437800e+00   6.7494300e+00   3.4010900e+00   5.6970700e+00   3.4012000e+00  -1.5458100e+07
   6.6185400e+00  -4.6439100e+00   6.7495600e+00   3.4011800e+00   5.6971200e+00   3.4012000e+00  -1.5458100e+07
   6.6183900e+00  -4.6436500e+00   6.7496000e+00   3.4011900e+00   5.6971000e+00   3.4012000e+00  -1.5458100e+07
   6.6186900e+00  -4.6445800e+00   6.7493900e+00   3.4011000e+00   5.6971000e+00   3.4012000e+00  -1.5458100e+07
   6.6193800e+00  -4.6452200e+00   6.7496300e+00   3.4011000e+00   5.6970300e+00   3.4012000e+00  -1.5458100e+07
   6.6192300e+00  -4.6451700e+00   6.7494200e+00   3.4011100e+00   5.6971600e+00   3.4012000e+00  -1.5458100e+07
   6.6186800e+00  -4.6442000e+00   6.7494700e+00   3.4011100e+00   5.6970800e+00   3.4012000e+00  -1.5458100e+07
   6.6192100e+00  -4.6450200e+00   6.7494200e+00   3.4011800e+00   5.6970400e+00   3.4012000e+00  -1.5458100e+07
   6.6198700e+00  -4.6457900e+00   6.7496400e+00   3.4011300e+00   5.6970500e+00   3.4012000e+00  -1.5458100e+07
   6.6197500e+00  -4.6455800e+00   6.7496200e+00   3.4011300e+00   5.6971200e+00   3.4012000e+00  -1.5458100e+07
   6.6199400e+00  -4.6460700e+00   6.7494700e+00   3.4009400e+00   5.6970500e+00   3.4012000e+00  -1.5458100e+07
   6.6191200e+00  -4.6452100e+00   6.7494800e+00   3.4011900e+00   5.6971900e+00   3.4012000e+00  -1.5458100e+07
   6.6184900e+00  -4.6441700e+00   6.7495500e+00   3.4011500e+00   5.6971400e+00   3.4012000e+00  -1.5458100e+07
   6.6191400e+00  -4.6449100e+00   6.7495100e+00   3.4011100e+00   5.6970200e+00   3.4012000e+00  -1.5458100e+07
   6.6193400e+00  -4.6454700e+00   6.7494800e+00   3.4011700e+00   5.6970200e+00   3.4011900e+00  -1.5458100e+07
   6.6199700e+00  -4.6461500e+00   6.7496900e+00   3.4010400e+00   5.6971300e+00   3.4011900e+00  -1.5458100e+07
   6.6197200e+00  -4.6454900e+00   6.7496800e+00   3.4011300e+00   5.6969800e+00   3.4012000e+00  -1.5458100e+07
   6.6198300e+00  -4.6452400e+00   6.7496800e+00   3.4010900e+00   5.6969800e+00   3.4012000e+00  -1.5458100e+07
   6.6185900e+00  -4.6440400e+00   6.7495300e+00   3.4011600e+00   5.6971100e+00   3.4011900e+00  -1.5458100e+07
   6.6183400e+00  -4.6438900e+00   6.7493800e+00   3.4011200e+00   5.6970300e+00   3.4011900e+00  -1.5458100e+07
   6.6180900e+00  -4.6433400e+00   6.7494100e+00   3.4010700e+00   5.6970600e+00   3.4012000e+00  -1.5458100e+07
   6.6176500e+00  -4.6430400e+00   6.7492000e+00   3.4011000e+00   5.6971400e+00   3.4012000e+00  -1.5458100e+07
   6.6172100e+00  -4.6422100e+00   6.7493300e+00   3.4011100e+00   5.6971900e+00   3.4012000e+00  -1.5458100e+07
   6.6176800e+00  -4.6429200e+00   6.7493100e+00   3.4011800e+00   5.6970800e+00   3.4011900e+00  -1.5458100e+07
   6.6175700e+00  -4.6428900e+00   6.7491800e+00   3.4011200e+00   5.6969700e+00   3.4012000e+00  -1.5458100e+07
   6.6177900e+00  -4.6428400e+00   6.7494500e+00   3.4011900e+00   5.6971100e+00   3.4012000e+00  -1.5458100e+07
   6.6180600e+00  -4.6433000e+00   6.7494500e+00   3.4010900e+00   5.6970800e+00   3.4012000e+00  -1.5458100e+07
   6.6184600e+00  -4.6439800e+00   6.7496100e+00   3.4010400e+00   5.6970400e+00   3.4012000e+00  -1.5458100e+07
   6.6187100e+00  -4.6442700e+00   6.7494100e+00   3.4011800e+00   5.6970400e+00   3.4012000e+00  -1.5458100e+07
   6.6185400e+00  -4.6442100e+00   6.7494200e+00   3.4011200e+00   5.6971500e+00   3.4012000e+00  -1.5458100e+07
   6.6183300e+00  -4.6438800e+00   6.7495800e+00   3.4011400e+00   5.6971200e+00   3.4012000e+00  -1.5458100e+07
   6.6183200e+00  -4.6438000e+00   6.7493800e+00   3.4011200e+00   5.6969800e+00   3.4012000e+00  -1.5458100e+07
   6.6184300e+00  -4.6439500e+00   6.7493500e+00   3.4011500e+00   5.6971400e+00   3.4012000e+00  -1.5458100e+07
   6.6182100e+00  -4.6433700e+00   6.7496500e+00   3.4011300e+00   5.6971400e+00   3.4012000e+00  -1.5458100e+07
   6.6186900e+00  -4.6442200e+00   6.7493500e+00   3.4011800e+00   5.6971200e+00   3.4012000e+00  -1.5458100e+07
   6.6188400e+00  -4.6446600e+00   6.7495100e+00   3.4011800e+00   5.6971300e+00   3.4012000e+00  -1.5458100e+07
   6.6188500e+00  -4.6443700e+00   6.7494000e+00   3.4011600e+00   5.6970800e+00   3.4012000e+00  -1.5458100e+07
   6.6190100e+00  -4.6446000e+00   6.7496200e+00   3.4011200e+00   5.6970700e+00   3.4012000e+00  -1.5458100e+07
   6.6192400e+00  -4.6448900e+00   6.7497600e+00   3.4010400e+00   5.6971200e+00   3.4012000e+00  -1.5458100e+07
   6.6186400e+00  -4.6443800e+00   6.7494600e+00   3.4011900e+00   5.6971300e+00   3.4012000e+00  -1.5458100e+07
   6.6186100e+00  -4.6445400e+00   6.7494100e+00   3.4011500e+00   5.6971100e+00   3.4012000e+00  -1.5458100e+07
   6.6187900e+00  -4.6444600e+00   6.7494200e+00   3.4011500e+00   5.6970900e+00   3.4012000e+00  -1.5458100e+07
   6.6187700e+00  -4.6444700e+00   6.7494300e+00   3.4011500e+00   5.6970800e+00   3.4011900e+00  -1.5458100e+07
   6.6188800e+00  -4.6443300e+00   6.7495500e+00   3.4010100e+00   5.6970900e+00   3.4012000e+00  -1.5458100e+07
   6.6192400e+00  -4.6450200e+00   6.7494900e+00   3.4011400e+00   5.6970800e+00   3.4012000e+00  -1.5458100e+07
   6.6195500e+00  -4.6455700e+00   6.7495300e+00   3.4011700e+00   5.6971000e+00   3.4012000e+00  -1.5458100e+07
   6.6198400e+00  -4.6459200e+00   6.7496900e+00   3.4011500e+00   5.6971800e+00   3.4012000e+00  -1.5458100e+07
   6.6197500e+00  -4.6461500e+00   6.7494100e+00   3.4011100e+00   5.6971000e+00   3.4012000e+00  -1.5458100e+07
   6.6200600e+00  -4.6463100e+00   6.7495300e+00   3.4010300e+00   5.6970500e+00   3.4012000e+00  -1.5458100e+07
   6.6195700e+00  -4.6454800e+00   6.7496100e+00   3.4011700e+00   5.6970500e+00   3.4011900e+00  -1.5458100e+07
   6.6194800e+00  -4.6453700e+00   6.7493900e+00   3.4011700e+00   5.6970500e+00   3.4012000e+00  -1.5458100e+07
   6.6195700e+00  -4.6453800e+00   6.7496400e+00   3.4012000e+00   5.6970700e+00   3.4011900e+00  -1.5458100e+07
   6.6199000e+00  -4.6455600e+00   6.7496500e+00   3.4010000e+00   5.6969800e+00   3.4012000e+00  -1.5458100e+07
   6.6194300e+00  -4.6455700e+00   6.7494100e+00   3.4008500e+00   5.6971400e+00   3.4012000e+00  -1.5458100e+07
   6.6195100e+00  -4.6452900e+00   6.7496100e+00   3.4011600e+00   5.6970200e+00   3.4012000e+00  -1.5458100e+07
   6.6191300e+00  -4.6448700e+00   6.7496300e+00   3.4010000e+00   5.6970000e+00   3.4012000e+00  -1.5458100e+07
   6.6190200e+00  -4.6451100e+00   6.7494700e+00   3.4010700e+00   5.6970600e+00   3.4012000e+00  -1.5458100e+07
   6.6194000e+00  -4.6455200e+00   6.7495000e+00   3.4011500e+00   5.6970900e+00   3.4012000e+00  -1.5458100e+07
   6.6197800e+00  -4.6455900e+00   6.7496800e+00   3.4010200e+00   5.6971000e+00   3.4012000e+00  -1.5458100e+07
   6.6188800e+00  -4.6444300e+00   6.7495900e+00   3.4011100e+00   5.6971100e+00   3.4011900e+00  -1.5458100e+07
   6.6184500e+00  -4.6440800e+00   6.7495700e+00   3.4011800e+00   5.6971000e+00   3.4012000e+00  -1.5458100e+07
   6.6187100e+00  -4.6445400e+00   6.7494300e+00   3.4011800e+00   5.6970900e+00   3.4012000e+00  -1.5458100e+07
   6.6193900e+00  -4.6453300e+00   6.7496100e+00   3.4011400e+00   5.6970600e+00   3.4012000e+00  -1.5458100e+07
   6.6195400e+00  -4.6452200e+00   6.7496100e+00   3.4011300e+00   5.6970200e+00   3.4012000e+00  -1.5458100e+07
   6.6196900e+00  -4.6454600e+00   6.7498400e+00   3.4010600e+00   5.6971300e+00   3.4011900e+00  -1.5458100e+07
   6.6186500e+00  -4.6445000e+00   6.7495100e+00   3.4011900e+00   5.6971400e+00   3.4012000e+00  -1.5458100e+07
   6.6190900e+00  -4.6449100e+00   6.7495200e+00   3.4011200e+00   5.6970700e+00   3.4011900e+00  -1.5458100e+07
   6.6198700e+00  -4.6459600e+00   6.7496200e+00   3.4011700e+00   5.6970400e+00   3.4012000e+00  -1.5458100e+07
   6.6195400e+00  -4.6453500e+00   6.7495800e+00   3.4010300e+00   5.6970600e+00   3.4011900e+00  -1.5458100e+07
   6.6196100e+00  -4.6455200e+00   6.7497800e+00   3.4008800e+00   5.6971800e+00   3.4012000e+00  -1.5458100e+07
   6.6192900e+00  -4.6450800e+00   6.7496900e+00   3.4011900e+00   5.6971200e+00   3.4012000e+00  -1.5458100e+07
   6.6197900e+00  -4.6456800e+00   6.7496700e+00   3.4011300e+00   5.6970100e+00   3.4012000e+00  -1.5458100e+07
   6.6199800e+00  -4.6465900e+00   6.7495200e+00   3.4011900e+00   5.6970800e+00   3.4012000e+00  -1.5458100e+07
   6.6203100e+00  -4.6467500e+00   6.7496000e+00   3.4011600e+00   5.6970200e+00   3.4012000e+00  -1.5458100e+07
   6.6199800e+00  -4.6462400e+00   6.7495400e+00   3.4011000e+00   5.6970200e+00   3.4012000e+00  -1.5458100e+07
   6.6195500e+00  -4.6458400e+00   6.7495000e+00   3.4010600e+00   5.6971200e+00   3.4012000e+00  -1.5458100e+07
   6.6202300e+00  -4.6463100e+00   6.7494800e+00   3.4011700e+00   5.6969500e+00   3.4012000e+00  -1.5458100e+07
   6.6192000e+00  -4.6452100e+00   6.7495000e+00   3.4010900e+00   5.6970700e+00   3.4012000e+00  -1.5458100e+07
   6.6192400e+00  -4.6450200e+00   6.7495100e+00   3.4011100e+00   5.6969900e+00   3.4011900e+00  -1.5458100e+07
   6.6196500e+00  -4.6457600e+00   6.7494100e+00   3.4011500e+00   5.6970400e+00   3.4012000e+00  -1.5458100e+07
   6.6201600e+00  -4.6464000e+00   6.7496700e+00   3.4011700e+00   5.6971700e+00   3.4012000e+00  -1.5458100e+07
   6.6202500e+00  -4.6469400e+00   6.7494500e+00   3.4011700e+00   5.6970700e+00   3.4012000e+00  -1.5458100e+07
   6.6206300e+00  -4.6471000e+00   6.7495300e+00   3.4011600e+00   5.6970800e+00   3.4011900e+00  -1.5458100e+07
   6.6206500e+00  -4.6471400e+00   6.7494400e+00   3.4011700e+00   5.6970700e+00   3.4012000e+00  -1.5458100e+07
   6.6206500e+00  -4.6473600e+00   6.7495700e+00   3.4011100e+00   5.6970800e+00   3.4012000e+00  -1.5458100e+07
   6.6211700e+00  -4.6475300e+00   6.7498400e+00   3.4011900e+00   5.6970500e+00   3.4012000e+00  -1.5458100e+07
   6.6210700e+00  -4.6476000e+00   6.7496200e+00   3.4010600e+00   5.6969600e+00   3.4012000e+00  -1.5458100e+07
   6.6211100e+00  -4.6475100e+00   6.7496500e+00   3.4011700e+00   5.6969700e+00   3.4012000e+00  -1.5458100e+07
   6.6211900e+00  -4.6477800e+00   6.7498200e+00   3.4009600e+00   5.6969900e+00   3.4012000e+00  -1.5458100e+07
   6.6211100e+00  -4.6478100e+00   6.7497200e+00   3.4009300e+00   5.6970600e+00   3.4011900e+00  -1.5458100e+07
   6.6214500e+00  -4.6483200e+00   6.7497500e+00   3.4011900e+00   5.6971200e+00   3.4012000e+00  -1.5458100e+07
   6.6214100e+00  -4.6481800e+00   6.7498800e+00   3.4011700e+00   5.6970700e+00   3.4012000e+00  -1.5458100e+07
   6.6208800e+00  -4.6477500e+00   6.7494300e+00   3.4010900e+00   5.6970400e+00   3.4011900e+00  -1.5458100e+07
   6.6202700e+00  -4.6464200e+00   6.7496400e+00   3.4011800e+00   5.6970200e+00   3.4012000e+00  -1.5458100e+07
   6.6197500e+00  -4.6460500e+00   6.7495000e+00   3.4011600e+00   5.6971600e+00   3.4012000e+00  -1.5458100e+07
   6.6199000e+00  -4.6459600e+00   6.7497100e+00   3.4010200e+00   5.6971300e+00   3.4012000e+00  -1.5458100e+07
   6.6200300e+00  -4.6461500e+00   6.7496100e+00   3.4011800e+00   5.6970200e+00   3.4012000e+00  -1.5458100e+07
   6.6196200e+00  -4.6456600e+00   6.7495900e+00   3.4011500e+00   5.6970900e+00   3.4012000e+00  -1.5458100e+07
   6.6194900e+00  -4.6452000e+00   6.7497100e+00   3.4011600e+00   5.6970700e+00   3.4012000e+00  -1.5458100e+07
   6.6188000e+00  -4.6446100e+00   6.7493400e+00   3.4011200e+00   5.6971000e+00   3.4012000e+00  -1.5458100e+07
   6.6194400e+00  -4.6454000e+00   6.7495200e+00   3.4011900e+00   5.6970900e+00   3.4012000e+00  -1.5458100e+07
   6.6186300e+00  -4.6445100e+00   6.7494500e+00   3.4011500e+00   5.6970800e+00   3.4012000e+00  -1.5458100e+07
   6.6188800e+00  -4.6450000e+00   6.7494000e+00   3.4009900e+00   5.6970400e+00   3.4012000e+00  -1.5458100e+07
   6.6192400e+00  -4.6450800e+00   6.7495700e+00   3.4011800e+00   5.6971600e+00   3.4011900e+00  -1.5458100e+07
   6.6193300e+00  -4.6453300e+00   6.7495200e+00   3.4009700e+00   5.6971300e+00   3.4012000e+00  -1.5458100e+07
   6.6194500e+00  -4.6451000e+00   6.7497000e+00   3.4011500e+00   5.6970100e+00   3.4012000e+00  -1.5458100e+07
   6.6192800e+00  -4.6453200e+00   6.7495300e+00   3.4010600e+00   5.6970700e+00   3.4012000e+00  -1.5458100e+07
   6.6195800e+00  -4.6457000e+00   6.7494300e+00   3.4011400e+00   5.6971400e+00   3.4012000e+00  -1.5458100e+07
   6.6194800e+00  -4.6456800e+00   6.7494800e+00   3.4011600e+00   5.6970500e+00   3.4012000e+00  -1.5458100e+07
   6.6195600e+00  -4.6455500e+00   6.7495900e+00   3.4011400e+00   5.6970400e+00   3.4012000e+00  -1.5458100e+07
   6.6198300e+00  -4.6458200e+00   6.7496000e+00   3.4011200e+00   5.6971100e+00   3.4012000e+00  -1.5458100e+07
   6.6196800e+00  -4.6456900e+00   6.7496000e+00   3.4011800e+00   5.6970500e+00   3.4012000e+00  -1.5458100e+07
   6.6197500e+00  -4.6460400e+00   6.7495800e+00   3.4011800e+00   5.6971900e+00   3.4012000e+00  -1.5458100e+07
   6.6187300e+00  -4.6448500e+00   6.7493200e+00   3.4011600e+00   5.6970900e+00   3.4012000e+00  -1.5458100e+07
   6.6190300e+00  -4.6449200e+00   6.7493200e+00   3.4011600e+00   5.6970400e+00   3.4012000e+00  -1.5458100e+07
   6.6192000e+00  -4.6453800e+00   6.7493400e+00   3.4011900e+00   5.6970400e+00   3.4012000e+00  -1.5458100e+07
   6.6194800e+00  -4.6453600e+00   6.7495500e+00   3.4011500e+00   5.6971000e+00   3.4012000e+00  -1.5458100e+07
   6.6178800e+00  -4.6436700e+00   6.7491800e+00   3.4011800e+00   5.6971400e+00   3.4011900e+00  -1.5458100e+07
   6.6179800e+00  -4.6432300e+00   6.7493700e+00   3.4011700e+00   5.6971600e+00   3.4012000e+00  -1.5458100e+07
   6.6179900e+00  -4.6433500e+00   6.7495200e+00   3.4010600e+00   5.6970200e+00   3.4012000e+00  -1.5458100e+07
   6.6179200e+00  -4.6430200e+00   6.7493900e+00   3.4010800e+00   5.6971400e+00   3.4012000e+00  -1.5458100e+07
   6.6183200e+00  -4.6438500e+00   6.7494300e+00   3.4011500e+00   5.6971500e+00   3.4012000e+00  -1.5458100e+07
   6.6184600e+00  -4.6439600e+00   6.7494500e+00   3.4010600e+00   5.6971000e+00   3.4012000e+00  -1.5458100e+07
   6.6183100e+00  -4.6441500e+00   6.7492900e+00   3.4011500e+00   5.6971700e+00   3.4011900e+00  -1.5458100e+07
   6.6183500e+00  -4.6438100e+00   6.7495800e+00   3.4011600e+00   5.6970700e+00   3.4012000e+00  -1.5458100e+07
   6.6180800e+00  -4.6439500e+00   6.7492200e+00   3.4011800e+00   5.6971300e+00   3.4011900e+00  -1.5458100e+07
   6.6181800e+00  -4.6437000e+00   6.7492900e+00   3.4011700e+00   5.6970500e+00   3.4012000e+00  -1.5458100e+07
   6.6184900e+00  -4.6441800e+00   6.7493100e+00   3.4011500e+00   5.6971900e+00   3.4012000e+00  -1.5458100e+07
   6.6184400e+00  -4.6439900e+00   6.7495000e+00   3.4011200e+00   5.6971200e+00   3.4012000e+00  -1.5458100e+07
   6.6185100e+00  -4.6440900e+00   6.7493200e+00   3.4011900e+00   5.6970500e+00   3.4012000e+00  -1.5458100e+07
   6.6181300e+00  -4.6440200e+00   6.7494800e+00   3.4011500e+00   5.6972400e+00   3.4012000e+00  -1.5458100e+07
   6.6184100e+00  -4.6441900e+00   6.7494100e+00   3.4011200e+00   5.6971100e+00   3.4012000e+00  -1.5458100e+07
   6.6187100e+00  -4.6445800e+00   6.7495000e+00   3.4011800e+00   5.6971400e+00   3.4012000e+00  -1.5458100e+07
   6.6188800e+00  -4.6448000e+00   6.7493600e+00   3.4011700e+00   5.6970600e+00   3.4012000e+00  -1.5458100e+07
   6.6181100e+00  -4.6437500e+00   6.7493800e+00   3.4011500e+00   5.6972200e+00   3.4011900e+00  -1.5458100e+07
   6.6182700e+00  -4.6437500e+00   6.7494500e+00   3.4009700e+00   5.6970400e+00   3.4012000e+00  -1.5458100e+07
   6.6181700e+00  -4.6439100e+00   6.7492100e+00   3.4011600e+00   5.6970600e+00   3.4012000e+00  -1.5458100e+07
   6.6186400e+00  -4.6442300e+00   6.7496200e+00   3.4011900e+00   5.6971000e+00   3.4011900e+00  -1.5458100e+07
   6.6179800e+00  -4.6438200e+00   6.7492300e+00   3.4011800e+00   5.6971800e+00   3.4012000e+00  -1.5458100e+07
   6.6181900e+00  -4.6440300e+00   6.7493800e+00   3.4011800e+00   5.6971800e+00   3.4012000e+00  -1.5458100e+07
   6.6180100e+00  -4.6436900e+00   6.7493500e+00   3.4011900e+00   5.6971200e+00   3.4012000e+00  -1.5458100e+07
   6.6185300e+00  -4.6445200e+00   6.7493100e+00   3.4011900e+00   5.6971600e+00   3.4012000e+00  -1.5458100e+07
   6.6184300e+00  -4.6438700e+00   6.7494500e+00   3.4011300e+00   5.6971300e+00   3.4012000e+00  -1.5458100e+07
   6.6191200e+00  -4.6448800e+00   6.7495000e+00   3.4011100e+00   5.6970600e+00   3.4012000e+00  -1.5458100e+07
   6.6189300e+00  -4.6448300e+00   6.7494000e+00   3.4011400e+00   5.6971200e+00   3.4012000e+00  -1.5458100e+07
   6.6185400e+00  -4.6443600e+00   6.7494500e+00   3.4011000e+00   5.6971400e+00   3.4011900e+00  -1.5458100e+07
   6.6186300e+00  -4.6440800e+00   6.7494500e+00   3.4011700e+00   5.6970400e+00   3.4012000e+00  -1.5458100e+07
   6.6185900e+00  -4.6442400e+00   6.7494600e+00   3.4011700e+00   5.6970400e+00   3.4012000e+00  -1.5458100e+07
   6.6192000e+00  -4.6448100e+00   6.7496100e+00   3.4010300e+00   5.6971000e+00   3.4012000e+00  -1.5458100e+07
   6.6194000e+00  -4.6454500e+00   6.7495800e+00   3.4011900e+00   5.6970700e+00   3.4011900e+00  -1.5458100e+07
   6.6187500e+00  -4.6443500e+00   6.7495400e+00   3.4011800e+00   5.6970600e+00   3.4012000e+00  -1.5458100e+07
   6.6191600e+00  -4.6449000e+00   6.7496000e+00   3.4011700e+00   5.6971600e+00   3.4012000e+00  -1.5458100e+07
   6.6190200e+00  -4.6450600e+00   6.7493900e+00   3.4010200e+00   5.6970900e+00   3.4012000e+00  -1.5458100e+07
   6.6193200e+00  -4.6453800e+00   6.7495400e+00   3.4009400e+00   5.6970400e+00   3.4012000e+00  -1.5458100e+07
   6.6193400e+00  -4.6450700e+00   6.7494900e+00   3.4010700e+00   5.6970400e+00   3.4012000e+00  -1.5458100e+07
   6.6193300e+00  -4.6453200e+00   6.7493800e+00   3.4011500e+00   5.6970700e+00   3.4012000e+00  -1.5458100e+07
   6.6195300e+00  -4.6456200e+00   6.7494900e+00   3.4010500e+00   5.6970400e+00   3.4012000e+00  -1.5458100e+07
   6.6195700e+00  -4.6458400e+00   6.7493500e+00   3.4011700e+00   5.6970800e+00   3.4012000e+00  -1.5458100e+07
   6.6194000e+00  -4.6453700e+00   6.7495000e+00   3.4011600e+00   5.6971000e+00   3.4012000e+00  -1.5458100e+07
   6.6189300e+00  -4.6447200e+00   6.7494800e+00   3.4010900e+00   5.6970300e+00   3.4012000e+00  -1.5458100e+07
   6.6184400e+00  -4.6438900e+00   6.7493800e+00   3.4010100e+00   5.6971200e+00   3.4012000e+00  -1.5458100e+07
   6.6189500e+00  -4.6446500e+00   6.7496400e+00   3.4011800e+00   5.6971600e+00   3.4012000e+00  -1.5458100e+07
   6.6191400e+00  -4.6450500e+00   6.7495500e+00   3.4011900e+00   5.6970600e+00   3.4011900e+00  -1.5458100e+07
   6.6196300e+00  -4.6457300e+00   6.7495900e+00   3.4011300e+00   5.6970900e+00   3.4012000e+00  -1.5458100e+07
   6.6199200e+00  -4.6461500e+00   6.7495100e+00   3.4011900e+00   5.6970600e+00   3.4012000e+00  -1.5458100e+07
   6.6204700e+00  -4.6465700e+00   6.7495000e+00   3.4010700e+00   5.6970200e+00   3.4012000e+00  -1.5458100e+07
   6.6204400e+00  -4.6466100e+00   6.7495800e+00   3.4010600e+00   5.6969600e+00   3.4012000e+00  -1.5458100e+07
   6.6198200e+00  -4.6458400e+00   6.7495700e+00   3.4009600e+00   5.6970800e+00   3.4012000e+00  -1.5458100e+07
   6.6195300e+00  -4.6457200e+00   6.7495200e+00   3.4011400e+00   5.6970700e+00   3.4011900e+00  -1.5458100e+07
   6.6202800e+00  -4.6464500e+00   6.7496800e+00   3.4011000e+00   5.6970100e+00   3.4012000e+00  -1.5458100e+07
   6.6198400e+00  -4.6458300e+00   6.7497000e+00   3.4011800e+00   5.6970100e+00   3.4012000e+00  -1.5458100e+07
   6.6198600e+00  -4.6459300e+00   6.7495600e+00   3.4011900e+00   5.6971200e+00   3.4012000e+00  -1.5458100e+07
   6.6196400e+00  -4.6456400e+00   6.7494700e+00   3.4011300e+00   5.6969700e+00   3.4012000e+00  -1.5458100e+07
   6.6194900e+00  -4.6453300e+00   6.7496100e+00   3.4011700e+00   5.6970100e+00   3.4012000e+00  -1.5458100e+07
   6.6198200e+00  -4.6457200e+00   6.7495300e+00   3.4011900e+00   5.6969300e+00   3.4012000e+00  -1.5458100e+07
   6.6196400e+00  -4.6458900e+00   6.7495500e+00   3.4011800e+00   5.6971000e+00   3.4012000e+00  -1.5458100e+07
   6.6200300e+00  -4.6461900e+00   6.7494300e+00   3.4011700e+00   5.6970500e+00   3.4011900e+00  -1.5458100e+07
   6.6194200e+00  -4.6456200e+00   6.7492800e+00   3.4011100e+00   5.6970800e+00   3.4012000e+00  -1.5458100e+07
   6.6198100e+00  -4.6456700e+00   6.7495300e+00   3.4011800e+00   5.6970200e+00   3.4012000e+00  -1.5458100e+07
   6.6195300e+00  -4.6453900e+00   6.7495100e+00   3.4011900e+00   5.6970400e+00   3.4011900e+00  -1.5458100e+07
   6.6194300e+00  -4.6453000e+00   6.7495600e+00   3.4011200e+00   5.6969800e+00   3.4012000e+00  -1.5458100e+07
   6.6197300e+00  -4.6460000e+00   6.7494100e+00   3.4011300e+00   5.6970900e+00   3.4012000e+00  -1.5458100e+07
   6.6198800e+00  -4.6460400e+00   6.7494600e+00   3.4011900e+00   5.6970300e+00   3.4012000e+00  -1.5458100e+07
   6.6194100e+00  -4.6453900e+00   6.7495900e+00   3.4011700e+00   5.6970600e+00   3.4012000e+00  -1.5458100e+07
   6.6196800e+00  -4.6458000e+00   6.7494600e+00   3.4011600e+00   5.6971300e+00   3.4012000e+00  -1.5458100e+07
   6.6194200e+00  -4.6454700e+00   6.7494000e+00   3.4009800e+00   5.6970800e+00   3.4012000e+00  -1.5458100e+07
   6.6194100e+00  -4.6456700e+00   6.7494700e+00   3.4011200e+00   5.6971100e+00   3.4012000e+00  -1.5458100e+07
   6.6199200e+00  -4.6460200e+00   6.7496600e+00   3.4011700e+00   5.6970900e+00   3.4012000e+00  -1.5458100e+07
   6.6194300e+00  -4.6453800e+00   6.7493300e+00   3.4010700e+00   5.6970500e+00   3.4012000e+00  -1.5458100e+07
   6.6198500e+00  -4.6460300e+00   6.7495800e+00   3.4011100e+00   5.6970700e+00   3.4012000e+00  -1.5458100e+07
   6.6199500e+00  -4.6460700e+00   6.7495500e+00   3.4011800e+00   5.6970200e+00   3.4011900e+00  -1.5458100e+07
   6.6207000e+00  -4.6472900e+00   6.7495800e+00   3.4011300e+00   5.6970400e+00   3.4012000e+00  -1.5458100e+07
   6.6205500e+00  -4.6467600e+00   6.7497700e+00   3.4011800e+00   5.6970900e+00   3.4012000e+00  -1.5458100e+07
   6.6205500e+00  -4.6468000e+00   6.7495600e+00   3.4011300e+00   5.6970500e+00   3.4012000e+00  -1.5458100e+07
   6.6205000e+00  -4.6471000e+00   6.7496000e+00   3.4010800e+00   5.6970600e+00   3.4012000e+00  -1.5458100e+07
   6.6198600e+00  -4.6463300e+00   6.7492600e+00   3.4011000e+00   5.6969600e+00   3.4012000e+00  -1.5458100e+07
   6.6195200e+00  -4.6453500e+00   6.7496200e+00   3.4009900e+00   5.6971600e+00   3.4012000e+00  -1.5458100e+07
   6.6197500e+00  -4.6462700e+00   6.7494300e+00   3.4011700e+00   5.6971300e+00   3.4012000e+00  -1.5458100e+07
   6.6195400e+00  -4.6456200e+00   6.7493700e+00   3.4011700e+00   5.6970200e+00   3.4012000e+00  -1.5458100e+07
   6.6200700e+00  -4.6462300e+00   6.7495900e+00   3.4011200e+00   5.6970000e+00   3.4011900e+00  -1.5458100e+07
   6.6201000e+00  -4.6463400e+00   6.7495500e+00   3.4011400e+00   5.6970300e+00   3.4012000e+00  -1.5458100e+07
   6.6193600e+00  -4.6457300e+00   6.7494500e+00   3.4008700e+00   5.6971600e+00   3.4012000e+00  -1.5458100e+07
   6.6202900e+00  -4.6468100e+00   6.7494500e+00   3.4011900e+00   5.6970400e+00   3.4012000e+00  -1.5458100e+07
   6.6202800e+00  -4.6465700e+00   6.7496200e+00   3.4011200e+00   5.6970800e+00   3.4012000e+00  -1.5458100e+07
   6.6197500e+00  -4.6457400e+00   6.7494100e+00   3.4010100e+00   5.6969500e+00   3.4012000e+00  -1.5458100e+07
   6.6200100e+00  -4.6460700e+00   6.7496600e+00   3.4011900e+00   5.6970900e+00   3.4012000e+00  -1.5458100e+07
   6.6199300e+00  -4.6461200e+00   6.7497300e+00   3.4011900e+00   5.6970600e+00   3.4012000e+00  -1.5458100e+07
   6.6197700e+00  -4.6458300e+00   6.7495100e+00   3.4011300e+00   5.6970500e+00   3.4012000e+00  -1.5458100e+07
   6.6202000e+00  -4.6463700e+00   6.7495800e+00   3.4011800e+00   5.6970000e+00   3.4012000e+00  -1.5458100e+07
