   7.0717100e+00  -5.1587600e+00   6.8230100e+00   3.0399900e+00   5.6909400e+00   3.4011800e+00  -3.0739000e+06
   7.0711700e+00  -5.1584600e+00   6.8227200e+00   3.0403000e+00   5.6909200e+00   3.4011900e+00  -3.0739000e+06
   7.0713100e+00  -5.1587000e+00   6.8228900e+00   3.0405100e+00   5.6911200e+00   3.4011900e+00  -3.0739000e+06
   7.0716400e+00  -5.1593900e+00   6.8225800e+00   3.0404600e+00   5.6910500e+00   3.4012000e+00  -3.0738900e+06
   7.0722700e+00  -5.1593500e+00   6.8229300e+00   3.0406000e+00   5.6910000e+00   3.4011900e+00  -3.0738900e+06
   7.0715900e+00  -5.1590100e+00   6.8231000e+00   3.0403800e+00   5.6911300e+00   3.4011900e+00  -3.0738900e+06
   7.0719500e+00  -5.1591900e+00   6.8230300e+00   3.0401300e+00   5.6910400e+00   3.4011800e+00  -3.0738900e+06
   7.0717400e+00  -5.1591000e+00   6.8232500e+00   3.0400000e+00   5.6911700e+00   3.4011800e+00  -3.0739000e+06
   7.0720500e+00  -5.1591300e+00   6.8233700e+00   3.0404700e+00   5.6908900e+00   3.4011900e+00  -3.0739000e+06
   7.0717200e+00  -5.1590500e+00   6.8228800e+00   3.0406500e+00   5.6910800e+00   3.4011900e+00  -3.0739000e+06
   7.0715700e+00  -5.1590800e+00   6.8230200e+00   3.0407500e+00   5.6910400e+00   3.4011900e+00  -3.0739000e+06
   7.0716300e+00  -5.1591800e+00   6.8231100e+00   3.0409900e+00   5.6910100e+00   3.4011800e+00  -3.0739000e+06
   7.0720600e+00  -5.1592700e+00   6.8232100e+00   3.0409800e+00   5.6909500e+00   3.4011900e+00  -3.0738900e+06
   7.0725300e+00  -5.1593500e+00   6.8229800e+00   3.0412600e+00   5.6907900e+00   3.4011900e+00  -3.0739000e+06
   7.0719400e+00  -5.1596200e+00   6.8228900e+00   3.0410400e+00   5.6911900e+00   3.4012000e+00  -3.0738900e+06
   7.0717800e+00  -5.1593400e+00   6.8227400e+00   3.0411900e+00   5.6908600e+00   3.4011900e+00  -3.0739000e+06
   7.0724900e+00  -5.1594600e+00   6.8230100e+00   3.0410500e+00   5.6908400e+00   3.4012000e+00  -3.0738900e+06
   7.0721700e+00  -5.1596000e+00   6.8229700e+00   3.0404000e+00   5.6910100e+00   3.4011900e+00  -3.0738900e+06
   7.0717900e+00  -5.1595800e+00   6.8228500e+00   3.0402400e+00   5.6910500e+00   3.4011900e+00  -3.0738900e+06
   7.0721000e+00  -5.1596700e+00   6.8229500e+00   3.0406600e+00   5.6910900e+00   3.4012000e+00  -3.0738900e+06
   7.0723800e+00  -5.1595000e+00   6.8229100e+00   3.0412600e+00   5.6910500e+00   3.4012000e+00  -3.0738900e+06
   7.0720400e+00  -5.1595400e+00   6.8233000e+00   3.0417000e+00   5.6911500e+00   3.4011900e+00  -3.0738900e+06
   7.0716700e+00  -5.1594100e+00   6.8227600e+00   3.0413500e+00   5.6911100e+00   3.4011900e+00  -3.0738900e+06
   7.0718000e+00  -5.1591900e+00   6.8230300e+00   3.0413100e+00   5.6910100e+00   3.4011900e+00  -3.0738900e+06
   7.0722000e+00  -5.1590100e+00   6.8231100e+00   3.0413600e+00   5.6909400e+00   3.4011900e+00  -3.0739000e+06
   7.0714200e+00  -5.1586900e+00   6.8230600e+00   3.0413200e+00   5.6910800e+00   3.4011800e+00  -3.0739000e+06
   7.0717100e+00  -5.1588200e+00   6.8230400e+00   3.0416400e+00   5.6909300e+00   3.4012000e+00  -3.0739000e+06
   7.0723000e+00  -5.1587900e+00   6.8234400e+00   3.0416600e+00   5.6909700e+00   3.4011900e+00  -3.0739000e+06
   7.0710800e+00  -5.1587900e+00   6.8228400e+00   3.0413200e+00   5.6910700e+00   3.4011900e+00  -3.0739000e+06
   7.0722100e+00  -5.1587900e+00   6.8231900e+00   3.0411800e+00   5.6908100e+00   3.4011900e+00  -3.0739000e+06
   7.0712400e+00  -5.1588000e+00   6.8231200e+00   3.0412200e+00   5.6912300e+00   3.4011900e+00  -3.0739000e+06
   7.0716900e+00  -5.1588200e+00   6.8230300e+00   3.0411500e+00   5.6909400e+00   3.4011900e+00  -3.0739000e+06
   7.0717100e+00  -5.1588200e+00   6.8234100e+00   3.0414800e+00   5.6908600e+00   3.4012000e+00  -3.0739000e+06
   7.0710600e+00  -5.1589700e+00   6.8226800e+00   3.0415300e+00   5.6908000e+00   3.4011900e+00  -3.0739000e+06
   7.0720800e+00  -5.1590700e+00   6.8232300e+00   3.0415800e+00   5.6908800e+00   3.4012000e+00  -3.0739000e+06
   7.0719100e+00  -5.1591700e+00   6.8230300e+00   3.0414600e+00   5.6910000e+00   3.4012000e+00  -3.0738900e+06
   7.0721500e+00  -5.1594000e+00   6.8228100e+00   3.0414100e+00   5.6909300e+00   3.4011900e+00  -3.0738900e+06
   7.0723400e+00  -5.1590800e+00   6.8230000e+00   3.0410100e+00   5.6908700e+00   3.4011900e+00  -3.0739000e+06
   7.0718800e+00  -5.1589600e+00   6.8228600e+00   3.0413700e+00   5.6908800e+00   3.4011900e+00  -3.0739000e+06
   7.0719600e+00  -5.1589900e+00   6.8228600e+00   3.0413600e+00   5.6910700e+00   3.4011900e+00  -3.0739000e+06
   7.0717200e+00  -5.1588400e+00   6.8227600e+00   3.0412800e+00   5.6908500e+00   3.4011900e+00  -3.0739000e+06
   7.0718200e+00  -5.1587800e+00   6.8230600e+00   3.0412000e+00   5.6910400e+00   3.4012000e+00  -3.0739000e+06
   7.0718600e+00  -5.1588200e+00   6.8229500e+00   3.0412900e+00   5.6909500e+00   3.4011900e+00  -3.0739000e+06
   7.0718900e+00  -5.1588200e+00   6.8230800e+00   3.0411800e+00   5.6909500e+00   3.4011800e+00  -3.0739000e+06
   7.0714400e+00  -5.1589200e+00   6.8227900e+00   3.0416700e+00   5.6909600e+00   3.4011900e+00  -3.0739000e+06
   7.0723900e+00  -5.1589300e+00   6.8233400e+00   3.0417800e+00   5.6907500e+00   3.4012000e+00  -3.0739000e+06
   7.0726200e+00  -5.1592000e+00   6.8232700e+00   3.0417400e+00   5.6910500e+00   3.4011800e+00  -3.0739000e+06
   7.0722500e+00  -5.1595000e+00   6.8229200e+00   3.0419000e+00   5.6909300e+00   3.4011900e+00  -3.0738900e+06
   7.0728200e+00  -5.1596500e+00   6.8234900e+00   3.0420200e+00   5.6912300e+00   3.4012000e+00  -3.0739000e+06
   7.0721300e+00  -5.1599800e+00   6.8225600e+00   3.0417900e+00   5.6908300e+00   3.4012000e+00  -3.0738900e+06
   7.0726300e+00  -5.1601300e+00   6.8230800e+00   3.0414200e+00   5.6909700e+00   3.4011700e+00  -3.0738900e+06
   7.0730600e+00  -5.1602900e+00   6.8232700e+00   3.0415600e+00   5.6910200e+00   3.4012000e+00  -3.0738900e+06
   7.0732100e+00  -5.1605500e+00   6.8231100e+00   3.0414100e+00   5.6909200e+00   3.4011900e+00  -3.0738900e+06
   7.0732700e+00  -5.1609200e+00   6.8234100e+00   3.0413400e+00   5.6911100e+00   3.4011900e+00  -3.0738900e+06
   7.0733600e+00  -5.1608400e+00   6.8227800e+00   3.0414100e+00   5.6908500e+00   3.4011900e+00  -3.0738900e+06
   7.0729600e+00  -5.1605600e+00   6.8230700e+00   3.0414500e+00   5.6909100e+00   3.4011700e+00  -3.0738900e+06
   7.0725700e+00  -5.1605900e+00   6.8227200e+00   3.0418200e+00   5.6909400e+00   3.4012000e+00  -3.0738900e+06
   7.0730000e+00  -5.1605500e+00   6.8229000e+00   3.0418800e+00   5.6910700e+00   3.4011900e+00  -3.0738900e+06
   7.0736100e+00  -5.1606700e+00   6.8233200e+00   3.0416800e+00   5.6908000e+00   3.4011900e+00  -3.0738900e+06
   7.0733200e+00  -5.1607900e+00   6.8230100e+00   3.0410700e+00   5.6910300e+00   3.4011900e+00  -3.0738800e+06
   7.0733700e+00  -5.1608700e+00   6.8232500e+00   3.0411800e+00   5.6909100e+00   3.4012000e+00  -3.0738800e+06
   7.0736700e+00  -5.1611300e+00   6.8233500e+00   3.0419300e+00   5.6909400e+00   3.4011900e+00  -3.0738800e+06
   7.0735800e+00  -5.1608800e+00   6.8231900e+00   3.0417100e+00   5.6908800e+00   3.4011900e+00  -3.0738800e+06
   7.0736300e+00  -5.1610400e+00   6.8233200e+00   3.0420700e+00   5.6909000e+00   3.4011900e+00  -3.0738800e+06
   7.0732100e+00  -5.1611300e+00   6.8229600e+00   3.0424100e+00   5.6911300e+00   3.4011900e+00  -3.0738900e+06
   7.0736500e+00  -5.1612000e+00   6.8230500e+00   3.0428000e+00   5.6909500e+00   3.4011900e+00  -3.0738800e+06
   7.0743800e+00  -5.1610900e+00   6.8234500e+00   3.0427200e+00   5.6907100e+00   3.4011800e+00  -3.0738900e+06
   7.0738200e+00  -5.1608900e+00   6.8234900e+00   3.0430600e+00   5.6909700e+00   3.4011900e+00  -3.0738900e+06
   7.0733900e+00  -5.1604100e+00   6.8234000e+00   3.0431000e+00   5.6908200e+00   3.4011900e+00  -3.0738900e+06
   7.0727300e+00  -5.1605200e+00   6.8230900e+00   3.0429500e+00   5.6910200e+00   3.4011900e+00  -3.0738900e+06
   7.0724200e+00  -5.1604200e+00   6.8228900e+00   3.0427400e+00   5.6909600e+00   3.4011800e+00  -3.0738900e+06
   7.0733100e+00  -5.1602900e+00   6.8231200e+00   3.0425500e+00   5.6909300e+00   3.4011900e+00  -3.0738900e+06
   7.0731800e+00  -5.1604800e+00   6.8233100e+00   3.0429000e+00   5.6909000e+00   3.4012000e+00  -3.0738900e+06
   7.0731400e+00  -5.1609900e+00   6.8228000e+00   3.0432800e+00   5.6910000e+00   3.4011900e+00  -3.0738900e+06
   7.0731600e+00  -5.1611200e+00   6.8229400e+00   3.0434800e+00   5.6911200e+00   3.4011900e+00  -3.0738900e+06
   7.0739100e+00  -5.1611700e+00   6.8235500e+00   3.0441400e+00   5.6910000e+00   3.4012000e+00  -3.0738900e+06
   7.0737300e+00  -5.1611900e+00   6.8232900e+00   3.0444400e+00   5.6909600e+00   3.4011900e+00  -3.0738900e+06
   7.0736500e+00  -5.1609800e+00   6.8232600e+00   3.0446900e+00   5.6911800e+00   3.4011900e+00  -3.0738900e+06
   7.0733500e+00  -5.1605600e+00   6.8235200e+00   3.0446300e+00   5.6910500e+00   3.4011900e+00  -3.0738900e+06
   7.0738700e+00  -5.1605500e+00   6.8237100e+00   3.0454200e+00   5.6908800e+00   3.4011900e+00  -3.0739000e+06
   7.0729100e+00  -5.1603400e+00   6.8235400e+00   3.0454000e+00   5.6910600e+00   3.4012000e+00  -3.0739000e+06
   7.0732700e+00  -5.1604300e+00   6.8233500e+00   3.0458100e+00   5.6911800e+00   3.4011900e+00  -3.0739000e+06
   7.0729200e+00  -5.1603500e+00   6.8233300e+00   3.0457700e+00   5.6911100e+00   3.4012000e+00  -3.0738900e+06
   7.0731400e+00  -5.1604000e+00   6.8233400e+00   3.0454400e+00   5.6910400e+00   3.4011900e+00  -3.0738900e+06
   7.0734400e+00  -5.1604400e+00   6.8231000e+00   3.0456200e+00   5.6909400e+00   3.4011900e+00  -3.0739000e+06
   7.0730000e+00  -5.1606100e+00   6.8230300e+00   3.0458200e+00   5.6909900e+00   3.4012000e+00  -3.0738900e+06
   7.0731300e+00  -5.1606300e+00   6.8232700e+00   3.0462700e+00   5.6909100e+00   3.4012000e+00  -3.0738900e+06
   7.0733500e+00  -5.1607000e+00   6.8230400e+00   3.0461200e+00   5.6908900e+00   3.4011900e+00  -3.0738900e+06
   7.0724700e+00  -5.1605600e+00   6.8229000e+00   3.0459200e+00   5.6910600e+00   3.4011900e+00  -3.0739000e+06
   7.0729000e+00  -5.1605600e+00   6.8232600e+00   3.0456900e+00   5.6910800e+00   3.4012000e+00  -3.0738900e+06
   7.0729700e+00  -5.1605300e+00   6.8229800e+00   3.0454800e+00   5.6910100e+00   3.4011900e+00  -3.0738900e+06
   7.0729800e+00  -5.1601700e+00   6.8229900e+00   3.0457300e+00   5.6909200e+00   3.4011900e+00  -3.0739000e+06
   7.0726400e+00  -5.1600500e+00   6.8230900e+00   3.0459800e+00   5.6909000e+00   3.4012000e+00  -3.0739000e+06
   7.0730300e+00  -5.1599400e+00   6.8232200e+00   3.0456600e+00   5.6908400e+00   3.4012000e+00  -3.0739000e+06
   7.0726500e+00  -5.1599300e+00   6.8229400e+00   3.0461400e+00   5.6911100e+00   3.4011900e+00  -3.0739000e+06
   7.0728900e+00  -5.1598900e+00   6.8233300e+00   3.0465600e+00   5.6911900e+00   3.4012000e+00  -3.0739000e+06
   7.0726900e+00  -5.1599900e+00   6.8229600e+00   3.0466300e+00   5.6910100e+00   3.4011900e+00  -3.0739000e+06
   7.0725800e+00  -5.1599500e+00   6.8231300e+00   3.0467500e+00   5.6910600e+00   3.4011700e+00  -3.0739000e+06
   7.0720400e+00  -5.1599200e+00   6.8225900e+00   3.0461600e+00   5.6908500e+00   3.4011900e+00  -3.0739000e+06
   7.0728200e+00  -5.1601600e+00   6.8230400e+00   3.0458900e+00   5.6910900e+00   3.4012000e+00  -3.0739000e+06
   7.0727200e+00  -5.1600300e+00   6.8234400e+00   3.0457800e+00   5.6909000e+00   3.4011900e+00  -3.0739000e+06
   7.0724000e+00  -5.1600500e+00   6.8231400e+00   3.0457200e+00   5.6910500e+00   3.4012000e+00  -3.0739000e+06
   7.0728100e+00  -5.1601600e+00   6.8231100e+00   3.0458300e+00   5.6910900e+00   3.4011900e+00  -3.0739000e+06
   7.0724900e+00  -5.1599400e+00   6.8232100e+00   3.0457700e+00   5.6911100e+00   3.4011900e+00  -3.0739000e+06
   7.0727200e+00  -5.1600900e+00   6.8231900e+00   3.0459900e+00   5.6910400e+00   3.4011900e+00  -3.0739000e+06
   7.0728800e+00  -5.1601500e+00   6.8234000e+00   3.0461600e+00   5.6909600e+00   3.4011900e+00  -3.0739000e+06
   7.0730300e+00  -5.1602800e+00   6.8233100e+00   3.0466700e+00   5.6910200e+00   3.4011900e+00  -3.0739000e+06
   7.0732400e+00  -5.1606200e+00   6.8230400e+00   3.0461700e+00   5.6910300e+00   3.4011900e+00  -3.0738900e+06
   7.0733700e+00  -5.1607600e+00   6.8235200e+00   3.0462400e+00   5.6909500e+00   3.4011800e+00  -3.0739000e+06
   7.0727400e+00  -5.1603600e+00   6.8230000e+00   3.0461100e+00   5.6909000e+00   3.4011900e+00  -3.0739000e+06
   7.0727800e+00  -5.1603700e+00   6.8229900e+00   3.0462800e+00   5.6909800e+00   3.4011800e+00  -3.0739000e+06
   7.0730900e+00  -5.1604800e+00   6.8231400e+00   3.0462800e+00   5.6910100e+00   3.4012000e+00  -3.0738900e+06
   7.0730300e+00  -5.1608800e+00   6.8227000e+00   3.0456600e+00   5.6910900e+00   3.4012000e+00  -3.0738900e+06
   7.0734700e+00  -5.1608600e+00   6.8234200e+00   3.0456400e+00   5.6908900e+00   3.4011900e+00  -3.0738900e+06
   7.0736700e+00  -5.1606200e+00   6.8234500e+00   3.0458200e+00   5.6909700e+00   3.4011900e+00  -3.0738900e+06
   7.0737000e+00  -5.1607600e+00   6.8235800e+00   3.0455200e+00   5.6911100e+00   3.4011900e+00  -3.0738900e+06
   7.0732700e+00  -5.1608900e+00   6.8232900e+00   3.0456700e+00   5.6911600e+00   3.4011900e+00  -3.0738900e+06
   7.0735200e+00  -5.1608400e+00   6.8228900e+00   3.0452500e+00   5.6909500e+00   3.4011900e+00  -3.0738900e+06
   7.0734200e+00  -5.1610300e+00   6.8232200e+00   3.0453800e+00   5.6910100e+00   3.4011900e+00  -3.0738900e+06
   7.0738400e+00  -5.1611700e+00   6.8232900e+00   3.0451600e+00   5.6910300e+00   3.4011900e+00  -3.0738900e+06
   7.0738800e+00  -5.1613300e+00   6.8233200e+00   3.0454800e+00   5.6908700e+00   3.4011900e+00  -3.0738900e+06
   7.0739600e+00  -5.1613900e+00   6.8233000e+00   3.0460500e+00   5.6908200e+00   3.4011900e+00  -3.0738900e+06
   7.0740500e+00  -5.1616700e+00   6.8232800e+00   3.0459900e+00   5.6910400e+00   3.4011900e+00  -3.0738900e+06
   7.0740900e+00  -5.1619600e+00   6.8229400e+00   3.0456100e+00   5.6909500e+00   3.4011900e+00  -3.0738800e+06
   7.0742900e+00  -5.1620100e+00   6.8233700e+00   3.0458900e+00   5.6911100e+00   3.4011900e+00  -3.0738800e+06
   7.0748500e+00  -5.1622600e+00   6.8237100e+00   3.0461600e+00   5.6910500e+00   3.4011900e+00  -3.0738800e+06
   7.0745500e+00  -5.1623400e+00   6.8234700e+00   3.0462500e+00   5.6912800e+00   3.4012000e+00  -3.0738800e+06
   7.0752400e+00  -5.1623200e+00   6.8236200e+00   3.0459500e+00   5.6908500e+00   3.4011900e+00  -3.0738800e+06
   7.0747100e+00  -5.1624500e+00   6.8231700e+00   3.0460200e+00   5.6909800e+00   3.4011900e+00  -3.0738800e+06
   7.0744900e+00  -5.1621400e+00   6.8232800e+00   3.0459900e+00   5.6909500e+00   3.4011600e+00  -3.0738900e+06
   7.0745200e+00  -5.1621300e+00   6.8233900e+00   3.0462800e+00   5.6911900e+00   3.4011900e+00  -3.0738900e+06
   7.0749700e+00  -5.1624900e+00   6.8233900e+00   3.0468600e+00   5.6909500e+00   3.4011900e+00  -3.0738800e+06
   7.0749900e+00  -5.1626900e+00   6.8234200e+00   3.0466300e+00   5.6909600e+00   3.4011900e+00  -3.0738800e+06
   7.0750700e+00  -5.1629600e+00   6.8232600e+00   3.0467400e+00   5.6912300e+00   3.4011900e+00  -3.0738800e+06
   7.0753300e+00  -5.1631000e+00   6.8234400e+00   3.0466500e+00   5.6911100e+00   3.4011900e+00  -3.0738800e+06
   7.0751100e+00  -5.1630200e+00   6.8232600e+00   3.0465300e+00   5.6909500e+00   3.4011900e+00  -3.0738800e+06
   7.0750600e+00  -5.1628800e+00   6.8231700e+00   3.0463300e+00   5.6910400e+00   3.4011900e+00  -3.0738800e+06
   7.0755600e+00  -5.1629600e+00   6.8236600e+00   3.0460000e+00   5.6910200e+00   3.4011900e+00  -3.0738800e+06
   7.0757400e+00  -5.1631900e+00   6.8234500e+00   3.0456500e+00   5.6909300e+00   3.4011800e+00  -3.0738800e+06
   7.0754400e+00  -5.1634800e+00   6.8233000e+00   3.0455400e+00   5.6910000e+00   3.4011900e+00  -3.0738700e+06
   7.0757200e+00  -5.1635000e+00   6.8232800e+00   3.0454100e+00   5.6909600e+00   3.4011900e+00  -3.0738700e+06
   7.0757700e+00  -5.1634400e+00   6.8237600e+00   3.0455300e+00   5.6909300e+00   3.4011800e+00  -3.0738800e+06
   7.0753300e+00  -5.1635100e+00   6.8233100e+00   3.0451800e+00   5.6909000e+00   3.4011900e+00  -3.0738700e+06
   7.0755600e+00  -5.1635000e+00   6.8232300e+00   3.0453600e+00   5.6907900e+00   3.4012000e+00  -3.0738700e+06
   7.0761500e+00  -5.1633000e+00   6.8237100e+00   3.0456900e+00   5.6909100e+00   3.4011900e+00  -3.0738800e+06
   7.0751700e+00  -5.1631800e+00   6.8234100e+00   3.0454500e+00   5.6909000e+00   3.4011900e+00  -3.0738800e+06
   7.0755600e+00  -5.1633000e+00   6.8235500e+00   3.0451900e+00   5.6908900e+00   3.4011900e+00  -3.0738700e+06
   7.0759200e+00  -5.1635700e+00   6.8236400e+00   3.0454900e+00   5.6909800e+00   3.4011900e+00  -3.0738700e+06
   7.0750700e+00  -5.1635200e+00   6.8228700e+00   3.0458000e+00   5.6910000e+00   3.4012000e+00  -3.0738800e+06
   7.0757400e+00  -5.1636700e+00   6.8233300e+00   3.0454800e+00   5.6910000e+00   3.4012000e+00  -3.0738700e+06
   7.0755900e+00  -5.1635300e+00   6.8233600e+00   3.0456800e+00   5.6909900e+00   3.4011800e+00  -3.0738700e+06
   7.0761200e+00  -5.1637500e+00   6.8236200e+00   3.0457700e+00   5.6909200e+00   3.4011900e+00  -3.0738700e+06
   7.0756600e+00  -5.1635300e+00   6.8232400e+00   3.0461500e+00   5.6910200e+00   3.4011800e+00  -3.0738800e+06
   7.0759700e+00  -5.1633800e+00   6.8233900e+00   3.0457900e+00   5.6906400e+00   3.4011900e+00  -3.0738800e+06
   7.0760000e+00  -5.1634600e+00   6.8236000e+00   3.0459000e+00   5.6910900e+00   3.4011900e+00  -3.0738800e+06
   7.0752900e+00  -5.1635100e+00   6.8230200e+00   3.0455800e+00   5.6908700e+00   3.4011900e+00  -3.0738700e+06
   7.0755300e+00  -5.1635300e+00   6.8232700e+00   3.0453000e+00   5.6908800e+00   3.4011800e+00  -3.0738800e+06
   7.0762400e+00  -5.1638400e+00   6.8235800e+00   3.0451700e+00   5.6907700e+00   3.4011900e+00  -3.0738700e+06
   7.0758000e+00  -5.1637000e+00   6.8234300e+00   3.0453200e+00   5.6909700e+00   3.4011900e+00  -3.0738700e+06
   7.0753300e+00  -5.1637100e+00   6.8231700e+00   3.0453200e+00   5.6912000e+00   3.4011800e+00  -3.0738800e+06
   7.0764100e+00  -5.1638300e+00   6.8235600e+00   3.0452800e+00   5.6909300e+00   3.4012000e+00  -3.0738700e+06
   7.0757200e+00  -5.1639400e+00   6.8232900e+00   3.0448900e+00   5.6910200e+00   3.4012000e+00  -3.0738700e+06
   7.0764200e+00  -5.1638600e+00   6.8235300e+00   3.0448900e+00   5.6906400e+00   3.4012000e+00  -3.0738700e+06
   7.0763300e+00  -5.1638300e+00   6.8235400e+00   3.0449300e+00   5.6910400e+00   3.4011900e+00  -3.0738700e+06
   7.0757400e+00  -5.1639700e+00   6.8233100e+00   3.0449000e+00   5.6909700e+00   3.4011800e+00  -3.0738700e+06
   7.0753200e+00  -5.1638500e+00   6.8232200e+00   3.0449800e+00   5.6911800e+00   3.4011900e+00  -3.0738700e+06
   7.0761900e+00  -5.1639800e+00   6.8237400e+00   3.0449100e+00   5.6908600e+00   3.4011900e+00  -3.0738700e+06
   7.0760800e+00  -5.1635300e+00   6.8232200e+00   3.0449500e+00   5.6908400e+00   3.4011900e+00  -3.0738800e+06
   7.0759900e+00  -5.1635500e+00   6.8234700e+00   3.0448400e+00   5.6908700e+00   3.4011900e+00  -3.0738700e+06
   7.0758300e+00  -5.1634500e+00   6.8233200e+00   3.0442500e+00   5.6909500e+00   3.4011900e+00  -3.0738700e+06
   7.0752400e+00  -5.1632400e+00   6.8233100e+00   3.0441700e+00   5.6908600e+00   3.4011900e+00  -3.0738700e+06
   7.0747600e+00  -5.1630200e+00   6.8229600e+00   3.0440600e+00   5.6910000e+00   3.4011900e+00  -3.0738700e+06
   7.0751600e+00  -5.1629400e+00   6.8233200e+00   3.0445700e+00   5.6911000e+00   3.4011900e+00  -3.0738800e+06
   7.0751000e+00  -5.1631600e+00   6.8230500e+00   3.0444800e+00   5.6909200e+00   3.4011900e+00  -3.0738700e+06
   7.0755100e+00  -5.1633000e+00   6.8235500e+00   3.0445700e+00   5.6910800e+00   3.4012000e+00  -3.0738700e+06
   7.0754500e+00  -5.1631100e+00   6.8236500e+00   3.0444100e+00   5.6910800e+00   3.4011900e+00  -3.0738800e+06
   7.0753600e+00  -5.1631200e+00   6.8231800e+00   3.0443200e+00   5.6908400e+00   3.4011900e+00  -3.0738800e+06
   7.0758000e+00  -5.1635000e+00   6.8235100e+00   3.0447900e+00   5.6909500e+00   3.4012000e+00  -3.0738700e+06
   7.0757000e+00  -5.1635500e+00   6.8235600e+00   3.0445300e+00   5.6910400e+00   3.4012000e+00  -3.0738700e+06
   7.0763500e+00  -5.1640000e+00   6.8239200e+00   3.0439300e+00   5.6909500e+00   3.4012000e+00  -3.0738700e+06
   7.0760000e+00  -5.1640100e+00   6.8228000e+00   3.0444700e+00   5.6907800e+00   3.4011900e+00  -3.0738700e+06
   7.0756400e+00  -5.1637900e+00   6.8230600e+00   3.0441200e+00   5.6908800e+00   3.4011900e+00  -3.0738700e+06
   7.0760500e+00  -5.1638300e+00   6.8234700e+00   3.0443600e+00   5.6909000e+00   3.4011900e+00  -3.0738700e+06
   7.0763000e+00  -5.1641000e+00   6.8234700e+00   3.0446600e+00   5.6909400e+00   3.4011800e+00  -3.0738700e+06
   7.0760900e+00  -5.1642400e+00   6.8234000e+00   3.0444400e+00   5.6910100e+00   3.4012000e+00  -3.0738700e+06
   7.0761600e+00  -5.1641400e+00   6.8232700e+00   3.0442800e+00   5.6910400e+00   3.4012000e+00  -3.0738700e+06
   7.0762300e+00  -5.1642200e+00   6.8237900e+00   3.0444000e+00   5.6910600e+00   3.4011900e+00  -3.0738700e+06
   7.0759300e+00  -5.1640700e+00   6.8233800e+00   3.0444600e+00   5.6912300e+00   3.4012000e+00  -3.0738700e+06
   7.0769500e+00  -5.1642300e+00   6.8239900e+00   3.0451500e+00   5.6908500e+00   3.4011900e+00  -3.0738700e+06
   7.0759400e+00  -5.1638600e+00   6.8234100e+00   3.0451300e+00   5.6909900e+00   3.4011900e+00  -3.0738700e+06
   7.0756800e+00  -5.1637300e+00   6.8235200e+00   3.0455500e+00   5.6910400e+00   3.4011900e+00  -3.0738700e+06
   7.0761700e+00  -5.1635200e+00   6.8239300e+00   3.0461000e+00   5.6910300e+00   3.4012000e+00  -3.0738800e+06
   7.0754600e+00  -5.1636100e+00   6.8232600e+00   3.0459000e+00   5.6910700e+00   3.4012000e+00  -3.0738700e+06
   7.0760000e+00  -5.1636100e+00   6.8235300e+00   3.0463300e+00   5.6907900e+00   3.4012000e+00  -3.0738700e+06
   7.0756000e+00  -5.1634500e+00   6.8235500e+00   3.0461900e+00   5.6909100e+00   3.4012000e+00  -3.0738700e+06
   7.0759800e+00  -5.1635700e+00   6.8236100e+00   3.0460900e+00   5.6909600e+00   3.4011900e+00  -3.0738700e+06
   7.0751600e+00  -5.1631900e+00   6.8231800e+00   3.0455300e+00   5.6909700e+00   3.4011900e+00  -3.0738700e+06
   7.0755400e+00  -5.1633500e+00   6.8235400e+00   3.0452800e+00   5.6909100e+00   3.4011900e+00  -3.0738700e+06
   7.0753000e+00  -5.1632900e+00   6.8234200e+00   3.0456900e+00   5.6911200e+00   3.4012000e+00  -3.0738700e+06
   7.0753200e+00  -5.1634100e+00   6.8235400e+00   3.0461500e+00   5.6911100e+00   3.4011900e+00  -3.0738800e+06
   7.0755400e+00  -5.1634700e+00   6.8235300e+00   3.0464500e+00   5.6911700e+00   3.4011900e+00  -3.0738800e+06
   7.0756200e+00  -5.1633500e+00   6.8233000e+00   3.0462200e+00   5.6908500e+00   3.4012000e+00  -3.0738700e+06
   7.0758800e+00  -5.1634300e+00   6.8232900e+00   3.0460200e+00   5.6907600e+00   3.4011900e+00  -3.0738800e+06
   7.0755900e+00  -5.1636300e+00   6.8233000e+00   3.0457700e+00   5.6909500e+00   3.4011900e+00  -3.0738700e+06
   7.0758300e+00  -5.1638100e+00   6.8234800e+00   3.0457700e+00   5.6910100e+00   3.4011800e+00  -3.0738700e+06
   7.0764000e+00  -5.1638800e+00   6.8235600e+00   3.0456500e+00   5.6908100e+00   3.4011900e+00  -3.0738700e+06
   7.0762300e+00  -5.1639300e+00   6.8233300e+00   3.0458300e+00   5.6908500e+00   3.4011900e+00  -3.0738700e+06
   7.0760400e+00  -5.1638200e+00   6.8233900e+00   3.0457800e+00   5.6908300e+00   3.4011900e+00  -3.0738700e+06
   7.0764900e+00  -5.1638300e+00   6.8235600e+00   3.0460200e+00   5.6907300e+00   3.4011900e+00  -3.0738700e+06
   7.0757600e+00  -5.1637600e+00   6.8233200e+00   3.0461700e+00   5.6911600e+00   3.4011900e+00  -3.0738700e+06
   7.0758200e+00  -5.1636600e+00   6.8233200e+00   3.0463300e+00   5.6908600e+00   3.4011900e+00  -3.0738700e+06
   7.0758500e+00  -5.1638200e+00   6.8233900e+00   3.0460200e+00   5.6909800e+00   3.4012000e+00  -3.0738700e+06
   7.0753700e+00  -5.1637200e+00   6.8233400e+00   3.0459500e+00   5.6911300e+00   3.4012000e+00  -3.0738700e+06
   7.0762500e+00  -5.1635100e+00   6.8234700e+00   3.0458600e+00   5.6908100e+00   3.4011800e+00  -3.0738800e+06
   7.0764000e+00  -5.1635500e+00   6.8239000e+00   3.0458800e+00   5.6909200e+00   3.4011900e+00  -3.0738800e+06
   7.0754700e+00  -5.1633300e+00   6.8236000e+00   3.0455300e+00   5.6911000e+00   3.4011900e+00  -3.0738800e+06
   7.0761800e+00  -5.1633600e+00   6.8239600e+00   3.0459700e+00   5.6909000e+00   3.4011900e+00  -3.0738800e+06
   7.0753800e+00  -5.1633100e+00   6.8232700e+00   3.0462900e+00   5.6909100e+00   3.4012000e+00  -3.0738800e+06
   7.0755500e+00  -5.1633500e+00   6.8235300e+00   3.0463300e+00   5.6912000e+00   3.4012000e+00  -3.0738800e+06
   7.0753400e+00  -5.1633800e+00   6.8233400e+00   3.0464700e+00   5.6909500e+00   3.4011900e+00  -3.0738800e+06
   7.0759000e+00  -5.1634100e+00   6.8236800e+00   3.0461400e+00   5.6911200e+00   3.4011900e+00  -3.0738800e+06
   7.0756100e+00  -5.1634600e+00   6.8232900e+00   3.0464300e+00   5.6909500e+00   3.4011900e+00  -3.0738700e+06
   7.0751700e+00  -5.1636800e+00   6.8227900e+00   3.0462700e+00   5.6909000e+00   3.4011900e+00  -3.0738800e+06
   7.0758900e+00  -5.1635800e+00   6.8232400e+00   3.0463800e+00   5.6908000e+00   3.4011700e+00  -3.0738800e+06
   7.0758300e+00  -5.1635900e+00   6.8237000e+00   3.0463200e+00   5.6908300e+00   3.4011900e+00  -3.0738800e+06
   7.0753000e+00  -5.1632400e+00   6.8233000e+00   3.0462000e+00   5.6910500e+00   3.4011900e+00  -3.0738800e+06
   7.0754800e+00  -5.1631800e+00   6.8233500e+00   3.0459600e+00   5.6910500e+00   3.4011900e+00  -3.0738800e+06
   7.0757400e+00  -5.1634100e+00   6.8237200e+00   3.0455500e+00   5.6910200e+00   3.4012000e+00  -3.0738700e+06
   7.0758500e+00  -5.1634600e+00   6.8233900e+00   3.0452100e+00   5.6908600e+00   3.4011900e+00  -3.0738700e+06
   7.0755700e+00  -5.1637700e+00   6.8233900e+00   3.0446200e+00   5.6912200e+00   3.4011800e+00  -3.0738700e+06
   7.0762800e+00  -5.1641200e+00   6.8235200e+00   3.0446400e+00   5.6909700e+00   3.4012000e+00  -3.0738700e+06
   7.0761000e+00  -5.1643400e+00   6.8231900e+00   3.0450500e+00   5.6908400e+00   3.4011900e+00  -3.0738700e+06
   7.0761700e+00  -5.1643900e+00   6.8234300e+00   3.0442900e+00   5.6909400e+00   3.4011900e+00  -3.0738700e+06
   7.0760600e+00  -5.1645100e+00   6.8233600e+00   3.0450100e+00   5.6910500e+00   3.4011800e+00  -3.0738700e+06
   7.0765200e+00  -5.1645900e+00   6.8233600e+00   3.0448100e+00   5.6910600e+00   3.4011800e+00  -3.0738700e+06
   7.0767900e+00  -5.1649200e+00   6.8235100e+00   3.0449400e+00   5.6907600e+00   3.4011700e+00  -3.0738700e+06
   7.0764100e+00  -5.1647400e+00   6.8235300e+00   3.0450200e+00   5.6909600e+00   3.4011900e+00  -3.0738600e+06
   7.0770200e+00  -5.1648700e+00   6.8236400e+00   3.0449900e+00   5.6910400e+00   3.4011800e+00  -3.0738700e+06
   7.0768400e+00  -5.1647500e+00   6.8235100e+00   3.0448600e+00   5.6909500e+00   3.4011900e+00  -3.0738600e+06
   7.0763000e+00  -5.1648000e+00   6.8230300e+00   3.0446100e+00   5.6910600e+00   3.4011900e+00  -3.0738600e+06
   7.0764600e+00  -5.1650500e+00   6.8230500e+00   3.0450200e+00   5.6908100e+00   3.4011900e+00  -3.0738600e+06
   7.0764300e+00  -5.1650300e+00   6.8234500e+00   3.0446400e+00   5.6909800e+00   3.4012000e+00  -3.0738600e+06
   7.0767300e+00  -5.1648900e+00   6.8234600e+00   3.0445200e+00   5.6911400e+00   3.4012000e+00  -3.0738600e+06
   7.0772000e+00  -5.1652000e+00   6.8236600e+00   3.0438800e+00   5.6910200e+00   3.4011900e+00  -3.0738600e+06
   7.0766000e+00  -5.1650800e+00   6.8230800e+00   3.0443200e+00   5.6908000e+00   3.4012000e+00  -3.0738600e+06
   7.0773500e+00  -5.1652500e+00   6.8234300e+00   3.0436400e+00   5.6909800e+00   3.4012000e+00  -3.0738600e+06
   7.0770600e+00  -5.1654600e+00   6.8231000e+00   3.0435300e+00   5.6908200e+00   3.4011800e+00  -3.0738600e+06
   7.0779100e+00  -5.1656500e+00   6.8237300e+00   3.0434700e+00   5.6910100e+00   3.4011900e+00  -3.0738600e+06
   7.0777400e+00  -5.1655800e+00   6.8236300e+00   3.0434900e+00   5.6909300e+00   3.4011900e+00  -3.0738600e+06
   7.0784300e+00  -5.1657400e+00   6.8240500e+00   3.0431100e+00   5.6908500e+00   3.4012000e+00  -3.0738600e+06
   7.0770600e+00  -5.1656600e+00   6.8232000e+00   3.0434100e+00   5.6907900e+00   3.4011900e+00  -3.0738600e+06
   7.0771500e+00  -5.1655700e+00   6.8233300e+00   3.0437600e+00   5.6908800e+00   3.4012000e+00  -3.0738600e+06
   7.0775200e+00  -5.1654700e+00   6.8235100e+00   3.0439500e+00   5.6908400e+00   3.4011700e+00  -3.0738600e+06
   7.0769700e+00  -5.1655600e+00   6.8235300e+00   3.0440700e+00   5.6910500e+00   3.4011900e+00  -3.0738600e+06
   7.0776500e+00  -5.1654500e+00   6.8238400e+00   3.0444000e+00   5.6909900e+00   3.4011900e+00  -3.0738600e+06
   7.0770000e+00  -5.1652900e+00   6.8234600e+00   3.0445800e+00   5.6908200e+00   3.4011900e+00  -3.0738600e+06
   7.0769500e+00  -5.1652200e+00   6.8237200e+00   3.0445600e+00   5.6909700e+00   3.4012000e+00  -3.0738600e+06
   7.0773400e+00  -5.1653900e+00   6.8234500e+00   3.0445300e+00   5.6909400e+00   3.4011900e+00  -3.0738600e+06
   7.0781500e+00  -5.1656900e+00   6.8237900e+00   3.0441500e+00   5.6908900e+00   3.4012000e+00  -3.0738600e+06
   7.0770200e+00  -5.1657700e+00   6.8236600e+00   3.0437200e+00   5.6909000e+00   3.4011900e+00  -3.0738600e+06
   7.0775200e+00  -5.1658000e+00   6.8231800e+00   3.0440100e+00   5.6907800e+00   3.4011900e+00  -3.0738600e+06
   7.0775400e+00  -5.1656900e+00   6.8234000e+00   3.0440300e+00   5.6911300e+00   3.4011900e+00  -3.0738600e+06
   7.0767100e+00  -5.1655300e+00   6.8233300e+00   3.0437300e+00   5.6913700e+00   3.4011900e+00  -3.0738600e+06
   7.0769500e+00  -5.1653800e+00   6.8229100e+00   3.0440200e+00   5.6907900e+00   3.4011900e+00  -3.0738600e+06
   7.0767600e+00  -5.1653300e+00   6.8234800e+00   3.0440900e+00   5.6909100e+00   3.4011800e+00  -3.0738600e+06
   7.0771800e+00  -5.1652300e+00   6.8235400e+00   3.0442200e+00   5.6908700e+00   3.4011900e+00  -3.0738600e+06
   7.0773900e+00  -5.1651700e+00   6.8235700e+00   3.0442300e+00   5.6910700e+00   3.4011900e+00  -3.0738600e+06
   7.0768700e+00  -5.1650300e+00   6.8229200e+00   3.0441000e+00   5.6906100e+00   3.4011900e+00  -3.0738700e+06
   7.0767800e+00  -5.1652900e+00   6.8231800e+00   3.0442800e+00   5.6907900e+00   3.4011800e+00  -3.0738600e+06
   7.0778200e+00  -5.1655100e+00   6.8238500e+00   3.0444400e+00   5.6910700e+00   3.4011900e+00  -3.0738600e+06
   7.0773800e+00  -5.1656500e+00   6.8235700e+00   3.0444500e+00   5.6909500e+00   3.4011900e+00  -3.0738600e+06
   7.0771600e+00  -5.1655300e+00   6.8233000e+00   3.0443900e+00   5.6908600e+00   3.4012000e+00  -3.0738600e+06
   7.0772200e+00  -5.1654400e+00   6.8234700e+00   3.0444200e+00   5.6909800e+00   3.4011800e+00  -3.0738600e+06
   7.0773900e+00  -5.1652600e+00   6.8238800e+00   3.0442700e+00   5.6909900e+00   3.4011800e+00  -3.0738600e+06
   7.0770000e+00  -5.1650900e+00   6.8234900e+00   3.0440600e+00   5.6907900e+00   3.4012000e+00  -3.0738600e+06
   7.0770700e+00  -5.1650200e+00   6.8235900e+00   3.0446300e+00   5.6910500e+00   3.4011900e+00  -3.0738600e+06
   7.0770100e+00  -5.1650300e+00   6.8234900e+00   3.0449600e+00   5.6909600e+00   3.4011900e+00  -3.0738600e+06
   7.0768600e+00  -5.1648500e+00   6.8236200e+00   3.0450000e+00   5.6909600e+00   3.4011900e+00  -3.0738600e+06
   7.0766300e+00  -5.1646600e+00   6.8233900e+00   3.0445600e+00   5.6909900e+00   3.4012000e+00  -3.0738600e+06
   7.0765500e+00  -5.1644800e+00   6.8233600e+00   3.0445700e+00   5.6909200e+00   3.4012000e+00  -3.0738600e+06
   7.0767600e+00  -5.1646600e+00   6.8234900e+00   3.0446500e+00   5.6910000e+00   3.4012000e+00  -3.0738600e+06
   7.0769300e+00  -5.1647100e+00   6.8234500e+00   3.0449000e+00   5.6909800e+00   3.4011900e+00  -3.0738600e+06
   7.0763600e+00  -5.1647700e+00   6.8233200e+00   3.0451500e+00   5.6910400e+00   3.4011900e+00  -3.0738600e+06
   7.0767400e+00  -5.1647400e+00   6.8233900e+00   3.0453400e+00   5.6907700e+00   3.4011900e+00  -3.0738700e+06
   7.0769200e+00  -5.1650100e+00   6.8235600e+00   3.0453500e+00   5.6909900e+00   3.4011900e+00  -3.0738600e+06
   7.0768400e+00  -5.1646700e+00   6.8235800e+00   3.0451100e+00   5.6909200e+00   3.4011900e+00  -3.0738600e+06
   7.0763800e+00  -5.1647000e+00   6.8230900e+00   3.0451300e+00   5.6908900e+00   3.4011900e+00  -3.0738700e+06
   7.0768500e+00  -5.1648900e+00   6.8235400e+00   3.0453900e+00   5.6909500e+00   3.4011900e+00  -3.0738600e+06
   7.0764200e+00  -5.1646200e+00   6.8235400e+00   3.0455500e+00   5.6909800e+00   3.4012000e+00  -3.0738700e+06
   7.0764300e+00  -5.1644600e+00   6.8235900e+00   3.0459200e+00   5.6910300e+00   3.4011900e+00  -3.0738700e+06
   7.0770100e+00  -5.1646100e+00   6.8239400e+00   3.0455700e+00   5.6908400e+00   3.4011900e+00  -3.0738700e+06
   7.0766100e+00  -5.1646900e+00   6.8234000e+00   3.0453600e+00   5.6909100e+00   3.4011900e+00  -3.0738600e+06
   7.0766300e+00  -5.1646900e+00   6.8235000e+00   3.0450800e+00   5.6909200e+00   3.4011900e+00  -3.0738600e+06
   7.0769500e+00  -5.1645500e+00   6.8236300e+00   3.0452900e+00   5.6909300e+00   3.4011700e+00  -3.0738700e+06
   7.0767600e+00  -5.1646100e+00   6.8235100e+00   3.0453100e+00   5.6907500e+00   3.4012000e+00  -3.0738700e+06
   7.0765500e+00  -5.1645600e+00   6.8234900e+00   3.0449400e+00   5.6908100e+00   3.4011900e+00  -3.0738700e+06
   7.0763400e+00  -5.1648300e+00   6.8232600e+00   3.0448600e+00   5.6909100e+00   3.4012000e+00  -3.0738600e+06
   7.0768500e+00  -5.1650000e+00   6.8233700e+00   3.0452600e+00   5.6908500e+00   3.4011900e+00  -3.0738600e+06
   7.0770200e+00  -5.1651400e+00   6.8234700e+00   3.0454000e+00   5.6908800e+00   3.4011900e+00  -3.0738600e+06
   7.0768600e+00  -5.1647800e+00   6.8237500e+00   3.0452100e+00   5.6910300e+00   3.4011800e+00  -3.0738700e+06
   7.0762600e+00  -5.1649600e+00   6.8235200e+00   3.0452900e+00   5.6910300e+00   3.4012000e+00  -3.0738700e+06
   7.0772000e+00  -5.1653500e+00   6.8236000e+00   3.0455300e+00   5.6908900e+00   3.4011900e+00  -3.0738600e+06
   7.0776900e+00  -5.1656500e+00   6.8234200e+00   3.0453100e+00   5.6909500e+00   3.4011900e+00  -3.0738600e+06
   7.0770100e+00  -5.1657800e+00   6.8233200e+00   3.0453500e+00   5.6911300e+00   3.4011900e+00  -3.0738600e+06
   7.0778000e+00  -5.1658900e+00   6.8236600e+00   3.0448700e+00   5.6910700e+00   3.4011800e+00  -3.0738600e+06
   7.0778800e+00  -5.1658100e+00   6.8238300e+00   3.0446900e+00   5.6910500e+00   3.4012000e+00  -3.0738600e+06
   7.0769800e+00  -5.1655600e+00   6.8235000e+00   3.0444900e+00   5.6910600e+00   3.4012000e+00  -3.0738600e+06
   7.0775600e+00  -5.1656300e+00   6.8235200e+00   3.0446300e+00   5.6908500e+00   3.4011900e+00  -3.0738600e+06
   7.0773000e+00  -5.1658300e+00   6.8234700e+00   3.0447100e+00   5.6909900e+00   3.4011800e+00  -3.0738600e+06
   7.0778300e+00  -5.1658000e+00   6.8238700e+00   3.0449700e+00   5.6911100e+00   3.4011900e+00  -3.0738600e+06
   7.0772300e+00  -5.1659900e+00   6.8231200e+00   3.0449300e+00   5.6911600e+00   3.4011900e+00  -3.0738600e+06
   7.0780100e+00  -5.1659500e+00   6.8238300e+00   3.0447100e+00   5.6909400e+00   3.4011900e+00  -3.0738600e+06
   7.0771600e+00  -5.1654900e+00   6.8238800e+00   3.0447700e+00   5.6911300e+00   3.4012000e+00  -3.0738600e+06
   7.0775200e+00  -5.1655400e+00   6.8233800e+00   3.0445100e+00   5.6910700e+00   3.4011900e+00  -3.0738600e+06
   7.0769200e+00  -5.1654500e+00   6.8236500e+00   3.0447900e+00   5.6910500e+00   3.4011900e+00  -3.0738600e+06
   7.0779900e+00  -5.1652900e+00   6.8240000e+00   3.0450100e+00   5.6909600e+00   3.4011800e+00  -3.0738700e+06
   7.0771500e+00  -5.1654100e+00   6.8234300e+00   3.0447200e+00   5.6909500e+00   3.4011900e+00  -3.0738600e+06
   7.0771300e+00  -5.1654800e+00   6.8234300e+00   3.0451400e+00   5.6907700e+00   3.4011900e+00  -3.0738600e+06
   7.0769700e+00  -5.1653500e+00   6.8235700e+00   3.0445000e+00   5.6910300e+00   3.4011900e+00  -3.0738600e+06
   7.0771100e+00  -5.1652200e+00   6.8234300e+00   3.0444500e+00   5.6910100e+00   3.4012000e+00  -3.0738600e+06
   7.0768500e+00  -5.1651500e+00   6.8233700e+00   3.0442200e+00   5.6909400e+00   3.4011900e+00  -3.0738600e+06
   7.0770700e+00  -5.1653500e+00   6.8236000e+00   3.0440500e+00   5.6910300e+00   3.4011900e+00  -3.0738600e+06
   7.0770300e+00  -5.1652000e+00   6.8232300e+00   3.0438200e+00   5.6910300e+00   3.4011900e+00  -3.0738600e+06
   7.0770100e+00  -5.1652500e+00   6.8235000e+00   3.0440700e+00   5.6910900e+00   3.4012000e+00  -3.0738600e+06
   7.0776900e+00  -5.1650800e+00   6.8238300e+00   3.0443100e+00   5.6906300e+00   3.4011900e+00  -3.0738700e+06
   7.0765400e+00  -5.1650400e+00   6.8230400e+00   3.0444200e+00   5.6908100e+00   3.4012000e+00  -3.0738600e+06
   7.0772200e+00  -5.1650300e+00   6.8236200e+00   3.0440400e+00   5.6907900e+00   3.4011900e+00  -3.0738600e+06
   7.0765400e+00  -5.1651500e+00   6.8233100e+00   3.0438600e+00   5.6911100e+00   3.4011800e+00  -3.0738600e+06
   7.0775800e+00  -5.1651600e+00   6.8238000e+00   3.0439700e+00   5.6910700e+00   3.4011800e+00  -3.0738600e+06
   7.0762100e+00  -5.1649900e+00   6.8233400e+00   3.0439400e+00   5.6910300e+00   3.4011900e+00  -3.0738600e+06
   7.0770400e+00  -5.1650100e+00   6.8235100e+00   3.0437300e+00   5.6909800e+00   3.4011900e+00  -3.0738600e+06
   7.0769600e+00  -5.1650200e+00   6.8235500e+00   3.0437100e+00   5.6908800e+00   3.4012000e+00  -3.0738600e+06
   7.0768800e+00  -5.1652700e+00   6.8231200e+00   3.0439500e+00   5.6910200e+00   3.4011900e+00  -3.0738600e+06
   7.0775100e+00  -5.1651100e+00   6.8237100e+00   3.0444800e+00   5.6909600e+00   3.4011900e+00  -3.0738600e+06
   7.0771400e+00  -5.1651600e+00   6.8235900e+00   3.0446000e+00   5.6909800e+00   3.4011900e+00  -3.0738600e+06
   7.0774600e+00  -5.1650000e+00   6.8241100e+00   3.0445400e+00   5.6909600e+00   3.4011900e+00  -3.0738700e+06
   7.0769200e+00  -5.1647900e+00   6.8235600e+00   3.0444300e+00   5.6908300e+00   3.4011900e+00  -3.0738600e+06
   7.0773200e+00  -5.1649200e+00   6.8237500e+00   3.0443900e+00   5.6908800e+00   3.4011900e+00  -3.0738600e+06
   7.0768900e+00  -5.1649800e+00   6.8235100e+00   3.0445100e+00   5.6908100e+00   3.4011900e+00  -3.0738600e+06
   7.0767900e+00  -5.1652100e+00   6.8232900e+00   3.0446100e+00   5.6910900e+00   3.4011900e+00  -3.0738600e+06
   7.0770800e+00  -5.1652000e+00   6.8230500e+00   3.0446600e+00   5.6909600e+00   3.4012000e+00  -3.0738600e+06
   7.0772000e+00  -5.1653800e+00   6.8234600e+00   3.0442900e+00   5.6909300e+00   3.4011800e+00  -3.0738600e+06
   7.0769900e+00  -5.1652500e+00   6.8233200e+00   3.0442300e+00   5.6908900e+00   3.4011900e+00  -3.0738600e+06
   7.0771900e+00  -5.1652200e+00   6.8234100e+00   3.0444400e+00   5.6908300e+00   3.4011900e+00  -3.0738600e+06
   7.0766800e+00  -5.1652900e+00   6.8233600e+00   3.0445600e+00   5.6910800e+00   3.4011900e+00  -3.0738600e+06
   7.0775200e+00  -5.1654500e+00   6.8236300e+00   3.0447000e+00   5.6910200e+00   3.4011900e+00  -3.0738600e+06
   7.0780900e+00  -5.1656400e+00   6.8238700e+00   3.0446900e+00   5.6907700e+00   3.4012000e+00  -3.0738600e+06
   7.0772700e+00  -5.1659100e+00   6.8234600e+00   3.0442700e+00   5.6909800e+00   3.4011900e+00  -3.0738500e+06
   7.0775800e+00  -5.1660200e+00   6.8233600e+00   3.0438500e+00   5.6909800e+00   3.4011900e+00  -3.0738500e+06
   7.0778600e+00  -5.1657500e+00   6.8240000e+00   3.0435100e+00   5.6909700e+00   3.4011900e+00  -3.0738600e+06
   7.0776100e+00  -5.1655400e+00   6.8234800e+00   3.0436400e+00   5.6907700e+00   3.4011900e+00  -3.0738600e+06
   7.0768900e+00  -5.1653600e+00   6.8236300e+00   3.0434400e+00   5.6911400e+00   3.4011900e+00  -3.0738600e+06
   7.0774300e+00  -5.1652900e+00   6.8236200e+00   3.0436400e+00   5.6910800e+00   3.4011900e+00  -3.0738600e+06
   7.0771500e+00  -5.1651000e+00   6.8234900e+00   3.0436800e+00   5.6908800e+00   3.4011900e+00  -3.0738600e+06
   7.0766900e+00  -5.1651900e+00   6.8232800e+00   3.0439100e+00   5.6908200e+00   3.4012000e+00  -3.0738600e+06
   7.0771300e+00  -5.1651700e+00   6.8235100e+00   3.0439000e+00   5.6907900e+00   3.4011900e+00  -3.0738600e+06
   7.0769900e+00  -5.1653600e+00   6.8235500e+00   3.0441200e+00   5.6910100e+00   3.4011900e+00  -3.0738600e+06
   7.0770400e+00  -5.1656000e+00   6.8234700e+00   3.0445300e+00   5.6910700e+00   3.4012000e+00  -3.0738600e+06
   7.0773500e+00  -5.1656400e+00   6.8233100e+00   3.0446100e+00   5.6907500e+00   3.4011600e+00  -3.0738600e+06
   7.0776500e+00  -5.1657800e+00   6.8235300e+00   3.0446000e+00   5.6908700e+00   3.4011900e+00  -3.0738600e+06
   7.0778800e+00  -5.1656200e+00   6.8242200e+00   3.0447200e+00   5.6908200e+00   3.4011900e+00  -3.0738700e+06
   7.0784500e+00  -5.1657300e+00   6.8239100e+00   3.0443700e+00   5.6908900e+00   3.4012000e+00  -3.0738600e+06
   7.0775500e+00  -5.1654000e+00   6.8234900e+00   3.0441200e+00   5.6909000e+00   3.4011900e+00  -3.0738600e+06
   7.0766200e+00  -5.1652800e+00   6.8234100e+00   3.0440800e+00   5.6910600e+00   3.4012000e+00  -3.0738600e+06
   7.0769300e+00  -5.1652700e+00   6.8234100e+00   3.0443600e+00   5.6911000e+00   3.4011900e+00  -3.0738600e+06
   7.0770100e+00  -5.1651000e+00   6.8234700e+00   3.0441300e+00   5.6910400e+00   3.4011900e+00  -3.0738600e+06
   7.0768900e+00  -5.1650900e+00   6.8236200e+00   3.0439300e+00   5.6909500e+00   3.4012000e+00  -3.0738600e+06
   7.0770100e+00  -5.1653800e+00   6.8233700e+00   3.0438400e+00   5.6910000e+00   3.4011900e+00  -3.0738600e+06
   7.0770800e+00  -5.1651900e+00   6.8236300e+00   3.0436700e+00   5.6909100e+00   3.4011900e+00  -3.0738600e+06
   7.0774200e+00  -5.1653600e+00   6.8235600e+00   3.0437400e+00   5.6909300e+00   3.4011900e+00  -3.0738600e+06
   7.0774200e+00  -5.1652400e+00   6.8238800e+00   3.0433900e+00   5.6907700e+00   3.4012000e+00  -3.0738600e+06
   7.0765500e+00  -5.1651800e+00   6.8231000e+00   3.0437700e+00   5.6907400e+00   3.4011800e+00  -3.0738600e+06
   7.0771600e+00  -5.1649900e+00   6.8236600e+00   3.0433200e+00   5.6909300e+00   3.4012000e+00  -3.0738600e+06
   7.0774900e+00  -5.1650000e+00   6.8233100e+00   3.0433700e+00   5.6907600e+00   3.4011900e+00  -3.0738700e+06
   7.0764600e+00  -5.1652500e+00   6.8232000e+00   3.0435100e+00   5.6911600e+00   3.4011900e+00  -3.0738600e+06
   7.0779700e+00  -5.1654400e+00   6.8240000e+00   3.0432900e+00   5.6910700e+00   3.4011900e+00  -3.0738600e+06
   7.0768500e+00  -5.1652200e+00   6.8233600e+00   3.0437500e+00   5.6909800e+00   3.4012000e+00  -3.0738600e+06
   7.0773200e+00  -5.1654100e+00   6.8236700e+00   3.0437400e+00   5.6909500e+00   3.4012000e+00  -3.0738600e+06
   7.0774800e+00  -5.1655200e+00   6.8237100e+00   3.0436400e+00   5.6911000e+00   3.4011900e+00  -3.0738600e+06
   7.0768800e+00  -5.1653300e+00   6.8230300e+00   3.0433800e+00   5.6908900e+00   3.4011900e+00  -3.0738600e+06
   7.0772000e+00  -5.1651400e+00   6.8235200e+00   3.0436400e+00   5.6911400e+00   3.4012000e+00  -3.0738600e+06
   7.0769400e+00  -5.1650600e+00   6.8235400e+00   3.0437700e+00   5.6910700e+00   3.4011900e+00  -3.0738600e+06
   7.0765800e+00  -5.1647000e+00   6.8234500e+00   3.0433800e+00   5.6908300e+00   3.4011900e+00  -3.0738600e+06
   7.0769000e+00  -5.1645600e+00   6.8237300e+00   3.0432000e+00   5.6909900e+00   3.4011900e+00  -3.0738600e+06
   7.0767000e+00  -5.1646300e+00   6.8232900e+00   3.0436000e+00   5.6908700e+00   3.4011900e+00  -3.0738600e+06
   7.0762500e+00  -5.1647900e+00   6.8232500e+00   3.0435500e+00   5.6910500e+00   3.4011900e+00  -3.0738600e+06
   7.0767800e+00  -5.1650700e+00   6.8236000e+00   3.0434300e+00   5.6911000e+00   3.4011900e+00  -3.0738600e+06
   7.0766800e+00  -5.1648900e+00   6.8232800e+00   3.0438100e+00   5.6907600e+00   3.4011800e+00  -3.0738600e+06
   7.0773300e+00  -5.1648000e+00   6.8235600e+00   3.0439500e+00   5.6906900e+00   3.4012000e+00  -3.0738600e+06
   7.0766200e+00  -5.1648700e+00   6.8234000e+00   3.0441100e+00   5.6911000e+00   3.4011900e+00  -3.0738600e+06
   7.0770900e+00  -5.1652100e+00   6.8233300e+00   3.0443200e+00   5.6907500e+00   3.4012000e+00  -3.0738600e+06
   7.0771300e+00  -5.1652000e+00   6.8234100e+00   3.0442500e+00   5.6907900e+00   3.4011800e+00  -3.0738600e+06
   7.0772000e+00  -5.1656800e+00   6.8231600e+00   3.0445100e+00   5.6908600e+00   3.4011900e+00  -3.0738600e+06
   7.0775600e+00  -5.1658000e+00   6.8236300e+00   3.0445600e+00   5.6910100e+00   3.4011900e+00  -3.0738600e+06
   7.0771700e+00  -5.1656200e+00   6.8236400e+00   3.0450400e+00   5.6910000e+00   3.4011900e+00  -3.0738600e+06
   7.0771400e+00  -5.1659100e+00   6.8233500e+00   3.0450600e+00   5.6909900e+00   3.4011900e+00  -3.0738600e+06
   7.0772700e+00  -5.1657800e+00   6.8232600e+00   3.0448800e+00   5.6910700e+00   3.4011900e+00  -3.0738600e+06
   7.0782400e+00  -5.1660600e+00   6.8237400e+00   3.0446800e+00   5.6909000e+00   3.4011900e+00  -3.0738500e+06
   7.0782600e+00  -5.1661500e+00   6.8238000e+00   3.0445500e+00   5.6908000e+00   3.4011600e+00  -3.0738600e+06
   7.0774200e+00  -5.1662000e+00   6.8233000e+00   3.0443400e+00   5.6910100e+00   3.4012000e+00  -3.0738500e+06
   7.0777600e+00  -5.1663300e+00   6.8235200e+00   3.0443200e+00   5.6908800e+00   3.4011900e+00  -3.0738500e+06
   7.0777200e+00  -5.1662900e+00   6.8234400e+00   3.0441100e+00   5.6909200e+00   3.4011900e+00  -3.0738500e+06
   7.0774700e+00  -5.1662600e+00   6.8231800e+00   3.0442600e+00   5.6909800e+00   3.4011700e+00  -3.0738600e+06
   7.0782200e+00  -5.1663100e+00   6.8237800e+00   3.0439600e+00   5.6911100e+00   3.4012000e+00  -3.0738500e+06
   7.0777200e+00  -5.1660900e+00   6.8236000e+00   3.0437300e+00   5.6909300e+00   3.4011800e+00  -3.0738600e+06
   7.0784400e+00  -5.1665300e+00   6.8237400e+00   3.0435800e+00   5.6906700e+00   3.4012000e+00  -3.0738500e+06
   7.0783300e+00  -5.1665200e+00   6.8240100e+00   3.0436800e+00   5.6908900e+00   3.4012000e+00  -3.0738500e+06
   7.0779200e+00  -5.1665300e+00   6.8237800e+00   3.0434600e+00   5.6910500e+00   3.4011900e+00  -3.0738500e+06
   7.0782000e+00  -5.1665200e+00   6.8235400e+00   3.0441600e+00   5.6908100e+00   3.4011900e+00  -3.0738500e+06
   7.0781500e+00  -5.1663400e+00   6.8237000e+00   3.0437300e+00   5.6911000e+00   3.4011800e+00  -3.0738500e+06
   7.0778900e+00  -5.1661200e+00   6.8234100e+00   3.0435500e+00   5.6908800e+00   3.4011900e+00  -3.0738500e+06
   7.0775600e+00  -5.1662200e+00   6.8236100e+00   3.0439200e+00   5.6909700e+00   3.4011900e+00  -3.0738500e+06
   7.0777900e+00  -5.1664100e+00   6.8234400e+00   3.0436200e+00   5.6907700e+00   3.4011900e+00  -3.0738500e+06
   7.0784400e+00  -5.1662100e+00   6.8239900e+00   3.0432000e+00   5.6910400e+00   3.4011900e+00  -3.0738500e+06
   7.0773600e+00  -5.1660800e+00   6.8231000e+00   3.0433300e+00   5.6909900e+00   3.4011800e+00  -3.0738600e+06
   7.0779700e+00  -5.1663100e+00   6.8234400e+00   3.0431700e+00   5.6908500e+00   3.4011900e+00  -3.0738500e+06
   7.0775800e+00  -5.1661300e+00   6.8235200e+00   3.0434600e+00   5.6910800e+00   3.4011900e+00  -3.0738500e+06
   7.0772800e+00  -5.1658000e+00   6.8231800e+00   3.0433000e+00   5.6910500e+00   3.4011900e+00  -3.0738600e+06
   7.0776500e+00  -5.1657600e+00   6.8237300e+00   3.0431900e+00   5.6909600e+00   3.4012000e+00  -3.0738500e+06
   7.0776200e+00  -5.1657100e+00   6.8238500e+00   3.0436000e+00   5.6910700e+00   3.4012000e+00  -3.0738600e+06
   7.0774500e+00  -5.1660200e+00   6.8236800e+00   3.0434200e+00   5.6911100e+00   3.4011900e+00  -3.0738500e+06
   7.0772500e+00  -5.1659800e+00   6.8231800e+00   3.0436400e+00   5.6910700e+00   3.4012000e+00  -3.0738500e+06
   7.0773100e+00  -5.1659700e+00   6.8232800e+00   3.0438700e+00   5.6910100e+00   3.4011900e+00  -3.0738500e+06
   7.0778500e+00  -5.1659300e+00   6.8236900e+00   3.0439800e+00   5.6908900e+00   3.4011900e+00  -3.0738500e+06
   7.0775800e+00  -5.1657600e+00   6.8235200e+00   3.0444200e+00   5.6911500e+00   3.4011900e+00  -3.0738600e+06
   7.0773100e+00  -5.1657200e+00   6.8233900e+00   3.0443600e+00   5.6910000e+00   3.4011900e+00  -3.0738600e+06
   7.0768100e+00  -5.1656100e+00   6.8231000e+00   3.0444000e+00   5.6910900e+00   3.4011900e+00  -3.0738600e+06
   7.0764300e+00  -5.1653300e+00   6.8232400e+00   3.0442500e+00   5.6909400e+00   3.4012000e+00  -3.0738600e+06
   7.0770600e+00  -5.1654300e+00   6.8232600e+00   3.0443000e+00   5.6909900e+00   3.4011800e+00  -3.0738600e+06
   7.0773000e+00  -5.1656700e+00   6.8232700e+00   3.0440900e+00   5.6908200e+00   3.4011900e+00  -3.0738600e+06
   7.0772100e+00  -5.1656500e+00   6.8234500e+00   3.0438500e+00   5.6908900e+00   3.4011900e+00  -3.0738600e+06
   7.0775900e+00  -5.1658500e+00   6.8235700e+00   3.0434700e+00   5.6907600e+00   3.4011800e+00  -3.0738600e+06
   7.0780700e+00  -5.1658900e+00   6.8237800e+00   3.0434600e+00   5.6908100e+00   3.4011900e+00  -3.0738500e+06
   7.0776600e+00  -5.1655100e+00   6.8239200e+00   3.0431000e+00   5.6910600e+00   3.4011900e+00  -3.0738600e+06
   7.0771000e+00  -5.1653400e+00   6.8234200e+00   3.0430900e+00   5.6909600e+00   3.4011900e+00  -3.0738600e+06
   7.0772800e+00  -5.1653100e+00   6.8235000e+00   3.0432200e+00   5.6909600e+00   3.4011900e+00  -3.0738600e+06
   7.0770000e+00  -5.1652800e+00   6.8233900e+00   3.0432600e+00   5.6909400e+00   3.4011900e+00  -3.0738600e+06
   7.0774100e+00  -5.1653900e+00   6.8237500e+00   3.0432300e+00   5.6909200e+00   3.4012000e+00  -3.0738600e+06
   7.0772900e+00  -5.1651700e+00   6.8237000e+00   3.0431300e+00   5.6911100e+00   3.4011900e+00  -3.0738600e+06
   7.0772100e+00  -5.1651900e+00   6.8236500e+00   3.0429700e+00   5.6911100e+00   3.4011800e+00  -3.0738600e+06
   7.0767400e+00  -5.1650500e+00   6.8232200e+00   3.0429000e+00   5.6909900e+00   3.4011900e+00  -3.0738600e+06
   7.0766800e+00  -5.1650200e+00   6.8233000e+00   3.0426500e+00   5.6910300e+00   3.4011900e+00  -3.0738600e+06
   7.0770100e+00  -5.1653300e+00   6.8236600e+00   3.0424100e+00   5.6910600e+00   3.4011900e+00  -3.0738600e+06
   7.0774500e+00  -5.1656000e+00   6.8234400e+00   3.0425900e+00   5.6908700e+00   3.4011800e+00  -3.0738600e+06
   7.0774600e+00  -5.1654300e+00   6.8234400e+00   3.0426200e+00   5.6909000e+00   3.4011900e+00  -3.0738600e+06
   7.0771100e+00  -5.1653100e+00   6.8234000e+00   3.0427800e+00   5.6909600e+00   3.4011900e+00  -3.0738600e+06
   7.0772200e+00  -5.1651500e+00   6.8235400e+00   3.0427100e+00   5.6909500e+00   3.4011800e+00  -3.0738600e+06
   7.0762800e+00  -5.1652000e+00   6.8228900e+00   3.0430100e+00   5.6909100e+00   3.4012000e+00  -3.0738600e+06
   7.0770400e+00  -5.1652300e+00   6.8233100e+00   3.0430100e+00   5.6907500e+00   3.4012000e+00  -3.0738600e+06
   7.0770200e+00  -5.1653800e+00   6.8233800e+00   3.0434500e+00   5.6910200e+00   3.4011900e+00  -3.0738600e+06
   7.0770300e+00  -5.1652500e+00   6.8232900e+00   3.0432900e+00   5.6911000e+00   3.4011900e+00  -3.0738600e+06
   7.0772300e+00  -5.1652800e+00   6.8234300e+00   3.0434800e+00   5.6909700e+00   3.4011900e+00  -3.0738600e+06
   7.0771700e+00  -5.1653100e+00   6.8235700e+00   3.0433400e+00   5.6909600e+00   3.4011900e+00  -3.0738600e+06
   7.0774100e+00  -5.1654500e+00   6.8238000e+00   3.0437400e+00   5.6908100e+00   3.4011900e+00  -3.0738600e+06
   7.0771900e+00  -5.1657600e+00   6.8233100e+00   3.0439200e+00   5.6909700e+00   3.4011800e+00  -3.0738600e+06
   7.0778500e+00  -5.1659700e+00   6.8235300e+00   3.0435800e+00   5.6909900e+00   3.4011900e+00  -3.0738500e+06
   7.0772900e+00  -5.1657200e+00   6.8231400e+00   3.0435700e+00   5.6909000e+00   3.4011900e+00  -3.0738600e+06
   7.0776200e+00  -5.1658500e+00   6.8235900e+00   3.0436200e+00   5.6910400e+00   3.4012000e+00  -3.0738500e+06
   7.0777200e+00  -5.1658200e+00   6.8233900e+00   3.0440300e+00   5.6910400e+00   3.4011900e+00  -3.0738600e+06
   7.0781900e+00  -5.1662400e+00   6.8237300e+00   3.0441000e+00   5.6907700e+00   3.4011900e+00  -3.0738500e+06
   7.0772500e+00  -5.1661200e+00   6.8233700e+00   3.0434400e+00   5.6909800e+00   3.4011700e+00  -3.0738600e+06
   7.0777400e+00  -5.1661600e+00   6.8237000e+00   3.0436400e+00   5.6909400e+00   3.4011900e+00  -3.0738500e+06
   7.0778400e+00  -5.1661200e+00   6.8235900e+00   3.0436800e+00   5.6908500e+00   3.4011700e+00  -3.0738600e+06
   7.0779600e+00  -5.1661500e+00   6.8230500e+00   3.0433100e+00   5.6907600e+00   3.4011900e+00  -3.0738600e+06
   7.0779600e+00  -5.1659600e+00   6.8241300e+00   3.0431400e+00   5.6909600e+00   3.4011900e+00  -3.0738600e+06
   7.0772500e+00  -5.1657100e+00   6.8234100e+00   3.0438500e+00   5.6908600e+00   3.4011900e+00  -3.0738600e+06
   7.0772100e+00  -5.1656700e+00   6.8234500e+00   3.0443400e+00   5.6911000e+00   3.4011900e+00  -3.0738600e+06
   7.0774800e+00  -5.1653100e+00   6.8235900e+00   3.0443000e+00   5.6910400e+00   3.4011900e+00  -3.0738600e+06
   7.0774500e+00  -5.1653600e+00   6.8233900e+00   3.0442000e+00   5.6909200e+00   3.4011900e+00  -3.0738600e+06
   7.0776700e+00  -5.1656000e+00   6.8238900e+00   3.0446500e+00   5.6911200e+00   3.4011900e+00  -3.0738600e+06
   7.0769900e+00  -5.1658100e+00   6.8232900e+00   3.0442400e+00   5.6911800e+00   3.4011900e+00  -3.0738600e+06
   7.0774400e+00  -5.1655400e+00   6.8237900e+00   3.0448100e+00   5.6909700e+00   3.4011900e+00  -3.0738600e+06
   7.0774500e+00  -5.1657000e+00   6.8238400e+00   3.0449000e+00   5.6910600e+00   3.4012000e+00  -3.0738600e+06
   7.0769300e+00  -5.1656300e+00   6.8232100e+00   3.0448700e+00   5.6910300e+00   3.4012000e+00  -3.0738600e+06
   7.0771400e+00  -5.1655200e+00   6.8233700e+00   3.0445800e+00   5.6908800e+00   3.4011900e+00  -3.0738600e+06
   7.0772800e+00  -5.1656000e+00   6.8233500e+00   3.0440200e+00   5.6908600e+00   3.4011900e+00  -3.0738600e+06
   7.0773400e+00  -5.1657000e+00   6.8233700e+00   3.0443800e+00   5.6908000e+00   3.4011800e+00  -3.0738600e+06
   7.0774200e+00  -5.1659100e+00   6.8235200e+00   3.0439300e+00   5.6911800e+00   3.4011900e+00  -3.0738600e+06
   7.0772200e+00  -5.1657800e+00   6.8235100e+00   3.0440700e+00   5.6908700e+00   3.4011900e+00  -3.0738600e+06
   7.0769100e+00  -5.1655300e+00   6.8234300e+00   3.0434600e+00   5.6909300e+00   3.4011900e+00  -3.0738600e+06
   7.0772100e+00  -5.1652500e+00   6.8234600e+00   3.0433300e+00   5.6907700e+00   3.4011900e+00  -3.0738600e+06
   7.0769200e+00  -5.1649800e+00   6.8234200e+00   3.0432200e+00   5.6909400e+00   3.4011900e+00  -3.0738600e+06
   7.0767100e+00  -5.1649600e+00   6.8235100e+00   3.0433600e+00   5.6910400e+00   3.4011900e+00  -3.0738600e+06
