   7.1284000e+00  -5.2260700e+00   6.8272700e+00   3.0404400e+00   5.6904600e+00   3.4012000e+00  -2.1514900e+07
   7.1287000e+00  -5.2262400e+00   6.8273800e+00   3.0404300e+00   5.6903600e+00   3.4012000e+00  -2.1514900e+07
   7.1281100e+00  -5.2259700e+00   6.8271100e+00   3.0404200e+00   5.6903500e+00   3.4012000e+00  -2.1514900e+07
   7.1285700e+00  -5.2261500e+00   6.8272600e+00   3.0404100e+00   5.6903300e+00   3.4012000e+00  -2.1514900e+07
   7.1287200e+00  -5.2266100e+00   6.8272800e+00   3.0404200e+00   5.6904200e+00   3.4012000e+00  -2.1514900e+07
   7.1288200e+00  -5.2264900e+00   6.8271700e+00   3.0404800e+00   5.6903700e+00   3.4012000e+00  -2.1514900e+07
   7.1286700e+00  -5.2262700e+00   6.8272100e+00   3.0404100e+00   5.6903800e+00   3.4012000e+00  -2.1514900e+07
   7.1283000e+00  -5.2260300e+00   6.8272700e+00   3.0404300e+00   5.6903800e+00   3.4011900e+00  -2.1514900e+07
   7.1284100e+00  -5.2261000e+00   6.8271800e+00   3.0404400e+00   5.6904100e+00   3.4012000e+00  -2.1514900e+07
   7.1282300e+00  -5.2261800e+00   6.8270100e+00   3.0404300e+00   5.6904000e+00   3.4012000e+00  -2.1514900e+07
   7.1286000e+00  -5.2263900e+00   6.8272400e+00   3.0404300e+00   5.6904000e+00   3.4012000e+00  -2.1514900e+07
   7.1286500e+00  -5.2264000e+00   6.8272900e+00   3.0404500e+00   5.6904100e+00   3.4012000e+00  -2.1514900e+07
   7.1284100e+00  -5.2263700e+00   6.8271900e+00   3.0403800e+00   5.6904700e+00   3.4012000e+00  -2.1514900e+07
   7.1287600e+00  -5.2266400e+00   6.8271500e+00   3.0404300e+00   5.6902900e+00   3.4012000e+00  -2.1514900e+07
   7.1288400e+00  -5.2265000e+00   6.8272400e+00   3.0404000e+00   5.6903500e+00   3.4012000e+00  -2.1514900e+07
   7.1288400e+00  -5.2265500e+00   6.8271300e+00   3.0404000e+00   5.6903300e+00   3.4011900e+00  -2.1514900e+07
   7.1290000e+00  -5.2268100e+00   6.8272700e+00   3.0404000e+00   5.6904000e+00   3.4012000e+00  -2.1514900e+07
   7.1287900e+00  -5.2267000e+00   6.8272300e+00   3.0403900e+00   5.6903500e+00   3.4012000e+00  -2.1514900e+07
   7.1289700e+00  -5.2266600e+00   6.8273300e+00   3.0404300e+00   5.6903800e+00   3.4012000e+00  -2.1514900e+07
   7.1286800e+00  -5.2264200e+00   6.8272600e+00   3.0404400e+00   5.6903700e+00   3.4012000e+00  -2.1514900e+07
   7.1287200e+00  -5.2263500e+00   6.8272800e+00   3.0404800e+00   5.6904300e+00   3.4012000e+00  -2.1514900e+07
   7.1283700e+00  -5.2262100e+00   6.8271900e+00   3.0405100e+00   5.6904000e+00   3.4012000e+00  -2.1514900e+07
   7.1285100e+00  -5.2263800e+00   6.8271600e+00   3.0405300e+00   5.6904900e+00   3.4012000e+00  -2.1514900e+07
   7.1285900e+00  -5.2262800e+00   6.8272200e+00   3.0405700e+00   5.6903500e+00   3.4012000e+00  -2.1514900e+07
   7.1286200e+00  -5.2263400e+00   6.8273500e+00   3.0405800e+00   5.6904200e+00   3.4012000e+00  -2.1514900e+07
   7.1288600e+00  -5.2264900e+00   6.8274000e+00   3.0405500e+00   5.6904000e+00   3.4012000e+00  -2.1514900e+07
   7.1285600e+00  -5.2263400e+00   6.8273400e+00   3.0405700e+00   5.6904300e+00   3.4012000e+00  -2.1514900e+07
   7.1283300e+00  -5.2260200e+00   6.8271500e+00   3.0405900e+00   5.6903900e+00   3.4012000e+00  -2.1514900e+07
   7.1281900e+00  -5.2258600e+00   6.8271700e+00   3.0406500e+00   5.6902800e+00   3.4012000e+00  -2.1514900e+07
   7.1279800e+00  -5.2257800e+00   6.8271200e+00   3.0406800e+00   5.6903500e+00   3.4012000e+00  -2.1514900e+07
   7.1285300e+00  -5.2261100e+00   6.8272600e+00   3.0406900e+00   5.6904300e+00   3.4012000e+00  -2.1514900e+07
   7.1283300e+00  -5.2260600e+00   6.8271900e+00   3.0406800e+00   5.6903400e+00   3.4012000e+00  -2.1514900e+07
   7.1282700e+00  -5.2259300e+00   6.8272400e+00   3.0406300e+00   5.6904000e+00   3.4012000e+00  -2.1514900e+07
   7.1282600e+00  -5.2258600e+00   6.8272200e+00   3.0406500e+00   5.6904500e+00   3.4012000e+00  -2.1514900e+07
   7.1282200e+00  -5.2256700e+00   6.8273400e+00   3.0406600e+00   5.6903200e+00   3.4012000e+00  -2.1514900e+07
   7.1279100e+00  -5.2256500e+00   6.8270700e+00   3.0406500e+00   5.6903900e+00   3.4012000e+00  -2.1514900e+07
   7.1279600e+00  -5.2254000e+00   6.8272500e+00   3.0406200e+00   5.6903500e+00   3.4012000e+00  -2.1514900e+07
   7.1278600e+00  -5.2256000e+00   6.8271000e+00   3.0406400e+00   5.6903600e+00   3.4012000e+00  -2.1514900e+07
   7.1274500e+00  -5.2251100e+00   6.8271000e+00   3.0406500e+00   5.6904600e+00   3.4012000e+00  -2.1514900e+07
   7.1275000e+00  -5.2250100e+00   6.8271700e+00   3.0406600e+00   5.6903900e+00   3.4012000e+00  -2.1514900e+07
   7.1273300e+00  -5.2249400e+00   6.8271000e+00   3.0407100e+00   5.6904200e+00   3.4012000e+00  -2.1514900e+07
   7.1277300e+00  -5.2250500e+00   6.8271900e+00   3.0406800e+00   5.6903300e+00   3.4012000e+00  -2.1514900e+07
   7.1277000e+00  -5.2252000e+00   6.8271900e+00   3.0407100e+00   5.6903700e+00   3.4012000e+00  -2.1514900e+07
   7.1277800e+00  -5.2252500e+00   6.8271300e+00   3.0407400e+00   5.6903400e+00   3.4012000e+00  -2.1514900e+07
   7.1274700e+00  -5.2249800e+00   6.8271600e+00   3.0407100e+00   5.6904300e+00   3.4012000e+00  -2.1514900e+07
   7.1277600e+00  -5.2251900e+00   6.8273000e+00   3.0407000e+00   5.6904200e+00   3.4012000e+00  -2.1514900e+07
   7.1275100e+00  -5.2251100e+00   6.8270800e+00   3.0406700e+00   5.6904700e+00   3.4012000e+00  -2.1514900e+07
   7.1273900e+00  -5.2248400e+00   6.8271400e+00   3.0406400e+00   5.6903900e+00   3.4012000e+00  -2.1514900e+07
   7.1272500e+00  -5.2247700e+00   6.8271100e+00   3.0406700e+00   5.6903900e+00   3.4012000e+00  -2.1514900e+07
   7.1271000e+00  -5.2246900e+00   6.8270700e+00   3.0407000e+00   5.6904500e+00   3.4012000e+00  -2.1514900e+07
   7.1273700e+00  -5.2246500e+00   6.8272500e+00   3.0407000e+00   5.6903500e+00   3.4012000e+00  -2.1514900e+07
   7.1272800e+00  -5.2247000e+00   6.8272400e+00   3.0406800e+00   5.6904300e+00   3.4012000e+00  -2.1514900e+07
   7.1273400e+00  -5.2248400e+00   6.8271100e+00   3.0406800e+00   5.6903700e+00   3.4012000e+00  -2.1514900e+07
   7.1271000e+00  -5.2248700e+00   6.8270500e+00   3.0407100e+00   5.6904500e+00   3.4012000e+00  -2.1514900e+07
   7.1272600e+00  -5.2249900e+00   6.8271100e+00   3.0407200e+00   5.6904700e+00   3.4012000e+00  -2.1514900e+07
   7.1277300e+00  -5.2251600e+00   6.8273100e+00   3.0407600e+00   5.6903800e+00   3.4012000e+00  -2.1514900e+07
   7.1275700e+00  -5.2251400e+00   6.8271600e+00   3.0408100e+00   5.6904700e+00   3.4011900e+00  -2.1514900e+07
   7.1278200e+00  -5.2252600e+00   6.8273800e+00   3.0408100e+00   5.6904400e+00   3.4012000e+00  -2.1514900e+07
   7.1280000e+00  -5.2252400e+00   6.8273800e+00   3.0407800e+00   5.6903600e+00   3.4012000e+00  -2.1514900e+07
   7.1275700e+00  -5.2249900e+00   6.8271100e+00   3.0407700e+00   5.6903600e+00   3.4011900e+00  -2.1514900e+07
   7.1272700e+00  -5.2248000e+00   6.8271600e+00   3.0407700e+00   5.6903600e+00   3.4012000e+00  -2.1514900e+07
   7.1273900e+00  -5.2249100e+00   6.8271700e+00   3.0407600e+00   5.6904200e+00   3.4012000e+00  -2.1514900e+07
   7.1273200e+00  -5.2248200e+00   6.8271000e+00   3.0408000e+00   5.6903300e+00   3.4012000e+00  -2.1514900e+07
   7.1272500e+00  -5.2248200e+00   6.8269900e+00   3.0408000e+00   5.6904100e+00   3.4012000e+00  -2.1514900e+07
   7.1271100e+00  -5.2248500e+00   6.8270500e+00   3.0408000e+00   5.6904400e+00   3.4012000e+00  -2.1514900e+07
   7.1272900e+00  -5.2248500e+00   6.8271500e+00   3.0408200e+00   5.6903900e+00   3.4012000e+00  -2.1514900e+07
   7.1275800e+00  -5.2249800e+00   6.8272700e+00   3.0408300e+00   5.6904100e+00   3.4012000e+00  -2.1514900e+07
   7.1276900e+00  -5.2252900e+00   6.8272300e+00   3.0408300e+00   5.6904200e+00   3.4012000e+00  -2.1514900e+07
   7.1278400e+00  -5.2254100e+00   6.8271700e+00   3.0408700e+00   5.6904500e+00   3.4012000e+00  -2.1514900e+07
   7.1280700e+00  -5.2256200e+00   6.8272400e+00   3.0408900e+00   5.6903900e+00   3.4012000e+00  -2.1514900e+07
   7.1282100e+00  -5.2259800e+00   6.8271500e+00   3.0408900e+00   5.6904100e+00   3.4012000e+00  -2.1514900e+07
   7.1280200e+00  -5.2259400e+00   6.8272100e+00   3.0408800e+00   5.6904900e+00   3.4012000e+00  -2.1514900e+07
   7.1282400e+00  -5.2259800e+00   6.8271600e+00   3.0408700e+00   5.6903900e+00   3.4012000e+00  -2.1514900e+07
   7.1281200e+00  -5.2259500e+00   6.8272200e+00   3.0409100e+00   5.6904200e+00   3.4011900e+00  -2.1514900e+07
   7.1284500e+00  -5.2261100e+00   6.8272800e+00   3.0409500e+00   5.6903900e+00   3.4012000e+00  -2.1514900e+07
   7.1286200e+00  -5.2264200e+00   6.8272000e+00   3.0409400e+00   5.6904000e+00   3.4012000e+00  -2.1514900e+07
   7.1285900e+00  -5.2264700e+00   6.8272100e+00   3.0409500e+00   5.6904600e+00   3.4012000e+00  -2.1514900e+07
   7.1286900e+00  -5.2262900e+00   6.8272600e+00   3.0408800e+00   5.6903200e+00   3.4012000e+00  -2.1514900e+07
   7.1284800e+00  -5.2263000e+00   6.8273200e+00   3.0408800e+00   5.6905100e+00   3.4011900e+00  -2.1514900e+07
   7.1282900e+00  -5.2258500e+00   6.8272800e+00   3.0409000e+00   5.6904000e+00   3.4012000e+00  -2.1514900e+07
   7.1281800e+00  -5.2259500e+00   6.8272500e+00   3.0409100e+00   5.6904300e+00   3.4012000e+00  -2.1514900e+07
   7.1281700e+00  -5.2258600e+00   6.8270900e+00   3.0409200e+00   5.6903300e+00   3.4012000e+00  -2.1514900e+07
   7.1282300e+00  -5.2256900e+00   6.8272400e+00   3.0409000e+00   5.6903600e+00   3.4012000e+00  -2.1514900e+07
   7.1279800e+00  -5.2255500e+00   6.8271500e+00   3.0409100e+00   5.6903800e+00   3.4012000e+00  -2.1514900e+07
   7.1276400e+00  -5.2254700e+00   6.8271100e+00   3.0409200e+00   5.6904100e+00   3.4012000e+00  -2.1514900e+07
   7.1277300e+00  -5.2253400e+00   6.8273100e+00   3.0408800e+00   5.6904900e+00   3.4012000e+00  -2.1514900e+07
   7.1277300e+00  -5.2253100e+00   6.8272200e+00   3.0408500e+00   5.6904700e+00   3.4012000e+00  -2.1514900e+07
   7.1278700e+00  -5.2253300e+00   6.8272300e+00   3.0408300e+00   5.6903100e+00   3.4011900e+00  -2.1514900e+07
   7.1279700e+00  -5.2255500e+00   6.8271900e+00   3.0408500e+00   5.6903500e+00   3.4012000e+00  -2.1514900e+07
   7.1275000e+00  -5.2251100e+00   6.8270600e+00   3.0408300e+00   5.6904300e+00   3.4012000e+00  -2.1514900e+07
   7.1276800e+00  -5.2252400e+00   6.8272500e+00   3.0408500e+00   5.6904700e+00   3.4012000e+00  -2.1514900e+07
   7.1275900e+00  -5.2253500e+00   6.8271600e+00   3.0408300e+00   5.6904900e+00   3.4012000e+00  -2.1514900e+07
   7.1278100e+00  -5.2252800e+00   6.8273200e+00   3.0407900e+00   5.6903900e+00   3.4012000e+00  -2.1514900e+07
   7.1277700e+00  -5.2254000e+00   6.8271200e+00   3.0407900e+00   5.6903700e+00   3.4012000e+00  -2.1514900e+07
   7.1279500e+00  -5.2254600e+00   6.8271600e+00   3.0407400e+00   5.6903100e+00   3.4012000e+00  -2.1514900e+07
   7.1279700e+00  -5.2255900e+00   6.8271700e+00   3.0407300e+00   5.6903900e+00   3.4012000e+00  -2.1514900e+07
   7.1280200e+00  -5.2254400e+00   6.8273000e+00   3.0407000e+00   5.6903400e+00   3.4012000e+00  -2.1514900e+07
   7.1276500e+00  -5.2253600e+00   6.8271300e+00   3.0406900e+00   5.6903500e+00   3.4012000e+00  -2.1514900e+07
   7.1279500e+00  -5.2256500e+00   6.8270300e+00   3.0407500e+00   5.6903600e+00   3.4012000e+00  -2.1514900e+07
   7.1282600e+00  -5.2256900e+00   6.8272200e+00   3.0407300e+00   5.6902400e+00   3.4011900e+00  -2.1514900e+07
   7.1280200e+00  -5.2257600e+00   6.8270600e+00   3.0407800e+00   5.6903900e+00   3.4012000e+00  -2.1514900e+07
   7.1281000e+00  -5.2259600e+00   6.8272200e+00   3.0408200e+00   5.6904800e+00   3.4012000e+00  -2.1514900e+07
   7.1282400e+00  -5.2259900e+00   6.8272500e+00   3.0408600e+00   5.6904600e+00   3.4012000e+00  -2.1514900e+07
   7.1286400e+00  -5.2263200e+00   6.8272900e+00   3.0408800e+00   5.6903700e+00   3.4011900e+00  -2.1514900e+07
   7.1283600e+00  -5.2261700e+00   6.8272800e+00   3.0409100e+00   5.6904500e+00   3.4012000e+00  -2.1514900e+07
   7.1282200e+00  -5.2261300e+00   6.8271900e+00   3.0409100e+00   5.6904600e+00   3.4011900e+00  -2.1514900e+07
   7.1283000e+00  -5.2261600e+00   6.8270600e+00   3.0408600e+00   5.6903500e+00   3.4012000e+00  -2.1514900e+07
   7.1283400e+00  -5.2260200e+00   6.8272500e+00   3.0409100e+00   5.6904000e+00   3.4012000e+00  -2.1514900e+07
   7.1282800e+00  -5.2260100e+00   6.8272900e+00   3.0409100e+00   5.6904800e+00   3.4012000e+00  -2.1514900e+07
   7.1283200e+00  -5.2261000e+00   6.8272700e+00   3.0408900e+00   5.6904900e+00   3.4012000e+00  -2.1514900e+07
   7.1284600e+00  -5.2261800e+00   6.8271100e+00   3.0408700e+00   5.6903900e+00   3.4012000e+00  -2.1514900e+07
   7.1284000e+00  -5.2260900e+00   6.8271900e+00   3.0408600e+00   5.6903800e+00   3.4011900e+00  -2.1514900e+07
   7.1284700e+00  -5.2261400e+00   6.8271900e+00   3.0408400e+00   5.6903300e+00   3.4012000e+00  -2.1514900e+07
   7.1282900e+00  -5.2259400e+00   6.8272700e+00   3.0407800e+00   5.6903600e+00   3.4012000e+00  -2.1514900e+07
   7.1283300e+00  -5.2261700e+00   6.8271600e+00   3.0407500e+00   5.6903500e+00   3.4012000e+00  -2.1514900e+07
   7.1287500e+00  -5.2263200e+00   6.8272700e+00   3.0407500e+00   5.6903800e+00   3.4012000e+00  -2.1514900e+07
   7.1285300e+00  -5.2261400e+00   6.8273100e+00   3.0408200e+00   5.6903800e+00   3.4012000e+00  -2.1514900e+07
   7.1285000e+00  -5.2261500e+00   6.8271700e+00   3.0408100e+00   5.6903300e+00   3.4012000e+00  -2.1514900e+07
   7.1286900e+00  -5.2262900e+00   6.8272600e+00   3.0408200e+00   5.6903300e+00   3.4012000e+00  -2.1514900e+07
   7.1286500e+00  -5.2264400e+00   6.8272200e+00   3.0408500e+00   5.6903700e+00   3.4011900e+00  -2.1514900e+07
   7.1284500e+00  -5.2264500e+00   6.8273400e+00   3.0408500e+00   5.6905500e+00   3.4012000e+00  -2.1514900e+07
   7.1288500e+00  -5.2266400e+00   6.8272800e+00   3.0408300e+00   5.6904300e+00   3.4012000e+00  -2.1514900e+07
   7.1288900e+00  -5.2266800e+00   6.8271400e+00   3.0408400e+00   5.6903100e+00   3.4012000e+00  -2.1514900e+07
   7.1290300e+00  -5.2267300e+00   6.8273600e+00   3.0408100e+00   5.6904300e+00   3.4012000e+00  -2.1514900e+07
   7.1289200e+00  -5.2268200e+00   6.8271300e+00   3.0408600e+00   5.6904400e+00   3.4012000e+00  -2.1514900e+07
   7.1290800e+00  -5.2269300e+00   6.8273000e+00   3.0408400e+00   5.6903700e+00   3.4012000e+00  -2.1514900e+07
   7.1287100e+00  -5.2268400e+00   6.8271000e+00   3.0408400e+00   5.6904200e+00   3.4012000e+00  -2.1514900e+07
   7.1290000e+00  -5.2269800e+00   6.8272900e+00   3.0408400e+00   5.6904200e+00   3.4012000e+00  -2.1514900e+07
   7.1293400e+00  -5.2269700e+00   6.8273800e+00   3.0408000e+00   5.6903100e+00   3.4012000e+00  -2.1514900e+07
   7.1289500e+00  -5.2269300e+00   6.8271800e+00   3.0407500e+00   5.6904700e+00   3.4011900e+00  -2.1514900e+07
   7.1292200e+00  -5.2268700e+00   6.8273800e+00   3.0407300e+00   5.6904400e+00   3.4011900e+00  -2.1514900e+07
   7.1289900e+00  -5.2269500e+00   6.8271900e+00   3.0407700e+00   5.6904300e+00   3.4012000e+00  -2.1514900e+07
   7.1290600e+00  -5.2269100e+00   6.8272200e+00   3.0408100e+00   5.6903600e+00   3.4012000e+00  -2.1514900e+07
   7.1289800e+00  -5.2268200e+00   6.8272600e+00   3.0408100e+00   5.6904200e+00   3.4012000e+00  -2.1514900e+07
   7.1290800e+00  -5.2269900e+00   6.8272600e+00   3.0407900e+00   5.6904100e+00   3.4012000e+00  -2.1514900e+07
   7.1291300e+00  -5.2269500e+00   6.8272100e+00   3.0407900e+00   5.6904300e+00   3.4012000e+00  -2.1514900e+07
   7.1291000e+00  -5.2270700e+00   6.8272200e+00   3.0408200e+00   5.6903800e+00   3.4012000e+00  -2.1514900e+07
   7.1294000e+00  -5.2273600e+00   6.8272700e+00   3.0408200e+00   5.6904100e+00   3.4012000e+00  -2.1514900e+07
   7.1293600e+00  -5.2274300e+00   6.8272500e+00   3.0407700e+00   5.6904000e+00   3.4012000e+00  -2.1514900e+07
   7.1295500e+00  -5.2275900e+00   6.8271200e+00   3.0408400e+00   5.6903400e+00   3.4011900e+00  -2.1514900e+07
   7.1294500e+00  -5.2273600e+00   6.8273500e+00   3.0408700e+00   5.6903400e+00   3.4012000e+00  -2.1514900e+07
   7.1294300e+00  -5.2274300e+00   6.8272700e+00   3.0408800e+00   5.6904300e+00   3.4012000e+00  -2.1514900e+07
   7.1290600e+00  -5.2269600e+00   6.8273100e+00   3.0409200e+00   5.6904100e+00   3.4012000e+00  -2.1514900e+07
   7.1291600e+00  -5.2270900e+00   6.8273500e+00   3.0409700e+00   5.6904500e+00   3.4012000e+00  -2.1514900e+07
   7.1289600e+00  -5.2270200e+00   6.8271600e+00   3.0409500e+00   5.6904200e+00   3.4012000e+00  -2.1514900e+07
   7.1292000e+00  -5.2268500e+00   6.8273300e+00   3.0409600e+00   5.6903000e+00   3.4012000e+00  -2.1514900e+07
   7.1288200e+00  -5.2266900e+00   6.8272300e+00   3.0409600e+00   5.6903200e+00   3.4012000e+00  -2.1514900e+07
   7.1288600e+00  -5.2267000e+00   6.8272300e+00   3.0409300e+00   5.6903700e+00   3.4012000e+00  -2.1514900e+07
   7.1291400e+00  -5.2268100e+00   6.8273300e+00   3.0409400e+00   5.6903600e+00   3.4012000e+00  -2.1514900e+07
   7.1291700e+00  -5.2270100e+00   6.8273400e+00   3.0409100e+00   5.6903600e+00   3.4012000e+00  -2.1514900e+07
   7.1292900e+00  -5.2270800e+00   6.8272700e+00   3.0409400e+00   5.6903300e+00   3.4012000e+00  -2.1514900e+07
   7.1290600e+00  -5.2271100e+00   6.8272700e+00   3.0409500e+00   5.6904200e+00   3.4012000e+00  -2.1514900e+07
   7.1292600e+00  -5.2271700e+00   6.8272900e+00   3.0409900e+00   5.6904600e+00   3.4012000e+00  -2.1514900e+07
   7.1297200e+00  -5.2272600e+00   6.8274200e+00   3.0410100e+00   5.6904000e+00   3.4012000e+00  -2.1514900e+07
   7.1290400e+00  -5.2269400e+00   6.8272000e+00   3.0410200e+00   5.6903800e+00   3.4012000e+00  -2.1514900e+07
   7.1291800e+00  -5.2270400e+00   6.8272400e+00   3.0410100e+00   5.6904500e+00   3.4012000e+00  -2.1514900e+07
   7.1289100e+00  -5.2267800e+00   6.8273400e+00   3.0410500e+00   5.6904600e+00   3.4012000e+00  -2.1514900e+07
   7.1289000e+00  -5.2268100e+00   6.8272900e+00   3.0410400e+00   5.6904100e+00   3.4012000e+00  -2.1514900e+07
   7.1290400e+00  -5.2267600e+00   6.8273100e+00   3.0410300e+00   5.6903500e+00   3.4012000e+00  -2.1514900e+07
   7.1289600e+00  -5.2268000e+00   6.8272000e+00   3.0410100e+00   5.6903900e+00   3.4012000e+00  -2.1514900e+07
   7.1289200e+00  -5.2268800e+00   6.8272500e+00   3.0410200e+00   5.6904200e+00   3.4012000e+00  -2.1514900e+07
   7.1289100e+00  -5.2267700e+00   6.8272200e+00   3.0409700e+00   5.6904600e+00   3.4012000e+00  -2.1514900e+07
   7.1293900e+00  -5.2272000e+00   6.8274100e+00   3.0409700e+00   5.6904700e+00   3.4012000e+00  -2.1514900e+07
   7.1297800e+00  -5.2275900e+00   6.8272700e+00   3.0409900e+00   5.6903500e+00   3.4012000e+00  -2.1514900e+07
   7.1296800e+00  -5.2277400e+00   6.8272400e+00   3.0409700e+00   5.6904900e+00   3.4012000e+00  -2.1514900e+07
   7.1299500e+00  -5.2278100e+00   6.8272500e+00   3.0410000e+00   5.6904000e+00   3.4012000e+00  -2.1514900e+07
   7.1300100e+00  -5.2279700e+00   6.8272600e+00   3.0410000e+00   5.6903800e+00   3.4012000e+00  -2.1514900e+07
   7.1298700e+00  -5.2279700e+00   6.8272500e+00   3.0410400e+00   5.6904100e+00   3.4012000e+00  -2.1514900e+07
   7.1299000e+00  -5.2279200e+00   6.8273100e+00   3.0410300e+00   5.6903500e+00   3.4012000e+00  -2.1514900e+07
   7.1301200e+00  -5.2281600e+00   6.8272600e+00   3.0410400e+00   5.6904100e+00   3.4012000e+00  -2.1514900e+07
   7.1305200e+00  -5.2282600e+00   6.8274800e+00   3.0410500e+00   5.6903200e+00   3.4012000e+00  -2.1514900e+07
   7.1303500e+00  -5.2283200e+00   6.8272500e+00   3.0410700e+00   5.6903500e+00   3.4012000e+00  -2.1514900e+07
   7.1303100e+00  -5.2284200e+00   6.8272500e+00   3.0410700e+00   5.6903300e+00   3.4012000e+00  -2.1514900e+07
   7.1306200e+00  -5.2284900e+00   6.8273700e+00   3.0410800e+00   5.6903200e+00   3.4012000e+00  -2.1514900e+07
   7.1301500e+00  -5.2283600e+00   6.8273000e+00   3.0410500e+00   5.6904900e+00   3.4012000e+00  -2.1514900e+07
   7.1302800e+00  -5.2283600e+00   6.8274400e+00   3.0410400e+00   5.6904200e+00   3.4012000e+00  -2.1514900e+07
   7.1302700e+00  -5.2283800e+00   6.8274400e+00   3.0410300e+00   5.6904800e+00   3.4012000e+00  -2.1514900e+07
   7.1304100e+00  -5.2285000e+00   6.8274100e+00   3.0410400e+00   5.6903400e+00   3.4012000e+00  -2.1514900e+07
   7.1307500e+00  -5.2287500e+00   6.8275200e+00   3.0410600e+00   5.6904000e+00   3.4011900e+00  -2.1514900e+07
   7.1307800e+00  -5.2288900e+00   6.8275600e+00   3.0410700e+00   5.6904000e+00   3.4012000e+00  -2.1514900e+07
   7.1307700e+00  -5.2290300e+00   6.8273700e+00   3.0411100e+00   5.6904200e+00   3.4012000e+00  -2.1514800e+07
   7.1309700e+00  -5.2292000e+00   6.8275200e+00   3.0410700e+00   5.6904600e+00   3.4012000e+00  -2.1514800e+07
   7.1311400e+00  -5.2294400e+00   6.8274500e+00   3.0410800e+00   5.6903800e+00   3.4012000e+00  -2.1514800e+07
   7.1312800e+00  -5.2294900e+00   6.8274500e+00   3.0410800e+00   5.6903400e+00   3.4011900e+00  -2.1514800e+07
   7.1313100e+00  -5.2295600e+00   6.8273200e+00   3.0410700e+00   5.6903500e+00   3.4012000e+00  -2.1514800e+07
   7.1312400e+00  -5.2297000e+00   6.8273200e+00   3.0410400e+00   5.6904000e+00   3.4012000e+00  -2.1514800e+07
   7.1317700e+00  -5.2298600e+00   6.8275600e+00   3.0410500e+00   5.6903100e+00   3.4012000e+00  -2.1514800e+07
   7.1318300e+00  -5.2299700e+00   6.8276500e+00   3.0410500e+00   5.6903200e+00   3.4011900e+00  -2.1514800e+07
   7.1315800e+00  -5.2299000e+00   6.8272800e+00   3.0410900e+00   5.6903200e+00   3.4012000e+00  -2.1514800e+07
   7.1316700e+00  -5.2299800e+00   6.8274000e+00   3.0411200e+00   5.6902900e+00   3.4012000e+00  -2.1514800e+07
   7.1313800e+00  -5.2295700e+00   6.8274100e+00   3.0411300e+00   5.6903400e+00   3.4011900e+00  -2.1514800e+07
   7.1315500e+00  -5.2297300e+00   6.8273600e+00   3.0411000e+00   5.6903100e+00   3.4012000e+00  -2.1514800e+07
   7.1312900e+00  -5.2296900e+00   6.8274200e+00   3.0411200e+00   5.6904600e+00   3.4012000e+00  -2.1514800e+07
   7.1315200e+00  -5.2295400e+00   6.8275600e+00   3.0410800e+00   5.6903300e+00   3.4011900e+00  -2.1514800e+07
   7.1309700e+00  -5.2293200e+00   6.8273300e+00   3.0410900e+00   5.6903900e+00   3.4012000e+00  -2.1514800e+07
   7.1311800e+00  -5.2293100e+00   6.8275000e+00   3.0410700e+00   5.6903400e+00   3.4012000e+00  -2.1514800e+07
   7.1309000e+00  -5.2291800e+00   6.8273600e+00   3.0411500e+00   5.6903600e+00   3.4011900e+00  -2.1514800e+07
   7.1312900e+00  -5.2293300e+00   6.8276500e+00   3.0411600e+00   5.6903500e+00   3.4012000e+00  -2.1514800e+07
   7.1312300e+00  -5.2292900e+00   6.8274000e+00   3.0411700e+00   5.6903200e+00   3.4012000e+00  -2.1514800e+07
   7.1311800e+00  -5.2292800e+00   6.8274300e+00   3.0411900e+00   5.6903500e+00   3.4012000e+00  -2.1514800e+07
   7.1313500e+00  -5.2295000e+00   6.8275300e+00   3.0412500e+00   5.6903800e+00   3.4012000e+00  -2.1514800e+07
   7.1310200e+00  -5.2292500e+00   6.8274000e+00   3.0411900e+00   5.6903900e+00   3.4012000e+00  -2.1514800e+07
   7.1305700e+00  -5.2290000e+00   6.8272600e+00   3.0411800e+00   5.6904700e+00   3.4012000e+00  -2.1514900e+07
   7.1311500e+00  -5.2293400e+00   6.8273500e+00   3.0411900e+00   5.6903400e+00   3.4012000e+00  -2.1514800e+07
   7.1312200e+00  -5.2293300e+00   6.8274200e+00   3.0411800e+00   5.6902800e+00   3.4011900e+00  -2.1514800e+07
   7.1316000e+00  -5.2297100e+00   6.8275500e+00   3.0411100e+00   5.6903000e+00   3.4012000e+00  -2.1514800e+07
   7.1313400e+00  -5.2296200e+00   6.8274100e+00   3.0410900e+00   5.6904700e+00   3.4012000e+00  -2.1514800e+07
   7.1316400e+00  -5.2299900e+00   6.8275100e+00   3.0410800e+00   5.6903600e+00   3.4012000e+00  -2.1514800e+07
   7.1316000e+00  -5.2298900e+00   6.8274600e+00   3.0410600e+00   5.6904200e+00   3.4011900e+00  -2.1514800e+07
   7.1315100e+00  -5.2297900e+00   6.8274200e+00   3.0410800e+00   5.6903500e+00   3.4011900e+00  -2.1514800e+07
   7.1314600e+00  -5.2297100e+00   6.8274800e+00   3.0410400e+00   5.6904000e+00   3.4012000e+00  -2.1514800e+07
   7.1312900e+00  -5.2296200e+00   6.8273500e+00   3.0410900e+00   5.6903300e+00   3.4012000e+00  -2.1514800e+07
   7.1313400e+00  -5.2296200e+00   6.8274100e+00   3.0410800e+00   5.6904400e+00   3.4012000e+00  -2.1514800e+07
   7.1315500e+00  -5.2297300e+00   6.8275100e+00   3.0410900e+00   5.6903900e+00   3.4012000e+00  -2.1514800e+07
   7.1314200e+00  -5.2298500e+00   6.8274300e+00   3.0410500e+00   5.6903500e+00   3.4012000e+00  -2.1514800e+07
   7.1317900e+00  -5.2299500e+00   6.8275700e+00   3.0410900e+00   5.6903400e+00   3.4012000e+00  -2.1514800e+07
   7.1315900e+00  -5.2298300e+00   6.8274400e+00   3.0411100e+00   5.6903600e+00   3.4012000e+00  -2.1514800e+07
   7.1314400e+00  -5.2296500e+00   6.8274200e+00   3.0411200e+00   5.6903100e+00   3.4011900e+00  -2.1514800e+07
   7.1315600e+00  -5.2295900e+00   6.8274600e+00   3.0411200e+00   5.6903500e+00   3.4012000e+00  -2.1514800e+07
   7.1315300e+00  -5.2297700e+00   6.8274800e+00   3.0411700e+00   5.6903600e+00   3.4012000e+00  -2.1514800e+07
   7.1313400e+00  -5.2298200e+00   6.8273300e+00   3.0411800e+00   5.6904600e+00   3.4012000e+00  -2.1514800e+07
   7.1315900e+00  -5.2300000e+00   6.8273500e+00   3.0411900e+00   5.6903800e+00   3.4012000e+00  -2.1514800e+07
   7.1319200e+00  -5.2302000e+00   6.8275400e+00   3.0411900e+00   5.6903000e+00   3.4012000e+00  -2.1514800e+07
   7.1315400e+00  -5.2298300e+00   6.8273400e+00   3.0411900e+00   5.6903600e+00   3.4012000e+00  -2.1514800e+07
   7.1316400e+00  -5.2297900e+00   6.8275000e+00   3.0412000e+00   5.6903500e+00   3.4011900e+00  -2.1514800e+07
   7.1315000e+00  -5.2294800e+00   6.8275800e+00   3.0412100e+00   5.6903400e+00   3.4012000e+00  -2.1514800e+07
   7.1312300e+00  -5.2292100e+00   6.8275100e+00   3.0412200e+00   5.6904400e+00   3.4012000e+00  -2.1514800e+07
   7.1308100e+00  -5.2289900e+00   6.8274100e+00   3.0412200e+00   5.6903800e+00   3.4011900e+00  -2.1514900e+07
   7.1310100e+00  -5.2291800e+00   6.8274700e+00   3.0412000e+00   5.6904200e+00   3.4012000e+00  -2.1514800e+07
   7.1308500e+00  -5.2290800e+00   6.8273500e+00   3.0412000e+00   5.6903700e+00   3.4011900e+00  -2.1514800e+07
   7.1309000e+00  -5.2289700e+00   6.8274600e+00   3.0411800e+00   5.6903800e+00   3.4011900e+00  -2.1514800e+07
   7.1307000e+00  -5.2286900e+00   6.8274100e+00   3.0411800e+00   5.6903300e+00   3.4012000e+00  -2.1514900e+07
   7.1301500e+00  -5.2283000e+00   6.8274000e+00   3.0412000e+00   5.6904400e+00   3.4012000e+00  -2.1514900e+07
   7.1304300e+00  -5.2282800e+00   6.8274100e+00   3.0412300e+00   5.6903600e+00   3.4012000e+00  -2.1514900e+07
   7.1305300e+00  -5.2285100e+00   6.8274500e+00   3.0412400e+00   5.6903800e+00   3.4012000e+00  -2.1514900e+07
   7.1301400e+00  -5.2282800e+00   6.8273400e+00   3.0412800e+00   5.6904600e+00   3.4012000e+00  -2.1514900e+07
   7.1303800e+00  -5.2282200e+00   6.8274000e+00   3.0412000e+00   5.6903200e+00   3.4012000e+00  -2.1514900e+07
   7.1300500e+00  -5.2281500e+00   6.8272600e+00   3.0412100e+00   5.6903300e+00   3.4011900e+00  -2.1514900e+07
   7.1304500e+00  -5.2284300e+00   6.8275100e+00   3.0412500e+00   5.6904300e+00   3.4012000e+00  -2.1514900e+07
   7.1308000e+00  -5.2288600e+00   6.8275000e+00   3.0412700e+00   5.6903800e+00   3.4012000e+00  -2.1514800e+07
   7.1308800e+00  -5.2289100e+00   6.8273800e+00   3.0412600e+00   5.6903500e+00   3.4012000e+00  -2.1514800e+07
   7.1307900e+00  -5.2289800e+00   6.8273200e+00   3.0412900e+00   5.6903000e+00   3.4012000e+00  -2.1514800e+07
   7.1312300e+00  -5.2292000e+00   6.8276000e+00   3.0413000e+00   5.6904200e+00   3.4012000e+00  -2.1514800e+07
   7.1306900e+00  -5.2289600e+00   6.8273400e+00   3.0413200e+00   5.6903500e+00   3.4011900e+00  -2.1514900e+07
   7.1309000e+00  -5.2290100e+00   6.8273500e+00   3.0413000e+00   5.6903500e+00   3.4011900e+00  -2.1514800e+07
   7.1310300e+00  -5.2290900e+00   6.8274000e+00   3.0413000e+00   5.6903100e+00   3.4012000e+00  -2.1514800e+07
   7.1309500e+00  -5.2291100e+00   6.8275100e+00   3.0413100e+00   5.6904800e+00   3.4012000e+00  -2.1514800e+07
   7.1310600e+00  -5.2291200e+00   6.8274600e+00   3.0413300e+00   5.6903000e+00   3.4012000e+00  -2.1514800e+07
   7.1311900e+00  -5.2294600e+00   6.8273800e+00   3.0413500e+00   5.6903800e+00   3.4011900e+00  -2.1514800e+07
   7.1310800e+00  -5.2293500e+00   6.8273900e+00   3.0413500e+00   5.6903300e+00   3.4012000e+00  -2.1514800e+07
   7.1313200e+00  -5.2294300e+00   6.8274200e+00   3.0413700e+00   5.6903100e+00   3.4012000e+00  -2.1514800e+07
   7.1310000e+00  -5.2292200e+00   6.8275000e+00   3.0413600e+00   5.6904200e+00   3.4012000e+00  -2.1514800e+07
   7.1308900e+00  -5.2290500e+00   6.8273700e+00   3.0413900e+00   5.6903900e+00   3.4012000e+00  -2.1514800e+07
   7.1308800e+00  -5.2288600e+00   6.8275000e+00   3.0413500e+00   5.6904000e+00   3.4012000e+00  -2.1514800e+07
   7.1309400e+00  -5.2288900e+00   6.8274800e+00   3.0413300e+00   5.6903600e+00   3.4012000e+00  -2.1514800e+07
   7.1309900e+00  -5.2287300e+00   6.8275600e+00   3.0413300e+00   5.6903100e+00   3.4012000e+00  -2.1514900e+07
   7.1304000e+00  -5.2286500e+00   6.8273000e+00   3.0413000e+00   5.6904000e+00   3.4012000e+00  -2.1514900e+07
   7.1310300e+00  -5.2291500e+00   6.8274500e+00   3.0413300e+00   5.6904000e+00   3.4012000e+00  -2.1514800e+07
   7.1309500e+00  -5.2290500e+00   6.8274800e+00   3.0413700e+00   5.6903300e+00   3.4012000e+00  -2.1514800e+07
   7.1309400e+00  -5.2292100e+00   6.8275100e+00   3.0413700e+00   5.6904100e+00   3.4012000e+00  -2.1514800e+07
   7.1309700e+00  -5.2292900e+00   6.8274000e+00   3.0413900e+00   5.6904000e+00   3.4012000e+00  -2.1514800e+07
   7.1313900e+00  -5.2294100e+00   6.8275200e+00   3.0413500e+00   5.6903300e+00   3.4012000e+00  -2.1514800e+07
   7.1313000e+00  -5.2294800e+00   6.8275300e+00   3.0413300e+00   5.6903700e+00   3.4012000e+00  -2.1514800e+07
   7.1311600e+00  -5.2293600e+00   6.8275200e+00   3.0413200e+00   5.6904100e+00   3.4012000e+00  -2.1514800e+07
   7.1312400e+00  -5.2294800e+00   6.8274200e+00   3.0412900e+00   5.6903400e+00   3.4012000e+00  -2.1514800e+07
   7.1308400e+00  -5.2290400e+00   6.8273800e+00   3.0412700e+00   5.6903800e+00   3.4012000e+00  -2.1514800e+07
   7.1311600e+00  -5.2293000e+00   6.8273600e+00   3.0413000e+00   5.6902900e+00   3.4012000e+00  -2.1514800e+07
   7.1314200e+00  -5.2295300e+00   6.8275100e+00   3.0413400e+00   5.6904200e+00   3.4012000e+00  -2.1514800e+07
   7.1312400e+00  -5.2296300e+00   6.8274300e+00   3.0413400e+00   5.6903900e+00   3.4012000e+00  -2.1514800e+07
   7.1313900e+00  -5.2296300e+00   6.8273600e+00   3.0413500e+00   5.6903600e+00   3.4012000e+00  -2.1514800e+07
   7.1315600e+00  -5.2298100e+00   6.8276000e+00   3.0413200e+00   5.6903900e+00   3.4012000e+00  -2.1514800e+07
   7.1310200e+00  -5.2293700e+00   6.8274600e+00   3.0413100e+00   5.6904500e+00   3.4012000e+00  -2.1514800e+07
   7.1311800e+00  -5.2293300e+00   6.8274800e+00   3.0413000e+00   5.6903800e+00   3.4011900e+00  -2.1514800e+07
   7.1313200e+00  -5.2293900e+00   6.8274700e+00   3.0413100e+00   5.6904100e+00   3.4012000e+00  -2.1514800e+07
   7.1311500e+00  -5.2294800e+00   6.8272700e+00   3.0413000e+00   5.6904000e+00   3.4012000e+00  -2.1514800e+07
   7.1310900e+00  -5.2293800e+00   6.8273900e+00   3.0413200e+00   5.6903300e+00   3.4011900e+00  -2.1514800e+07
   7.1311000e+00  -5.2291000e+00   6.8274900e+00   3.0413700e+00   5.6904000e+00   3.4012000e+00  -2.1514800e+07
   7.1309200e+00  -5.2289500e+00   6.8274400e+00   3.0414100e+00   5.6904000e+00   3.4012000e+00  -2.1514800e+07
   7.1309200e+00  -5.2288300e+00   6.8273900e+00   3.0413700e+00   5.6903700e+00   3.4012000e+00  -2.1514900e+07
   7.1306900e+00  -5.2288800e+00   6.8273700e+00   3.0413700e+00   5.6903200e+00   3.4012000e+00  -2.1514900e+07
   7.1306000e+00  -5.2288400e+00   6.8273400e+00   3.0413500e+00   5.6904500e+00   3.4012000e+00  -2.1514800e+07
   7.1310200e+00  -5.2289800e+00   6.8274900e+00   3.0413800e+00   5.6903900e+00   3.4012000e+00  -2.1514800e+07
   7.1305400e+00  -5.2286400e+00   6.8274500e+00   3.0414000e+00   5.6904400e+00   3.4012000e+00  -2.1514900e+07
   7.1305300e+00  -5.2287000e+00   6.8273900e+00   3.0413800e+00   5.6903900e+00   3.4012000e+00  -2.1514900e+07
   7.1306400e+00  -5.2285400e+00   6.8273900e+00   3.0414300e+00   5.6902500e+00   3.4012000e+00  -2.1514900e+07
   7.1303700e+00  -5.2283900e+00   6.8273200e+00   3.0414200e+00   5.6903400e+00   3.4012000e+00  -2.1514900e+07
   7.1304700e+00  -5.2283800e+00   6.8273600e+00   3.0414100e+00   5.6903700e+00   3.4012000e+00  -2.1514900e+07
   7.1303100e+00  -5.2281800e+00   6.8273500e+00   3.0413400e+00   5.6903200e+00   3.4012000e+00  -2.1514900e+07
   7.1301800e+00  -5.2281200e+00   6.8273600e+00   3.0413500e+00   5.6903900e+00   3.4011900e+00  -2.1514900e+07
   7.1301800e+00  -5.2282900e+00   6.8272600e+00   3.0413400e+00   5.6903400e+00   3.4012000e+00  -2.1514900e+07
   7.1309000e+00  -5.2286300e+00   6.8277100e+00   3.0413500e+00   5.6904400e+00   3.4011900e+00  -2.1514900e+07
   7.1305900e+00  -5.2285700e+00   6.8274500e+00   3.0413100e+00   5.6903900e+00   3.4012000e+00  -2.1514900e+07
   7.1305900e+00  -5.2286200e+00   6.8273700e+00   3.0413400e+00   5.6903500e+00   3.4012000e+00  -2.1514900e+07
   7.1307200e+00  -5.2287600e+00   6.8273900e+00   3.0413300e+00   5.6904400e+00   3.4012000e+00  -2.1514900e+07
   7.1308300e+00  -5.2288900e+00   6.8274000e+00   3.0413100e+00   5.6903800e+00   3.4012000e+00  -2.1514800e+07
   7.1308600e+00  -5.2289100e+00   6.8273000e+00   3.0413000e+00   5.6903100e+00   3.4012000e+00  -2.1514800e+07
   7.1308200e+00  -5.2290200e+00   6.8274500e+00   3.0413100e+00   5.6903700e+00   3.4011900e+00  -2.1514900e+07
   7.1310700e+00  -5.2291900e+00   6.8273500e+00   3.0413100e+00   5.6903500e+00   3.4012000e+00  -2.1514800e+07
   7.1309200e+00  -5.2291600e+00   6.8273400e+00   3.0413000e+00   5.6903300e+00   3.4012000e+00  -2.1514800e+07
   7.1305100e+00  -5.2290400e+00   6.8273400e+00   3.0412700e+00   5.6904800e+00   3.4012000e+00  -2.1514900e+07
   7.1311000e+00  -5.2292700e+00   6.8273900e+00   3.0412800e+00   5.6903500e+00   3.4012000e+00  -2.1514800e+07
   7.1308000e+00  -5.2291000e+00   6.8272800e+00   3.0412700e+00   5.6904400e+00   3.4012000e+00  -2.1514800e+07
   7.1310200e+00  -5.2293900e+00   6.8272400e+00   3.0412700e+00   5.6903500e+00   3.4012000e+00  -2.1514800e+07
   7.1313500e+00  -5.2294400e+00   6.8274400e+00   3.0412600e+00   5.6903000e+00   3.4012000e+00  -2.1514800e+07
   7.1317800e+00  -5.2299100e+00   6.8275900e+00   3.0412300e+00   5.6903600e+00   3.4012000e+00  -2.1514800e+07
   7.1315800e+00  -5.2299500e+00   6.8273800e+00   3.0412300e+00   5.6903700e+00   3.4012000e+00  -2.1514800e+07
   7.1316100e+00  -5.2297500e+00   6.8275700e+00   3.0412000e+00   5.6904100e+00   3.4012000e+00  -2.1514800e+07
   7.1312700e+00  -5.2296200e+00   6.8272700e+00   3.0412000e+00   5.6903100e+00   3.4012000e+00  -2.1514800e+07
   7.1317100e+00  -5.2298900e+00   6.8274500e+00   3.0412300e+00   5.6904000e+00   3.4012000e+00  -2.1514800e+07
   7.1314800e+00  -5.2298100e+00   6.8274200e+00   3.0412000e+00   5.6904200e+00   3.4012000e+00  -2.1514800e+07
   7.1318400e+00  -5.2300300e+00   6.8275500e+00   3.0412000e+00   5.6903300e+00   3.4012000e+00  -2.1514800e+07
   7.1318400e+00  -5.2301500e+00   6.8274500e+00   3.0412200e+00   5.6903800e+00   3.4012000e+00  -2.1514800e+07
   7.1319000e+00  -5.2301800e+00   6.8273800e+00   3.0412600e+00   5.6903300e+00   3.4012000e+00  -2.1514800e+07
   7.1321100e+00  -5.2305300e+00   6.8274300e+00   3.0412700e+00   5.6902900e+00   3.4012000e+00  -2.1514800e+07
   7.1325400e+00  -5.2308100e+00   6.8275400e+00   3.0412500e+00   5.6903800e+00   3.4012000e+00  -2.1514800e+07
   7.1326000e+00  -5.2309400e+00   6.8275100e+00   3.0412400e+00   5.6904000e+00   3.4012000e+00  -2.1514800e+07
   7.1327100e+00  -5.2311800e+00   6.8274500e+00   3.0413200e+00   5.6903500e+00   3.4012000e+00  -2.1514800e+07
   7.1328200e+00  -5.2312400e+00   6.8275900e+00   3.0413600e+00   5.6903800e+00   3.4012000e+00  -2.1514800e+07
   7.1328400e+00  -5.2313100e+00   6.8275700e+00   3.0413800e+00   5.6903900e+00   3.4012000e+00  -2.1514800e+07
   7.1330200e+00  -5.2315100e+00   6.8275100e+00   3.0413700e+00   5.6903500e+00   3.4011900e+00  -2.1514800e+07
   7.1331700e+00  -5.2315300e+00   6.8275900e+00   3.0413800e+00   5.6903100e+00   3.4012000e+00  -2.1514800e+07
   7.1331000e+00  -5.2316600e+00   6.8275400e+00   3.0414000e+00   5.6903300e+00   3.4012000e+00  -2.1514800e+07
   7.1333300e+00  -5.2318300e+00   6.8275900e+00   3.0413500e+00   5.6903000e+00   3.4012000e+00  -2.1514800e+07
   7.1334000e+00  -5.2317800e+00   6.8277600e+00   3.0413600e+00   5.6903300e+00   3.4012000e+00  -2.1514800e+07
   7.1332500e+00  -5.2319100e+00   6.8275500e+00   3.0413400e+00   5.6903300e+00   3.4012000e+00  -2.1514800e+07
   7.1333100e+00  -5.2319700e+00   6.8275200e+00   3.0413100e+00   5.6904000e+00   3.4012000e+00  -2.1514800e+07
   7.1333500e+00  -5.2317000e+00   6.8276500e+00   3.0413200e+00   5.6903200e+00   3.4012000e+00  -2.1514800e+07
   7.1332800e+00  -5.2317900e+00   6.8276700e+00   3.0413500e+00   5.6903100e+00   3.4012000e+00  -2.1514800e+07
   7.1332400e+00  -5.2316900e+00   6.8275400e+00   3.0414300e+00   5.6903900e+00   3.4012000e+00  -2.1514800e+07
   7.1331300e+00  -5.2319300e+00   6.8275100e+00   3.0414300e+00   5.6904000e+00   3.4012000e+00  -2.1514800e+07
   7.1333600e+00  -5.2319700e+00   6.8274900e+00   3.0414300e+00   5.6903300e+00   3.4012000e+00  -2.1514800e+07
   7.1334300e+00  -5.2321500e+00   6.8275600e+00   3.0414300e+00   5.6903600e+00   3.4012000e+00  -2.1514800e+07
   7.1339800e+00  -5.2325900e+00   6.8276100e+00   3.0414200e+00   5.6902600e+00   3.4012000e+00  -2.1514800e+07
   7.1337900e+00  -5.2326600e+00   6.8275600e+00   3.0414200e+00   5.6904400e+00   3.4012000e+00  -2.1514800e+07
   7.1341700e+00  -5.2329100e+00   6.8276300e+00   3.0414300e+00   5.6903600e+00   3.4012000e+00  -2.1514800e+07
   7.1342700e+00  -5.2332100e+00   6.8276800e+00   3.0414100e+00   5.6904400e+00   3.4012000e+00  -2.1514800e+07
   7.1350600e+00  -5.2338500e+00   6.8276500e+00   3.0414000e+00   5.6902900e+00   3.4012000e+00  -2.1514700e+07
   7.1353500e+00  -5.2341800e+00   6.8277500e+00   3.0413900e+00   5.6903400e+00   3.4012000e+00  -2.1514700e+07
   7.1349400e+00  -5.2339300e+00   6.8276500e+00   3.0413800e+00   5.6903600e+00   3.4012000e+00  -2.1514700e+07
   7.1353800e+00  -5.2342100e+00   6.8277500e+00   3.0414000e+00   5.6903200e+00   3.4012000e+00  -2.1514700e+07
   7.1353500e+00  -5.2340400e+00   6.8278600e+00   3.0414000e+00   5.6902800e+00   3.4012000e+00  -2.1514700e+07
   7.1347200e+00  -5.2339900e+00   6.8276100e+00   3.0413900e+00   5.6904000e+00   3.4012000e+00  -2.1514700e+07
   7.1350900e+00  -5.2342100e+00   6.8276900e+00   3.0414400e+00   5.6903700e+00   3.4012000e+00  -2.1514700e+07
   7.1353300e+00  -5.2342800e+00   6.8276900e+00   3.0414100e+00   5.6903100e+00   3.4012000e+00  -2.1514700e+07
   7.1360100e+00  -5.2351000e+00   6.8278600e+00   3.0414600e+00   5.6903400e+00   3.4012000e+00  -2.1514700e+07
   7.1364300e+00  -5.2354200e+00   6.8278800e+00   3.0414700e+00   5.6902800e+00   3.4012000e+00  -2.1514700e+07
   7.1361600e+00  -5.2353100e+00   6.8278900e+00   3.0414800e+00   5.6904700e+00   3.4011900e+00  -2.1514700e+07
   7.1363900e+00  -5.2353900e+00   6.8277300e+00   3.0414500e+00   5.6903300e+00   3.4012000e+00  -2.1514700e+07
   7.1367300e+00  -5.2358700e+00   6.8278600e+00   3.0414600e+00   5.6903500e+00   3.4012000e+00  -2.1514700e+07
   7.1366000e+00  -5.2359500e+00   6.8277200e+00   3.0415000e+00   5.6903800e+00   3.4012000e+00  -2.1514700e+07
   7.1367100e+00  -5.2358300e+00   6.8278200e+00   3.0415400e+00   5.6903000e+00   3.4012000e+00  -2.1514700e+07
   7.1366100e+00  -5.2356700e+00   6.8278600e+00   3.0415600e+00   5.6902800e+00   3.4012000e+00  -2.1514700e+07
   7.1364100e+00  -5.2355300e+00   6.8278500e+00   3.0415300e+00   5.6903300e+00   3.4012000e+00  -2.1514700e+07
   7.1366200e+00  -5.2358600e+00   6.8278500e+00   3.0415100e+00   5.6903800e+00   3.4012000e+00  -2.1514700e+07
   7.1367600e+00  -5.2361400e+00   6.8277200e+00   3.0415500e+00   5.6903900e+00   3.4012000e+00  -2.1514700e+07
   7.1368700e+00  -5.2362400e+00   6.8277300e+00   3.0415200e+00   5.6902700e+00   3.4012000e+00  -2.1514700e+07
   7.1369200e+00  -5.2359400e+00   6.8278700e+00   3.0416000e+00   5.6902800e+00   3.4012000e+00  -2.1514700e+07
   7.1367800e+00  -5.2360400e+00   6.8277100e+00   3.0416200e+00   5.6903600e+00   3.4012000e+00  -2.1514700e+07
   7.1373000e+00  -5.2363500e+00   6.8279600e+00   3.0415500e+00   5.6902800e+00   3.4012000e+00  -2.1514700e+07
   7.1371200e+00  -5.2364800e+00   6.8278800e+00   3.0416200e+00   5.6903500e+00   3.4012000e+00  -2.1514700e+07
   7.1371700e+00  -5.2364700e+00   6.8279200e+00   3.0416500e+00   5.6903300e+00   3.4012000e+00  -2.1514700e+07
   7.1370400e+00  -5.2363000e+00   6.8277000e+00   3.0416100e+00   5.6902900e+00   3.4012000e+00  -2.1514700e+07
   7.1373100e+00  -5.2365800e+00   6.8278100e+00   3.0416100e+00   5.6903200e+00   3.4012000e+00  -2.1514700e+07
   7.1375000e+00  -5.2367700e+00   6.8278700e+00   3.0416600e+00   5.6903300e+00   3.4012000e+00  -2.1514700e+07
   7.1371100e+00  -5.2363900e+00   6.8278500e+00   3.0416600e+00   5.6902600e+00   3.4012000e+00  -2.1514700e+07
   7.1374900e+00  -5.2368100e+00   6.8279000e+00   3.0416700e+00   5.6903500e+00   3.4012000e+00  -2.1514700e+07
   7.1376000e+00  -5.2370300e+00   6.8278800e+00   3.0416900e+00   5.6903100e+00   3.4012000e+00  -2.1514700e+07
   7.1376300e+00  -5.2370200e+00   6.8278200e+00   3.0416900e+00   5.6903500e+00   3.4012000e+00  -2.1514700e+07
   7.1375200e+00  -5.2368100e+00   6.8278300e+00   3.0417200e+00   5.6902800e+00   3.4012000e+00  -2.1514700e+07
   7.1375000e+00  -5.2367000e+00   6.8278500e+00   3.0417100e+00   5.6902300e+00   3.4012000e+00  -2.1514700e+07
   7.1373400e+00  -5.2367200e+00   6.8278000e+00   3.0417100e+00   5.6903100e+00   3.4012000e+00  -2.1514700e+07
   7.1373700e+00  -5.2366300e+00   6.8279900e+00   3.0417400e+00   5.6903200e+00   3.4012000e+00  -2.1514700e+07
   7.1375700e+00  -5.2367000e+00   6.8280000e+00   3.0417800e+00   5.6902700e+00   3.4012000e+00  -2.1514700e+07
   7.1373300e+00  -5.2366200e+00   6.8278300e+00   3.0418500e+00   5.6902600e+00   3.4012000e+00  -2.1514700e+07
   7.1375100e+00  -5.2368000e+00   6.8278300e+00   3.0418600e+00   5.6902900e+00   3.4012000e+00  -2.1514700e+07
   7.1374800e+00  -5.2370000e+00   6.8278600e+00   3.0419000e+00   5.6903200e+00   3.4012000e+00  -2.1514700e+07
   7.1376200e+00  -5.2369500e+00   6.8279500e+00   3.0418800e+00   5.6903800e+00   3.4012000e+00  -2.1514700e+07
   7.1382200e+00  -5.2375300e+00   6.8280200e+00   3.0418400e+00   5.6902600e+00   3.4012000e+00  -2.1514700e+07
   7.1386000e+00  -5.2378900e+00   6.8280300e+00   3.0418700e+00   5.6903000e+00   3.4012000e+00  -2.1514700e+07
   7.1384800e+00  -5.2381400e+00   6.8279600e+00   3.0418800e+00   5.6903500e+00   3.4012000e+00  -2.1514700e+07
   7.1385600e+00  -5.2379500e+00   6.8279700e+00   3.0419000e+00   5.6902900e+00   3.4012000e+00  -2.1514700e+07
   7.1386500e+00  -5.2381500e+00   6.8279000e+00   3.0419300e+00   5.6902500e+00   3.4012000e+00  -2.1514700e+07
   7.1387900e+00  -5.2383700e+00   6.8279500e+00   3.0419700e+00   5.6902600e+00   3.4012000e+00  -2.1514700e+07
   7.1388000e+00  -5.2383600e+00   6.8280200e+00   3.0420000e+00   5.6902700e+00   3.4012000e+00  -2.1514700e+07
   7.1391700e+00  -5.2388800e+00   6.8279600e+00   3.0419900e+00   5.6903200e+00   3.4012000e+00  -2.1514600e+07
   7.1391300e+00  -5.2388700e+00   6.8280100e+00   3.0420200e+00   5.6903200e+00   3.4012000e+00  -2.1514600e+07
   7.1392000e+00  -5.2388500e+00   6.8279300e+00   3.0420500e+00   5.6902000e+00   3.4012000e+00  -2.1514700e+07
   7.1396800e+00  -5.2392900e+00   6.8280600e+00   3.0420500e+00   5.6902800e+00   3.4012000e+00  -2.1514600e+07
   7.1396900e+00  -5.2393600e+00   6.8280800e+00   3.0420500e+00   5.6903000e+00   3.4012000e+00  -2.1514600e+07
   7.1398500e+00  -5.2394100e+00   6.8281600e+00   3.0420100e+00   5.6902300e+00   3.4012000e+00  -2.1514600e+07
   7.1397300e+00  -5.2393200e+00   6.8280400e+00   3.0420200e+00   5.6902700e+00   3.4012000e+00  -2.1514600e+07
   7.1396400e+00  -5.2392000e+00   6.8280900e+00   3.0420600e+00   5.6902800e+00   3.4011900e+00  -2.1514600e+07
   7.1392400e+00  -5.2389500e+00   6.8280600e+00   3.0421400e+00   5.6903500e+00   3.4012000e+00  -2.1514600e+07
   7.1391600e+00  -5.2387200e+00   6.8281400e+00   3.0421100e+00   5.6902900e+00   3.4012000e+00  -2.1514700e+07
   7.1390300e+00  -5.2386300e+00   6.8280600e+00   3.0421200e+00   5.6903400e+00   3.4012000e+00  -2.1514700e+07
   7.1394000e+00  -5.2388700e+00   6.8280700e+00   3.0420500e+00   5.6902600e+00   3.4012000e+00  -2.1514600e+07
   7.1393100e+00  -5.2388700e+00   6.8280600e+00   3.0420500e+00   5.6902200e+00   3.4012000e+00  -2.1514700e+07
   7.1391800e+00  -5.2387500e+00   6.8281300e+00   3.0420400e+00   5.6903200e+00   3.4012000e+00  -2.1514700e+07
   7.1392200e+00  -5.2387200e+00   6.8279600e+00   3.0420200e+00   5.6902700e+00   3.4012000e+00  -2.1514700e+07
   7.1388100e+00  -5.2386400e+00   6.8278300e+00   3.0420100e+00   5.6903500e+00   3.4012000e+00  -2.1514700e+07
   7.1389100e+00  -5.2383800e+00   6.8280000e+00   3.0420400e+00   5.6902800e+00   3.4011900e+00  -2.1514700e+07
   7.1386200e+00  -5.2382600e+00   6.8279300e+00   3.0420600e+00   5.6902900e+00   3.4012000e+00  -2.1514700e+07
   7.1385200e+00  -5.2381700e+00   6.8279800e+00   3.0420800e+00   5.6903100e+00   3.4012000e+00  -2.1514700e+07
   7.1387800e+00  -5.2382100e+00   6.8279500e+00   3.0420800e+00   5.6902900e+00   3.4012000e+00  -2.1514700e+07
   7.1387900e+00  -5.2381600e+00   6.8281000e+00   3.0420400e+00   5.6902800e+00   3.4012000e+00  -2.1514700e+07
   7.1384700e+00  -5.2379400e+00   6.8279300e+00   3.0420400e+00   5.6903000e+00   3.4012000e+00  -2.1514700e+07
   7.1385500e+00  -5.2381000e+00   6.8279000e+00   3.0420300e+00   5.6902400e+00   3.4012000e+00  -2.1514700e+07
   7.1383900e+00  -5.2378700e+00   6.8279700e+00   3.0420800e+00   5.6902800e+00   3.4012000e+00  -2.1514700e+07
   7.1384400e+00  -5.2377800e+00   6.8280100e+00   3.0421200e+00   5.6903100e+00   3.4012000e+00  -2.1514700e+07
   7.1381900e+00  -5.2377100e+00   6.8279100e+00   3.0421200e+00   5.6902700e+00   3.4012000e+00  -2.1514700e+07
   7.1381700e+00  -5.2375900e+00   6.8279200e+00   3.0420800e+00   5.6902800e+00   3.4012000e+00  -2.1514700e+07
   7.1381100e+00  -5.2375500e+00   6.8278800e+00   3.0421000e+00   5.6903200e+00   3.4012000e+00  -2.1514700e+07
   7.1378800e+00  -5.2373200e+00   6.8278200e+00   3.0421100e+00   5.6903200e+00   3.4012000e+00  -2.1514700e+07
   7.1379900e+00  -5.2373500e+00   6.8279200e+00   3.0421000e+00   5.6903300e+00   3.4012000e+00  -2.1514700e+07
   7.1380800e+00  -5.2373000e+00   6.8280300e+00   3.0420700e+00   5.6903000e+00   3.4012000e+00  -2.1514700e+07
   7.1380600e+00  -5.2374700e+00   6.8279900e+00   3.0420900e+00   5.6903100e+00   3.4012000e+00  -2.1514700e+07
   7.1383600e+00  -5.2378000e+00   6.8279800e+00   3.0421200e+00   5.6903100e+00   3.4012000e+00  -2.1514700e+07
   7.1380400e+00  -5.2374200e+00   6.8279000e+00   3.0421400e+00   5.6902900e+00   3.4012000e+00  -2.1514700e+07
   7.1381300e+00  -5.2374400e+00   6.8279700e+00   3.0421300e+00   5.6903200e+00   3.4012000e+00  -2.1514700e+07
   7.1380500e+00  -5.2374500e+00   6.8277200e+00   3.0421100e+00   5.6902500e+00   3.4012000e+00  -2.1514700e+07
   7.1378600e+00  -5.2370500e+00   6.8279800e+00   3.0420900e+00   5.6902300e+00   3.4012000e+00  -2.1514700e+07
   7.1375900e+00  -5.2368400e+00   6.8279500e+00   3.0420700e+00   5.6903600e+00   3.4012000e+00  -2.1514700e+07
   7.1376000e+00  -5.2367800e+00   6.8279200e+00   3.0420500e+00   5.6903100e+00   3.4012000e+00  -2.1514700e+07
   7.1373800e+00  -5.2366100e+00   6.8278800e+00   3.0420800e+00   5.6902800e+00   3.4012000e+00  -2.1514700e+07
   7.1373100e+00  -5.2364400e+00   6.8279600e+00   3.0421300e+00   5.6902500e+00   3.4012000e+00  -2.1514700e+07
   7.1372000e+00  -5.2363600e+00   6.8279200e+00   3.0421200e+00   5.6903900e+00   3.4012000e+00  -2.1514700e+07
   7.1373500e+00  -5.2364200e+00   6.8279700e+00   3.0421000e+00   5.6903600e+00   3.4012000e+00  -2.1514700e+07
   7.1373300e+00  -5.2366400e+00   6.8279300e+00   3.0421200e+00   5.6903300e+00   3.4012000e+00  -2.1514700e+07
   7.1375100e+00  -5.2368900e+00   6.8279200e+00   3.0421100e+00   5.6903400e+00   3.4012000e+00  -2.1514700e+07
   7.1375400e+00  -5.2368700e+00   6.8278300e+00   3.0421100e+00   5.6902100e+00   3.4012000e+00  -2.1514700e+07
   7.1373700e+00  -5.2366300e+00   6.8278200e+00   3.0420400e+00   5.6903100e+00   3.4012000e+00  -2.1514700e+07
   7.1373000e+00  -5.2367000e+00   6.8278300e+00   3.0420700e+00   5.6903300e+00   3.4012000e+00  -2.1514700e+07
   7.1373900e+00  -5.2367500e+00   6.8278200e+00   3.0420800e+00   5.6902000e+00   3.4012000e+00  -2.1514700e+07
   7.1375400e+00  -5.2368300e+00   6.8278600e+00   3.0420700e+00   5.6902900e+00   3.4012000e+00  -2.1514700e+07
   7.1377500e+00  -5.2370300e+00   6.8279000e+00   3.0420500e+00   5.6903300e+00   3.4012000e+00  -2.1514700e+07
   7.1377300e+00  -5.2370800e+00   6.8280100e+00   3.0420700e+00   5.6903200e+00   3.4012000e+00  -2.1514700e+07
   7.1380200e+00  -5.2372500e+00   6.8278800e+00   3.0420400e+00   5.6902200e+00   3.4011900e+00  -2.1514700e+07
   7.1378100e+00  -5.2372600e+00   6.8279900e+00   3.0420500e+00   5.6904100e+00   3.4012000e+00  -2.1514700e+07
   7.1378100e+00  -5.2371400e+00   6.8278200e+00   3.0420100e+00   5.6903100e+00   3.4012000e+00  -2.1514700e+07
   7.1375100e+00  -5.2369500e+00   6.8278600e+00   3.0420400e+00   5.6903200e+00   3.4012000e+00  -2.1514700e+07
   7.1377000e+00  -5.2370100e+00   6.8278600e+00   3.0420600e+00   5.6902700e+00   3.4012000e+00  -2.1514700e+07
   7.1378400e+00  -5.2371200e+00   6.8279400e+00   3.0420800e+00   5.6902900e+00   3.4012000e+00  -2.1514700e+07
   7.1376700e+00  -5.2369900e+00   6.8279000e+00   3.0420600e+00   5.6902600e+00   3.4012000e+00  -2.1514700e+07
   7.1375400e+00  -5.2369400e+00   6.8279000e+00   3.0420500e+00   5.6903500e+00   3.4012000e+00  -2.1514700e+07
   7.1373900e+00  -5.2368600e+00   6.8276900e+00   3.0420300e+00   5.6902400e+00   3.4012000e+00  -2.1514700e+07
   7.1370400e+00  -5.2365600e+00   6.8277600e+00   3.0420300e+00   5.6903100e+00   3.4012000e+00  -2.1514700e+07
   7.1378300e+00  -5.2370200e+00   6.8280300e+00   3.0420200e+00   5.6903800e+00   3.4012000e+00  -2.1514700e+07
   7.1376900e+00  -5.2369300e+00   6.8278600e+00   3.0420000e+00   5.6903100e+00   3.4012000e+00  -2.1514700e+07
   7.1376500e+00  -5.2370000e+00   6.8278800e+00   3.0420300e+00   5.6903700e+00   3.4012000e+00  -2.1514700e+07
   7.1376800e+00  -5.2370500e+00   6.8278900e+00   3.0420100e+00   5.6902900e+00   3.4012000e+00  -2.1514700e+07
   7.1380500e+00  -5.2372300e+00   6.8279100e+00   3.0420500e+00   5.6902900e+00   3.4012000e+00  -2.1514700e+07
   7.1376200e+00  -5.2369600e+00   6.8279300e+00   3.0420600e+00   5.6903100e+00   3.4012000e+00  -2.1514700e+07
   7.1373800e+00  -5.2366700e+00   6.8278700e+00   3.0420600e+00   5.6902300e+00   3.4012000e+00  -2.1514700e+07
   7.1377800e+00  -5.2368300e+00   6.8280600e+00   3.0420800e+00   5.6902800e+00   3.4012000e+00  -2.1514700e+07
   7.1378400e+00  -5.2369900e+00   6.8279600e+00   3.0420800e+00   5.6902700e+00   3.4012000e+00  -2.1514700e+07
   7.1379400e+00  -5.2371200e+00   6.8279800e+00   3.0420800e+00   5.6902600e+00   3.4012000e+00  -2.1514700e+07
   7.1377600e+00  -5.2372200e+00   6.8278300e+00   3.0420600e+00   5.6903200e+00   3.4012000e+00  -2.1514700e+07
   7.1377500e+00  -5.2370100e+00   6.8280100e+00   3.0420600e+00   5.6903000e+00   3.4012000e+00  -2.1514700e+07
   7.1379800e+00  -5.2372400e+00   6.8280600e+00   3.0420800e+00   5.6903200e+00   3.4012000e+00  -2.1514700e+07
   7.1377700e+00  -5.2372800e+00   6.8278900e+00   3.0420700e+00   5.6903800e+00   3.4012000e+00  -2.1514700e+07
   7.1380400e+00  -5.2375100e+00   6.8279300e+00   3.0420500e+00   5.6903100e+00   3.4012000e+00  -2.1514700e+07
   7.1381200e+00  -5.2376100e+00   6.8278900e+00   3.0420100e+00   5.6902700e+00   3.4012000e+00  -2.1514700e+07
   7.1381000e+00  -5.2373500e+00   6.8279400e+00   3.0420000e+00   5.6902700e+00   3.4012000e+00  -2.1514700e+07
   7.1380800e+00  -5.2375300e+00   6.8278400e+00   3.0420100e+00   5.6903000e+00   3.4012000e+00  -2.1514700e+07
   7.1378400e+00  -5.2375600e+00   6.8277900e+00   3.0419900e+00   5.6902700e+00   3.4012000e+00  -2.1514700e+07
   7.1380100e+00  -5.2374400e+00   6.8279500e+00   3.0419500e+00   5.6902700e+00   3.4012000e+00  -2.1514700e+07
   7.1381600e+00  -5.2374300e+00   6.8280100e+00   3.0419600e+00   5.6903600e+00   3.4012000e+00  -2.1514700e+07
   7.1378700e+00  -5.2373100e+00   6.8279100e+00   3.0419800e+00   5.6903100e+00   3.4011900e+00  -2.1514700e+07
   7.1380200e+00  -5.2373600e+00   6.8279800e+00   3.0419800e+00   5.6903100e+00   3.4012000e+00  -2.1514700e+07
   7.1377500e+00  -5.2372100e+00   6.8278800e+00   3.0419900e+00   5.6903200e+00   3.4012000e+00  -2.1514700e+07
   7.1379800e+00  -5.2373000e+00   6.8279500e+00   3.0420000e+00   5.6903100e+00   3.4012000e+00  -2.1514700e+07
   7.1379100e+00  -5.2370900e+00   6.8280500e+00   3.0420200e+00   5.6903100e+00   3.4012000e+00  -2.1514700e+07
   7.1379000e+00  -5.2373600e+00   6.8280300e+00   3.0420000e+00   5.6903700e+00   3.4011900e+00  -2.1514700e+07
   7.1380000e+00  -5.2375100e+00   6.8279100e+00   3.0420200e+00   5.6902700e+00   3.4012000e+00  -2.1514700e+07
   7.1383200e+00  -5.2378000e+00   6.8279100e+00   3.0420000e+00   5.6902500e+00   3.4012000e+00  -2.1514700e+07
   7.1383500e+00  -5.2376300e+00   6.8280600e+00   3.0419600e+00   5.6902500e+00   3.4012000e+00  -2.1514700e+07
   7.1381400e+00  -5.2375000e+00   6.8279400e+00   3.0419600e+00   5.6903100e+00   3.4011900e+00  -2.1514700e+07
   7.1382500e+00  -5.2376500e+00   6.8280300e+00   3.0419400e+00   5.6903700e+00   3.4012000e+00  -2.1514700e+07
   7.1380700e+00  -5.2376700e+00   6.8278400e+00   3.0419600e+00   5.6902700e+00   3.4012000e+00  -2.1514700e+07
   7.1380500e+00  -5.2376000e+00   6.8277400e+00   3.0419700e+00   5.6903000e+00   3.4012000e+00  -2.1514700e+07
   7.1380800e+00  -5.2375300e+00   6.8278400e+00   3.0419500e+00   5.6902500e+00   3.4012000e+00  -2.1514700e+07
   7.1378700e+00  -5.2374300e+00   6.8278400e+00   3.0419400e+00   5.6902700e+00   3.4012000e+00  -2.1514700e+07
   7.1380400e+00  -5.2372700e+00   6.8279800e+00   3.0419300e+00   5.6902700e+00   3.4012000e+00  -2.1514700e+07
   7.1380400e+00  -5.2374800e+00   6.8280500e+00   3.0419400e+00   5.6902700e+00   3.4012000e+00  -2.1514700e+07
   7.1381300e+00  -5.2373600e+00   6.8280200e+00   3.0419400e+00   5.6902700e+00   3.4011900e+00  -2.1514700e+07
   7.1379700e+00  -5.2374500e+00   6.8277700e+00   3.0419500e+00   5.6903600e+00   3.4012000e+00  -2.1514700e+07
   7.1382800e+00  -5.2375000e+00   6.8280600e+00   3.0419400e+00   5.6902600e+00   3.4012000e+00  -2.1514700e+07
   7.1380500e+00  -5.2373100e+00   6.8279700e+00   3.0419200e+00   5.6902700e+00   3.4012000e+00  -2.1514700e+07
   7.1380200e+00  -5.2374700e+00   6.8278900e+00   3.0419200e+00   5.6902700e+00   3.4011900e+00  -2.1514700e+07
   7.1380200e+00  -5.2377100e+00   6.8279500e+00   3.0419400e+00   5.6903500e+00   3.4012000e+00  -2.1514700e+07
   7.1380200e+00  -5.2374900e+00   6.8279200e+00   3.0419900e+00   5.6903400e+00   3.4012000e+00  -2.1514700e+07
   7.1380300e+00  -5.2375800e+00   6.8278200e+00   3.0419700e+00   5.6902800e+00   3.4012000e+00  -2.1514700e+07
   7.1379400e+00  -5.2374200e+00   6.8278500e+00   3.0419600e+00   5.6902800e+00   3.4012000e+00  -2.1514700e+07
   7.1381100e+00  -5.2374800e+00   6.8279700e+00   3.0419800e+00   5.6902900e+00   3.4012000e+00  -2.1514700e+07
   7.1383100e+00  -5.2374300e+00   6.8280100e+00   3.0419600e+00   5.6902100e+00   3.4012000e+00  -2.1514700e+07
   7.1383900e+00  -5.2378400e+00   6.8278900e+00   3.0419600e+00   5.6902400e+00   3.4012000e+00  -2.1514700e+07
   7.1383200e+00  -5.2378700e+00   6.8279400e+00   3.0419200e+00   5.6903800e+00   3.4012000e+00  -2.1514700e+07
   7.1380700e+00  -5.2374900e+00   6.8279700e+00   3.0419000e+00   5.6903500e+00   3.4012000e+00  -2.1514700e+07
   7.1381800e+00  -5.2376100e+00   6.8278800e+00   3.0418900e+00   5.6903000e+00   3.4012000e+00  -2.1514700e+07
   7.1383500e+00  -5.2377200e+00   6.8279300e+00   3.0418600e+00   5.6903100e+00   3.4012000e+00  -2.1514700e+07
   7.1382500e+00  -5.2376900e+00   6.8280000e+00   3.0418700e+00   5.6903700e+00   3.4012000e+00  -2.1514700e+07
   7.1382100e+00  -5.2378400e+00   6.8279700e+00   3.0418700e+00   5.6903000e+00   3.4012000e+00  -2.1514700e+07
   7.1381800e+00  -5.2374500e+00   6.8279600e+00   3.0418700e+00   5.6902700e+00   3.4012000e+00  -2.1514700e+07
   7.1379600e+00  -5.2374400e+00   6.8279200e+00   3.0418200e+00   5.6903700e+00   3.4012000e+00  -2.1514700e+07
   7.1379000e+00  -5.2374000e+00   6.8278800e+00   3.0418200e+00   5.6903400e+00   3.4012000e+00  -2.1514700e+07
   7.1379600e+00  -5.2372900e+00   6.8279700e+00   3.0419100e+00   5.6903100e+00   3.4012000e+00  -2.1514700e+07
   7.1379800e+00  -5.2373600e+00   6.8279900e+00   3.0419200e+00   5.6903400e+00   3.4011900e+00  -2.1514700e+07
   7.1378800e+00  -5.2373000e+00   6.8279800e+00   3.0419100e+00   5.6903400e+00   3.4012000e+00  -2.1514700e+07
   7.1381100e+00  -5.2375300e+00   6.8280100e+00   3.0419300e+00   5.6903900e+00   3.4012000e+00  -2.1514700e+07
   7.1380500e+00  -5.2373600e+00   6.8280100e+00   3.0419300e+00   5.6902700e+00   3.4012000e+00  -2.1514700e+07
   7.1382900e+00  -5.2376000e+00   6.8279600e+00   3.0419300e+00   5.6902200e+00   3.4011900e+00  -2.1514700e+07
   7.1383200e+00  -5.2376300e+00   6.8280000e+00   3.0419400e+00   5.6903200e+00   3.4012000e+00  -2.1514700e+07
   7.1382100e+00  -5.2377000e+00   6.8279700e+00   3.0420000e+00   5.6903900e+00   3.4012000e+00  -2.1514700e+07
   7.1384900e+00  -5.2378600e+00   6.8280100e+00   3.0419800e+00   5.6902900e+00   3.4012000e+00  -2.1514700e+07
   7.1385000e+00  -5.2377700e+00   6.8280300e+00   3.0419600e+00   5.6903000e+00   3.4012000e+00  -2.1514700e+07
   7.1381800e+00  -5.2374000e+00   6.8280600e+00   3.0419800e+00   5.6903300e+00   3.4012000e+00  -2.1514700e+07
   7.1377400e+00  -5.2371300e+00   6.8278800e+00   3.0419800e+00   5.6903000e+00   3.4012000e+00  -2.1514700e+07
   7.1378100e+00  -5.2371300e+00   6.8279000e+00   3.0419100e+00   5.6903300e+00   3.4012000e+00  -2.1514700e+07
   7.1378500e+00  -5.2371100e+00   6.8279900e+00   3.0419300e+00   5.6903200e+00   3.4012000e+00  -2.1514700e+07
   7.1379900e+00  -5.2372700e+00   6.8279500e+00   3.0419300e+00   5.6902800e+00   3.4012000e+00  -2.1514700e+07
