   7.4804200e+00  -5.6190200e+00   6.8499400e+00   3.4012000e+00   5.6881600e+00   3.4012000e+00  -1.8417600e+07
   7.4806500e+00  -5.6191400e+00   6.8499600e+00   3.4011900e+00   5.6881300e+00   3.4012000e+00  -1.8417600e+07
   7.4808700e+00  -5.6193700e+00   6.8500400e+00   3.4012000e+00   5.6881500e+00   3.4012000e+00  -1.8417600e+07
   7.4807900e+00  -5.6195900e+00   6.8499600e+00   3.4011900e+00   5.6881400e+00   3.4011900e+00  -1.8417600e+07
   7.4809800e+00  -5.6195400e+00   6.8500900e+00   3.4011700e+00   5.6881500e+00   3.4012000e+00  -1.8417600e+07
   7.4809400e+00  -5.6195700e+00   6.8500600e+00   3.4012000e+00   5.6881600e+00   3.4012000e+00  -1.8417600e+07
   7.4810400e+00  -5.6198400e+00   6.8499500e+00   3.4011900e+00   5.6882300e+00   3.4012000e+00  -1.8417600e+07
   7.4812000e+00  -5.6196800e+00   6.8501100e+00   3.4012000e+00   5.6881500e+00   3.4012000e+00  -1.8417600e+07
   7.4811200e+00  -5.6196200e+00   6.8501600e+00   3.4012000e+00   5.6881900e+00   3.4012000e+00  -1.8417600e+07
   7.4808000e+00  -5.6193800e+00   6.8500800e+00   3.4011900e+00   5.6881600e+00   3.4012000e+00  -1.8417600e+07
   7.4806100e+00  -5.6193300e+00   6.8500000e+00   3.4012000e+00   5.6882100e+00   3.4012000e+00  -1.8417600e+07
   7.4805600e+00  -5.6191600e+00   6.8500500e+00   3.4011900e+00   5.6882600e+00   3.4012000e+00  -1.8417600e+07
   7.4806300e+00  -5.6191400e+00   6.8500700e+00   3.4012000e+00   5.6882200e+00   3.4012000e+00  -1.8417600e+07
   7.4803300e+00  -5.6190500e+00   6.8499100e+00   3.4012000e+00   5.6882400e+00   3.4012000e+00  -1.8417600e+07
   7.4804500e+00  -5.6191300e+00   6.8499300e+00   3.4011900e+00   5.6881700e+00   3.4012000e+00  -1.8417600e+07
   7.4803500e+00  -5.6188700e+00   6.8500900e+00   3.4011900e+00   5.6881800e+00   3.4012000e+00  -1.8417600e+07
   7.4803700e+00  -5.6189100e+00   6.8500500e+00   3.4011900e+00   5.6882000e+00   3.4012000e+00  -1.8417600e+07
   7.4800900e+00  -5.6184900e+00   6.8500300e+00   3.4011900e+00   5.6882000e+00   3.4012000e+00  -1.8417600e+07
   7.4803400e+00  -5.6188100e+00   6.8500400e+00   3.4011900e+00   5.6882200e+00   3.4012000e+00  -1.8417600e+07
   7.4801700e+00  -5.6188200e+00   6.8500600e+00   3.4011900e+00   5.6882100e+00   3.4012000e+00  -1.8417600e+07
   7.4801500e+00  -5.6187000e+00   6.8500400e+00   3.4012000e+00   5.6883000e+00   3.4012000e+00  -1.8417600e+07
   7.4800100e+00  -5.6185100e+00   6.8500500e+00   3.4011900e+00   5.6881800e+00   3.4012000e+00  -1.8417600e+07
   7.4800100e+00  -5.6184100e+00   6.8500800e+00   3.4011900e+00   5.6882900e+00   3.4012000e+00  -1.8417600e+07
   7.4796300e+00  -5.6181300e+00   6.8499800e+00   3.4012000e+00   5.6881800e+00   3.4012000e+00  -1.8417600e+07
   7.4798800e+00  -5.6183200e+00   6.8499800e+00   3.4012000e+00   5.6881400e+00   3.4012000e+00  -1.8417600e+07
   7.4800700e+00  -5.6183700e+00   6.8500600e+00   3.4011900e+00   5.6881400e+00   3.4012000e+00  -1.8417600e+07
   7.4796700e+00  -5.6182500e+00   6.8500000e+00   3.4011900e+00   5.6881700e+00   3.4012000e+00  -1.8417600e+07
   7.4798700e+00  -5.6184000e+00   6.8499900e+00   3.4011700e+00   5.6881700e+00   3.4011900e+00  -1.8417600e+07
   7.4798000e+00  -5.6182500e+00   6.8500700e+00   3.4012000e+00   5.6881700e+00   3.4012000e+00  -1.8417600e+07
   7.4799600e+00  -5.6182900e+00   6.8500600e+00   3.4011900e+00   5.6881000e+00   3.4012000e+00  -1.8417600e+07
   7.4793600e+00  -5.6179200e+00   6.8499100e+00   3.4011900e+00   5.6881500e+00   3.4012000e+00  -1.8417600e+07
   7.4796300e+00  -5.6180600e+00   6.8500300e+00   3.4011900e+00   5.6883000e+00   3.4012000e+00  -1.8417600e+07
   7.4799500e+00  -5.6183500e+00   6.8500000e+00   3.4011900e+00   5.6882000e+00   3.4012000e+00  -1.8417600e+07
   7.4795100e+00  -5.6180100e+00   6.8500200e+00   3.4012000e+00   5.6881700e+00   3.4012000e+00  -1.8417600e+07
   7.4796600e+00  -5.6180000e+00   6.8500200e+00   3.4011900e+00   5.6881900e+00   3.4012000e+00  -1.8417600e+07
   7.4794000e+00  -5.6177700e+00   6.8500500e+00   3.4011700e+00   5.6882300e+00   3.4012000e+00  -1.8417600e+07
   7.4794600e+00  -5.6177600e+00   6.8500900e+00   3.4012000e+00   5.6881600e+00   3.4012000e+00  -1.8417600e+07
   7.4798000e+00  -5.6182400e+00   6.8500300e+00   3.4011900e+00   5.6882600e+00   3.4012000e+00  -1.8417600e+07
   7.4797000e+00  -5.6182700e+00   6.8500300e+00   3.4011900e+00   5.6881400e+00   3.4012000e+00  -1.8417600e+07
   7.4800300e+00  -5.6184800e+00   6.8500500e+00   3.4012000e+00   5.6881800e+00   3.4012000e+00  -1.8417600e+07
   7.4802000e+00  -5.6185400e+00   6.8500100e+00   3.4011900e+00   5.6881500e+00   3.4012000e+00  -1.8417600e+07
   7.4804200e+00  -5.6187400e+00   6.8500000e+00   3.4011900e+00   5.6881900e+00   3.4012000e+00  -1.8417600e+07
   7.4805000e+00  -5.6191100e+00   6.8499800e+00   3.4011900e+00   5.6882200e+00   3.4012000e+00  -1.8417600e+07
   7.4806600e+00  -5.6190500e+00   6.8499900e+00   3.4012000e+00   5.6880100e+00   3.4012000e+00  -1.8417600e+07
   7.4804200e+00  -5.6189600e+00   6.8500400e+00   3.4011800e+00   5.6881000e+00   3.4012000e+00  -1.8417600e+07
   7.4803700e+00  -5.6188800e+00   6.8501300e+00   3.4012000e+00   5.6881700e+00   3.4012000e+00  -1.8417600e+07
   7.4802400e+00  -5.6188100e+00   6.8500600e+00   3.4011900e+00   5.6881600e+00   3.4012000e+00  -1.8417600e+07
   7.4800600e+00  -5.6186700e+00   6.8501200e+00   3.4011900e+00   5.6881700e+00   3.4012000e+00  -1.8417600e+07
   7.4803700e+00  -5.6188200e+00   6.8499800e+00   3.4011900e+00   5.6881600e+00   3.4012000e+00  -1.8417600e+07
   7.4800200e+00  -5.6183400e+00   6.8501700e+00   3.4011900e+00   5.6881600e+00   3.4012000e+00  -1.8417600e+07
   7.4800600e+00  -5.6183600e+00   6.8500400e+00   3.4011700e+00   5.6881700e+00   3.4011900e+00  -1.8417600e+07
   7.4802200e+00  -5.6187700e+00   6.8499700e+00   3.4011900e+00   5.6882300e+00   3.4012000e+00  -1.8417600e+07
   7.4800700e+00  -5.6186100e+00   6.8500500e+00   3.4011900e+00   5.6882100e+00   3.4012000e+00  -1.8417600e+07
   7.4802700e+00  -5.6187300e+00   6.8500600e+00   3.4011900e+00   5.6881400e+00   3.4012000e+00  -1.8417600e+07
   7.4801900e+00  -5.6186500e+00   6.8501100e+00   3.4011800e+00   5.6882400e+00   3.4012000e+00  -1.8417600e+07
   7.4799800e+00  -5.6183900e+00   6.8498800e+00   3.4012000e+00   5.6881500e+00   3.4012000e+00  -1.8417600e+07
   7.4799400e+00  -5.6185100e+00   6.8500600e+00   3.4012000e+00   5.6881400e+00   3.4012000e+00  -1.8417600e+07
   7.4799900e+00  -5.6185100e+00   6.8499300e+00   3.4011900e+00   5.6881700e+00   3.4012000e+00  -1.8417600e+07
   7.4804900e+00  -5.6189200e+00   6.8500500e+00   3.4011800e+00   5.6880900e+00   3.4012000e+00  -1.8417600e+07
   7.4803100e+00  -5.6189100e+00   6.8499900e+00   3.4011900e+00   5.6881200e+00   3.4012000e+00  -1.8417600e+07
   7.4805400e+00  -5.6188900e+00   6.8501000e+00   3.4011900e+00   5.6882000e+00   3.4012000e+00  -1.8417600e+07
   7.4804400e+00  -5.6189000e+00   6.8499300e+00   3.4011900e+00   5.6881900e+00   3.4012000e+00  -1.8417600e+07
   7.4804000e+00  -5.6188900e+00   6.8499200e+00   3.4011900e+00   5.6881200e+00   3.4012000e+00  -1.8417600e+07
   7.4806500e+00  -5.6191300e+00   6.8500200e+00   3.4012000e+00   5.6881400e+00   3.4012000e+00  -1.8417600e+07
   7.4806100e+00  -5.6191900e+00   6.8499500e+00   3.4011900e+00   5.6882100e+00   3.4012000e+00  -1.8417600e+07
   7.4806800e+00  -5.6193700e+00   6.8500200e+00   3.4011900e+00   5.6881600e+00   3.4012000e+00  -1.8417600e+07
   7.4810900e+00  -5.6197500e+00   6.8499900e+00   3.4011900e+00   5.6881600e+00   3.4012000e+00  -1.8417600e+07
   7.4807300e+00  -5.6194500e+00   6.8500300e+00   3.4011800e+00   5.6882000e+00   3.4012000e+00  -1.8417600e+07
   7.4810500e+00  -5.6195500e+00   6.8500300e+00   3.4011900e+00   5.6880700e+00   3.4012000e+00  -1.8417600e+07
   7.4807000e+00  -5.6194000e+00   6.8500200e+00   3.4011800e+00   5.6881400e+00   3.4012000e+00  -1.8417600e+07
   7.4809000e+00  -5.6193200e+00   6.8500000e+00   3.4011800e+00   5.6881600e+00   3.4012000e+00  -1.8417600e+07
   7.4806400e+00  -5.6193900e+00   6.8500100e+00   3.4011900e+00   5.6882300e+00   3.4012000e+00  -1.8417600e+07
   7.4809600e+00  -5.6195900e+00   6.8499700e+00   3.4011900e+00   5.6881800e+00   3.4012000e+00  -1.8417600e+07
   7.4812200e+00  -5.6197200e+00   6.8501000e+00   3.4011900e+00   5.6881400e+00   3.4012000e+00  -1.8417600e+07
   7.4811600e+00  -5.6197400e+00   6.8500600e+00   3.4012000e+00   5.6881500e+00   3.4012000e+00  -1.8417600e+07
   7.4809500e+00  -5.6195700e+00   6.8500600e+00   3.4011900e+00   5.6882200e+00   3.4012000e+00  -1.8417600e+07
   7.4809200e+00  -5.6196600e+00   6.8500900e+00   3.4012000e+00   5.6882200e+00   3.4012000e+00  -1.8417600e+07
   7.4813500e+00  -5.6198000e+00   6.8500600e+00   3.4011800e+00   5.6880700e+00   3.4012000e+00  -1.8417600e+07
   7.4810500e+00  -5.6197900e+00   6.8499900e+00   3.4011900e+00   5.6881900e+00   3.4012000e+00  -1.8417600e+07
   7.4811500e+00  -5.6199700e+00   6.8499500e+00   3.4011800e+00   5.6881400e+00   3.4012000e+00  -1.8417600e+07
   7.4813700e+00  -5.6201500e+00   6.8501200e+00   3.4012000e+00   5.6881300e+00   3.4012000e+00  -1.8417600e+07
   7.4819500e+00  -5.6205300e+00   6.8500500e+00   3.4012000e+00   5.6880700e+00   3.4012000e+00  -1.8417600e+07
   7.4818700e+00  -5.6205400e+00   6.8500900e+00   3.4011900e+00   5.6881700e+00   3.4012000e+00  -1.8417600e+07
   7.4820300e+00  -5.6205900e+00   6.8500900e+00   3.4011900e+00   5.6881200e+00   3.4012000e+00  -1.8417600e+07
   7.4820000e+00  -5.6205200e+00   6.8500900e+00   3.4011900e+00   5.6880800e+00   3.4012000e+00  -1.8417600e+07
   7.4814100e+00  -5.6201700e+00   6.8500900e+00   3.4011900e+00   5.6882400e+00   3.4012000e+00  -1.8417600e+07
   7.4812600e+00  -5.6198700e+00   6.8500000e+00   3.4011900e+00   5.6881300e+00   3.4012000e+00  -1.8417600e+07
   7.4810600e+00  -5.6196800e+00   6.8500500e+00   3.4011800e+00   5.6882000e+00   3.4012000e+00  -1.8417600e+07
   7.4810400e+00  -5.6197500e+00   6.8500000e+00   3.4012000e+00   5.6881200e+00   3.4012000e+00  -1.8417600e+07
   7.4809900e+00  -5.6199100e+00   6.8499700e+00   3.4011800e+00   5.6882100e+00   3.4012000e+00  -1.8417600e+07
   7.4815300e+00  -5.6202400e+00   6.8500700e+00   3.4011900e+00   5.6881500e+00   3.4012000e+00  -1.8417600e+07
   7.4815200e+00  -5.6200400e+00   6.8500900e+00   3.4011900e+00   5.6881500e+00   3.4012000e+00  -1.8417600e+07
   7.4812600e+00  -5.6198300e+00   6.8501000e+00   3.4011900e+00   5.6881600e+00   3.4012000e+00  -1.8417600e+07
   7.4813000e+00  -5.6198800e+00   6.8500900e+00   3.4011800e+00   5.6880900e+00   3.4012000e+00  -1.8417600e+07
   7.4813500e+00  -5.6200300e+00   6.8500600e+00   3.4012000e+00   5.6881300e+00   3.4012000e+00  -1.8417600e+07
   7.4814300e+00  -5.6199100e+00   6.8500900e+00   3.4011900e+00   5.6882100e+00   3.4012000e+00  -1.8417600e+07
   7.4810800e+00  -5.6194800e+00   6.8501000e+00   3.4011800e+00   5.6881500e+00   3.4012000e+00  -1.8417600e+07
   7.4808800e+00  -5.6195400e+00   6.8499300e+00   3.4011800e+00   5.6881900e+00   3.4012000e+00  -1.8417600e+07
   7.4809000e+00  -5.6192500e+00   6.8501200e+00   3.4011900e+00   5.6881600e+00   3.4012000e+00  -1.8417600e+07
   7.4803900e+00  -5.6190100e+00   6.8500000e+00   3.4011700e+00   5.6881700e+00   3.4012000e+00  -1.8417600e+07
   7.4806600e+00  -5.6192000e+00   6.8500500e+00   3.4011800e+00   5.6881300e+00   3.4012000e+00  -1.8417600e+07
   7.4811500e+00  -5.6197000e+00   6.8500300e+00   3.4011900e+00   5.6880900e+00   3.4012000e+00  -1.8417600e+07
   7.4812600e+00  -5.6199500e+00   6.8500600e+00   3.4011900e+00   5.6881700e+00   3.4012000e+00  -1.8417600e+07
   7.4813000e+00  -5.6199100e+00   6.8500300e+00   3.4011900e+00   5.6881400e+00   3.4012000e+00  -1.8417600e+07
   7.4812600e+00  -5.6198000e+00   6.8500400e+00   3.4012000e+00   5.6880400e+00   3.4012000e+00  -1.8417600e+07
   7.4814500e+00  -5.6202100e+00   6.8501300e+00   3.4011900e+00   5.6881900e+00   3.4012000e+00  -1.8417600e+07
   7.4821200e+00  -5.6208100e+00   6.8501500e+00   3.4011900e+00   5.6882500e+00   3.4012000e+00  -1.8417600e+07
   7.4819400e+00  -5.6207100e+00   6.8500800e+00   3.4011900e+00   5.6882300e+00   3.4012000e+00  -1.8417600e+07
   7.4818700e+00  -5.6207600e+00   6.8500500e+00   3.4011900e+00   5.6881200e+00   3.4012000e+00  -1.8417600e+07
   7.4820500e+00  -5.6208000e+00   6.8500100e+00   3.4011800e+00   5.6881600e+00   3.4012000e+00  -1.8417600e+07
   7.4820900e+00  -5.6209200e+00   6.8500800e+00   3.4011900e+00   5.6881500e+00   3.4012000e+00  -1.8417600e+07
   7.4824200e+00  -5.6210900e+00   6.8501400e+00   3.4012000e+00   5.6880900e+00   3.4012000e+00  -1.8417600e+07
   7.4821200e+00  -5.6209300e+00   6.8500800e+00   3.4011900e+00   5.6881100e+00   3.4012000e+00  -1.8417600e+07
   7.4821700e+00  -5.6211600e+00   6.8499900e+00   3.4011900e+00   5.6881700e+00   3.4012000e+00  -1.8417600e+07
   7.4827400e+00  -5.6214000e+00   6.8500600e+00   3.4011900e+00   5.6881900e+00   3.4012000e+00  -1.8417600e+07
   7.4825700e+00  -5.6213500e+00   6.8501200e+00   3.4011900e+00   5.6882100e+00   3.4012000e+00  -1.8417600e+07
   7.4825300e+00  -5.6213400e+00   6.8501400e+00   3.4011800e+00   5.6881600e+00   3.4012000e+00  -1.8417600e+07
   7.4823700e+00  -5.6209700e+00   6.8500500e+00   3.4011900e+00   5.6880500e+00   3.4012000e+00  -1.8417600e+07
   7.4822200e+00  -5.6212300e+00   6.8500800e+00   3.4011800e+00   5.6881900e+00   3.4012000e+00  -1.8417600e+07
   7.4826200e+00  -5.6212800e+00   6.8500900e+00   3.4012000e+00   5.6881600e+00   3.4012000e+00  -1.8417600e+07
   7.4827200e+00  -5.6213700e+00   6.8501600e+00   3.4011900e+00   5.6880700e+00   3.4012000e+00  -1.8417600e+07
   7.4826400e+00  -5.6214500e+00   6.8500900e+00   3.4011800e+00   5.6882000e+00   3.4012000e+00  -1.8417600e+07
   7.4824000e+00  -5.6212200e+00   6.8500300e+00   3.4012000e+00   5.6881700e+00   3.4012000e+00  -1.8417600e+07
   7.4826200e+00  -5.6213100e+00   6.8502100e+00   3.4012000e+00   5.6881400e+00   3.4012000e+00  -1.8417600e+07
   7.4824400e+00  -5.6212400e+00   6.8501100e+00   3.4012000e+00   5.6882500e+00   3.4012000e+00  -1.8417600e+07
   7.4829400e+00  -5.6217100e+00   6.8501400e+00   3.4011900e+00   5.6882200e+00   3.4012000e+00  -1.8417600e+07
   7.4824400e+00  -5.6212700e+00   6.8500400e+00   3.4011900e+00   5.6881700e+00   3.4012000e+00  -1.8417600e+07
   7.4823000e+00  -5.6212900e+00   6.8500500e+00   3.4011900e+00   5.6882200e+00   3.4012000e+00  -1.8417600e+07
   7.4827300e+00  -5.6215200e+00   6.8501300e+00   3.4012000e+00   5.6881800e+00   3.4012000e+00  -1.8417600e+07
   7.4824800e+00  -5.6214600e+00   6.8500100e+00   3.4011800e+00   5.6882500e+00   3.4011900e+00  -1.8417600e+07
   7.4827500e+00  -5.6216200e+00   6.8500700e+00   3.4011900e+00   5.6881500e+00   3.4012000e+00  -1.8417600e+07
   7.4825700e+00  -5.6215700e+00   6.8500700e+00   3.4011900e+00   5.6881700e+00   3.4012000e+00  -1.8417600e+07
   7.4827700e+00  -5.6216400e+00   6.8501000e+00   3.4012000e+00   5.6881900e+00   3.4012000e+00  -1.8417600e+07
   7.4828400e+00  -5.6217900e+00   6.8501100e+00   3.4011900e+00   5.6882400e+00   3.4012000e+00  -1.8417600e+07
   7.4829500e+00  -5.6218900e+00   6.8500800e+00   3.4011900e+00   5.6881000e+00   3.4012000e+00  -1.8417600e+07
   7.4829900e+00  -5.6217900e+00   6.8502000e+00   3.4011900e+00   5.6881500e+00   3.4012000e+00  -1.8417600e+07
   7.4827500e+00  -5.6216500e+00   6.8500800e+00   3.4011900e+00   5.6881400e+00   3.4012000e+00  -1.8417600e+07
   7.4828500e+00  -5.6215500e+00   6.8500700e+00   3.4011500e+00   5.6881000e+00   3.4012000e+00  -1.8417600e+07
   7.4823200e+00  -5.6212600e+00   6.8500300e+00   3.4011900e+00   5.6882300e+00   3.4012000e+00  -1.8417600e+07
   7.4826400e+00  -5.6214700e+00   6.8499500e+00   3.4011900e+00   5.6881200e+00   3.4012000e+00  -1.8417600e+07
   7.4826100e+00  -5.6214500e+00   6.8499800e+00   3.4011800e+00   5.6881100e+00   3.4012000e+00  -1.8417600e+07
   7.4826600e+00  -5.6213500e+00   6.8501400e+00   3.4011900e+00   5.6880800e+00   3.4012000e+00  -1.8417600e+07
   7.4823900e+00  -5.6212000e+00   6.8500600e+00   3.4012000e+00   5.6881100e+00   3.4012000e+00  -1.8417600e+07
   7.4827700e+00  -5.6216400e+00   6.8500600e+00   3.4011900e+00   5.6881500e+00   3.4012000e+00  -1.8417600e+07
   7.4830900e+00  -5.6218200e+00   6.8501100e+00   3.4012000e+00   5.6881300e+00   3.4012000e+00  -1.8417600e+07
   7.4831600e+00  -5.6218900e+00   6.8500700e+00   3.4011900e+00   5.6880600e+00   3.4012000e+00  -1.8417600e+07
   7.4832100e+00  -5.6220900e+00   6.8500100e+00   3.4012000e+00   5.6880800e+00   3.4012000e+00  -1.8417600e+07
   7.4833100e+00  -5.6222500e+00   6.8501000e+00   3.4011900e+00   5.6881900e+00   3.4012000e+00  -1.8417600e+07
   7.4830300e+00  -5.6219500e+00   6.8502000e+00   3.4012000e+00   5.6881900e+00   3.4012000e+00  -1.8417600e+07
   7.4826800e+00  -5.6217400e+00   6.8500100e+00   3.4011900e+00   5.6881700e+00   3.4012000e+00  -1.8417600e+07
   7.4833000e+00  -5.6219900e+00   6.8501200e+00   3.4011800e+00   5.6881100e+00   3.4011900e+00  -1.8417600e+07
   7.4831500e+00  -5.6218000e+00   6.8501300e+00   3.4011900e+00   5.6881300e+00   3.4012000e+00  -1.8417600e+07
   7.4831700e+00  -5.6220100e+00   6.8501200e+00   3.4011900e+00   5.6881100e+00   3.4012000e+00  -1.8417600e+07
   7.4830300e+00  -5.6218900e+00   6.8500600e+00   3.4011900e+00   5.6881800e+00   3.4012000e+00  -1.8417600e+07
   7.4825700e+00  -5.6216000e+00   6.8499200e+00   3.4012000e+00   5.6881100e+00   3.4012000e+00  -1.8417600e+07
   7.4824000e+00  -5.6213400e+00   6.8499900e+00   3.4012000e+00   5.6881000e+00   3.4012000e+00  -1.8417600e+07
   7.4825500e+00  -5.6212700e+00   6.8501500e+00   3.4011900e+00   5.6881500e+00   3.4012000e+00  -1.8417600e+07
   7.4823600e+00  -5.6212700e+00   6.8500200e+00   3.4011900e+00   5.6881400e+00   3.4012000e+00  -1.8417600e+07
   7.4827300e+00  -5.6215500e+00   6.8500700e+00   3.4011800e+00   5.6880900e+00   3.4012000e+00  -1.8417600e+07
   7.4829600e+00  -5.6219400e+00   6.8500900e+00   3.4012000e+00   5.6881500e+00   3.4012000e+00  -1.8417600e+07
   7.4830400e+00  -5.6218300e+00   6.8501700e+00   3.4012000e+00   5.6881300e+00   3.4012000e+00  -1.8417600e+07
   7.4832200e+00  -5.6219900e+00   6.8501500e+00   3.4011900e+00   5.6880700e+00   3.4012000e+00  -1.8417600e+07
   7.4831900e+00  -5.6221200e+00   6.8500700e+00   3.4012000e+00   5.6881000e+00   3.4012000e+00  -1.8417600e+07
   7.4835400e+00  -5.6225200e+00   6.8500800e+00   3.4011900e+00   5.6880800e+00   3.4012000e+00  -1.8417600e+07
   7.4835300e+00  -5.6223400e+00   6.8501100e+00   3.4012000e+00   5.6880600e+00   3.4012000e+00  -1.8417600e+07
   7.4831600e+00  -5.6222100e+00   6.8500600e+00   3.4012000e+00   5.6882000e+00   3.4012000e+00  -1.8417600e+07
   7.4833500e+00  -5.6223800e+00   6.8500600e+00   3.4011900e+00   5.6881800e+00   3.4012000e+00  -1.8417600e+07
   7.4834900e+00  -5.6223600e+00   6.8500700e+00   3.4011800e+00   5.6881600e+00   3.4012000e+00  -1.8417600e+07
   7.4831900e+00  -5.6222500e+00   6.8499800e+00   3.4011900e+00   5.6880900e+00   3.4012000e+00  -1.8417600e+07
   7.4835600e+00  -5.6225500e+00   6.8501300e+00   3.4011900e+00   5.6881900e+00   3.4012000e+00  -1.8417600e+07
   7.4836800e+00  -5.6224300e+00   6.8502100e+00   3.4012000e+00   5.6881700e+00   3.4012000e+00  -1.8417600e+07
   7.4833400e+00  -5.6224500e+00   6.8500100e+00   3.4011900e+00   5.6881900e+00   3.4012000e+00  -1.8417600e+07
   7.4834200e+00  -5.6222800e+00   6.8501000e+00   3.4012000e+00   5.6881400e+00   3.4012000e+00  -1.8417600e+07
   7.4837200e+00  -5.6227200e+00   6.8500800e+00   3.4012000e+00   5.6881700e+00   3.4012000e+00  -1.8417600e+07
   7.4835600e+00  -5.6227400e+00   6.8500900e+00   3.4012000e+00   5.6882000e+00   3.4011900e+00  -1.8417600e+07
   7.4840400e+00  -5.6229000e+00   6.8501700e+00   3.4011900e+00   5.6880900e+00   3.4012000e+00  -1.8417600e+07
   7.4837600e+00  -5.6228900e+00   6.8501100e+00   3.4011900e+00   5.6881600e+00   3.4011900e+00  -1.8417600e+07
   7.4840100e+00  -5.6229000e+00   6.8502100e+00   3.4011900e+00   5.6882100e+00   3.4012000e+00  -1.8417600e+07
   7.4836400e+00  -5.6229600e+00   6.8500200e+00   3.4012000e+00   5.6881300e+00   3.4012000e+00  -1.8417600e+07
   7.4841600e+00  -5.6232700e+00   6.8501000e+00   3.4011900e+00   5.6882200e+00   3.4012000e+00  -1.8417600e+07
   7.4842800e+00  -5.6232700e+00   6.8501000e+00   3.4011900e+00   5.6881300e+00   3.4011900e+00  -1.8417600e+07
   7.4843900e+00  -5.6233900e+00   6.8501400e+00   3.4011800e+00   5.6880900e+00   3.4011900e+00  -1.8417600e+07
   7.4843400e+00  -5.6236000e+00   6.8501700e+00   3.4012000e+00   5.6882600e+00   3.4012000e+00  -1.8417600e+07
   7.4846900e+00  -5.6238000e+00   6.8502100e+00   3.4011900e+00   5.6881600e+00   3.4012000e+00  -1.8417600e+07
   7.4843200e+00  -5.6235600e+00   6.8500500e+00   3.4011900e+00   5.6881300e+00   3.4012000e+00  -1.8417600e+07
   7.4846300e+00  -5.6238100e+00   6.8501600e+00   3.4011800e+00   5.6881400e+00   3.4012000e+00  -1.8417600e+07
   7.4846900e+00  -5.6239200e+00   6.8501600e+00   3.4012000e+00   5.6881700e+00   3.4012000e+00  -1.8417600e+07
   7.4846000e+00  -5.6236900e+00   6.8500800e+00   3.4012000e+00   5.6881500e+00   3.4012000e+00  -1.8417600e+07
   7.4850200e+00  -5.6239500e+00   6.8501800e+00   3.4011900e+00   5.6880600e+00   3.4012000e+00  -1.8417600e+07
   7.4846200e+00  -5.6237800e+00   6.8502200e+00   3.4011900e+00   5.6881900e+00   3.4012000e+00  -1.8417600e+07
   7.4846400e+00  -5.6237700e+00   6.8501900e+00   3.4011900e+00   5.6881200e+00   3.4012000e+00  -1.8417600e+07
   7.4846400e+00  -5.6238700e+00   6.8501800e+00   3.4011800e+00   5.6881200e+00   3.4012000e+00  -1.8417600e+07
   7.4848600e+00  -5.6238800e+00   6.8501600e+00   3.4011900e+00   5.6881100e+00   3.4012000e+00  -1.8417600e+07
   7.4846600e+00  -5.6239000e+00   6.8501200e+00   3.4011900e+00   5.6881800e+00   3.4012000e+00  -1.8417600e+07
   7.4847200e+00  -5.6238600e+00   6.8501000e+00   3.4011900e+00   5.6881700e+00   3.4012000e+00  -1.8417600e+07
   7.4848200e+00  -5.6238700e+00   6.8501800e+00   3.4011900e+00   5.6881100e+00   3.4012000e+00  -1.8417600e+07
   7.4845000e+00  -5.6234500e+00   6.8501300e+00   3.4011900e+00   5.6880800e+00   3.4012000e+00  -1.8417600e+07
   7.4840700e+00  -5.6232400e+00   6.8500500e+00   3.4012000e+00   5.6882100e+00   3.4012000e+00  -1.8417600e+07
   7.4838500e+00  -5.6230000e+00   6.8500500e+00   3.4011900e+00   5.6881000e+00   3.4012000e+00  -1.8417600e+07
   7.4839300e+00  -5.6231200e+00   6.8500600e+00   3.4011800e+00   5.6881000e+00   3.4012000e+00  -1.8417600e+07
   7.4841000e+00  -5.6231400e+00   6.8500800e+00   3.4011900e+00   5.6881500e+00   3.4012000e+00  -1.8417600e+07
   7.4842100e+00  -5.6230800e+00   6.8502200e+00   3.4012000e+00   5.6881400e+00   3.4012000e+00  -1.8417600e+07
   7.4837200e+00  -5.6228200e+00   6.8500300e+00   3.4012000e+00   5.6881300e+00   3.4012000e+00  -1.8417600e+07
   7.4841000e+00  -5.6228600e+00   6.8501700e+00   3.4011900e+00   5.6880100e+00   3.4012000e+00  -1.8417600e+07
   7.4840800e+00  -5.6229200e+00   6.8501500e+00   3.4012000e+00   5.6881200e+00   3.4012000e+00  -1.8417600e+07
   7.4838400e+00  -5.6229300e+00   6.8500400e+00   3.4011900e+00   5.6881200e+00   3.4012000e+00  -1.8417600e+07
   7.4839600e+00  -5.6229800e+00   6.8501100e+00   3.4011900e+00   5.6881500e+00   3.4012000e+00  -1.8417600e+07
   7.4838600e+00  -5.6228300e+00   6.8501400e+00   3.4011900e+00   5.6881400e+00   3.4012000e+00  -1.8417600e+07
   7.4838600e+00  -5.6229000e+00   6.8501200e+00   3.4012000e+00   5.6881500e+00   3.4012000e+00  -1.8417600e+07
   7.4838400e+00  -5.6227900e+00   6.8502000e+00   3.4011900e+00   5.6881600e+00   3.4012000e+00  -1.8417600e+07
   7.4837700e+00  -5.6228300e+00   6.8500800e+00   3.4011800e+00   5.6881500e+00   3.4012000e+00  -1.8417600e+07
   7.4833000e+00  -5.6224900e+00   6.8500800e+00   3.4011900e+00   5.6881800e+00   3.4012000e+00  -1.8417600e+07
   7.4830900e+00  -5.6221100e+00   6.8499900e+00   3.4012000e+00   5.6881600e+00   3.4012000e+00  -1.8417600e+07
   7.4830500e+00  -5.6219900e+00   6.8501700e+00   3.4011900e+00   5.6882200e+00   3.4012000e+00  -1.8417600e+07
   7.4828200e+00  -5.6218400e+00   6.8501400e+00   3.4011800e+00   5.6882400e+00   3.4012000e+00  -1.8417600e+07
   7.4826900e+00  -5.6216100e+00   6.8500000e+00   3.4011900e+00   5.6881000e+00   3.4012000e+00  -1.8417600e+07
   7.4827200e+00  -5.6216100e+00   6.8501000e+00   3.4011900e+00   5.6881100e+00   3.4012000e+00  -1.8417600e+07
   7.4826200e+00  -5.6212400e+00   6.8501500e+00   3.4011900e+00   5.6880900e+00   3.4012000e+00  -1.8417600e+07
   7.4822600e+00  -5.6212500e+00   6.8500500e+00   3.4011900e+00   5.6881100e+00   3.4012000e+00  -1.8417600e+07
   7.4825100e+00  -5.6212200e+00   6.8501500e+00   3.4011900e+00   5.6881300e+00   3.4012000e+00  -1.8417600e+07
   7.4826800e+00  -5.6215600e+00   6.8500900e+00   3.4011900e+00   5.6881200e+00   3.4012000e+00  -1.8417600e+07
   7.4826100e+00  -5.6213100e+00   6.8501200e+00   3.4012000e+00   5.6880600e+00   3.4012000e+00  -1.8417600e+07
   7.4824300e+00  -5.6212500e+00   6.8500800e+00   3.4011900e+00   5.6881600e+00   3.4011900e+00  -1.8417600e+07
   7.4823100e+00  -5.6211200e+00   6.8501200e+00   3.4011800e+00   5.6882300e+00   3.4012000e+00  -1.8417600e+07
   7.4822600e+00  -5.6211500e+00   6.8500600e+00   3.4011800e+00   5.6881700e+00   3.4012000e+00  -1.8417600e+07
   7.4823500e+00  -5.6212000e+00   6.8500500e+00   3.4012000e+00   5.6881800e+00   3.4012000e+00  -1.8417600e+07
   7.4825000e+00  -5.6211700e+00   6.8501300e+00   3.4011900e+00   5.6881700e+00   3.4012000e+00  -1.8417600e+07
   7.4822200e+00  -5.6211300e+00   6.8500000e+00   3.4011900e+00   5.6880800e+00   3.4012000e+00  -1.8417600e+07
   7.4825600e+00  -5.6214500e+00   6.8500900e+00   3.4012000e+00   5.6881100e+00   3.4012000e+00  -1.8417600e+07
   7.4830100e+00  -5.6217700e+00   6.8500900e+00   3.4011900e+00   5.6881200e+00   3.4012000e+00  -1.8417600e+07
   7.4825200e+00  -5.6216900e+00   6.8500400e+00   3.4011900e+00   5.6882300e+00   3.4012000e+00  -1.8417600e+07
   7.4826800e+00  -5.6217300e+00   6.8500200e+00   3.4011900e+00   5.6881800e+00   3.4012000e+00  -1.8417600e+07
   7.4827500e+00  -5.6217900e+00   6.8501200e+00   3.4011900e+00   5.6882000e+00   3.4012000e+00  -1.8417600e+07
   7.4828700e+00  -5.6217400e+00   6.8501600e+00   3.4011900e+00   5.6881200e+00   3.4012000e+00  -1.8417600e+07
   7.4827000e+00  -5.6214600e+00   6.8501400e+00   3.4012000e+00   5.6881900e+00   3.4012000e+00  -1.8417600e+07
   7.4825400e+00  -5.6214300e+00   6.8500200e+00   3.4012000e+00   5.6881700e+00   3.4012000e+00  -1.8417600e+07
   7.4823400e+00  -5.6212800e+00   6.8499500e+00   3.4011900e+00   5.6881700e+00   3.4012000e+00  -1.8417600e+07
   7.4824300e+00  -5.6212400e+00   6.8501100e+00   3.4012000e+00   5.6881500e+00   3.4012000e+00  -1.8417600e+07
   7.4822000e+00  -5.6213800e+00   6.8500000e+00   3.4011900e+00   5.6882500e+00   3.4012000e+00  -1.8417600e+07
   7.4819700e+00  -5.6208800e+00   6.8500400e+00   3.4012000e+00   5.6882700e+00   3.4012000e+00  -1.8417600e+07
   7.4824200e+00  -5.6214200e+00   6.8499800e+00   3.4011900e+00   5.6882300e+00   3.4012000e+00  -1.8417600e+07
   7.4826800e+00  -5.6214800e+00   6.8501600e+00   3.4011900e+00   5.6881500e+00   3.4012000e+00  -1.8417600e+07
   7.4826300e+00  -5.6214500e+00   6.8500200e+00   3.4012000e+00   5.6881800e+00   3.4012000e+00  -1.8417600e+07
   7.4823600e+00  -5.6212200e+00   6.8500700e+00   3.4012000e+00   5.6882400e+00   3.4012000e+00  -1.8417600e+07
   7.4822600e+00  -5.6211000e+00   6.8501600e+00   3.4011900e+00   5.6881900e+00   3.4012000e+00  -1.8417600e+07
   7.4824800e+00  -5.6212700e+00   6.8501700e+00   3.4011900e+00   5.6881600e+00   3.4012000e+00  -1.8417600e+07
   7.4825300e+00  -5.6213900e+00   6.8500900e+00   3.4012000e+00   5.6881800e+00   3.4012000e+00  -1.8417600e+07
   7.4823500e+00  -5.6212600e+00   6.8501300e+00   3.4011900e+00   5.6881700e+00   3.4012000e+00  -1.8417600e+07
   7.4828200e+00  -5.6215500e+00   6.8501200e+00   3.4011900e+00   5.6881500e+00   3.4012000e+00  -1.8417600e+07
   7.4828600e+00  -5.6216200e+00   6.8500500e+00   3.4011900e+00   5.6881400e+00   3.4011900e+00  -1.8417600e+07
   7.4827000e+00  -5.6216400e+00   6.8500300e+00   3.4012000e+00   5.6882300e+00   3.4012000e+00  -1.8417600e+07
   7.4826700e+00  -5.6216300e+00   6.8499900e+00   3.4011900e+00   5.6880400e+00   3.4012000e+00  -1.8417600e+07
   7.4825700e+00  -5.6216200e+00   6.8500100e+00   3.4012000e+00   5.6881500e+00   3.4012000e+00  -1.8417600e+07
   7.4830900e+00  -5.6217600e+00   6.8501200e+00   3.4011900e+00   5.6880900e+00   3.4012000e+00  -1.8417600e+07
   7.4825300e+00  -5.6213500e+00   6.8500800e+00   3.4012000e+00   5.6881600e+00   3.4012000e+00  -1.8417600e+07
   7.4825800e+00  -5.6213600e+00   6.8500800e+00   3.4011900e+00   5.6880800e+00   3.4012000e+00  -1.8417600e+07
   7.4823100e+00  -5.6212600e+00   6.8500200e+00   3.4011900e+00   5.6881400e+00   3.4011900e+00  -1.8417600e+07
   7.4822500e+00  -5.6210200e+00   6.8500800e+00   3.4011900e+00   5.6882200e+00   3.4012000e+00  -1.8417600e+07
   7.4822700e+00  -5.6212000e+00   6.8499800e+00   3.4012000e+00   5.6882000e+00   3.4012000e+00  -1.8417600e+07
   7.4826700e+00  -5.6214800e+00   6.8501400e+00   3.4011900e+00   5.6881400e+00   3.4012000e+00  -1.8417600e+07
   7.4827900e+00  -5.6215800e+00   6.8500800e+00   3.4011900e+00   5.6880800e+00   3.4012000e+00  -1.8417600e+07
   7.4827800e+00  -5.6216700e+00   6.8501900e+00   3.4012000e+00   5.6881700e+00   3.4012000e+00  -1.8417600e+07
   7.4827400e+00  -5.6216900e+00   6.8500700e+00   3.4012000e+00   5.6881300e+00   3.4012000e+00  -1.8417600e+07
   7.4831700e+00  -5.6220700e+00   6.8501400e+00   3.4011900e+00   5.6881600e+00   3.4012000e+00  -1.8417600e+07
   7.4830500e+00  -5.6219600e+00   6.8501500e+00   3.4011900e+00   5.6881600e+00   3.4012000e+00  -1.8417600e+07
   7.4828700e+00  -5.6216700e+00   6.8500200e+00   3.4012000e+00   5.6880800e+00   3.4012000e+00  -1.8417600e+07
   7.4828500e+00  -5.6215200e+00   6.8501200e+00   3.4012000e+00   5.6881700e+00   3.4012000e+00  -1.8417600e+07
   7.4825300e+00  -5.6214600e+00   6.8499600e+00   3.4011900e+00   5.6881000e+00   3.4012000e+00  -1.8417600e+07
   7.4827900e+00  -5.6215800e+00   6.8500000e+00   3.4011900e+00   5.6881200e+00   3.4012000e+00  -1.8417600e+07
   7.4827700e+00  -5.6216300e+00   6.8501400e+00   3.4012000e+00   5.6881800e+00   3.4012000e+00  -1.8417600e+07
   7.4824200e+00  -5.6213600e+00   6.8500200e+00   3.4011900e+00   5.6881600e+00   3.4012000e+00  -1.8417600e+07
   7.4822700e+00  -5.6211300e+00   6.8501500e+00   3.4011900e+00   5.6881900e+00   3.4012000e+00  -1.8417600e+07
   7.4822900e+00  -5.6211500e+00   6.8500100e+00   3.4011900e+00   5.6881600e+00   3.4012000e+00  -1.8417600e+07
   7.4825500e+00  -5.6211500e+00   6.8501400e+00   3.4011900e+00   5.6881000e+00   3.4012000e+00  -1.8417600e+07
   7.4821100e+00  -5.6208800e+00   6.8500600e+00   3.4011800e+00   5.6881300e+00   3.4012000e+00  -1.8417600e+07
   7.4821700e+00  -5.6210200e+00   6.8500300e+00   3.4012000e+00   5.6881900e+00   3.4012000e+00  -1.8417600e+07
   7.4824600e+00  -5.6211400e+00   6.8500700e+00   3.4012000e+00   5.6880400e+00   3.4011900e+00  -1.8417600e+07
   7.4822600e+00  -5.6211100e+00   6.8501000e+00   3.4012000e+00   5.6881600e+00   3.4012000e+00  -1.8417600e+07
   7.4824800e+00  -5.6210500e+00   6.8500600e+00   3.4011800e+00   5.6881600e+00   3.4012000e+00  -1.8417600e+07
   7.4822900e+00  -5.6210000e+00   6.8499700e+00   3.4011900e+00   5.6880700e+00   3.4012000e+00  -1.8417600e+07
   7.4821500e+00  -5.6208400e+00   6.8500900e+00   3.4012000e+00   5.6881400e+00   3.4012000e+00  -1.8417600e+07
   7.4821600e+00  -5.6210400e+00   6.8499300e+00   3.4011900e+00   5.6882000e+00   3.4012000e+00  -1.8417600e+07
   7.4819900e+00  -5.6207900e+00   6.8500700e+00   3.4011900e+00   5.6881900e+00   3.4012000e+00  -1.8417600e+07
   7.4823000e+00  -5.6210400e+00   6.8500500e+00   3.4012000e+00   5.6880900e+00   3.4012000e+00  -1.8417600e+07
   7.4823200e+00  -5.6211200e+00   6.8500600e+00   3.4012000e+00   5.6881900e+00   3.4012000e+00  -1.8417600e+07
   7.4824100e+00  -5.6212700e+00   6.8500800e+00   3.4011900e+00   5.6881400e+00   3.4012000e+00  -1.8417600e+07
   7.4824100e+00  -5.6211300e+00   6.8501000e+00   3.4011900e+00   5.6881300e+00   3.4012000e+00  -1.8417600e+07
   7.4820700e+00  -5.6208200e+00   6.8500100e+00   3.4011900e+00   5.6881800e+00   3.4012000e+00  -1.8417600e+07
   7.4820900e+00  -5.6209200e+00   6.8500500e+00   3.4011900e+00   5.6882000e+00   3.4012000e+00  -1.8417600e+07
   7.4822100e+00  -5.6209700e+00   6.8499700e+00   3.4011900e+00   5.6881600e+00   3.4012000e+00  -1.8417600e+07
   7.4821100e+00  -5.6205500e+00   6.8501600e+00   3.4012000e+00   5.6881100e+00   3.4012000e+00  -1.8417600e+07
   7.4816700e+00  -5.6206300e+00   6.8500600e+00   3.4011900e+00   5.6882500e+00   3.4012000e+00  -1.8417600e+07
   7.4818500e+00  -5.6207600e+00   6.8500100e+00   3.4011900e+00   5.6882100e+00   3.4012000e+00  -1.8417600e+07
   7.4820300e+00  -5.6207000e+00   6.8500200e+00   3.4011900e+00   5.6881600e+00   3.4012000e+00  -1.8417600e+07
   7.4818300e+00  -5.6205800e+00   6.8501100e+00   3.4011900e+00   5.6881700e+00   3.4012000e+00  -1.8417600e+07
   7.4817200e+00  -5.6204400e+00   6.8500800e+00   3.4011800e+00   5.6882300e+00   3.4012000e+00  -1.8417600e+07
   7.4817500e+00  -5.6204600e+00   6.8500200e+00   3.4011900e+00   5.6881600e+00   3.4012000e+00  -1.8417600e+07
   7.4818100e+00  -5.6205200e+00   6.8500500e+00   3.4011800e+00   5.6882300e+00   3.4012000e+00  -1.8417600e+07
   7.4819300e+00  -5.6207500e+00   6.8500100e+00   3.4011900e+00   5.6881500e+00   3.4011900e+00  -1.8417600e+07
   7.4820700e+00  -5.6208400e+00   6.8500600e+00   3.4012000e+00   5.6882600e+00   3.4012000e+00  -1.8417600e+07
   7.4823100e+00  -5.6210800e+00   6.8501300e+00   3.4011900e+00   5.6881000e+00   3.4012000e+00  -1.8417600e+07
   7.4821000e+00  -5.6208600e+00   6.8500400e+00   3.4011600e+00   5.6882600e+00   3.4012000e+00  -1.8417600e+07
   7.4822300e+00  -5.6209600e+00   6.8500900e+00   3.4011900e+00   5.6881900e+00   3.4012000e+00  -1.8417600e+07
   7.4822700e+00  -5.6209600e+00   6.8501000e+00   3.4011900e+00   5.6882200e+00   3.4012000e+00  -1.8417600e+07
   7.4825400e+00  -5.6212900e+00   6.8500200e+00   3.4012000e+00   5.6881800e+00   3.4012000e+00  -1.8417600e+07
   7.4822100e+00  -5.6211900e+00   6.8500200e+00   3.4011900e+00   5.6882300e+00   3.4012000e+00  -1.8417600e+07
   7.4824200e+00  -5.6210100e+00   6.8502100e+00   3.4012000e+00   5.6881400e+00   3.4012000e+00  -1.8417600e+07
   7.4823600e+00  -5.6211000e+00   6.8501800e+00   3.4011900e+00   5.6881700e+00   3.4012000e+00  -1.8417600e+07
   7.4822900e+00  -5.6212600e+00   6.8500700e+00   3.4012000e+00   5.6881900e+00   3.4012000e+00  -1.8417600e+07
   7.4824100e+00  -5.6213700e+00   6.8500100e+00   3.4011900e+00   5.6882800e+00   3.4012000e+00  -1.8417600e+07
   7.4830200e+00  -5.6217300e+00   6.8501800e+00   3.4011900e+00   5.6881800e+00   3.4012000e+00  -1.8417600e+07
   7.4829200e+00  -5.6216500e+00   6.8500900e+00   3.4011900e+00   5.6881400e+00   3.4012000e+00  -1.8417600e+07
   7.4828000e+00  -5.6217400e+00   6.8500600e+00   3.4011900e+00   5.6881400e+00   3.4012000e+00  -1.8417600e+07
   7.4826400e+00  -5.6217200e+00   6.8500800e+00   3.4011800e+00   5.6882600e+00   3.4012000e+00  -1.8417600e+07
   7.4825300e+00  -5.6214700e+00   6.8499600e+00   3.4011900e+00   5.6881600e+00   3.4012000e+00  -1.8417600e+07
   7.4827300e+00  -5.6214800e+00   6.8500900e+00   3.4011900e+00   5.6880500e+00   3.4012000e+00  -1.8417600e+07
   7.4825100e+00  -5.6213200e+00   6.8501100e+00   3.4011900e+00   5.6881800e+00   3.4012000e+00  -1.8417600e+07
   7.4826700e+00  -5.6214300e+00   6.8500300e+00   3.4011900e+00   5.6881100e+00   3.4012000e+00  -1.8417600e+07
   7.4825300e+00  -5.6212800e+00   6.8501200e+00   3.4011900e+00   5.6880800e+00   3.4012000e+00  -1.8417600e+07
   7.4825900e+00  -5.6213900e+00   6.8501000e+00   3.4011600e+00   5.6881300e+00   3.4012000e+00  -1.8417600e+07
   7.4826600e+00  -5.6213000e+00   6.8501300e+00   3.4012000e+00   5.6881900e+00   3.4012000e+00  -1.8417600e+07
   7.4825300e+00  -5.6212200e+00   6.8501800e+00   3.4012000e+00   5.6882100e+00   3.4012000e+00  -1.8417600e+07
   7.4821400e+00  -5.6210300e+00   6.8500800e+00   3.4012000e+00   5.6881400e+00   3.4012000e+00  -1.8417600e+07
   7.4821500e+00  -5.6209300e+00   6.8501000e+00   3.4011900e+00   5.6881500e+00   3.4012000e+00  -1.8417600e+07
   7.4824500e+00  -5.6211900e+00   6.8501700e+00   3.4012000e+00   5.6881600e+00   3.4012000e+00  -1.8417600e+07
   7.4823700e+00  -5.6212300e+00   6.8500800e+00   3.4012000e+00   5.6882300e+00   3.4012000e+00  -1.8417600e+07
   7.4819800e+00  -5.6210300e+00   6.8499200e+00   3.4011900e+00   5.6882100e+00   3.4012000e+00  -1.8417600e+07
   7.4825100e+00  -5.6211400e+00   6.8501700e+00   3.4012000e+00   5.6880800e+00   3.4012000e+00  -1.8417600e+07
   7.4825800e+00  -5.6215000e+00   6.8500500e+00   3.4011900e+00   5.6881500e+00   3.4012000e+00  -1.8417600e+07
   7.4828200e+00  -5.6213900e+00   6.8501200e+00   3.4011900e+00   5.6880600e+00   3.4012000e+00  -1.8417600e+07
   7.4824300e+00  -5.6212800e+00   6.8500100e+00   3.4012000e+00   5.6880900e+00   3.4012000e+00  -1.8417600e+07
   7.4822400e+00  -5.6210600e+00   6.8499900e+00   3.4011800e+00   5.6881400e+00   3.4012000e+00  -1.8417600e+07
   7.4823700e+00  -5.6210000e+00   6.8501900e+00   3.4012000e+00   5.6882300e+00   3.4012000e+00  -1.8417600e+07
   7.4821300e+00  -5.6211700e+00   6.8500700e+00   3.4012000e+00   5.6881500e+00   3.4012000e+00  -1.8417600e+07
   7.4825700e+00  -5.6212700e+00   6.8500500e+00   3.4011900e+00   5.6881400e+00   3.4011900e+00  -1.8417600e+07
   7.4825500e+00  -5.6211800e+00   6.8500900e+00   3.4011900e+00   5.6881000e+00   3.4012000e+00  -1.8417600e+07
   7.4823200e+00  -5.6210800e+00   6.8500900e+00   3.4011800e+00   5.6881700e+00   3.4012000e+00  -1.8417600e+07
   7.4824000e+00  -5.6210200e+00   6.8500600e+00   3.4012000e+00   5.6881100e+00   3.4012000e+00  -1.8417600e+07
   7.4820100e+00  -5.6209600e+00   6.8499300e+00   3.4011900e+00   5.6881500e+00   3.4012000e+00  -1.8417600e+07
   7.4817700e+00  -5.6206500e+00   6.8500000e+00   3.4011900e+00   5.6880900e+00   3.4012000e+00  -1.8417600e+07
   7.4820000e+00  -5.6205200e+00   6.8501400e+00   3.4012000e+00   5.6881100e+00   3.4012000e+00  -1.8417600e+07
   7.4817000e+00  -5.6203300e+00   6.8500900e+00   3.4012000e+00   5.6882000e+00   3.4012000e+00  -1.8417600e+07
   7.4814600e+00  -5.6201900e+00   6.8500200e+00   3.4011900e+00   5.6882100e+00   3.4012000e+00  -1.8417600e+07
   7.4814800e+00  -5.6204100e+00   6.8500300e+00   3.4011900e+00   5.6882200e+00   3.4012000e+00  -1.8417600e+07
   7.4814800e+00  -5.6201200e+00   6.8501100e+00   3.4011900e+00   5.6881600e+00   3.4012000e+00  -1.8417600e+07
   7.4811500e+00  -5.6200400e+00   6.8499600e+00   3.4011900e+00   5.6882200e+00   3.4012000e+00  -1.8417600e+07
   7.4810800e+00  -5.6199000e+00   6.8499700e+00   3.4012000e+00   5.6882200e+00   3.4012000e+00  -1.8417600e+07
   7.4812700e+00  -5.6198800e+00   6.8500500e+00   3.4011800e+00   5.6881700e+00   3.4012000e+00  -1.8417600e+07
   7.4813800e+00  -5.6199500e+00   6.8501100e+00   3.4011900e+00   5.6881000e+00   3.4012000e+00  -1.8417600e+07
   7.4807300e+00  -5.6193900e+00   6.8500800e+00   3.4011800e+00   5.6881000e+00   3.4012000e+00  -1.8417600e+07
   7.4806300e+00  -5.6191800e+00   6.8500800e+00   3.4011900e+00   5.6881800e+00   3.4012000e+00  -1.8417600e+07
   7.4808700e+00  -5.6197000e+00   6.8500500e+00   3.4011900e+00   5.6882300e+00   3.4012000e+00  -1.8417600e+07
   7.4811800e+00  -5.6198100e+00   6.8501000e+00   3.4012000e+00   5.6881500e+00   3.4012000e+00  -1.8417600e+07
   7.4813200e+00  -5.6198700e+00   6.8500700e+00   3.4011900e+00   5.6881500e+00   3.4012000e+00  -1.8417600e+07
   7.4812400e+00  -5.6202500e+00   6.8500100e+00   3.4011800e+00   5.6882100e+00   3.4012000e+00  -1.8417600e+07
   7.4818800e+00  -5.6204600e+00   6.8501200e+00   3.4012000e+00   5.6881700e+00   3.4012000e+00  -1.8417600e+07
   7.4814200e+00  -5.6199600e+00   6.8500400e+00   3.4011900e+00   5.6881100e+00   3.4012000e+00  -1.8417600e+07
   7.4811700e+00  -5.6197100e+00   6.8500900e+00   3.4011900e+00   5.6881500e+00   3.4012000e+00  -1.8417600e+07
   7.4809500e+00  -5.6197600e+00   6.8500200e+00   3.4011900e+00   5.6881900e+00   3.4012000e+00  -1.8417600e+07
   7.4812600e+00  -5.6197500e+00   6.8501100e+00   3.4011800e+00   5.6881900e+00   3.4012000e+00  -1.8417600e+07
   7.4814400e+00  -5.6200600e+00   6.8500500e+00   3.4012000e+00   5.6882300e+00   3.4012000e+00  -1.8417600e+07
   7.4813100e+00  -5.6198500e+00   6.8500900e+00   3.4011800e+00   5.6882200e+00   3.4012000e+00  -1.8417600e+07
   7.4810900e+00  -5.6197800e+00   6.8500300e+00   3.4011900e+00   5.6882600e+00   3.4012000e+00  -1.8417600e+07
   7.4807900e+00  -5.6197300e+00   6.8499700e+00   3.4011900e+00   5.6882900e+00   3.4012000e+00  -1.8417600e+07
   7.4808400e+00  -5.6194900e+00   6.8501300e+00   3.4011900e+00   5.6882000e+00   3.4012000e+00  -1.8417600e+07
   7.4811300e+00  -5.6197000e+00   6.8500800e+00   3.4011900e+00   5.6881800e+00   3.4012000e+00  -1.8417600e+07
   7.4812700e+00  -5.6199700e+00   6.8500500e+00   3.4011800e+00   5.6881800e+00   3.4012000e+00  -1.8417600e+07
   7.4814700e+00  -5.6201900e+00   6.8499700e+00   3.4012000e+00   5.6881300e+00   3.4012000e+00  -1.8417600e+07
   7.4817800e+00  -5.6203000e+00   6.8500800e+00   3.4011800e+00   5.6881100e+00   3.4012000e+00  -1.8417600e+07
   7.4815900e+00  -5.6203300e+00   6.8501200e+00   3.4011900e+00   5.6881900e+00   3.4012000e+00  -1.8417600e+07
   7.4815800e+00  -5.6202000e+00   6.8500500e+00   3.4011900e+00   5.6881300e+00   3.4012000e+00  -1.8417600e+07
   7.4815000e+00  -5.6200500e+00   6.8501900e+00   3.4012000e+00   5.6882000e+00   3.4012000e+00  -1.8417600e+07
   7.4808200e+00  -5.6195500e+00   6.8500100e+00   3.4011900e+00   5.6881300e+00   3.4012000e+00  -1.8417600e+07
   7.4804200e+00  -5.6192000e+00   6.8500400e+00   3.4011900e+00   5.6881700e+00   3.4012000e+00  -1.8417600e+07
   7.4805100e+00  -5.6190400e+00   6.8500300e+00   3.4011800e+00   5.6881400e+00   3.4012000e+00  -1.8417600e+07
   7.4805500e+00  -5.6189700e+00   6.8501200e+00   3.4011900e+00   5.6881500e+00   3.4012000e+00  -1.8417600e+07
   7.4807000e+00  -5.6191100e+00   6.8500200e+00   3.4011800e+00   5.6880900e+00   3.4012000e+00  -1.8417600e+07
   7.4806600e+00  -5.6190400e+00   6.8500400e+00   3.4011900e+00   5.6882200e+00   3.4012000e+00  -1.8417600e+07
   7.4802800e+00  -5.6188400e+00   6.8499700e+00   3.4011900e+00   5.6881600e+00   3.4012000e+00  -1.8417600e+07
   7.4804400e+00  -5.6188000e+00   6.8500300e+00   3.4011800e+00   5.6880900e+00   3.4012000e+00  -1.8417600e+07
   7.4801100e+00  -5.6185400e+00   6.8499800e+00   3.4011900e+00   5.6881600e+00   3.4012000e+00  -1.8417600e+07
   7.4800500e+00  -5.6185000e+00   6.8500800e+00   3.4011900e+00   5.6881600e+00   3.4012000e+00  -1.8417600e+07
   7.4803600e+00  -5.6187500e+00   6.8500300e+00   3.4011700e+00   5.6881900e+00   3.4012000e+00  -1.8417600e+07
   7.4801900e+00  -5.6186900e+00   6.8499700e+00   3.4011900e+00   5.6881600e+00   3.4012000e+00  -1.8417600e+07
   7.4805100e+00  -5.6190200e+00   6.8500600e+00   3.4012000e+00   5.6881500e+00   3.4012000e+00  -1.8417600e+07
   7.4806900e+00  -5.6192100e+00   6.8500800e+00   3.4011900e+00   5.6882100e+00   3.4012000e+00  -1.8417600e+07
   7.4801300e+00  -5.6187900e+00   6.8499200e+00   3.4011900e+00   5.6881800e+00   3.4012000e+00  -1.8417600e+07
   7.4804400e+00  -5.6187700e+00   6.8500500e+00   3.4011900e+00   5.6881900e+00   3.4012000e+00  -1.8417600e+07
   7.4804400e+00  -5.6188900e+00   6.8500700e+00   3.4012000e+00   5.6881500e+00   3.4012000e+00  -1.8417600e+07
   7.4803900e+00  -5.6188000e+00   6.8499900e+00   3.4011900e+00   5.6881500e+00   3.4012000e+00  -1.8417600e+07
   7.4803500e+00  -5.6189600e+00   6.8500600e+00   3.4011900e+00   5.6882200e+00   3.4012000e+00  -1.8417600e+07
   7.4804300e+00  -5.6190500e+00   6.8499800e+00   3.4011900e+00   5.6881200e+00   3.4012000e+00  -1.8417600e+07
   7.4804300e+00  -5.6189600e+00   6.8500900e+00   3.4011900e+00   5.6882300e+00   3.4012000e+00  -1.8417600e+07
   7.4806500e+00  -5.6192500e+00   6.8500200e+00   3.4011900e+00   5.6881400e+00   3.4012000e+00  -1.8417600e+07
   7.4805900e+00  -5.6192300e+00   6.8500900e+00   3.4011900e+00   5.6882500e+00   3.4012000e+00  -1.8417600e+07
   7.4807000e+00  -5.6191200e+00   6.8500200e+00   3.4011900e+00   5.6881900e+00   3.4012000e+00  -1.8417600e+07
   7.4806100e+00  -5.6192400e+00   6.8500200e+00   3.4011700e+00   5.6881200e+00   3.4012000e+00  -1.8417600e+07
   7.4805300e+00  -5.6190900e+00   6.8499800e+00   3.4011900e+00   5.6882300e+00   3.4012000e+00  -1.8417600e+07
   7.4808100e+00  -5.6192000e+00   6.8500600e+00   3.4012000e+00   5.6881200e+00   3.4012000e+00  -1.8417600e+07
   7.4808100e+00  -5.6191600e+00   6.8501300e+00   3.4011900e+00   5.6881700e+00   3.4012000e+00  -1.8417600e+07
   7.4809600e+00  -5.6195900e+00   6.8500200e+00   3.4011700e+00   5.6880700e+00   3.4012000e+00  -1.8417600e+07
   7.4809300e+00  -5.6195800e+00   6.8500700e+00   3.4011900e+00   5.6882600e+00   3.4012000e+00  -1.8417600e+07
   7.4808000e+00  -5.6193300e+00   6.8499800e+00   3.4011900e+00   5.6882100e+00   3.4012000e+00  -1.8417600e+07
   7.4808400e+00  -5.6194900e+00   6.8501000e+00   3.4012000e+00   5.6882000e+00   3.4012000e+00  -1.8417600e+07
   7.4809800e+00  -5.6198200e+00   6.8500300e+00   3.4011600e+00   5.6881900e+00   3.4012000e+00  -1.8417600e+07
   7.4811200e+00  -5.6197100e+00   6.8500900e+00   3.4011900e+00   5.6881200e+00   3.4012000e+00  -1.8417600e+07
   7.4811100e+00  -5.6200000e+00   6.8500300e+00   3.4012000e+00   5.6882200e+00   3.4012000e+00  -1.8417600e+07
   7.4812200e+00  -5.6199400e+00   6.8500000e+00   3.4011800e+00   5.6881500e+00   3.4012000e+00  -1.8417600e+07
   7.4811700e+00  -5.6197300e+00   6.8500700e+00   3.4012000e+00   5.6881100e+00   3.4012000e+00  -1.8417600e+07
   7.4810500e+00  -5.6196000e+00   6.8500400e+00   3.4011900e+00   5.6880900e+00   3.4012000e+00  -1.8417600e+07
   7.4809300e+00  -5.6194200e+00   6.8500200e+00   3.4011900e+00   5.6880900e+00   3.4012000e+00  -1.8417600e+07
   7.4808400e+00  -5.6194300e+00   6.8500800e+00   3.4011900e+00   5.6881600e+00   3.4012000e+00  -1.8417600e+07
   7.4805100e+00  -5.6189600e+00   6.8500900e+00   3.4011800e+00   5.6881400e+00   3.4012000e+00  -1.8417600e+07
   7.4807100e+00  -5.6191000e+00   6.8501200e+00   3.4011900e+00   5.6881900e+00   3.4012000e+00  -1.8417600e+07
   7.4805700e+00  -5.6189600e+00   6.8500400e+00   3.4012000e+00   5.6881300e+00   3.4012000e+00  -1.8417600e+07
   7.4804600e+00  -5.6188700e+00   6.8501300e+00   3.4011900e+00   5.6881900e+00   3.4012000e+00  -1.8417600e+07
   7.4807100e+00  -5.6191900e+00   6.8501100e+00   3.4011900e+00   5.6881900e+00   3.4012000e+00  -1.8417600e+07
   7.4804600e+00  -5.6191100e+00   6.8501100e+00   3.4011900e+00   5.6882900e+00   3.4012000e+00  -1.8417600e+07
   7.4805800e+00  -5.6191200e+00   6.8501400e+00   3.4011900e+00   5.6882700e+00   3.4011900e+00  -1.8417600e+07
   7.4807600e+00  -5.6192800e+00   6.8501000e+00   3.4012000e+00   5.6882000e+00   3.4012000e+00  -1.8417600e+07
   7.4808700e+00  -5.6193900e+00   6.8500500e+00   3.4011900e+00   5.6882100e+00   3.4012000e+00  -1.8417600e+07
   7.4809900e+00  -5.6194900e+00   6.8500700e+00   3.4011900e+00   5.6881900e+00   3.4012000e+00  -1.8417600e+07
   7.4806700e+00  -5.6191900e+00   6.8500500e+00   3.4011900e+00   5.6881700e+00   3.4012000e+00  -1.8417600e+07
   7.4810800e+00  -5.6196000e+00   6.8500800e+00   3.4011900e+00   5.6881400e+00   3.4012000e+00  -1.8417600e+07
   7.4808700e+00  -5.6196300e+00   6.8499800e+00   3.4012000e+00   5.6881400e+00   3.4012000e+00  -1.8417600e+07
   7.4811900e+00  -5.6197400e+00   6.8501200e+00   3.4011900e+00   5.6882100e+00   3.4012000e+00  -1.8417600e+07
   7.4809900e+00  -5.6196900e+00   6.8500500e+00   3.4011900e+00   5.6881700e+00   3.4012000e+00  -1.8417600e+07
   7.4811900e+00  -5.6197100e+00   6.8500600e+00   3.4012000e+00   5.6881300e+00   3.4012000e+00  -1.8417600e+07
   7.4805700e+00  -5.6190800e+00   6.8500300e+00   3.4011900e+00   5.6881500e+00   3.4012000e+00  -1.8417600e+07
   7.4798300e+00  -5.6182800e+00   6.8500700e+00   3.4011900e+00   5.6881700e+00   3.4012000e+00  -1.8417600e+07
   7.4799200e+00  -5.6181900e+00   6.8499500e+00   3.4011900e+00   5.6881200e+00   3.4012000e+00  -1.8417600e+07
   7.4795800e+00  -5.6181200e+00   6.8500800e+00   3.4011900e+00   5.6883300e+00   3.4011900e+00  -1.8417700e+07
   7.4793400e+00  -5.6177300e+00   6.8499600e+00   3.4011900e+00   5.6881200e+00   3.4012000e+00  -1.8417600e+07
   7.4793200e+00  -5.6175800e+00   6.8499900e+00   3.4011900e+00   5.6881500e+00   3.4012000e+00  -1.8417600e+07
   7.4797600e+00  -5.6180900e+00   6.8500300e+00   3.4011900e+00   5.6881100e+00   3.4011900e+00  -1.8417600e+07
   7.4795800e+00  -5.6181200e+00   6.8500000e+00   3.4011900e+00   5.6882200e+00   3.4012000e+00  -1.8417600e+07
   7.4798100e+00  -5.6182500e+00   6.8500300e+00   3.4011900e+00   5.6881600e+00   3.4012000e+00  -1.8417600e+07
   7.4796100e+00  -5.6179800e+00   6.8499800e+00   3.4012000e+00   5.6882000e+00   3.4012000e+00  -1.8417600e+07
   7.4798000e+00  -5.6182300e+00   6.8499800e+00   3.4011800e+00   5.6881100e+00   3.4012000e+00  -1.8417600e+07
   7.4798800e+00  -5.6182800e+00   6.8500500e+00   3.4012000e+00   5.6881600e+00   3.4012000e+00  -1.8417600e+07
   7.4798400e+00  -5.6183200e+00   6.8499600e+00   3.4012000e+00   5.6881900e+00   3.4012000e+00  -1.8417600e+07
   7.4797500e+00  -5.6184000e+00   6.8499300e+00   3.4012000e+00   5.6881800e+00   3.4012000e+00  -1.8417600e+07
   7.4798100e+00  -5.6181100e+00   6.8500300e+00   3.4011900e+00   5.6880600e+00   3.4012000e+00  -1.8417600e+07
   7.4799100e+00  -5.6182700e+00   6.8500300e+00   3.4011900e+00   5.6881000e+00   3.4012000e+00  -1.8417600e+07
   7.4795700e+00  -5.6180200e+00   6.8499600e+00   3.4012000e+00   5.6882100e+00   3.4011900e+00  -1.8417600e+07
   7.4792100e+00  -5.6176000e+00   6.8499900e+00   3.4011900e+00   5.6881600e+00   3.4012000e+00  -1.8417600e+07
   7.4791400e+00  -5.6175700e+00   6.8499300e+00   3.4011900e+00   5.6881600e+00   3.4012000e+00  -1.8417600e+07
   7.4794600e+00  -5.6177000e+00   6.8500100e+00   3.4012000e+00   5.6881100e+00   3.4012000e+00  -1.8417600e+07
   7.4794100e+00  -5.6178200e+00   6.8500600e+00   3.4012000e+00   5.6881900e+00   3.4012000e+00  -1.8417600e+07
   7.4795500e+00  -5.6179100e+00   6.8500800e+00   3.4011900e+00   5.6882300e+00   3.4012000e+00  -1.8417600e+07
   7.4793900e+00  -5.6179300e+00   6.8500000e+00   3.4011900e+00   5.6882100e+00   3.4012000e+00  -1.8417600e+07
   7.4800300e+00  -5.6183300e+00   6.8500800e+00   3.4012000e+00   5.6882100e+00   3.4012000e+00  -1.8417600e+07
   7.4801100e+00  -5.6184000e+00   6.8501300e+00   3.4012000e+00   5.6881100e+00   3.4012000e+00  -1.8417600e+07
   7.4801200e+00  -5.6186000e+00   6.8500400e+00   3.4011900e+00   5.6882400e+00   3.4012000e+00  -1.8417600e+07
   7.4799900e+00  -5.6184700e+00   6.8500700e+00   3.4011800e+00   5.6881700e+00   3.4012000e+00  -1.8417600e+07
   7.4800600e+00  -5.6186500e+00   6.8500500e+00   3.4011800e+00   5.6882200e+00   3.4012000e+00  -1.8417600e+07
   7.4802100e+00  -5.6185200e+00   6.8501000e+00   3.4011900e+00   5.6881300e+00   3.4012000e+00  -1.8417600e+07
   7.4799600e+00  -5.6186700e+00   6.8500200e+00   3.4012000e+00   5.6882400e+00   3.4012000e+00  -1.8417600e+07
   7.4805000e+00  -5.6190800e+00   6.8499900e+00   3.4011900e+00   5.6881600e+00   3.4012000e+00  -1.8417600e+07
   7.4805900e+00  -5.6191700e+00   6.8499500e+00   3.4012000e+00   5.6882400e+00   3.4011900e+00  -1.8417600e+07
   7.4806300e+00  -5.6192300e+00   6.8500200e+00   3.4012000e+00   5.6881600e+00   3.4012000e+00  -1.8417600e+07
   7.4806000e+00  -5.6189500e+00   6.8500100e+00   3.4011900e+00   5.6881200e+00   3.4012000e+00  -1.8417600e+07
   7.4803000e+00  -5.6188300e+00   6.8499700e+00   3.4012000e+00   5.6881300e+00   3.4012000e+00  -1.8417600e+07
   7.4801100e+00  -5.6188300e+00   6.8500200e+00   3.4011900e+00   5.6882000e+00   3.4012000e+00  -1.8417600e+07
   7.4804400e+00  -5.6189100e+00   6.8500200e+00   3.4011800e+00   5.6881900e+00   3.4011900e+00  -1.8417600e+07
   7.4807200e+00  -5.6191500e+00   6.8499800e+00   3.4011800e+00   5.6880600e+00   3.4012000e+00  -1.8417600e+07
   7.4805600e+00  -5.6193600e+00   6.8499900e+00   3.4011900e+00   5.6882500e+00   3.4012000e+00  -1.8417600e+07
   7.4807600e+00  -5.6193500e+00   6.8499900e+00   3.4011900e+00   5.6881600e+00   3.4012000e+00  -1.8417600e+07
   7.4807100e+00  -5.6193800e+00   6.8500400e+00   3.4011800e+00   5.6881900e+00   3.4012000e+00  -1.8417600e+07
   7.4805500e+00  -5.6192500e+00   6.8499300e+00   3.4011900e+00   5.6881100e+00   3.4012000e+00  -1.8417600e+07
   7.4806600e+00  -5.6192700e+00   6.8500600e+00   3.4011900e+00   5.6881800e+00   3.4012000e+00  -1.8417600e+07
   7.4807900e+00  -5.6195100e+00   6.8500500e+00   3.4011900e+00   5.6882100e+00   3.4012000e+00  -1.8417600e+07
   7.4809700e+00  -5.6195500e+00   6.8500400e+00   3.4011900e+00   5.6881300e+00   3.4012000e+00  -1.8417600e+07
   7.4811200e+00  -5.6196200e+00   6.8500200e+00   3.4011900e+00   5.6882100e+00   3.4012000e+00  -1.8417600e+07
   7.4809600e+00  -5.6195600e+00   6.8500200e+00   3.4011900e+00   5.6881900e+00   3.4012000e+00  -1.8417600e+07
   7.4809300e+00  -5.6195700e+00   6.8499900e+00   3.4012000e+00   5.6881400e+00   3.4012000e+00  -1.8417600e+07
   7.4810800e+00  -5.6198100e+00   6.8499700e+00   3.4011800e+00   5.6881800e+00   3.4012000e+00  -1.8417600e+07
   7.4814300e+00  -5.6200100e+00   6.8500000e+00   3.4012000e+00   5.6881300e+00   3.4012000e+00  -1.8417600e+07
   7.4814400e+00  -5.6202200e+00   6.8500700e+00   3.4011900e+00   5.6881400e+00   3.4012000e+00  -1.8417600e+07
   7.4815600e+00  -5.6203700e+00   6.8500300e+00   3.4011900e+00   5.6881600e+00   3.4012000e+00  -1.8417600e+07
   7.4813300e+00  -5.6201900e+00   6.8499100e+00   3.4011800e+00   5.6881000e+00   3.4012000e+00  -1.8417600e+07
   7.4819200e+00  -5.6205600e+00   6.8500700e+00   3.4011800e+00   5.6881800e+00   3.4012000e+00  -1.8417600e+07
   7.4819500e+00  -5.6203600e+00   6.8500200e+00   3.4012000e+00   5.6881100e+00   3.4012000e+00  -1.8417600e+07
   7.4819400e+00  -5.6205000e+00   6.8500700e+00   3.4011900e+00   5.6881100e+00   3.4012000e+00  -1.8417600e+07
   7.4815700e+00  -5.6201600e+00   6.8500700e+00   3.4011900e+00   5.6881400e+00   3.4012000e+00  -1.8417600e+07
   7.4813200e+00  -5.6200200e+00   6.8500900e+00   3.4012000e+00   5.6881400e+00   3.4012000e+00  -1.8417600e+07
   7.4810000e+00  -5.6197600e+00   6.8500500e+00   3.4011900e+00   5.6881700e+00   3.4012000e+00  -1.8417600e+07
   7.4813200e+00  -5.6200500e+00   6.8501000e+00   3.4011900e+00   5.6882000e+00   3.4012000e+00  -1.8417600e+07
   7.4812100e+00  -5.6199100e+00   6.8501100e+00   3.4012000e+00   5.6882400e+00   3.4012000e+00  -1.8417600e+07
   7.4813900e+00  -5.6200100e+00   6.8500800e+00   3.4012000e+00   5.6882100e+00   3.4012000e+00  -1.8417600e+07
   7.4815800e+00  -5.6201200e+00   6.8500300e+00   3.4011800e+00   5.6881800e+00   3.4011900e+00  -1.8417600e+07
   7.4815000e+00  -5.6203100e+00   6.8499900e+00   3.4011800e+00   5.6881500e+00   3.4012000e+00  -1.8417600e+07
   7.4818900e+00  -5.6206500e+00   6.8500000e+00   3.4011800e+00   5.6881100e+00   3.4012000e+00  -1.8417600e+07
   7.4818000e+00  -5.6203700e+00   6.8500200e+00   3.4011900e+00   5.6881600e+00   3.4012000e+00  -1.8417600e+07
   7.4816800e+00  -5.6204400e+00   6.8499100e+00   3.4012000e+00   5.6881500e+00   3.4012000e+00  -1.8417600e+07
   7.4816700e+00  -5.6205100e+00   6.8500000e+00   3.4012000e+00   5.6881700e+00   3.4012000e+00  -1.8417600e+07
   7.4815300e+00  -5.6200900e+00   6.8500000e+00   3.4011900e+00   5.6881600e+00   3.4012000e+00  -1.8417600e+07
   7.4813600e+00  -5.6200800e+00   6.8499600e+00   3.4011900e+00   5.6880800e+00   3.4012000e+00  -1.8417600e+07
   7.4814100e+00  -5.6198800e+00   6.8500600e+00   3.4011900e+00   5.6881400e+00   3.4012000e+00  -1.8417600e+07
   7.4813400e+00  -5.6199200e+00   6.8501200e+00   3.4012000e+00   5.6882300e+00   3.4012000e+00  -1.8417600e+07
   7.4811800e+00  -5.6198700e+00   6.8501000e+00   3.4011800e+00   5.6882100e+00   3.4012000e+00  -1.8417600e+07
   7.4809900e+00  -5.6197200e+00   6.8500100e+00   3.4011900e+00   5.6882000e+00   3.4012000e+00  -1.8417600e+07
   7.4810900e+00  -5.6195700e+00   6.8501800e+00   3.4011900e+00   5.6882300e+00   3.4012000e+00  -1.8417600e+07
   7.4809400e+00  -5.6194800e+00   6.8501800e+00   3.4011900e+00   5.6881900e+00   3.4012000e+00  -1.8417600e+07
   7.4805800e+00  -5.6193900e+00   6.8498400e+00   3.4011900e+00   5.6881600e+00   3.4012000e+00  -1.8417600e+07
   7.4808400e+00  -5.6195100e+00   6.8500100e+00   3.4011800e+00   5.6881600e+00   3.4011900e+00  -1.8417600e+07
   7.4809700e+00  -5.6194400e+00   6.8500300e+00   3.4012000e+00   5.6881900e+00   3.4012000e+00  -1.8417600e+07
   7.4808100e+00  -5.6193900e+00   6.8500000e+00   3.4011900e+00   5.6881000e+00   3.4012000e+00  -1.8417600e+07
   7.4808300e+00  -5.6197300e+00   6.8499900e+00   3.4011900e+00   5.6882300e+00   3.4012000e+00  -1.8417600e+07
   7.4812900e+00  -5.6199400e+00   6.8499700e+00   3.4012000e+00   5.6881400e+00   3.4012000e+00  -1.8417600e+07
   7.4813700e+00  -5.6199600e+00   6.8501300e+00   3.4011900e+00   5.6881900e+00   3.4012000e+00  -1.8417600e+07
   7.4814700e+00  -5.6200900e+00   6.8501900e+00   3.4011900e+00   5.6882200e+00   3.4012000e+00  -1.8417600e+07
   7.4809500e+00  -5.6195600e+00   6.8499800e+00   3.4011800e+00   5.6881200e+00   3.4011900e+00  -1.8417600e+07
   7.4810000e+00  -5.6195300e+00   6.8500800e+00   3.4011700e+00   5.6881600e+00   3.4012000e+00  -1.8417600e+07
   7.4807100e+00  -5.6191600e+00   6.8500100e+00   3.4011900e+00   5.6881700e+00   3.4011900e+00  -1.8417600e+07
   7.4805900e+00  -5.6190600e+00   6.8500400e+00   3.4011900e+00   5.6881500e+00   3.4012000e+00  -1.8417600e+07
   7.4805000e+00  -5.6190200e+00   6.8499300e+00   3.4012000e+00   5.6881700e+00   3.4012000e+00  -1.8417600e+07
   7.4800800e+00  -5.6186800e+00   6.8500100e+00   3.4012000e+00   5.6881900e+00   3.4012000e+00  -1.8417600e+07
   7.4803700e+00  -5.6188900e+00   6.8500200e+00   3.4011900e+00   5.6882200e+00   3.4012000e+00  -1.8417600e+07
   7.4800400e+00  -5.6186800e+00   6.8499100e+00   3.4012000e+00   5.6882300e+00   3.4012000e+00  -1.8417600e+07
   7.4794800e+00  -5.6181200e+00   6.8500100e+00   3.4012000e+00   5.6882500e+00   3.4012000e+00  -1.8417600e+07
   7.4798300e+00  -5.6183300e+00   6.8500500e+00   3.4011900e+00   5.6881800e+00   3.4012000e+00  -1.8417600e+07
   7.4802800e+00  -5.6183900e+00   6.8500400e+00   3.4011900e+00   5.6880800e+00   3.4012000e+00  -1.8417600e+07
