   7.4815400e+00  -5.6202800e+00   6.8501200e+00   3.4011800e+00   5.6881800e+00   3.4012000e+00  -1.2278400e+07
   7.4816100e+00  -5.6202700e+00   6.8500700e+00   3.4011900e+00   5.6882200e+00   3.4012000e+00  -1.2278400e+07
   7.4814600e+00  -5.6203800e+00   6.8499900e+00   3.4011900e+00   5.6881300e+00   3.4012000e+00  -1.2278400e+07
   7.4815600e+00  -5.6201800e+00   6.8500400e+00   3.4012000e+00   5.6882400e+00   3.4012000e+00  -1.2278400e+07
   7.4816200e+00  -5.6201900e+00   6.8501000e+00   3.4012000e+00   5.6880800e+00   3.4012000e+00  -1.2278400e+07
   7.4815900e+00  -5.6198500e+00   6.8501300e+00   3.4011700e+00   5.6880300e+00   3.4012000e+00  -1.2278400e+07
   7.4811400e+00  -5.6198700e+00   6.8499900e+00   3.4011700e+00   5.6880800e+00   3.4012000e+00  -1.2278400e+07
   7.4809000e+00  -5.6197300e+00   6.8499600e+00   3.4011900e+00   5.6882100e+00   3.4011900e+00  -1.2278400e+07
   7.4812200e+00  -5.6198300e+00   6.8500400e+00   3.4011900e+00   5.6881500e+00   3.4012000e+00  -1.2278400e+07
   7.4809500e+00  -5.6194800e+00   6.8500600e+00   3.4011900e+00   5.6881700e+00   3.4012000e+00  -1.2278400e+07
   7.4807700e+00  -5.6195300e+00   6.8501100e+00   3.4012000e+00   5.6882900e+00   3.4012000e+00  -1.2278400e+07
   7.4807800e+00  -5.6190800e+00   6.8501600e+00   3.4011900e+00   5.6881700e+00   3.4012000e+00  -1.2278400e+07
   7.4806900e+00  -5.6194100e+00   6.8500000e+00   3.4012000e+00   5.6881800e+00   3.4012000e+00  -1.2278400e+07
   7.4810200e+00  -5.6198100e+00   6.8501500e+00   3.4012000e+00   5.6881300e+00   3.4012000e+00  -1.2278400e+07
   7.4810500e+00  -5.6199000e+00   6.8499400e+00   3.4011200e+00   5.6883200e+00   3.4012000e+00  -1.2278400e+07
   7.4806600e+00  -5.6194700e+00   6.8499600e+00   3.4012000e+00   5.6882900e+00   3.4012000e+00  -1.2278400e+07
   7.4809800e+00  -5.6197100e+00   6.8499600e+00   3.4011900e+00   5.6882700e+00   3.4012000e+00  -1.2278400e+07
   7.4808600e+00  -5.6195100e+00   6.8500000e+00   3.4011800e+00   5.6881700e+00   3.4012000e+00  -1.2278400e+07
   7.4811100e+00  -5.6196300e+00   6.8500500e+00   3.4011700e+00   5.6880900e+00   3.4012000e+00  -1.2278400e+07
   7.4811500e+00  -5.6196700e+00   6.8500400e+00   3.4011900e+00   5.6881900e+00   3.4012000e+00  -1.2278400e+07
   7.4813000e+00  -5.6198200e+00   6.8501200e+00   3.4011800e+00   5.6882000e+00   3.4012000e+00  -1.2278400e+07
   7.4816300e+00  -5.6203100e+00   6.8500900e+00   3.4011900e+00   5.6881300e+00   3.4012000e+00  -1.2278400e+07
   7.4813800e+00  -5.6201800e+00   6.8500700e+00   3.4011900e+00   5.6881600e+00   3.4012000e+00  -1.2278400e+07
   7.4813700e+00  -5.6199400e+00   6.8500900e+00   3.4011800e+00   5.6881100e+00   3.4012000e+00  -1.2278400e+07
   7.4809500e+00  -5.6196800e+00   6.8499800e+00   3.4011900e+00   5.6882000e+00   3.4012000e+00  -1.2278400e+07
   7.4812900e+00  -5.6197700e+00   6.8501000e+00   3.4011900e+00   5.6881600e+00   3.4011900e+00  -1.2278400e+07
   7.4808000e+00  -5.6195300e+00   6.8499900e+00   3.4011900e+00   5.6881800e+00   3.4011900e+00  -1.2278400e+07
   7.4808000e+00  -5.6195900e+00   6.8500900e+00   3.4011900e+00   5.6882300e+00   3.4012000e+00  -1.2278400e+07
   7.4806100e+00  -5.6193900e+00   6.8499600e+00   3.4011900e+00   5.6882300e+00   3.4012000e+00  -1.2278400e+07
   7.4806700e+00  -5.6193000e+00   6.8500100e+00   3.4011900e+00   5.6881800e+00   3.4011900e+00  -1.2278400e+07
   7.4806400e+00  -5.6193300e+00   6.8500100e+00   3.4011900e+00   5.6881500e+00   3.4012000e+00  -1.2278400e+07
   7.4807200e+00  -5.6194200e+00   6.8500400e+00   3.4011900e+00   5.6881500e+00   3.4011900e+00  -1.2278400e+07
   7.4806300e+00  -5.6192500e+00   6.8499600e+00   3.4011900e+00   5.6882200e+00   3.4012000e+00  -1.2278400e+07
   7.4805700e+00  -5.6193100e+00   6.8500200e+00   3.4011900e+00   5.6882200e+00   3.4012000e+00  -1.2278400e+07
   7.4810100e+00  -5.6196100e+00   6.8500300e+00   3.4011900e+00   5.6881900e+00   3.4012000e+00  -1.2278400e+07
   7.4814500e+00  -5.6198100e+00   6.8500900e+00   3.4011800e+00   5.6881000e+00   3.4012000e+00  -1.2278400e+07
   7.4809700e+00  -5.6196100e+00   6.8501000e+00   3.4011700e+00   5.6881700e+00   3.4012000e+00  -1.2278400e+07
   7.4807100e+00  -5.6193700e+00   6.8500700e+00   3.4011900e+00   5.6880800e+00   3.4011900e+00  -1.2278400e+07
   7.4808500e+00  -5.6195800e+00   6.8499400e+00   3.4011700e+00   5.6881300e+00   3.4012000e+00  -1.2278400e+07
   7.4811000e+00  -5.6198300e+00   6.8500500e+00   3.4012000e+00   5.6881400e+00   3.4012000e+00  -1.2278400e+07
   7.4810800e+00  -5.6195900e+00   6.8501000e+00   3.4011800e+00   5.6882200e+00   3.4012000e+00  -1.2278400e+07
   7.4808800e+00  -5.6196300e+00   6.8500000e+00   3.4011900e+00   5.6881900e+00   3.4012000e+00  -1.2278400e+07
   7.4810600e+00  -5.6194600e+00   6.8500500e+00   3.4011800e+00   5.6881700e+00   3.4012000e+00  -1.2278400e+07
   7.4809700e+00  -5.6195800e+00   6.8501000e+00   3.4011600e+00   5.6881500e+00   3.4012000e+00  -1.2278400e+07
   7.4809600e+00  -5.6195700e+00   6.8500200e+00   3.4011900e+00   5.6881400e+00   3.4012000e+00  -1.2278400e+07
   7.4812600e+00  -5.6198900e+00   6.8499200e+00   3.4011900e+00   5.6881300e+00   3.4012000e+00  -1.2278400e+07
   7.4813600e+00  -5.6200100e+00   6.8500000e+00   3.4011600e+00   5.6882200e+00   3.4011900e+00  -1.2278400e+07
   7.4813200e+00  -5.6200300e+00   6.8500400e+00   3.4011900e+00   5.6882000e+00   3.4012000e+00  -1.2278400e+07
   7.4817400e+00  -5.6204400e+00   6.8501000e+00   3.4011700e+00   5.6882300e+00   3.4012000e+00  -1.2278400e+07
   7.4821200e+00  -5.6208900e+00   6.8500700e+00   3.4011800e+00   5.6882300e+00   3.4012000e+00  -1.2278400e+07
   7.4816700e+00  -5.6206800e+00   6.8500800e+00   3.4012000e+00   5.6882000e+00   3.4012000e+00  -1.2278400e+07
   7.4822400e+00  -5.6210800e+00   6.8500200e+00   3.4011700e+00   5.6882300e+00   3.4012000e+00  -1.2278400e+07
   7.4823100e+00  -5.6210400e+00   6.8501100e+00   3.4011800e+00   5.6881900e+00   3.4012000e+00  -1.2278400e+07
   7.4819200e+00  -5.6207900e+00   6.8500600e+00   3.4011900e+00   5.6881800e+00   3.4012000e+00  -1.2278400e+07
   7.4825400e+00  -5.6212500e+00   6.8501200e+00   3.4011700e+00   5.6881500e+00   3.4012000e+00  -1.2278400e+07
   7.4822600e+00  -5.6209200e+00   6.8500300e+00   3.4011900e+00   5.6880200e+00   3.4011900e+00  -1.2278400e+07
   7.4825300e+00  -5.6212700e+00   6.8501000e+00   3.4011900e+00   5.6880900e+00   3.4012000e+00  -1.2278400e+07
   7.4822500e+00  -5.6209600e+00   6.8500700e+00   3.4012000e+00   5.6881400e+00   3.4012000e+00  -1.2278400e+07
   7.4820200e+00  -5.6208800e+00   6.8501400e+00   3.4011800e+00   5.6882600e+00   3.4012000e+00  -1.2278400e+07
   7.4823700e+00  -5.6211700e+00   6.8501400e+00   3.4011900e+00   5.6882300e+00   3.4012000e+00  -1.2278400e+07
   7.4821100e+00  -5.6208100e+00   6.8500300e+00   3.4011900e+00   5.6881600e+00   3.4012000e+00  -1.2278400e+07
   7.4820000e+00  -5.6208700e+00   6.8501400e+00   3.4012000e+00   5.6882800e+00   3.4012000e+00  -1.2278400e+07
   7.4819100e+00  -5.6205700e+00   6.8501100e+00   3.4011800e+00   5.6881500e+00   3.4012000e+00  -1.2278400e+07
   7.4816000e+00  -5.6202000e+00   6.8500400e+00   3.4011900e+00   5.6882500e+00   3.4012000e+00  -1.2278400e+07
   7.4817200e+00  -5.6203200e+00   6.8499600e+00   3.4011900e+00   5.6880900e+00   3.4012000e+00  -1.2278400e+07
   7.4815200e+00  -5.6203600e+00   6.8501700e+00   3.4011900e+00   5.6882300e+00   3.4012000e+00  -1.2278400e+07
   7.4817700e+00  -5.6203800e+00   6.8500100e+00   3.4011800e+00   5.6881300e+00   3.4012000e+00  -1.2278400e+07
   7.4816000e+00  -5.6204700e+00   6.8499600e+00   3.4011800e+00   5.6881800e+00   3.4012000e+00  -1.2278400e+07
   7.4820100e+00  -5.6207100e+00   6.8500300e+00   3.4011900e+00   5.6881400e+00   3.4012000e+00  -1.2278400e+07
   7.4818300e+00  -5.6205200e+00   6.8500600e+00   3.4011900e+00   5.6881000e+00   3.4012000e+00  -1.2278400e+07
   7.4821400e+00  -5.6208700e+00   6.8500700e+00   3.4011900e+00   5.6881500e+00   3.4012000e+00  -1.2278400e+07
   7.4821500e+00  -5.6210600e+00   6.8500900e+00   3.4011900e+00   5.6882400e+00   3.4012000e+00  -1.2278400e+07
   7.4818900e+00  -5.6207200e+00   6.8501100e+00   3.4011900e+00   5.6882200e+00   3.4012000e+00  -1.2278400e+07
   7.4816100e+00  -5.6203200e+00   6.8500900e+00   3.4011900e+00   5.6881400e+00   3.4012000e+00  -1.2278400e+07
   7.4809000e+00  -5.6198400e+00   6.8500500e+00   3.4012000e+00   5.6881600e+00   3.4012000e+00  -1.2278400e+07
   7.4814700e+00  -5.6198100e+00   6.8501300e+00   3.4011900e+00   5.6881700e+00   3.4012000e+00  -1.2278400e+07
   7.4815600e+00  -5.6200200e+00   6.8501500e+00   3.4011600e+00   5.6882000e+00   3.4012000e+00  -1.2278400e+07
   7.4812000e+00  -5.6199200e+00   6.8500200e+00   3.4011900e+00   5.6882400e+00   3.4011900e+00  -1.2278400e+07
   7.4815600e+00  -5.6202800e+00   6.8499100e+00   3.4011900e+00   5.6880600e+00   3.4012000e+00  -1.2278400e+07
   7.4813000e+00  -5.6201500e+00   6.8499700e+00   3.4012000e+00   5.6883400e+00   3.4012000e+00  -1.2278400e+07
   7.4814100e+00  -5.6201300e+00   6.8500800e+00   3.4011600e+00   5.6880800e+00   3.4012000e+00  -1.2278400e+07
   7.4815600e+00  -5.6201300e+00   6.8500400e+00   3.4011900e+00   5.6881400e+00   3.4012000e+00  -1.2278400e+07
   7.4815700e+00  -5.6201800e+00   6.8502300e+00   3.4011700e+00   5.6881900e+00   3.4012000e+00  -1.2278400e+07
   7.4809800e+00  -5.6198000e+00   6.8499200e+00   3.4011800e+00   5.6882200e+00   3.4012000e+00  -1.2278400e+07
   7.4814400e+00  -5.6202700e+00   6.8499700e+00   3.4011900e+00   5.6881900e+00   3.4012000e+00  -1.2278400e+07
   7.4819800e+00  -5.6205400e+00   6.8501100e+00   3.4011900e+00   5.6881200e+00   3.4011900e+00  -1.2278400e+07
   7.4813900e+00  -5.6200700e+00   6.8500200e+00   3.4011900e+00   5.6881900e+00   3.4012000e+00  -1.2278400e+07
   7.4810600e+00  -5.6198400e+00   6.8500000e+00   3.4011800e+00   5.6881600e+00   3.4012000e+00  -1.2278400e+07
   7.4812200e+00  -5.6199400e+00   6.8500200e+00   3.4011500e+00   5.6881700e+00   3.4011900e+00  -1.2278400e+07
   7.4810500e+00  -5.6196900e+00   6.8500800e+00   3.4011900e+00   5.6882400e+00   3.4011900e+00  -1.2278400e+07
   7.4812200e+00  -5.6197400e+00   6.8501000e+00   3.4011800e+00   5.6881800e+00   3.4012000e+00  -1.2278400e+07
   7.4812200e+00  -5.6198300e+00   6.8499800e+00   3.4011900e+00   5.6881000e+00   3.4012000e+00  -1.2278400e+07
   7.4809500e+00  -5.6196300e+00   6.8500300e+00   3.4011900e+00   5.6882000e+00   3.4012000e+00  -1.2278400e+07
   7.4812500e+00  -5.6200100e+00   6.8500300e+00   3.4011900e+00   5.6881900e+00   3.4012000e+00  -1.2278400e+07
   7.4814200e+00  -5.6200400e+00   6.8501500e+00   3.4011900e+00   5.6882000e+00   3.4011900e+00  -1.2278400e+07
   7.4813300e+00  -5.6201300e+00   6.8499900e+00   3.4011600e+00   5.6881900e+00   3.4012000e+00  -1.2278400e+07
   7.4814700e+00  -5.6199800e+00   6.8500100e+00   3.4011900e+00   5.6881200e+00   3.4012000e+00  -1.2278400e+07
   7.4814200e+00  -5.6198100e+00   6.8501200e+00   3.4011900e+00   5.6881400e+00   3.4012000e+00  -1.2278400e+07
   7.4809800e+00  -5.6199900e+00   6.8500200e+00   3.4011900e+00   5.6882300e+00   3.4012000e+00  -1.2278400e+07
   7.4813700e+00  -5.6201000e+00   6.8500400e+00   3.4012000e+00   5.6882100e+00   3.4012000e+00  -1.2278400e+07
   7.4814000e+00  -5.6200600e+00   6.8500200e+00   3.4012000e+00   5.6881700e+00   3.4012000e+00  -1.2278400e+07
   7.4813600e+00  -5.6200800e+00   6.8499700e+00   3.4011500e+00   5.6881200e+00   3.4012000e+00  -1.2278400e+07
   7.4820500e+00  -5.6206500e+00   6.8500800e+00   3.4012000e+00   5.6881200e+00   3.4012000e+00  -1.2278400e+07
   7.4820900e+00  -5.6210300e+00   6.8500800e+00   3.4011900e+00   5.6881600e+00   3.4012000e+00  -1.2278400e+07
   7.4824200e+00  -5.6212100e+00   6.8500000e+00   3.4011900e+00   5.6881500e+00   3.4012000e+00  -1.2278400e+07
   7.4823200e+00  -5.6214400e+00   6.8500100e+00   3.4011900e+00   5.6881500e+00   3.4012000e+00  -1.2278400e+07
   7.4826300e+00  -5.6216900e+00   6.8501500e+00   3.4011900e+00   5.6883100e+00   3.4012000e+00  -1.2278400e+07
   7.4828100e+00  -5.6214300e+00   6.8501300e+00   3.4011900e+00   5.6881200e+00   3.4012000e+00  -1.2278400e+07
   7.4825000e+00  -5.6213500e+00   6.8501000e+00   3.4011600e+00   5.6882900e+00   3.4012000e+00  -1.2278400e+07
   7.4824800e+00  -5.6213400e+00   6.8500200e+00   3.4011900e+00   5.6881400e+00   3.4012000e+00  -1.2278400e+07
   7.4826400e+00  -5.6214300e+00   6.8501300e+00   3.4011900e+00   5.6881400e+00   3.4012000e+00  -1.2278400e+07
   7.4819600e+00  -5.6207600e+00   6.8500100e+00   3.4011900e+00   5.6881200e+00   3.4012000e+00  -1.2278400e+07
   7.4820100e+00  -5.6207600e+00   6.8499500e+00   3.4011900e+00   5.6881800e+00   3.4011900e+00  -1.2278400e+07
   7.4819400e+00  -5.6207600e+00   6.8500100e+00   3.4011900e+00   5.6882000e+00   3.4011900e+00  -1.2278400e+07
   7.4819700e+00  -5.6209100e+00   6.8499800e+00   3.4011900e+00   5.6881300e+00   3.4012000e+00  -1.2278400e+07
   7.4820100e+00  -5.6207500e+00   6.8500000e+00   3.4011400e+00   5.6880700e+00   3.4012000e+00  -1.2278400e+07
   7.4819300e+00  -5.6208700e+00   6.8500300e+00   3.4011700e+00   5.6881600e+00   3.4012000e+00  -1.2278400e+07
   7.4820700e+00  -5.6207000e+00   6.8501700e+00   3.4011900e+00   5.6880800e+00   3.4012000e+00  -1.2278400e+07
   7.4820500e+00  -5.6207100e+00   6.8500200e+00   3.4011800e+00   5.6880500e+00   3.4011900e+00  -1.2278400e+07
   7.4820600e+00  -5.6206200e+00   6.8502600e+00   3.4011900e+00   5.6882100e+00   3.4012000e+00  -1.2278400e+07
   7.4817300e+00  -5.6204600e+00   6.8499600e+00   3.4012000e+00   5.6881900e+00   3.4011900e+00  -1.2278400e+07
   7.4815300e+00  -5.6202200e+00   6.8498900e+00   3.4012000e+00   5.6881800e+00   3.4011900e+00  -1.2278400e+07
   7.4809800e+00  -5.6197200e+00   6.8499900e+00   3.4011900e+00   5.6881300e+00   3.4011900e+00  -1.2278400e+07
   7.4808200e+00  -5.6194800e+00   6.8501100e+00   3.4011900e+00   5.6881800e+00   3.4011900e+00  -1.2278400e+07
   7.4808400e+00  -5.6192700e+00   6.8501400e+00   3.4011800e+00   5.6880800e+00   3.4012000e+00  -1.2278400e+07
   7.4808500e+00  -5.6192300e+00   6.8499800e+00   3.4011800e+00   5.6881400e+00   3.4012000e+00  -1.2278400e+07
   7.4806100e+00  -5.6191500e+00   6.8501100e+00   3.4011900e+00   5.6881600e+00   3.4011900e+00  -1.2278400e+07
   7.4806200e+00  -5.6191600e+00   6.8500400e+00   3.4011900e+00   5.6882600e+00   3.4012000e+00  -1.2278400e+07
   7.4804400e+00  -5.6190100e+00   6.8499400e+00   3.4011900e+00   5.6881600e+00   3.4012000e+00  -1.2278400e+07
   7.4809700e+00  -5.6195500e+00   6.8499500e+00   3.4011900e+00   5.6881100e+00   3.4012000e+00  -1.2278400e+07
   7.4812300e+00  -5.6196200e+00   6.8500600e+00   3.4012000e+00   5.6881400e+00   3.4012000e+00  -1.2278400e+07
   7.4811600e+00  -5.6196600e+00   6.8500900e+00   3.4011900e+00   5.6882400e+00   3.4011900e+00  -1.2278400e+07
   7.4810800e+00  -5.6197500e+00   6.8500200e+00   3.4011800e+00   5.6882000e+00   3.4012000e+00  -1.2278400e+07
   7.4809500e+00  -5.6193700e+00   6.8500900e+00   3.4011700e+00   5.6882700e+00   3.4012000e+00  -1.2278400e+07
   7.4803600e+00  -5.6189400e+00   6.8500300e+00   3.4011800e+00   5.6881300e+00   3.4011900e+00  -1.2278400e+07
   7.4806200e+00  -5.6191900e+00   6.8499900e+00   3.4012000e+00   5.6881300e+00   3.4011900e+00  -1.2278400e+07
   7.4808500e+00  -5.6192700e+00   6.8500100e+00   3.4011800e+00   5.6881000e+00   3.4012000e+00  -1.2278400e+07
   7.4807900e+00  -5.6192900e+00   6.8500800e+00   3.4011900e+00   5.6881600e+00   3.4012000e+00  -1.2278400e+07
   7.4808400e+00  -5.6192200e+00   6.8501000e+00   3.4011900e+00   5.6881200e+00   3.4012000e+00  -1.2278400e+07
   7.4810000e+00  -5.6195400e+00   6.8500700e+00   3.4011400e+00   5.6881200e+00   3.4012000e+00  -1.2278400e+07
   7.4807100e+00  -5.6194300e+00   6.8500400e+00   3.4011800e+00   5.6881600e+00   3.4011900e+00  -1.2278400e+07
   7.4805700e+00  -5.6191200e+00   6.8499900e+00   3.4011800e+00   5.6882300e+00   3.4012000e+00  -1.2278400e+07
   7.4804000e+00  -5.6189600e+00   6.8500100e+00   3.4011900e+00   5.6881900e+00   3.4012000e+00  -1.2278400e+07
   7.4809700e+00  -5.6193300e+00   6.8501600e+00   3.4011900e+00   5.6882100e+00   3.4012000e+00  -1.2278400e+07
   7.4810700e+00  -5.6196500e+00   6.8500300e+00   3.4011900e+00   5.6881600e+00   3.4012000e+00  -1.2278400e+07
   7.4808300e+00  -5.6196400e+00   6.8501600e+00   3.4011900e+00   5.6881900e+00   3.4012000e+00  -1.2278400e+07
   7.4810900e+00  -5.6196600e+00   6.8500300e+00   3.4011600e+00   5.6881500e+00   3.4012000e+00  -1.2278400e+07
   7.4809300e+00  -5.6197900e+00   6.8499000e+00   3.4011800e+00   5.6882400e+00   3.4011900e+00  -1.2278400e+07
   7.4811400e+00  -5.6197700e+00   6.8499600e+00   3.4011900e+00   5.6882000e+00   3.4012000e+00  -1.2278400e+07
   7.4810000e+00  -5.6196300e+00   6.8500400e+00   3.4011900e+00   5.6882300e+00   3.4012000e+00  -1.2278400e+07
   7.4810600e+00  -5.6197300e+00   6.8500000e+00   3.4011700e+00   5.6881800e+00   3.4012000e+00  -1.2278400e+07
   7.4810600e+00  -5.6196700e+00   6.8500800e+00   3.4011900e+00   5.6881800e+00   3.4012000e+00  -1.2278400e+07
   7.4808900e+00  -5.6195100e+00   6.8500000e+00   3.4011900e+00   5.6881100e+00   3.4012000e+00  -1.2278400e+07
   7.4808300e+00  -5.6195700e+00   6.8500800e+00   3.4011900e+00   5.6882600e+00   3.4012000e+00  -1.2278400e+07
   7.4811800e+00  -5.6195200e+00   6.8500900e+00   3.4011900e+00   5.6881100e+00   3.4012000e+00  -1.2278400e+07
   7.4805200e+00  -5.6190900e+00   6.8500700e+00   3.4011900e+00   5.6882900e+00   3.4012000e+00  -1.2278400e+07
   7.4808400e+00  -5.6193700e+00   6.8500200e+00   3.4011800e+00   5.6881600e+00   3.4011900e+00  -1.2278400e+07
   7.4807800e+00  -5.6195800e+00   6.8499300e+00   3.4011900e+00   5.6882900e+00   3.4012000e+00  -1.2278400e+07
   7.4809700e+00  -5.6195500e+00   6.8499600e+00   3.4011500e+00   5.6880400e+00   3.4011900e+00  -1.2278400e+07
   7.4804400e+00  -5.6190400e+00   6.8500000e+00   3.4012000e+00   5.6881000e+00   3.4012000e+00  -1.2278400e+07
   7.4805800e+00  -5.6190100e+00   6.8499900e+00   3.4011900e+00   5.6880600e+00   3.4012000e+00  -1.2278400e+07
   7.4807000e+00  -5.6193300e+00   6.8500100e+00   3.4011900e+00   5.6881600e+00   3.4011900e+00  -1.2278400e+07
   7.4808700e+00  -5.6195000e+00   6.8499800e+00   3.4012000e+00   5.6882100e+00   3.4012000e+00  -1.2278400e+07
   7.4814200e+00  -5.6196800e+00   6.8501200e+00   3.4011900e+00   5.6881200e+00   3.4012000e+00  -1.2278400e+07
   7.4811600e+00  -5.6199600e+00   6.8500200e+00   3.4011900e+00   5.6882000e+00   3.4011900e+00  -1.2278400e+07
   7.4815400e+00  -5.6202000e+00   6.8501000e+00   3.4011900e+00   5.6881800e+00   3.4012000e+00  -1.2278400e+07
   7.4814400e+00  -5.6198600e+00   6.8500500e+00   3.4011800e+00   5.6880800e+00   3.4011900e+00  -1.2278400e+07
   7.4811100e+00  -5.6195900e+00   6.8500500e+00   3.4012000e+00   5.6880800e+00   3.4012000e+00  -1.2278400e+07
   7.4809200e+00  -5.6194600e+00   6.8500600e+00   3.4011900e+00   5.6882200e+00   3.4012000e+00  -1.2278400e+07
   7.4807300e+00  -5.6192100e+00   6.8501500e+00   3.4011900e+00   5.6882000e+00   3.4012000e+00  -1.2278400e+07
   7.4807800e+00  -5.6191800e+00   6.8501200e+00   3.4011800e+00   5.6881100e+00   3.4012000e+00  -1.2278400e+07
   7.4804600e+00  -5.6194200e+00   6.8499600e+00   3.4011900e+00   5.6881700e+00   3.4012000e+00  -1.2278400e+07
   7.4812000e+00  -5.6197900e+00   6.8499800e+00   3.4011600e+00   5.6881100e+00   3.4012000e+00  -1.2278400e+07
   7.4815100e+00  -5.6203600e+00   6.8500700e+00   3.4011800e+00   5.6883400e+00   3.4012000e+00  -1.2278400e+07
   7.4817200e+00  -5.6205700e+00   6.8499900e+00   3.4011900e+00   5.6881800e+00   3.4011900e+00  -1.2278400e+07
   7.4819900e+00  -5.6207600e+00   6.8501200e+00   3.4011800e+00   5.6880900e+00   3.4012000e+00  -1.2278400e+07
   7.4818200e+00  -5.6205100e+00   6.8501700e+00   3.4011900e+00   5.6881000e+00   3.4012000e+00  -1.2278400e+07
   7.4820000e+00  -5.6207800e+00   6.8501000e+00   3.4011800e+00   5.6880700e+00   3.4011900e+00  -1.2278400e+07
   7.4820000e+00  -5.6208000e+00   6.8500400e+00   3.4011900e+00   5.6881600e+00   3.4012000e+00  -1.2278400e+07
   7.4814500e+00  -5.6201100e+00   6.8500700e+00   3.4011900e+00   5.6881900e+00   3.4012000e+00  -1.2278400e+07
   7.4820100e+00  -5.6204200e+00   6.8501600e+00   3.4011900e+00   5.6880600e+00   3.4011900e+00  -1.2278400e+07
   7.4814300e+00  -5.6203300e+00   6.8499700e+00   3.4011900e+00   5.6882300e+00   3.4012000e+00  -1.2278400e+07
   7.4820400e+00  -5.6207100e+00   6.8501000e+00   3.4012000e+00   5.6882500e+00   3.4012000e+00  -1.2278400e+07
   7.4826700e+00  -5.6211800e+00   6.8502200e+00   3.4011700e+00   5.6881700e+00   3.4011900e+00  -1.2278400e+07
   7.4818500e+00  -5.6208300e+00   6.8499200e+00   3.4012000e+00   5.6881400e+00   3.4012000e+00  -1.2278400e+07
   7.4818900e+00  -5.6207600e+00   6.8501500e+00   3.4011900e+00   5.6882600e+00   3.4012000e+00  -1.2278400e+07
   7.4823800e+00  -5.6212100e+00   6.8500600e+00   3.4011900e+00   5.6881300e+00   3.4012000e+00  -1.2278400e+07
   7.4819100e+00  -5.6208600e+00   6.8501300e+00   3.4011800e+00   5.6882100e+00   3.4012000e+00  -1.2278400e+07
   7.4822800e+00  -5.6209800e+00   6.8499100e+00   3.4011900e+00   5.6880100e+00   3.4011900e+00  -1.2278400e+07
   7.4821400e+00  -5.6208100e+00   6.8500400e+00   3.4011800e+00   5.6881600e+00   3.4012000e+00  -1.2278400e+07
   7.4821300e+00  -5.6209000e+00   6.8501100e+00   3.4011900e+00   5.6881400e+00   3.4012000e+00  -1.2278400e+07
   7.4822300e+00  -5.6209900e+00   6.8501700e+00   3.4012000e+00   5.6881700e+00   3.4012000e+00  -1.2278400e+07
   7.4818200e+00  -5.6208000e+00   6.8501000e+00   3.4011800e+00   5.6881800e+00   3.4012000e+00  -1.2278400e+07
   7.4821200e+00  -5.6209500e+00   6.8501600e+00   3.4011900e+00   5.6882200e+00   3.4012000e+00  -1.2278400e+07
   7.4820900e+00  -5.6210700e+00   6.8500800e+00   3.4011900e+00   5.6882300e+00   3.4012000e+00  -1.2278400e+07
   7.4825400e+00  -5.6213600e+00   6.8501600e+00   3.4011900e+00   5.6881800e+00   3.4011900e+00  -1.2278400e+07
   7.4829100e+00  -5.6215000e+00   6.8502300e+00   3.4011900e+00   5.6881700e+00   3.4012000e+00  -1.2278400e+07
   7.4829100e+00  -5.6216000e+00   6.8501700e+00   3.4011800e+00   5.6881800e+00   3.4012000e+00  -1.2278400e+07
   7.4826000e+00  -5.6214800e+00   6.8500100e+00   3.4011800e+00   5.6881300e+00   3.4011900e+00  -1.2278400e+07
   7.4824400e+00  -5.6214400e+00   6.8500500e+00   3.4011700e+00   5.6881900e+00   3.4012000e+00  -1.2278400e+07
   7.4825300e+00  -5.6211700e+00   6.8501000e+00   3.4011900e+00   5.6881400e+00   3.4012000e+00  -1.2278400e+07
   7.4822200e+00  -5.6209900e+00   6.8501500e+00   3.4011900e+00   5.6881100e+00   3.4012000e+00  -1.2278400e+07
   7.4822000e+00  -5.6211400e+00   6.8500700e+00   3.4012000e+00   5.6881500e+00   3.4011900e+00  -1.2278400e+07
   7.4827200e+00  -5.6214200e+00   6.8501700e+00   3.4012000e+00   5.6881600e+00   3.4012000e+00  -1.2278400e+07
   7.4826000e+00  -5.6213900e+00   6.8499800e+00   3.4011900e+00   5.6881700e+00   3.4012000e+00  -1.2278400e+07
   7.4824000e+00  -5.6209200e+00   6.8500200e+00   3.4011900e+00   5.6880800e+00   3.4011900e+00  -1.2278400e+07
   7.4824200e+00  -5.6211100e+00   6.8502300e+00   3.4011900e+00   5.6881500e+00   3.4011900e+00  -1.2278400e+07
   7.4823400e+00  -5.6210800e+00   6.8501000e+00   3.4011900e+00   5.6881100e+00   3.4011900e+00  -1.2278400e+07
   7.4823900e+00  -5.6210600e+00   6.8500400e+00   3.4012000e+00   5.6880500e+00   3.4012000e+00  -1.2278400e+07
   7.4821400e+00  -5.6211600e+00   6.8500500e+00   3.4011900e+00   5.6881900e+00   3.4011900e+00  -1.2278400e+07
   7.4826300e+00  -5.6215400e+00   6.8500500e+00   3.4011800e+00   5.6881800e+00   3.4012000e+00  -1.2278400e+07
   7.4826600e+00  -5.6215900e+00   6.8500800e+00   3.4011800e+00   5.6881400e+00   3.4012000e+00  -1.2278400e+07
   7.4828300e+00  -5.6218500e+00   6.8500700e+00   3.4011900e+00   5.6881300e+00   3.4012000e+00  -1.2278400e+07
   7.4827700e+00  -5.6218400e+00   6.8500400e+00   3.4011900e+00   5.6881300e+00   3.4012000e+00  -1.2278400e+07
   7.4825700e+00  -5.6213200e+00   6.8499800e+00   3.4012000e+00   5.6881100e+00   3.4012000e+00  -1.2278400e+07
   7.4824800e+00  -5.6215600e+00   6.8500700e+00   3.4011700e+00   5.6881200e+00   3.4011900e+00  -1.2278400e+07
   7.4830900e+00  -5.6218100e+00   6.8501300e+00   3.4011900e+00   5.6881300e+00   3.4012000e+00  -1.2278400e+07
   7.4827800e+00  -5.6217800e+00   6.8501400e+00   3.4011700e+00   5.6882200e+00   3.4012000e+00  -1.2278400e+07
   7.4827600e+00  -5.6219000e+00   6.8500600e+00   3.4011900e+00   5.6883000e+00   3.4012000e+00  -1.2278400e+07
   7.4830300e+00  -5.6218300e+00   6.8500500e+00   3.4011900e+00   5.6881300e+00   3.4011900e+00  -1.2278400e+07
   7.4827400e+00  -5.6218900e+00   6.8500900e+00   3.4011900e+00   5.6882800e+00   3.4012000e+00  -1.2278400e+07
   7.4832200e+00  -5.6219900e+00   6.8501500e+00   3.4012000e+00   5.6881100e+00   3.4011900e+00  -1.2278400e+07
   7.4830700e+00  -5.6218200e+00   6.8502000e+00   3.4011800e+00   5.6881700e+00   3.4012000e+00  -1.2278400e+07
   7.4825100e+00  -5.6214600e+00   6.8500600e+00   3.4011800e+00   5.6882600e+00   3.4011900e+00  -1.2278400e+07
   7.4827900e+00  -5.6216600e+00   6.8500500e+00   3.4011600e+00   5.6881100e+00   3.4012000e+00  -1.2278400e+07
   7.4824600e+00  -5.6215800e+00   6.8500100e+00   3.4011800e+00   5.6880900e+00   3.4012000e+00  -1.2278400e+07
   7.4826000e+00  -5.6213700e+00   6.8500600e+00   3.4011900e+00   5.6880800e+00   3.4011900e+00  -1.2278400e+07
   7.4824800e+00  -5.6213200e+00   6.8501500e+00   3.4011900e+00   5.6881000e+00   3.4012000e+00  -1.2278400e+07
   7.4830400e+00  -5.6217100e+00   6.8501600e+00   3.4011800e+00   5.6881800e+00   3.4012000e+00  -1.2278400e+07
   7.4826000e+00  -5.6216600e+00   6.8499900e+00   3.4011900e+00   5.6881900e+00   3.4012000e+00  -1.2278400e+07
   7.4829400e+00  -5.6219000e+00   6.8500800e+00   3.4011900e+00   5.6881600e+00   3.4012000e+00  -1.2278400e+07
   7.4829700e+00  -5.6219500e+00   6.8500800e+00   3.4011900e+00   5.6881200e+00   3.4012000e+00  -1.2278400e+07
   7.4829800e+00  -5.6215600e+00   6.8502200e+00   3.4011900e+00   5.6881700e+00   3.4011900e+00  -1.2278400e+07
   7.4828000e+00  -5.6217400e+00   6.8501200e+00   3.4011900e+00   5.6881100e+00   3.4012000e+00  -1.2278400e+07
   7.4831600e+00  -5.6222200e+00   6.8500600e+00   3.4011600e+00   5.6880700e+00   3.4012000e+00  -1.2278400e+07
   7.4832000e+00  -5.6224100e+00   6.8500500e+00   3.4011800e+00   5.6882600e+00   3.4012000e+00  -1.2278400e+07
   7.4832400e+00  -5.6221200e+00   6.8501400e+00   3.4012000e+00   5.6880900e+00   3.4012000e+00  -1.2278400e+07
   7.4830300e+00  -5.6219000e+00   6.8501800e+00   3.4012000e+00   5.6881300e+00   3.4012000e+00  -1.2278400e+07
   7.4824400e+00  -5.6212500e+00   6.8500500e+00   3.4011900e+00   5.6882300e+00   3.4012000e+00  -1.2278400e+07
   7.4825300e+00  -5.6212700e+00   6.8501600e+00   3.4011900e+00   5.6881000e+00   3.4011900e+00  -1.2278400e+07
   7.4827700e+00  -5.6214100e+00   6.8500400e+00   3.4011400e+00   5.6881300e+00   3.4012000e+00  -1.2278400e+07
   7.4823100e+00  -5.6209900e+00   6.8499800e+00   3.4011900e+00   5.6880900e+00   3.4012000e+00  -1.2278400e+07
   7.4821400e+00  -5.6209900e+00   6.8500400e+00   3.4011800e+00   5.6881700e+00   3.4011900e+00  -1.2278400e+07
   7.4818200e+00  -5.6203100e+00   6.8501000e+00   3.4011900e+00   5.6881200e+00   3.4012000e+00  -1.2278400e+07
   7.4814100e+00  -5.6200600e+00   6.8499800e+00   3.4011900e+00   5.6881600e+00   3.4012000e+00  -1.2278400e+07
   7.4814100e+00  -5.6202900e+00   6.8500800e+00   3.4012000e+00   5.6881900e+00   3.4012000e+00  -1.2278400e+07
   7.4813600e+00  -5.6200700e+00   6.8500100e+00   3.4011900e+00   5.6881200e+00   3.4012000e+00  -1.2278400e+07
   7.4818300e+00  -5.6205300e+00   6.8501500e+00   3.4011900e+00   5.6882300e+00   3.4011900e+00  -1.2278400e+07
   7.4818400e+00  -5.6203800e+00   6.8500000e+00   3.4011900e+00   5.6880900e+00   3.4012000e+00  -1.2278400e+07
   7.4815700e+00  -5.6202100e+00   6.8501000e+00   3.4011800e+00   5.6882600e+00   3.4012000e+00  -1.2278400e+07
   7.4815300e+00  -5.6201500e+00   6.8501700e+00   3.4011900e+00   5.6882700e+00   3.4012000e+00  -1.2278400e+07
   7.4816700e+00  -5.6201500e+00   6.8500900e+00   3.4011900e+00   5.6880800e+00   3.4012000e+00  -1.2278400e+07
   7.4816500e+00  -5.6202700e+00   6.8501000e+00   3.4011900e+00   5.6881200e+00   3.4011900e+00  -1.2278400e+07
   7.4811600e+00  -5.6201300e+00   6.8499500e+00   3.4012000e+00   5.6881500e+00   3.4012000e+00  -1.2278400e+07
   7.4807600e+00  -5.6195400e+00   6.8500200e+00   3.4011900e+00   5.6882400e+00   3.4012000e+00  -1.2278400e+07
   7.4806600e+00  -5.6191100e+00   6.8500100e+00   3.4011900e+00   5.6881600e+00   3.4012000e+00  -1.2278400e+07
   7.4803400e+00  -5.6188400e+00   6.8500600e+00   3.4011700e+00   5.6881100e+00   3.4012000e+00  -1.2278400e+07
   7.4799600e+00  -5.6188200e+00   6.8500100e+00   3.4011700e+00   5.6882200e+00   3.4012000e+00  -1.2278400e+07
   7.4799100e+00  -5.6185600e+00   6.8499700e+00   3.4012000e+00   5.6881900e+00   3.4012000e+00  -1.2278400e+07
   7.4798300e+00  -5.6185000e+00   6.8500200e+00   3.4011800e+00   5.6882000e+00   3.4012000e+00  -1.2278400e+07
   7.4802200e+00  -5.6186300e+00   6.8500400e+00   3.4011900e+00   5.6882100e+00   3.4012000e+00  -1.2278400e+07
   7.4799300e+00  -5.6183400e+00   6.8499800e+00   3.4012000e+00   5.6882100e+00   3.4012000e+00  -1.2278400e+07
   7.4798300e+00  -5.6181500e+00   6.8500500e+00   3.4012000e+00   5.6881700e+00   3.4012000e+00  -1.2278400e+07
   7.4796300e+00  -5.6178200e+00   6.8500400e+00   3.4011900e+00   5.6881200e+00   3.4012000e+00  -1.2278400e+07
   7.4797000e+00  -5.6179200e+00   6.8501100e+00   3.4011900e+00   5.6881400e+00   3.4012000e+00  -1.2278400e+07
   7.4799600e+00  -5.6183600e+00   6.8499800e+00   3.4011900e+00   5.6881500e+00   3.4012000e+00  -1.2278400e+07
   7.4800400e+00  -5.6183900e+00   6.8500400e+00   3.4011800e+00   5.6881600e+00   3.4012000e+00  -1.2278400e+07
   7.4799000e+00  -5.6184900e+00   6.8499300e+00   3.4011900e+00   5.6882000e+00   3.4012000e+00  -1.2278400e+07
   7.4794900e+00  -5.6182000e+00   6.8498700e+00   3.4011700e+00   5.6881800e+00   3.4012000e+00  -1.2278400e+07
   7.4795900e+00  -5.6179600e+00   6.8500100e+00   3.4011900e+00   5.6882500e+00   3.4012000e+00  -1.2278400e+07
   7.4794400e+00  -5.6182400e+00   6.8499700e+00   3.4011900e+00   5.6882500e+00   3.4012000e+00  -1.2278400e+07
   7.4797500e+00  -5.6181000e+00   6.8501000e+00   3.4011800e+00   5.6882500e+00   3.4012000e+00  -1.2278400e+07
   7.4793300e+00  -5.6177500e+00   6.8499800e+00   3.4011700e+00   5.6880900e+00   3.4012000e+00  -1.2278400e+07
   7.4793700e+00  -5.6177400e+00   6.8500000e+00   3.4012000e+00   5.6880700e+00   3.4012000e+00  -1.2278400e+07
   7.4797800e+00  -5.6181100e+00   6.8500200e+00   3.4011500e+00   5.6882100e+00   3.4012000e+00  -1.2278400e+07
   7.4801300e+00  -5.6186000e+00   6.8500100e+00   3.4011800e+00   5.6882200e+00   3.4012000e+00  -1.2278400e+07
   7.4804300e+00  -5.6187500e+00   6.8500500e+00   3.4011800e+00   5.6881000e+00   3.4011900e+00  -1.2278400e+07
   7.4800500e+00  -5.6185800e+00   6.8500800e+00   3.4011900e+00   5.6881500e+00   3.4012000e+00  -1.2278400e+07
   7.4801200e+00  -5.6186900e+00   6.8499300e+00   3.4011900e+00   5.6881200e+00   3.4012000e+00  -1.2278400e+07
   7.4798000e+00  -5.6183300e+00   6.8498800e+00   3.4011900e+00   5.6881700e+00   3.4011900e+00  -1.2278400e+07
   7.4795700e+00  -5.6178500e+00   6.8500100e+00   3.4011900e+00   5.6880800e+00   3.4012000e+00  -1.2278400e+07
   7.4794400e+00  -5.6177600e+00   6.8500400e+00   3.4012000e+00   5.6882100e+00   3.4012000e+00  -1.2278400e+07
   7.4793000e+00  -5.6176000e+00   6.8499500e+00   3.4011900e+00   5.6881300e+00   3.4012000e+00  -1.2278400e+07
   7.4795200e+00  -5.6176000e+00   6.8500700e+00   3.4011900e+00   5.6881400e+00   3.4012000e+00  -1.2278400e+07
   7.4790100e+00  -5.6173700e+00   6.8499800e+00   3.4011800e+00   5.6882100e+00   3.4012000e+00  -1.2278400e+07
   7.4790800e+00  -5.6174800e+00   6.8499900e+00   3.4011800e+00   5.6881800e+00   3.4012000e+00  -1.2278400e+07
   7.4791900e+00  -5.6174700e+00   6.8499800e+00   3.4011800e+00   5.6881700e+00   3.4012000e+00  -1.2278400e+07
   7.4792100e+00  -5.6175900e+00   6.8500400e+00   3.4011900e+00   5.6882500e+00   3.4012000e+00  -1.2278400e+07
   7.4793500e+00  -5.6176900e+00   6.8499100e+00   3.4011800e+00   5.6881700e+00   3.4012000e+00  -1.2278400e+07
   7.4793500e+00  -5.6178800e+00   6.8499600e+00   3.4011800e+00   5.6882700e+00   3.4011900e+00  -1.2278400e+07
   7.4795400e+00  -5.6178300e+00   6.8500200e+00   3.4011500e+00   5.6881000e+00   3.4012000e+00  -1.2278400e+07
   7.4788600e+00  -5.6173200e+00   6.8500100e+00   3.4011900e+00   5.6881900e+00   3.4012000e+00  -1.2278400e+07
   7.4785200e+00  -5.6169000e+00   6.8500600e+00   3.4011900e+00   5.6883100e+00   3.4012000e+00  -1.2278400e+07
   7.4784600e+00  -5.6168900e+00   6.8499600e+00   3.4011900e+00   5.6881300e+00   3.4011900e+00  -1.2278400e+07
   7.4784200e+00  -5.6167300e+00   6.8499700e+00   3.4011600e+00   5.6880900e+00   3.4012000e+00  -1.2278400e+07
   7.4784300e+00  -5.6166500e+00   6.8499700e+00   3.4011900e+00   5.6881000e+00   3.4012000e+00  -1.2278400e+07
   7.4780700e+00  -5.6163600e+00   6.8499200e+00   3.4011700e+00   5.6882600e+00   3.4012000e+00  -1.2278400e+07
   7.4780700e+00  -5.6163800e+00   6.8499400e+00   3.4011900e+00   5.6881700e+00   3.4012000e+00  -1.2278400e+07
   7.4781200e+00  -5.6162000e+00   6.8499200e+00   3.4011900e+00   5.6881500e+00   3.4011900e+00  -1.2278400e+07
   7.4778500e+00  -5.6162500e+00   6.8498200e+00   3.4011900e+00   5.6882700e+00   3.4011900e+00  -1.2278400e+07
   7.4778200e+00  -5.6159800e+00   6.8500200e+00   3.4012000e+00   5.6882100e+00   3.4011900e+00  -1.2278400e+07
   7.4776400e+00  -5.6158600e+00   6.8498300e+00   3.4011900e+00   5.6882300e+00   3.4012000e+00  -1.2278400e+07
   7.4774800e+00  -5.6157500e+00   6.8500000e+00   3.4011800e+00   5.6882500e+00   3.4012000e+00  -1.2278400e+07
   7.4774000e+00  -5.6155300e+00   6.8500100e+00   3.4012000e+00   5.6881900e+00   3.4012000e+00  -1.2278400e+07
   7.4774400e+00  -5.6156700e+00   6.8499900e+00   3.4011900e+00   5.6882200e+00   3.4012000e+00  -1.2278400e+07
   7.4774600e+00  -5.6155500e+00   6.8499900e+00   3.4011900e+00   5.6881700e+00   3.4012000e+00  -1.2278400e+07
   7.4776300e+00  -5.6155000e+00   6.8500800e+00   3.4012000e+00   5.6881800e+00   3.4012000e+00  -1.2278400e+07
   7.4774600e+00  -5.6157400e+00   6.8498800e+00   3.4011900e+00   5.6881400e+00   3.4011900e+00  -1.2278400e+07
   7.4776800e+00  -5.6157400e+00   6.8499800e+00   3.4011900e+00   5.6880800e+00   3.4012000e+00  -1.2278400e+07
   7.4775000e+00  -5.6158100e+00   6.8499000e+00   3.4012000e+00   5.6882300e+00   3.4012000e+00  -1.2278400e+07
   7.4775600e+00  -5.6156100e+00   6.8498700e+00   3.4011900e+00   5.6880600e+00   3.4012000e+00  -1.2278400e+07
   7.4774500e+00  -5.6154600e+00   6.8499900e+00   3.4011800e+00   5.6881600e+00   3.4012000e+00  -1.2278400e+07
   7.4773700e+00  -5.6154700e+00   6.8498500e+00   3.4011800e+00   5.6881300e+00   3.4012000e+00  -1.2278400e+07
   7.4773200e+00  -5.6153900e+00   6.8500400e+00   3.4011800e+00   5.6883400e+00   3.4012000e+00  -1.2278400e+07
   7.4774100e+00  -5.6155700e+00   6.8498900e+00   3.4011900e+00   5.6882700e+00   3.4011900e+00  -1.2278400e+07
   7.4775300e+00  -5.6155900e+00   6.8500500e+00   3.4011800e+00   5.6882200e+00   3.4012000e+00  -1.2278400e+07
   7.4776300e+00  -5.6156300e+00   6.8499600e+00   3.4011900e+00   5.6881700e+00   3.4012000e+00  -1.2278400e+07
   7.4775800e+00  -5.6156000e+00   6.8499700e+00   3.4011900e+00   5.6882300e+00   3.4012000e+00  -1.2278400e+07
   7.4776000e+00  -5.6156300e+00   6.8500300e+00   3.4011900e+00   5.6882400e+00   3.4012000e+00  -1.2278400e+07
   7.4774700e+00  -5.6156000e+00   6.8498000e+00   3.4011900e+00   5.6881000e+00   3.4012000e+00  -1.2278400e+07
   7.4776000e+00  -5.6157400e+00   6.8499000e+00   3.4011900e+00   5.6881700e+00   3.4012000e+00  -1.2278400e+07
   7.4776400e+00  -5.6157100e+00   6.8500600e+00   3.4011700e+00   5.6882800e+00   3.4012000e+00  -1.2278400e+07
   7.4778700e+00  -5.6157800e+00   6.8499900e+00   3.4011900e+00   5.6881200e+00   3.4012000e+00  -1.2278400e+07
   7.4782300e+00  -5.6163000e+00   6.8499700e+00   3.4011600e+00   5.6882500e+00   3.4012000e+00  -1.2278400e+07
   7.4782400e+00  -5.6163200e+00   6.8500100e+00   3.4011900e+00   5.6881600e+00   3.4012000e+00  -1.2278400e+07
   7.4781600e+00  -5.6163700e+00   6.8499500e+00   3.4011900e+00   5.6881200e+00   3.4012000e+00  -1.2278400e+07
   7.4786600e+00  -5.6166400e+00   6.8499400e+00   3.4011700e+00   5.6881100e+00   3.4012000e+00  -1.2278400e+07
   7.4783500e+00  -5.6165800e+00   6.8500100e+00   3.4011700e+00   5.6881700e+00   3.4012000e+00  -1.2278400e+07
   7.4780900e+00  -5.6162300e+00   6.8499600e+00   3.4011900e+00   5.6882100e+00   3.4012000e+00  -1.2278400e+07
   7.4779300e+00  -5.6159500e+00   6.8500100e+00   3.4011700e+00   5.6882300e+00   3.4012000e+00  -1.2278400e+07
   7.4774700e+00  -5.6156100e+00   6.8498700e+00   3.4011900e+00   5.6882000e+00   3.4012000e+00  -1.2278400e+07
   7.4777200e+00  -5.6157300e+00   6.8499300e+00   3.4011900e+00   5.6881500e+00   3.4012000e+00  -1.2278400e+07
   7.4774600e+00  -5.6157700e+00   6.8499100e+00   3.4012000e+00   5.6882100e+00   3.4012000e+00  -1.2278400e+07
   7.4778600e+00  -5.6158300e+00   6.8499100e+00   3.4011600e+00   5.6882300e+00   3.4012000e+00  -1.2278400e+07
   7.4778900e+00  -5.6159900e+00   6.8498800e+00   3.4012000e+00   5.6882000e+00   3.4012000e+00  -1.2278400e+07
   7.4779100e+00  -5.6161600e+00   6.8499300e+00   3.4012000e+00   5.6881600e+00   3.4012000e+00  -1.2278400e+07
   7.4783500e+00  -5.6165100e+00   6.8499800e+00   3.4011900e+00   5.6882200e+00   3.4012000e+00  -1.2278400e+07
   7.4780400e+00  -5.6163600e+00   6.8499600e+00   3.4011900e+00   5.6882000e+00   3.4011900e+00  -1.2278400e+07
   7.4779600e+00  -5.6162000e+00   6.8500600e+00   3.4011900e+00   5.6881800e+00   3.4012000e+00  -1.2278400e+07
   7.4779500e+00  -5.6161600e+00   6.8498800e+00   3.4011900e+00   5.6881900e+00   3.4012000e+00  -1.2278400e+07
   7.4775000e+00  -5.6158600e+00   6.8498100e+00   3.4011900e+00   5.6881600e+00   3.4012000e+00  -1.2278400e+07
   7.4772600e+00  -5.6155400e+00   6.8498500e+00   3.4011800e+00   5.6882100e+00   3.4011900e+00  -1.2278400e+07
   7.4774400e+00  -5.6156200e+00   6.8499900e+00   3.4011900e+00   5.6882000e+00   3.4012000e+00  -1.2278400e+07
   7.4777100e+00  -5.6159400e+00   6.8499000e+00   3.4012000e+00   5.6882800e+00   3.4012000e+00  -1.2278400e+07
   7.4783200e+00  -5.6162700e+00   6.8498700e+00   3.4011700e+00   5.6881400e+00   3.4012000e+00  -1.2278400e+07
   7.4786400e+00  -5.6169000e+00   6.8499800e+00   3.4012000e+00   5.6881500e+00   3.4012000e+00  -1.2278400e+07
   7.4787700e+00  -5.6170500e+00   6.8500400e+00   3.4011900e+00   5.6882500e+00   3.4012000e+00  -1.2278400e+07
   7.4792400e+00  -5.6174300e+00   6.8499900e+00   3.4011800e+00   5.6880800e+00   3.4012000e+00  -1.2278400e+07
   7.4789000e+00  -5.6175500e+00   6.8499200e+00   3.4011900e+00   5.6882800e+00   3.4012000e+00  -1.2278400e+07
   7.4787800e+00  -5.6171600e+00   6.8499200e+00   3.4011900e+00   5.6881800e+00   3.4012000e+00  -1.2278400e+07
   7.4789600e+00  -5.6171500e+00   6.8499200e+00   3.4011900e+00   5.6881700e+00   3.4012000e+00  -1.2278400e+07
   7.4791200e+00  -5.6177200e+00   6.8498600e+00   3.4011900e+00   5.6882000e+00   3.4012000e+00  -1.2278400e+07
   7.4794300e+00  -5.6178800e+00   6.8501100e+00   3.4011700e+00   5.6883000e+00   3.4012000e+00  -1.2278400e+07
   7.4798300e+00  -5.6181200e+00   6.8500200e+00   3.4011900e+00   5.6881700e+00   3.4012000e+00  -1.2278400e+07
   7.4800700e+00  -5.6185200e+00   6.8500400e+00   3.4011900e+00   5.6882100e+00   3.4012000e+00  -1.2278400e+07
   7.4800400e+00  -5.6185900e+00   6.8500200e+00   3.4011900e+00   5.6881700e+00   3.4012000e+00  -1.2278400e+07
   7.4799700e+00  -5.6186700e+00   6.8499500e+00   3.4011800e+00   5.6882000e+00   3.4012000e+00  -1.2278400e+07
   7.4805300e+00  -5.6189900e+00   6.8501600e+00   3.4012000e+00   5.6880500e+00   3.4012000e+00  -1.2278400e+07
   7.4802000e+00  -5.6186800e+00   6.8500100e+00   3.4011900e+00   5.6881200e+00   3.4011900e+00  -1.2278400e+07
   7.4799700e+00  -5.6184700e+00   6.8500000e+00   3.4012000e+00   5.6881700e+00   3.4012000e+00  -1.2278400e+07
   7.4803000e+00  -5.6187500e+00   6.8500800e+00   3.4011800e+00   5.6881100e+00   3.4011900e+00  -1.2278400e+07
   7.4804700e+00  -5.6191500e+00   6.8499600e+00   3.4011700e+00   5.6881600e+00   3.4011900e+00  -1.2278400e+07
   7.4807000e+00  -5.6191500e+00   6.8500600e+00   3.4012000e+00   5.6882700e+00   3.4012000e+00  -1.2278400e+07
   7.4809400e+00  -5.6195400e+00   6.8499900e+00   3.4011900e+00   5.6882300e+00   3.4012000e+00  -1.2278400e+07
   7.4807200e+00  -5.6194000e+00   6.8500900e+00   3.4012000e+00   5.6882200e+00   3.4012000e+00  -1.2278400e+07
   7.4811300e+00  -5.6194900e+00   6.8501000e+00   3.4011900e+00   5.6881500e+00   3.4012000e+00  -1.2278400e+07
   7.4808100e+00  -5.6193400e+00   6.8501000e+00   3.4011900e+00   5.6882000e+00   3.4012000e+00  -1.2278400e+07
   7.4806300e+00  -5.6193500e+00   6.8499500e+00   3.4011900e+00   5.6882500e+00   3.4012000e+00  -1.2278400e+07
   7.4808700e+00  -5.6195700e+00   6.8500100e+00   3.4011900e+00   5.6881200e+00   3.4012000e+00  -1.2278400e+07
   7.4811700e+00  -5.6196600e+00   6.8501400e+00   3.4011900e+00   5.6882400e+00   3.4012000e+00  -1.2278400e+07
   7.4806500e+00  -5.6195900e+00   6.8499500e+00   3.4011800e+00   5.6881100e+00   3.4012000e+00  -1.2278400e+07
   7.4810000e+00  -5.6196900e+00   6.8500500e+00   3.4012000e+00   5.6882100e+00   3.4012000e+00  -1.2278400e+07
   7.4812400e+00  -5.6199100e+00   6.8501700e+00   3.4012000e+00   5.6882100e+00   3.4012000e+00  -1.2278400e+07
   7.4818200e+00  -5.6203100e+00   6.8500500e+00   3.4011900e+00   5.6881300e+00   3.4012000e+00  -1.2278400e+07
   7.4818200e+00  -5.6206400e+00   6.8500200e+00   3.4011800e+00   5.6881700e+00   3.4012000e+00  -1.2278400e+07
   7.4820100e+00  -5.6208100e+00   6.8499900e+00   3.4011900e+00   5.6880800e+00   3.4012000e+00  -1.2278400e+07
   7.4815700e+00  -5.6205700e+00   6.8500100e+00   3.4011900e+00   5.6881900e+00   3.4012000e+00  -1.2278400e+07
   7.4815400e+00  -5.6203700e+00   6.8500000e+00   3.4011900e+00   5.6881600e+00   3.4012000e+00  -1.2278400e+07
   7.4820500e+00  -5.6208000e+00   6.8501900e+00   3.4011900e+00   5.6881900e+00   3.4012000e+00  -1.2278400e+07
   7.4815400e+00  -5.6203000e+00   6.8500600e+00   3.4011500e+00   5.6881300e+00   3.4012000e+00  -1.2278400e+07
   7.4816900e+00  -5.6204000e+00   6.8500300e+00   3.4011900e+00   5.6881200e+00   3.4012000e+00  -1.2278400e+07
   7.4813900e+00  -5.6201200e+00   6.8500500e+00   3.4011900e+00   5.6882400e+00   3.4012000e+00  -1.2278400e+07
   7.4820400e+00  -5.6205400e+00   6.8501700e+00   3.4011900e+00   5.6882000e+00   3.4012000e+00  -1.2278400e+07
   7.4820700e+00  -5.6206300e+00   6.8500700e+00   3.4011900e+00   5.6880800e+00   3.4011900e+00  -1.2278400e+07
   7.4818200e+00  -5.6209400e+00   6.8500600e+00   3.4011900e+00   5.6882800e+00   3.4012000e+00  -1.2278400e+07
   7.4817700e+00  -5.6207900e+00   6.8500600e+00   3.4011900e+00   5.6882000e+00   3.4011900e+00  -1.2278400e+07
   7.4820700e+00  -5.6206600e+00   6.8501800e+00   3.4011900e+00   5.6881700e+00   3.4012000e+00  -1.2278400e+07
   7.4818700e+00  -5.6203000e+00   6.8500900e+00   3.4011900e+00   5.6881400e+00   3.4012000e+00  -1.2278400e+07
   7.4814100e+00  -5.6202100e+00   6.8500800e+00   3.4011900e+00   5.6881300e+00   3.4011900e+00  -1.2278400e+07
   7.4817500e+00  -5.6203900e+00   6.8500900e+00   3.4011900e+00   5.6881400e+00   3.4011900e+00  -1.2278400e+07
   7.4821000e+00  -5.6207200e+00   6.8501000e+00   3.4011900e+00   5.6881300e+00   3.4012000e+00  -1.2278400e+07
   7.4812800e+00  -5.6202900e+00   6.8499700e+00   3.4011900e+00   5.6882200e+00   3.4012000e+00  -1.2278400e+07
   7.4818600e+00  -5.6202600e+00   6.8502100e+00   3.4011900e+00   5.6881300e+00   3.4012000e+00  -1.2278400e+07
   7.4820600e+00  -5.6205800e+00   6.8501500e+00   3.4011700e+00   5.6881800e+00   3.4012000e+00  -1.2278400e+07
   7.4818100e+00  -5.6204400e+00   6.8500000e+00   3.4011900e+00   5.6881800e+00   3.4012000e+00  -1.2278400e+07
   7.4814100e+00  -5.6202000e+00   6.8500100e+00   3.4011900e+00   5.6882200e+00   3.4012000e+00  -1.2278400e+07
   7.4809900e+00  -5.6199100e+00   6.8500500e+00   3.4011900e+00   5.6881300e+00   3.4011900e+00  -1.2278400e+07
   7.4809100e+00  -5.6196500e+00   6.8500200e+00   3.4011900e+00   5.6881900e+00   3.4011900e+00  -1.2278400e+07
   7.4808100e+00  -5.6195500e+00   6.8500000e+00   3.4011900e+00   5.6881700e+00   3.4012000e+00  -1.2278400e+07
   7.4808800e+00  -5.6195400e+00   6.8501100e+00   3.4011900e+00   5.6881700e+00   3.4012000e+00  -1.2278400e+07
   7.4814400e+00  -5.6199100e+00   6.8501400e+00   3.4011900e+00   5.6881400e+00   3.4012000e+00  -1.2278400e+07
   7.4808100e+00  -5.6195200e+00   6.8499600e+00   3.4012000e+00   5.6882200e+00   3.4012000e+00  -1.2278400e+07
   7.4807800e+00  -5.6191800e+00   6.8500300e+00   3.4011900e+00   5.6882500e+00   3.4011900e+00  -1.2278400e+07
   7.4806600e+00  -5.6190200e+00   6.8500900e+00   3.4011900e+00   5.6881800e+00   3.4012000e+00  -1.2278400e+07
   7.4807300e+00  -5.6192100e+00   6.8500400e+00   3.4011900e+00   5.6881500e+00   3.4012000e+00  -1.2278400e+07
   7.4810000e+00  -5.6195400e+00   6.8500800e+00   3.4011900e+00   5.6881500e+00   3.4012000e+00  -1.2278400e+07
   7.4806600e+00  -5.6191900e+00   6.8501000e+00   3.4011900e+00   5.6882300e+00   3.4012000e+00  -1.2278400e+07
   7.4807500e+00  -5.6191600e+00   6.8501000e+00   3.4012000e+00   5.6881500e+00   3.4012000e+00  -1.2278400e+07
   7.4803900e+00  -5.6188200e+00   6.8501500e+00   3.4011900e+00   5.6881200e+00   3.4012000e+00  -1.2278400e+07
   7.4806500e+00  -5.6189400e+00   6.8500800e+00   3.4011900e+00   5.6881800e+00   3.4012000e+00  -1.2278400e+07
   7.4802400e+00  -5.6188100e+00   6.8500000e+00   3.4011900e+00   5.6881300e+00   3.4012000e+00  -1.2278400e+07
   7.4800900e+00  -5.6187400e+00   6.8500200e+00   3.4011800e+00   5.6882800e+00   3.4012000e+00  -1.2278400e+07
   7.4796100e+00  -5.6181000e+00   6.8499900e+00   3.4011700e+00   5.6881000e+00   3.4012000e+00  -1.2278400e+07
   7.4799500e+00  -5.6184400e+00   6.8500000e+00   3.4011900e+00   5.6882100e+00   3.4012000e+00  -1.2278400e+07
   7.4802700e+00  -5.6188100e+00   6.8501300e+00   3.4012000e+00   5.6881600e+00   3.4012000e+00  -1.2278400e+07
   7.4806000e+00  -5.6191200e+00   6.8500100e+00   3.4011900e+00   5.6881100e+00   3.4012000e+00  -1.2278400e+07
   7.4810600e+00  -5.6196300e+00   6.8500600e+00   3.4011900e+00   5.6881600e+00   3.4012000e+00  -1.2278400e+07
   7.4810100e+00  -5.6195600e+00   6.8501300e+00   3.4011600e+00   5.6881800e+00   3.4012000e+00  -1.2278400e+07
   7.4810600e+00  -5.6196800e+00   6.8500500e+00   3.4011800e+00   5.6882200e+00   3.4012000e+00  -1.2278400e+07
   7.4811200e+00  -5.6199900e+00   6.8500400e+00   3.4011900e+00   5.6882400e+00   3.4011900e+00  -1.2278400e+07
   7.4815100e+00  -5.6200800e+00   6.8501200e+00   3.4011900e+00   5.6880900e+00   3.4012000e+00  -1.2278400e+07
   7.4806200e+00  -5.6192800e+00   6.8500300e+00   3.4011900e+00   5.6882300e+00   3.4012000e+00  -1.2278400e+07
   7.4807600e+00  -5.6194100e+00   6.8500800e+00   3.4012000e+00   5.6881700e+00   3.4011900e+00  -1.2278400e+07
   7.4806400e+00  -5.6192700e+00   6.8500700e+00   3.4011900e+00   5.6882200e+00   3.4012000e+00  -1.2278400e+07
   7.4810800e+00  -5.6194700e+00   6.8501700e+00   3.4011900e+00   5.6881600e+00   3.4012000e+00  -1.2278400e+07
   7.4811300e+00  -5.6196100e+00   6.8500500e+00   3.4011900e+00   5.6881800e+00   3.4012000e+00  -1.2278400e+07
   7.4809300e+00  -5.6194600e+00   6.8500400e+00   3.4011900e+00   5.6882300e+00   3.4012000e+00  -1.2278400e+07
   7.4804000e+00  -5.6188300e+00   6.8500600e+00   3.4011800e+00   5.6881200e+00   3.4012000e+00  -1.2278400e+07
   7.4802000e+00  -5.6190200e+00   6.8499800e+00   3.4011800e+00   5.6882200e+00   3.4012000e+00  -1.2278400e+07
   7.4798300e+00  -5.6184700e+00   6.8498800e+00   3.4011900e+00   5.6882200e+00   3.4012000e+00  -1.2278400e+07
   7.4796500e+00  -5.6182000e+00   6.8500300e+00   3.4011800e+00   5.6881700e+00   3.4012000e+00  -1.2278400e+07
   7.4800500e+00  -5.6183800e+00   6.8501000e+00   3.4012000e+00   5.6882100e+00   3.4012000e+00  -1.2278400e+07
   7.4802500e+00  -5.6186200e+00   6.8500000e+00   3.4012000e+00   5.6881400e+00   3.4012000e+00  -1.2278400e+07
   7.4795300e+00  -5.6181800e+00   6.8500300e+00   3.4011900e+00   5.6881800e+00   3.4012000e+00  -1.2278400e+07
   7.4796000e+00  -5.6181900e+00   6.8499400e+00   3.4011900e+00   5.6882400e+00   3.4012000e+00  -1.2278400e+07
   7.4800600e+00  -5.6183700e+00   6.8500300e+00   3.4011800e+00   5.6881800e+00   3.4012000e+00  -1.2278400e+07
   7.4805800e+00  -5.6191300e+00   6.8500100e+00   3.4011900e+00   5.6881100e+00   3.4012000e+00  -1.2278400e+07
   7.4800200e+00  -5.6187300e+00   6.8499200e+00   3.4011300e+00   5.6882100e+00   3.4011900e+00  -1.2278400e+07
   7.4806500e+00  -5.6192200e+00   6.8499700e+00   3.4011300e+00   5.6881800e+00   3.4012000e+00  -1.2278400e+07
   7.4811300e+00  -5.6197600e+00   6.8499700e+00   3.4011800e+00   5.6881900e+00   3.4011900e+00  -1.2278400e+07
   7.4815400e+00  -5.6202300e+00   6.8501000e+00   3.4011800e+00   5.6881500e+00   3.4012000e+00  -1.2278400e+07
   7.4805500e+00  -5.6191600e+00   6.8500300e+00   3.4012000e+00   5.6881600e+00   3.4012000e+00  -1.2278400e+07
   7.4805600e+00  -5.6191000e+00   6.8499800e+00   3.4011900e+00   5.6881300e+00   3.4012000e+00  -1.2278400e+07
   7.4804100e+00  -5.6191400e+00   6.8499500e+00   3.4011900e+00   5.6882100e+00   3.4011900e+00  -1.2278400e+07
   7.4806900e+00  -5.6189500e+00   6.8500400e+00   3.4012000e+00   5.6880900e+00   3.4012000e+00  -1.2278400e+07
   7.4804300e+00  -5.6188500e+00   6.8500000e+00   3.4011900e+00   5.6880900e+00   3.4011900e+00  -1.2278400e+07
   7.4804400e+00  -5.6189800e+00   6.8500300e+00   3.4011600e+00   5.6882500e+00   3.4012000e+00  -1.2278400e+07
   7.4807400e+00  -5.6193700e+00   6.8499600e+00   3.4011900e+00   5.6881800e+00   3.4012000e+00  -1.2278400e+07
   7.4807100e+00  -5.6193500e+00   6.8499500e+00   3.4012000e+00   5.6882300e+00   3.4011900e+00  -1.2278400e+07
   7.4808100e+00  -5.6194200e+00   6.8500300e+00   3.4011900e+00   5.6882200e+00   3.4012000e+00  -1.2278400e+07
   7.4810400e+00  -5.6194900e+00   6.8500900e+00   3.4011700e+00   5.6881300e+00   3.4012000e+00  -1.2278400e+07
   7.4806700e+00  -5.6192600e+00   6.8499900e+00   3.4011900e+00   5.6882400e+00   3.4011900e+00  -1.2278400e+07
   7.4806500e+00  -5.6189500e+00   6.8501800e+00   3.4011900e+00   5.6881400e+00   3.4012000e+00  -1.2278400e+07
   7.4807900e+00  -5.6192800e+00   6.8500600e+00   3.4011900e+00   5.6881400e+00   3.4012000e+00  -1.2278400e+07
   7.4807900e+00  -5.6195100e+00   6.8500800e+00   3.4012000e+00   5.6881900e+00   3.4012000e+00  -1.2278400e+07
   7.4811100e+00  -5.6195200e+00   6.8501300e+00   3.4011900e+00   5.6881200e+00   3.4012000e+00  -1.2278400e+07
   7.4808700e+00  -5.6193200e+00   6.8501000e+00   3.4011800e+00   5.6882300e+00   3.4012000e+00  -1.2278400e+07
   7.4805100e+00  -5.6191800e+00   6.8500300e+00   3.4011900e+00   5.6881700e+00   3.4011900e+00  -1.2278400e+07
   7.4808200e+00  -5.6192400e+00   6.8501400e+00   3.4011900e+00   5.6882100e+00   3.4012000e+00  -1.2278400e+07
   7.4808700e+00  -5.6191800e+00   6.8500500e+00   3.4012000e+00   5.6881700e+00   3.4012000e+00  -1.2278400e+07
   7.4807700e+00  -5.6193900e+00   6.8500200e+00   3.4011900e+00   5.6881900e+00   3.4012000e+00  -1.2278400e+07
   7.4812500e+00  -5.6198300e+00   6.8501300e+00   3.4011700e+00   5.6881900e+00   3.4011900e+00  -1.2278400e+07
   7.4807900e+00  -5.6196500e+00   6.8498900e+00   3.4012000e+00   5.6882200e+00   3.4012000e+00  -1.2278400e+07
   7.4810600e+00  -5.6197900e+00   6.8501300e+00   3.4011900e+00   5.6881200e+00   3.4012000e+00  -1.2278400e+07
   7.4807900e+00  -5.6194600e+00   6.8499800e+00   3.4011900e+00   5.6881000e+00   3.4012000e+00  -1.2278400e+07
   7.4812300e+00  -5.6200100e+00   6.8499600e+00   3.4011900e+00   5.6881100e+00   3.4011900e+00  -1.2278400e+07
   7.4810700e+00  -5.6198500e+00   6.8500500e+00   3.4011900e+00   5.6882000e+00   3.4012000e+00  -1.2278400e+07
   7.4817900e+00  -5.6200200e+00   6.8501700e+00   3.4011800e+00   5.6881400e+00   3.4012000e+00  -1.2278400e+07
   7.4812800e+00  -5.6196400e+00   6.8500800e+00   3.4011600e+00   5.6881100e+00   3.4012000e+00  -1.2278400e+07
   7.4807600e+00  -5.6194500e+00   6.8499700e+00   3.4011900e+00   5.6881700e+00   3.4012000e+00  -1.2278400e+07
   7.4802800e+00  -5.6189800e+00   6.8500200e+00   3.4011900e+00   5.6881600e+00   3.4012000e+00  -1.2278400e+07
   7.4805400e+00  -5.6190200e+00   6.8501400e+00   3.4011900e+00   5.6882000e+00   3.4012000e+00  -1.2278400e+07
   7.4805700e+00  -5.6193000e+00   6.8500000e+00   3.4012000e+00   5.6881700e+00   3.4012000e+00  -1.2278400e+07
   7.4805200e+00  -5.6194500e+00   6.8499800e+00   3.4011900e+00   5.6883000e+00   3.4011900e+00  -1.2278400e+07
   7.4803900e+00  -5.6191600e+00   6.8500300e+00   3.4011500e+00   5.6882800e+00   3.4012000e+00  -1.2278400e+07
   7.4807900e+00  -5.6192300e+00   6.8500800e+00   3.4011800e+00   5.6881500e+00   3.4012000e+00  -1.2278400e+07
   7.4811300e+00  -5.6198000e+00   6.8500800e+00   3.4011900e+00   5.6881400e+00   3.4012000e+00  -1.2278400e+07
   7.4808900e+00  -5.6192500e+00   6.8500300e+00   3.4011900e+00   5.6881300e+00   3.4011900e+00  -1.2278400e+07
   7.4808500e+00  -5.6193400e+00   6.8500200e+00   3.4011900e+00   5.6880700e+00   3.4012000e+00  -1.2278400e+07
   7.4803100e+00  -5.6190900e+00   6.8500700e+00   3.4011900e+00   5.6883300e+00   3.4012000e+00  -1.2278400e+07
   7.4806900e+00  -5.6191200e+00   6.8500800e+00   3.4011800e+00   5.6881900e+00   3.4012000e+00  -1.2278400e+07
   7.4804800e+00  -5.6190900e+00   6.8500900e+00   3.4011700e+00   5.6881700e+00   3.4012000e+00  -1.2278400e+07
