   7.0733300e+00  -5.1606900e+00   6.8232900e+00   3.0407000e+00   5.6909800e+00   3.4011900e+00  -9.2216500e+06
   7.0731300e+00  -5.1608700e+00   6.8229500e+00   3.0407400e+00   5.6909900e+00   3.4011900e+00  -9.2216500e+06
   7.0736000e+00  -5.1609000e+00   6.8232000e+00   3.0407200e+00   5.6909100e+00   3.4011900e+00  -9.2216500e+06
   7.0734300e+00  -5.1609800e+00   6.8232300e+00   3.0407500e+00   5.6908500e+00   3.4012000e+00  -9.2216500e+06
   7.0734300e+00  -5.1609300e+00   6.8231900e+00   3.0408300e+00   5.6909500e+00   3.4012000e+00  -9.2216400e+06
   7.0730900e+00  -5.1607500e+00   6.8231600e+00   3.0408100e+00   5.6909600e+00   3.4011900e+00  -9.2216500e+06
   7.0730900e+00  -5.1607700e+00   6.8230700e+00   3.0408300e+00   5.6909800e+00   3.4011900e+00  -9.2216500e+06
   7.0734500e+00  -5.1608900e+00   6.8232000e+00   3.0407900e+00   5.6909900e+00   3.4012000e+00  -9.2216400e+06
   7.0733700e+00  -5.1608100e+00   6.8231900e+00   3.0408200e+00   5.6910400e+00   3.4012000e+00  -9.2216500e+06
   7.0733400e+00  -5.1608800e+00   6.8231000e+00   3.0408900e+00   5.6909100e+00   3.4012000e+00  -9.2216500e+06
   7.0734500e+00  -5.1608400e+00   6.8231000e+00   3.0409000e+00   5.6909700e+00   3.4012000e+00  -9.2216500e+06
   7.0729900e+00  -5.1608200e+00   6.8230700e+00   3.0408000e+00   5.6910300e+00   3.4012000e+00  -9.2216500e+06
   7.0730400e+00  -5.1606300e+00   6.8231500e+00   3.0407000e+00   5.6909300e+00   3.4011900e+00  -9.2216500e+06
   7.0732000e+00  -5.1607400e+00   6.8230400e+00   3.0407200e+00   5.6909800e+00   3.4012000e+00  -9.2216500e+06
   7.0732700e+00  -5.1608200e+00   6.8230800e+00   3.0408200e+00   5.6910000e+00   3.4011900e+00  -9.2216500e+06
   7.0732800e+00  -5.1609300e+00   6.8229900e+00   3.0408200e+00   5.6909000e+00   3.4011900e+00  -9.2216500e+06
   7.0735200e+00  -5.1609200e+00   6.8232900e+00   3.0407800e+00   5.6909000e+00   3.4012000e+00  -9.2216500e+06
   7.0738800e+00  -5.1609300e+00   6.8236700e+00   3.0408600e+00   5.6910800e+00   3.4012000e+00  -9.2216500e+06
   7.0732900e+00  -5.1609100e+00   6.8231800e+00   3.0409200e+00   5.6910600e+00   3.4011900e+00  -9.2216500e+06
   7.0735100e+00  -5.1608100e+00   6.8230800e+00   3.0409500e+00   5.6908900e+00   3.4012000e+00  -9.2216500e+06
   7.0734400e+00  -5.1606300e+00   6.8234300e+00   3.0410300e+00   5.6910100e+00   3.4012000e+00  -9.2216500e+06
   7.0730400e+00  -5.1606600e+00   6.8230000e+00   3.0410000e+00   5.6910100e+00   3.4012000e+00  -9.2216500e+06
   7.0734100e+00  -5.1607600e+00   6.8231900e+00   3.0409200e+00   5.6909600e+00   3.4012000e+00  -9.2216500e+06
   7.0731700e+00  -5.1608300e+00   6.8232200e+00   3.0409600e+00   5.6911000e+00   3.4012000e+00  -9.2216500e+06
   7.0732700e+00  -5.1608000e+00   6.8232000e+00   3.0409400e+00   5.6909500e+00   3.4011900e+00  -9.2216500e+06
   7.0731700e+00  -5.1607100e+00   6.8231700e+00   3.0408500e+00   5.6910300e+00   3.4011900e+00  -9.2216500e+06
   7.0733900e+00  -5.1607800e+00   6.8233000e+00   3.0407400e+00   5.6908500e+00   3.4011900e+00  -9.2216500e+06
   7.0732600e+00  -5.1607700e+00   6.8231800e+00   3.0409400e+00   5.6909700e+00   3.4011900e+00  -9.2216500e+06
   7.0730100e+00  -5.1606800e+00   6.8231100e+00   3.0408800e+00   5.6910300e+00   3.4012000e+00  -9.2216500e+06
   7.0734200e+00  -5.1606000e+00   6.8232600e+00   3.0408900e+00   5.6908900e+00   3.4012000e+00  -9.2216500e+06
   7.0732800e+00  -5.1606200e+00   6.8233200e+00   3.0409000e+00   5.6909400e+00   3.4012000e+00  -9.2216500e+06
   7.0729200e+00  -5.1604300e+00   6.8230600e+00   3.0408500e+00   5.6909900e+00   3.4011900e+00  -9.2216500e+06
   7.0728500e+00  -5.1605100e+00   6.8228600e+00   3.0407600e+00   5.6909700e+00   3.4012000e+00  -9.2216500e+06
   7.0731000e+00  -5.1606500e+00   6.8230600e+00   3.0409600e+00   5.6909300e+00   3.4012000e+00  -9.2216500e+06
   7.0730400e+00  -5.1606800e+00   6.8233400e+00   3.0410200e+00   5.6910500e+00   3.4012000e+00  -9.2216500e+06
   7.0731600e+00  -5.1606400e+00   6.8231600e+00   3.0409800e+00   5.6910000e+00   3.4011900e+00  -9.2216500e+06
   7.0733300e+00  -5.1607000e+00   6.8231000e+00   3.0410400e+00   5.6908000e+00   3.4011900e+00  -9.2216500e+06
   7.0732900e+00  -5.1606900e+00   6.8232900e+00   3.0411200e+00   5.6909200e+00   3.4012000e+00  -9.2216500e+06
   7.0728700e+00  -5.1605900e+00   6.8230800e+00   3.0411500e+00   5.6910200e+00   3.4012000e+00  -9.2216500e+06
   7.0730700e+00  -5.1606300e+00   6.8230700e+00   3.0411200e+00   5.6910800e+00   3.4011900e+00  -9.2216500e+06
   7.0730200e+00  -5.1606400e+00   6.8230700e+00   3.0411800e+00   5.6911400e+00   3.4011900e+00  -9.2216600e+06
   7.0731000e+00  -5.1606200e+00   6.8230500e+00   3.0413400e+00   5.6909600e+00   3.4011900e+00  -9.2216600e+06
   7.0729300e+00  -5.1605400e+00   6.8231700e+00   3.0414700e+00   5.6909200e+00   3.4012000e+00  -9.2216600e+06
   7.0731900e+00  -5.1603900e+00   6.8233000e+00   3.0414600e+00   5.6910000e+00   3.4012000e+00  -9.2216600e+06
   7.0726200e+00  -5.1602700e+00   6.8230600e+00   3.0414000e+00   5.6911100e+00   3.4011900e+00  -9.2216600e+06
   7.0726200e+00  -5.1601100e+00   6.8228900e+00   3.0413800e+00   5.6909300e+00   3.4011900e+00  -9.2216700e+06
   7.0729000e+00  -5.1601700e+00   6.8232800e+00   3.0413700e+00   5.6909900e+00   3.4011900e+00  -9.2216700e+06
   7.0725300e+00  -5.1601400e+00   6.8230300e+00   3.0414400e+00   5.6911200e+00   3.4011900e+00  -9.2216700e+06
   7.0727300e+00  -5.1600700e+00   6.8231300e+00   3.0414500e+00   5.6908300e+00   3.4012000e+00  -9.2216700e+06
   7.0727400e+00  -5.1601100e+00   6.8231600e+00   3.0414300e+00   5.6910600e+00   3.4011900e+00  -9.2216700e+06
   7.0727200e+00  -5.1600800e+00   6.8232600e+00   3.0414200e+00   5.6910200e+00   3.4012000e+00  -9.2216700e+06
   7.0723800e+00  -5.1600400e+00   6.8231400e+00   3.0412800e+00   5.6910700e+00   3.4012000e+00  -9.2216700e+06
   7.0727200e+00  -5.1599700e+00   6.8231200e+00   3.0413500e+00   5.6910900e+00   3.4012000e+00  -9.2216700e+06
   7.0725600e+00  -5.1598800e+00   6.8228700e+00   3.0413500e+00   5.6910100e+00   3.4012000e+00  -9.2216700e+06
   7.0725900e+00  -5.1598100e+00   6.8230900e+00   3.0412300e+00   5.6908200e+00   3.4011900e+00  -9.2216700e+06
   7.0725100e+00  -5.1598000e+00   6.8231600e+00   3.0412800e+00   5.6909700e+00   3.4012000e+00  -9.2216700e+06
   7.0727100e+00  -5.1598000e+00   6.8231700e+00   3.0413200e+00   5.6909400e+00   3.4012000e+00  -9.2216700e+06
   7.0725300e+00  -5.1597800e+00   6.8232100e+00   3.0412500e+00   5.6910300e+00   3.4012000e+00  -9.2216700e+06
   7.0721200e+00  -5.1597400e+00   6.8231900e+00   3.0412400e+00   5.6911200e+00   3.4012000e+00  -9.2216700e+06
   7.0722700e+00  -5.1596900e+00   6.8230200e+00   3.0412500e+00   5.6910600e+00   3.4012000e+00  -9.2216700e+06
   7.0723900e+00  -5.1597000e+00   6.8230900e+00   3.0413400e+00   5.6909700e+00   3.4011900e+00  -9.2216700e+06
   7.0722800e+00  -5.1596700e+00   6.8230700e+00   3.0413200e+00   5.6909500e+00   3.4012000e+00  -9.2216700e+06
   7.0725900e+00  -5.1596400e+00   6.8231400e+00   3.0412100e+00   5.6909100e+00   3.4012000e+00  -9.2216700e+06
   7.0723900e+00  -5.1596800e+00   6.8231000e+00   3.0412600e+00   5.6909100e+00   3.4012000e+00  -9.2216700e+06
   7.0724000e+00  -5.1595700e+00   6.8231900e+00   3.0412900e+00   5.6909300e+00   3.4011800e+00  -9.2216800e+06
   7.0722100e+00  -5.1595700e+00   6.8231500e+00   3.0413400e+00   5.6910100e+00   3.4012000e+00  -9.2216700e+06
   7.0724200e+00  -5.1595500e+00   6.8232200e+00   3.0412000e+00   5.6909900e+00   3.4012000e+00  -9.2216700e+06
   7.0725000e+00  -5.1595400e+00   6.8231000e+00   3.0412100e+00   5.6909600e+00   3.4012000e+00  -9.2216800e+06
   7.0723600e+00  -5.1595700e+00   6.8230800e+00   3.0413200e+00   5.6909900e+00   3.4012000e+00  -9.2216700e+06
   7.0724900e+00  -5.1596700e+00   6.8230700e+00   3.0413200e+00   5.6909600e+00   3.4012000e+00  -9.2216700e+06
   7.0721800e+00  -5.1596300e+00   6.8229600e+00   3.0411900e+00   5.6910800e+00   3.4011900e+00  -9.2216800e+06
   7.0725800e+00  -5.1595500e+00   6.8233200e+00   3.0412500e+00   5.6910000e+00   3.4012000e+00  -9.2216800e+06
   7.0722400e+00  -5.1595100e+00   6.8231800e+00   3.0412700e+00   5.6909900e+00   3.4011900e+00  -9.2216800e+06
   7.0724500e+00  -5.1595900e+00   6.8231700e+00   3.0412600e+00   5.6909400e+00   3.4012000e+00  -9.2216700e+06
   7.0725900e+00  -5.1596000e+00   6.8231300e+00   3.0412400e+00   5.6908400e+00   3.4011900e+00  -9.2216800e+06
   7.0724200e+00  -5.1595500e+00   6.8231600e+00   3.0412600e+00   5.6910100e+00   3.4011900e+00  -9.2216800e+06
   7.0721000e+00  -5.1595000e+00   6.8229900e+00   3.0412900e+00   5.6910700e+00   3.4012000e+00  -9.2216800e+06
   7.0720100e+00  -5.1595100e+00   6.8229200e+00   3.0413200e+00   5.6909400e+00   3.4012000e+00  -9.2216800e+06
   7.0723400e+00  -5.1596200e+00   6.8232000e+00   3.0413200e+00   5.6910400e+00   3.4012000e+00  -9.2216700e+06
   7.0720000e+00  -5.1596600e+00   6.8228500e+00   3.0413000e+00   5.6910000e+00   3.4012000e+00  -9.2216700e+06
   7.0724900e+00  -5.1597900e+00   6.8230500e+00   3.0413800e+00   5.6909700e+00   3.4012000e+00  -9.2216700e+06
   7.0722900e+00  -5.1597800e+00   6.8230000e+00   3.0412400e+00   5.6910700e+00   3.4012000e+00  -9.2216700e+06
   7.0720900e+00  -5.1598100e+00   6.8230000e+00   3.0412300e+00   5.6910700e+00   3.4012000e+00  -9.2216700e+06
   7.0724300e+00  -5.1598800e+00   6.8230600e+00   3.0412900e+00   5.6910400e+00   3.4011900e+00  -9.2216700e+06
   7.0726700e+00  -5.1598900e+00   6.8232100e+00   3.0413500e+00   5.6909200e+00   3.4012000e+00  -9.2216700e+06
   7.0724400e+00  -5.1599200e+00   6.8229500e+00   3.0413000e+00   5.6910000e+00   3.4011900e+00  -9.2216700e+06
   7.0725500e+00  -5.1598800e+00   6.8233200e+00   3.0412200e+00   5.6910500e+00   3.4012000e+00  -9.2216700e+06
   7.0721200e+00  -5.1598900e+00   6.8229600e+00   3.0413800e+00   5.6910400e+00   3.4012000e+00  -9.2216700e+06
   7.0723700e+00  -5.1599300e+00   6.8230900e+00   3.0414500e+00   5.6911400e+00   3.4012000e+00  -9.2216700e+06
   7.0722000e+00  -5.1598800e+00   6.8229000e+00   3.0413800e+00   5.6910400e+00   3.4012000e+00  -9.2216700e+06
   7.0726000e+00  -5.1599200e+00   6.8229900e+00   3.0413700e+00   5.6909600e+00   3.4011900e+00  -9.2216700e+06
   7.0723700e+00  -5.1600300e+00   6.8228800e+00   3.0414000e+00   5.6909300e+00   3.4012000e+00  -9.2216700e+06
   7.0728000e+00  -5.1600600e+00   6.8231500e+00   3.0414800e+00   5.6909300e+00   3.4012000e+00  -9.2216600e+06
   7.0728000e+00  -5.1600400e+00   6.8231300e+00   3.0415000e+00   5.6910700e+00   3.4011900e+00  -9.2216700e+06
   7.0727100e+00  -5.1599900e+00   6.8231000e+00   3.0414500e+00   5.6909000e+00   3.4012000e+00  -9.2216700e+06
   7.0726100e+00  -5.1599400e+00   6.8228200e+00   3.0415800e+00   5.6908800e+00   3.4012000e+00  -9.2216700e+06
   7.0724200e+00  -5.1598600e+00   6.8230400e+00   3.0416800e+00   5.6910500e+00   3.4011900e+00  -9.2216700e+06
   7.0724300e+00  -5.1599600e+00   6.8230200e+00   3.0417000e+00   5.6909300e+00   3.4012000e+00  -9.2216700e+06
   7.0726000e+00  -5.1599700e+00   6.8229200e+00   3.0416000e+00   5.6909200e+00   3.4011900e+00  -9.2216700e+06
   7.0729000e+00  -5.1600700e+00   6.8232500e+00   3.0414200e+00   5.6909500e+00   3.4011900e+00  -9.2216700e+06
   7.0724000e+00  -5.1599200e+00   6.8229400e+00   3.0413100e+00   5.6908900e+00   3.4011900e+00  -9.2216700e+06
   7.0725600e+00  -5.1600300e+00   6.8231500e+00   3.0412200e+00   5.6910200e+00   3.4012000e+00  -9.2216600e+06
   7.0723100e+00  -5.1600200e+00   6.8229100e+00   3.0411300e+00   5.6910200e+00   3.4011900e+00  -9.2216700e+06
   7.0725600e+00  -5.1600100e+00   6.8230000e+00   3.0411900e+00   5.6909000e+00   3.4011900e+00  -9.2216700e+06
   7.0723800e+00  -5.1600300e+00   6.8230900e+00   3.0411100e+00   5.6910500e+00   3.4012000e+00  -9.2216600e+06
   7.0726500e+00  -5.1600500e+00   6.8231800e+00   3.0410800e+00   5.6909600e+00   3.4012000e+00  -9.2216600e+06
   7.0727500e+00  -5.1601600e+00   6.8231100e+00   3.0410600e+00   5.6910000e+00   3.4011900e+00  -9.2216600e+06
   7.0729200e+00  -5.1601100e+00   6.8231800e+00   3.0410400e+00   5.6909700e+00   3.4012000e+00  -9.2216600e+06
   7.0727200e+00  -5.1601000e+00   6.8230900e+00   3.0410600e+00   5.6910500e+00   3.4012000e+00  -9.2216600e+06
   7.0727400e+00  -5.1600800e+00   6.8232000e+00   3.0409900e+00   5.6910900e+00   3.4012000e+00  -9.2216600e+06
   7.0728100e+00  -5.1601800e+00   6.8233000e+00   3.0409200e+00   5.6910800e+00   3.4012000e+00  -9.2216600e+06
   7.0726300e+00  -5.1603000e+00   6.8232000e+00   3.0409000e+00   5.6911500e+00   3.4012000e+00  -9.2216600e+06
   7.0727500e+00  -5.1602700e+00   6.8231800e+00   3.0409900e+00   5.6909500e+00   3.4011900e+00  -9.2216600e+06
   7.0729400e+00  -5.1602600e+00   6.8230900e+00   3.0409800e+00   5.6910200e+00   3.4011900e+00  -9.2216600e+06
   7.0731700e+00  -5.1601800e+00   6.8232700e+00   3.0409000e+00   5.6908700e+00   3.4011900e+00  -9.2216600e+06
   7.0726400e+00  -5.1602500e+00   6.8230500e+00   3.0408500e+00   5.6909600e+00   3.4012000e+00  -9.2216600e+06
   7.0727000e+00  -5.1601900e+00   6.8231300e+00   3.0409000e+00   5.6910500e+00   3.4012000e+00  -9.2216600e+06
   7.0729900e+00  -5.1602200e+00   6.8231900e+00   3.0408700e+00   5.6909900e+00   3.4012000e+00  -9.2216600e+06
   7.0725100e+00  -5.1601300e+00   6.8229200e+00   3.0408000e+00   5.6909300e+00   3.4012000e+00  -9.2216600e+06
   7.0724100e+00  -5.1601200e+00   6.8229900e+00   3.0409200e+00   5.6911300e+00   3.4011900e+00  -9.2216700e+06
   7.0728600e+00  -5.1602300e+00   6.8231000e+00   3.0409700e+00   5.6909900e+00   3.4012000e+00  -9.2216600e+06
   7.0729800e+00  -5.1602700e+00   6.8230200e+00   3.0409200e+00   5.6908900e+00   3.4011900e+00  -9.2216600e+06
   7.0726500e+00  -5.1602200e+00   6.8229900e+00   3.0411300e+00   5.6910000e+00   3.4012000e+00  -9.2216600e+06
   7.0730800e+00  -5.1603400e+00   6.8230800e+00   3.0410200e+00   5.6910300e+00   3.4011900e+00  -9.2216600e+06
   7.0729100e+00  -5.1603000e+00   6.8230900e+00   3.0410300e+00   5.6909000e+00   3.4011900e+00  -9.2216600e+06
   7.0729500e+00  -5.1602200e+00   6.8231300e+00   3.0411600e+00   5.6909600e+00   3.4012000e+00  -9.2216600e+06
   7.0730500e+00  -5.1602500e+00   6.8232200e+00   3.0410500e+00   5.6910200e+00   3.4012000e+00  -9.2216600e+06
   7.0727200e+00  -5.1602800e+00   6.8230400e+00   3.0410500e+00   5.6910600e+00   3.4012000e+00  -9.2216600e+06
   7.0728900e+00  -5.1602200e+00   6.8231800e+00   3.0411400e+00   5.6909100e+00   3.4012000e+00  -9.2216600e+06
   7.0726400e+00  -5.1602000e+00   6.8228700e+00   3.0411000e+00   5.6910100e+00   3.4011900e+00  -9.2216600e+06
   7.0729600e+00  -5.1601300e+00   6.8232300e+00   3.0410700e+00   5.6910600e+00   3.4012000e+00  -9.2216600e+06
   7.0725500e+00  -5.1601700e+00   6.8229600e+00   3.0410000e+00   5.6910000e+00   3.4011900e+00  -9.2216600e+06
   7.0726800e+00  -5.1601800e+00   6.8230600e+00   3.0410300e+00   5.6909500e+00   3.4011900e+00  -9.2216600e+06
   7.0727100e+00  -5.1602200e+00   6.8230200e+00   3.0409900e+00   5.6909900e+00   3.4011900e+00  -9.2216600e+06
   7.0730100e+00  -5.1602200e+00   6.8231600e+00   3.0410200e+00   5.6908800e+00   3.4012000e+00  -9.2216600e+06
   7.0723900e+00  -5.1602200e+00   6.8230100e+00   3.0409100e+00   5.6910800e+00   3.4012000e+00  -9.2216600e+06
   7.0725800e+00  -5.1603300e+00   6.8231200e+00   3.0408900e+00   5.6910700e+00   3.4012000e+00  -9.2216600e+06
   7.0727400e+00  -5.1603200e+00   6.8231100e+00   3.0409600e+00   5.6910900e+00   3.4012000e+00  -9.2216600e+06
   7.0729500e+00  -5.1602600e+00   6.8231400e+00   3.0408900e+00   5.6909100e+00   3.4011900e+00  -9.2216600e+06
   7.0729000e+00  -5.1603000e+00   6.8231200e+00   3.0408400e+00   5.6909600e+00   3.4011900e+00  -9.2216600e+06
   7.0731500e+00  -5.1603400e+00   6.8232400e+00   3.0407900e+00   5.6909800e+00   3.4012000e+00  -9.2216600e+06
   7.0726500e+00  -5.1602300e+00   6.8227600e+00   3.0408700e+00   5.6909200e+00   3.4012000e+00  -9.2216600e+06
   7.0726900e+00  -5.1602700e+00   6.8229600e+00   3.0408900e+00   5.6909300e+00   3.4012000e+00  -9.2216600e+06
   7.0727100e+00  -5.1602800e+00   6.8230600e+00   3.0408500e+00   5.6910000e+00   3.4011900e+00  -9.2216600e+06
   7.0727200e+00  -5.1602800e+00   6.8231300e+00   3.0409600e+00   5.6909800e+00   3.4011900e+00  -9.2216600e+06
   7.0727600e+00  -5.1602200e+00   6.8230700e+00   3.0408800e+00   5.6909600e+00   3.4011900e+00  -9.2216600e+06
   7.0726400e+00  -5.1600500e+00   6.8230700e+00   3.0408900e+00   5.6910000e+00   3.4011900e+00  -9.2216700e+06
   7.0730400e+00  -5.1601800e+00   6.8233300e+00   3.0410600e+00   5.6910700e+00   3.4011900e+00  -9.2216600e+06
   7.0726000e+00  -5.1602500e+00   6.8229700e+00   3.0409300e+00   5.6910300e+00   3.4011900e+00  -9.2216600e+06
   7.0726600e+00  -5.1601900e+00   6.8232700e+00   3.0409900e+00   5.6910300e+00   3.4012000e+00  -9.2216600e+06
   7.0726700e+00  -5.1602300e+00   6.8230000e+00   3.0410500e+00   5.6908600e+00   3.4011900e+00  -9.2216600e+06
   7.0729600e+00  -5.1602400e+00   6.8231200e+00   3.0410300e+00   5.6909700e+00   3.4011900e+00  -9.2216600e+06
   7.0729500e+00  -5.1603600e+00   6.8232300e+00   3.0410300e+00   5.6910200e+00   3.4012000e+00  -9.2216600e+06
   7.0729400e+00  -5.1603200e+00   6.8230600e+00   3.0410200e+00   5.6910700e+00   3.4012000e+00  -9.2216600e+06
   7.0727300e+00  -5.1604800e+00   6.8230200e+00   3.0410400e+00   5.6911300e+00   3.4011900e+00  -9.2216600e+06
   7.0729700e+00  -5.1604500e+00   6.8232000e+00   3.0410500e+00   5.6910000e+00   3.4011900e+00  -9.2216600e+06
   7.0728800e+00  -5.1604500e+00   6.8232400e+00   3.0410100e+00   5.6911000e+00   3.4011900e+00  -9.2216600e+06
   7.0729100e+00  -5.1606600e+00   6.8230100e+00   3.0410400e+00   5.6910700e+00   3.4011900e+00  -9.2216500e+06
   7.0734300e+00  -5.1606900e+00   6.8231400e+00   3.0411700e+00   5.6909600e+00   3.4012000e+00  -9.2216500e+06
   7.0729700e+00  -5.1606600e+00   6.8232000e+00   3.0412300e+00   5.6910000e+00   3.4012000e+00  -9.2216500e+06
   7.0732100e+00  -5.1606600e+00   6.8230700e+00   3.0413000e+00   5.6910500e+00   3.4012000e+00  -9.2216500e+06
   7.0733000e+00  -5.1606100e+00   6.8230400e+00   3.0412800e+00   5.6910200e+00   3.4011900e+00  -9.2216600e+06
   7.0731000e+00  -5.1607000e+00   6.8229800e+00   3.0411700e+00   5.6909900e+00   3.4012000e+00  -9.2216500e+06
   7.0734500e+00  -5.1607400e+00   6.8231400e+00   3.0410800e+00   5.6909400e+00   3.4012000e+00  -9.2216500e+06
   7.0733700e+00  -5.1607400e+00   6.8231400e+00   3.0410800e+00   5.6909700e+00   3.4012000e+00  -9.2216500e+06
   7.0729800e+00  -5.1606800e+00   6.8231300e+00   3.0410600e+00   5.6910200e+00   3.4012000e+00  -9.2216500e+06
   7.0729900e+00  -5.1604600e+00   6.8231400e+00   3.0410600e+00   5.6910600e+00   3.4011900e+00  -9.2216600e+06
   7.0727400e+00  -5.1604000e+00   6.8231000e+00   3.0409800e+00   5.6910700e+00   3.4012000e+00  -9.2216600e+06
   7.0731400e+00  -5.1603400e+00   6.8231300e+00   3.0409900e+00   5.6909900e+00   3.4012000e+00  -9.2216600e+06
   7.0729600e+00  -5.1603000e+00   6.8231400e+00   3.0410800e+00   5.6910400e+00   3.4012000e+00  -9.2216600e+06
   7.0729100e+00  -5.1603800e+00   6.8229700e+00   3.0410800e+00   5.6909800e+00   3.4012000e+00  -9.2216600e+06
   7.0731400e+00  -5.1604700e+00   6.8231600e+00   3.0411600e+00   5.6908400e+00   3.4011900e+00  -9.2216600e+06
   7.0727500e+00  -5.1605200e+00   6.8228700e+00   3.0411000e+00   5.6910500e+00   3.4011900e+00  -9.2216600e+06
   7.0730600e+00  -5.1605300e+00   6.8231100e+00   3.0410400e+00   5.6910000e+00   3.4012000e+00  -9.2216500e+06
   7.0730300e+00  -5.1606700e+00   6.8228500e+00   3.0408900e+00   5.6909700e+00   3.4012000e+00  -9.2216500e+06
   7.0730700e+00  -5.1606200e+00   6.8231800e+00   3.0409300e+00   5.6910600e+00   3.4012000e+00  -9.2216500e+06
   7.0733900e+00  -5.1606500e+00   6.8231400e+00   3.0409400e+00   5.6908500e+00   3.4012000e+00  -9.2216500e+06
   7.0731200e+00  -5.1605500e+00   6.8230400e+00   3.0409300e+00   5.6910000e+00   3.4012000e+00  -9.2216500e+06
   7.0729900e+00  -5.1606200e+00   6.8229500e+00   3.0408700e+00   5.6909600e+00   3.4012000e+00  -9.2216500e+06
   7.0732500e+00  -5.1606400e+00   6.8230500e+00   3.0407800e+00   5.6909600e+00   3.4012000e+00  -9.2216500e+06
   7.0729700e+00  -5.1605300e+00   6.8231100e+00   3.0409200e+00   5.6909500e+00   3.4012000e+00  -9.2216500e+06
   7.0732800e+00  -5.1604900e+00   6.8231500e+00   3.0410500e+00   5.6910600e+00   3.4012000e+00  -9.2216600e+06
   7.0733400e+00  -5.1605000e+00   6.8231900e+00   3.0410100e+00   5.6909300e+00   3.4011900e+00  -9.2216600e+06
   7.0731800e+00  -5.1605600e+00   6.8230800e+00   3.0410900e+00   5.6908900e+00   3.4011900e+00  -9.2216500e+06
   7.0726300e+00  -5.1604600e+00   6.8228500e+00   3.0410700e+00   5.6908400e+00   3.4011900e+00  -9.2216600e+06
   7.0732700e+00  -5.1604900e+00   6.8230400e+00   3.0411400e+00   5.6908300e+00   3.4012000e+00  -9.2216600e+06
   7.0730300e+00  -5.1604400e+00   6.8231800e+00   3.0411500e+00   5.6910100e+00   3.4011900e+00  -9.2216600e+06
   7.0726700e+00  -5.1604200e+00   6.8228900e+00   3.0411300e+00   5.6910300e+00   3.4012000e+00  -9.2216600e+06
   7.0732300e+00  -5.1604600e+00   6.8232300e+00   3.0411800e+00   5.6908500e+00   3.4011900e+00  -9.2216600e+06
   7.0731800e+00  -5.1604900e+00   6.8232800e+00   3.0412200e+00   5.6910300e+00   3.4011900e+00  -9.2216600e+06
   7.0730200e+00  -5.1604500e+00   6.8231000e+00   3.0412600e+00   5.6909800e+00   3.4012000e+00  -9.2216600e+06
   7.0729700e+00  -5.1604000e+00   6.8231700e+00   3.0412200e+00   5.6909800e+00   3.4011900e+00  -9.2216600e+06
   7.0729600e+00  -5.1605000e+00   6.8231500e+00   3.0413100e+00   5.6910600e+00   3.4012000e+00  -9.2216600e+06
   7.0729900e+00  -5.1605100e+00   6.8230400e+00   3.0413600e+00   5.6909600e+00   3.4012000e+00  -9.2216500e+06
   7.0729800e+00  -5.1605200e+00   6.8231400e+00   3.0414300e+00   5.6910700e+00   3.4012000e+00  -9.2216600e+06
   7.0732900e+00  -5.1605800e+00   6.8231300e+00   3.0413800e+00   5.6909900e+00   3.4011900e+00  -9.2216600e+06
   7.0729100e+00  -5.1606100e+00   6.8229400e+00   3.0413900e+00   5.6910100e+00   3.4012000e+00  -9.2216500e+06
   7.0734700e+00  -5.1606500e+00   6.8232600e+00   3.0414200e+00   5.6908900e+00   3.4011900e+00  -9.2216600e+06
   7.0735000e+00  -5.1608100e+00   6.8230900e+00   3.0414000e+00   5.6909400e+00   3.4012000e+00  -9.2216500e+06
   7.0729500e+00  -5.1608200e+00   6.8230500e+00   3.0413600e+00   5.6910900e+00   3.4011900e+00  -9.2216500e+06
   7.0729700e+00  -5.1607200e+00   6.8229400e+00   3.0414400e+00   5.6911100e+00   3.4012000e+00  -9.2216500e+06
   7.0733700e+00  -5.1606700e+00   6.8231900e+00   3.0414700e+00   5.6909300e+00   3.4012000e+00  -9.2216500e+06
   7.0733500e+00  -5.1606800e+00   6.8231600e+00   3.0414900e+00   5.6910900e+00   3.4011900e+00  -9.2216600e+06
   7.0729300e+00  -5.1605500e+00   6.8231400e+00   3.0413800e+00   5.6909900e+00   3.4011900e+00  -9.2216600e+06
   7.0734400e+00  -5.1606200e+00   6.8233300e+00   3.0413400e+00   5.6910200e+00   3.4011900e+00  -9.2216600e+06
   7.0732500e+00  -5.1605400e+00   6.8232200e+00   3.0413500e+00   5.6909600e+00   3.4012000e+00  -9.2216500e+06
   7.0730700e+00  -5.1605400e+00   6.8230000e+00   3.0414500e+00   5.6909300e+00   3.4012000e+00  -9.2216600e+06
   7.0732000e+00  -5.1605800e+00   6.8230900e+00   3.0414200e+00   5.6909500e+00   3.4011900e+00  -9.2216600e+06
   7.0730300e+00  -5.1605500e+00   6.8233000e+00   3.0413400e+00   5.6911000e+00   3.4012000e+00  -9.2216600e+06
   7.0727400e+00  -5.1605600e+00   6.8230300e+00   3.0413600e+00   5.6910800e+00   3.4011900e+00  -9.2216600e+06
   7.0726100e+00  -5.1606300e+00   6.8226900e+00   3.0414200e+00   5.6910300e+00   3.4012000e+00  -9.2216600e+06
   7.0729700e+00  -5.1605200e+00   6.8231000e+00   3.0414800e+00   5.6908700e+00   3.4012000e+00  -9.2216600e+06
   7.0729900e+00  -5.1604900e+00   6.8230500e+00   3.0413800e+00   5.6910200e+00   3.4012000e+00  -9.2216600e+06
   7.0725000e+00  -5.1604900e+00   6.8230800e+00   3.0413100e+00   5.6911400e+00   3.4011900e+00  -9.2216600e+06
   7.0729000e+00  -5.1606500e+00   6.8230700e+00   3.0414200e+00   5.6909400e+00   3.4012000e+00  -9.2216600e+06
   7.0732200e+00  -5.1607600e+00   6.8232100e+00   3.0413800e+00   5.6910000e+00   3.4011900e+00  -9.2216500e+06
   7.0729900e+00  -5.1607600e+00   6.8229200e+00   3.0413700e+00   5.6910400e+00   3.4012000e+00  -9.2216500e+06
   7.0731400e+00  -5.1606700e+00   6.8230000e+00   3.0414200e+00   5.6909000e+00   3.4011900e+00  -9.2216500e+06
   7.0731200e+00  -5.1605400e+00   6.8232800e+00   3.0414700e+00   5.6911000e+00   3.4012000e+00  -9.2216600e+06
   7.0729900e+00  -5.1605300e+00   6.8232000e+00   3.0414300e+00   5.6909600e+00   3.4011900e+00  -9.2216600e+06
   7.0725900e+00  -5.1605800e+00   6.8229100e+00   3.0412700e+00   5.6910600e+00   3.4012000e+00  -9.2216600e+06
   7.0732000e+00  -5.1605500e+00   6.8230600e+00   3.0411700e+00   5.6910100e+00   3.4012000e+00  -9.2216600e+06
   7.0732000e+00  -5.1606300e+00   6.8230900e+00   3.0411200e+00   5.6909900e+00   3.4011900e+00  -9.2216500e+06
   7.0730300e+00  -5.1607300e+00   6.8229700e+00   3.0410200e+00   5.6910600e+00   3.4011900e+00  -9.2216500e+06
   7.0732900e+00  -5.1606200e+00   6.8232700e+00   3.0410600e+00   5.6909300e+00   3.4012000e+00  -9.2216500e+06
   7.0727900e+00  -5.1606800e+00   6.8228400e+00   3.0410000e+00   5.6909600e+00   3.4012000e+00  -9.2216500e+06
   7.0728700e+00  -5.1606200e+00   6.8229700e+00   3.0410100e+00   5.6909200e+00   3.4012000e+00  -9.2216500e+06
   7.0731300e+00  -5.1606000e+00   6.8230900e+00   3.0411500e+00   5.6910100e+00   3.4012000e+00  -9.2216500e+06
   7.0729800e+00  -5.1605000e+00   6.8231400e+00   3.0410700e+00   5.6910100e+00   3.4012000e+00  -9.2216500e+06
   7.0729700e+00  -5.1605800e+00   6.8232400e+00   3.0410700e+00   5.6909900e+00   3.4012000e+00  -9.2216500e+06
   7.0730600e+00  -5.1606300e+00   6.8229900e+00   3.0410400e+00   5.6909400e+00   3.4011900e+00  -9.2216500e+06
   7.0730900e+00  -5.1606700e+00   6.8230900e+00   3.0410800e+00   5.6909200e+00   3.4011900e+00  -9.2216500e+06
   7.0731000e+00  -5.1607600e+00   6.8230100e+00   3.0411300e+00   5.6909200e+00   3.4011900e+00  -9.2216500e+06
   7.0734200e+00  -5.1607900e+00   6.8233200e+00   3.0411100e+00   5.6910700e+00   3.4012000e+00  -9.2216500e+06
   7.0735500e+00  -5.1607700e+00   6.8233500e+00   3.0410900e+00   5.6911100e+00   3.4012000e+00  -9.2216500e+06
   7.0732000e+00  -5.1607700e+00   6.8230000e+00   3.0410700e+00   5.6909400e+00   3.4011900e+00  -9.2216500e+06
   7.0732200e+00  -5.1606800e+00   6.8230800e+00   3.0410800e+00   5.6910000e+00   3.4011900e+00  -9.2216500e+06
   7.0730800e+00  -5.1606800e+00   6.8231400e+00   3.0409800e+00   5.6908600e+00   3.4011900e+00  -9.2216500e+06
   7.0731900e+00  -5.1607200e+00   6.8229800e+00   3.0409500e+00   5.6909200e+00   3.4012000e+00  -9.2216500e+06
   7.0731900e+00  -5.1607500e+00   6.8231000e+00   3.0410700e+00   5.6910600e+00   3.4012000e+00  -9.2216500e+06
   7.0731800e+00  -5.1607900e+00   6.8231900e+00   3.0410300e+00   5.6910000e+00   3.4012000e+00  -9.2216500e+06
   7.0728100e+00  -5.1605800e+00   6.8230600e+00   3.0410200e+00   5.6910100e+00   3.4011900e+00  -9.2216500e+06
   7.0728800e+00  -5.1605000e+00   6.8230300e+00   3.0410200e+00   5.6910000e+00   3.4012000e+00  -9.2216500e+06
   7.0730700e+00  -5.1605400e+00   6.8229900e+00   3.0410200e+00   5.6909000e+00   3.4011900e+00  -9.2216600e+06
   7.0729100e+00  -5.1606200e+00   6.8229800e+00   3.0410700e+00   5.6910100e+00   3.4012000e+00  -9.2216500e+06
   7.0730600e+00  -5.1605500e+00   6.8231500e+00   3.0411600e+00   5.6910400e+00   3.4012000e+00  -9.2216500e+06
   7.0732100e+00  -5.1604600e+00   6.8231400e+00   3.0410800e+00   5.6908800e+00   3.4011900e+00  -9.2216600e+06
   7.0729900e+00  -5.1604000e+00   6.8231100e+00   3.0410700e+00   5.6910500e+00   3.4012000e+00  -9.2216600e+06
   7.0730100e+00  -5.1603900e+00   6.8232300e+00   3.0410700e+00   5.6910600e+00   3.4012000e+00  -9.2216600e+06
   7.0731600e+00  -5.1603300e+00   6.8232400e+00   3.0411400e+00   5.6909600e+00   3.4012000e+00  -9.2216600e+06
   7.0728700e+00  -5.1602400e+00   6.8231700e+00   3.0410300e+00   5.6909500e+00   3.4012000e+00  -9.2216600e+06
   7.0723500e+00  -5.1601100e+00   6.8230000e+00   3.0410200e+00   5.6910100e+00   3.4011900e+00  -9.2216700e+06
   7.0727500e+00  -5.1600700e+00   6.8230600e+00   3.0409400e+00   5.6910700e+00   3.4012000e+00  -9.2216600e+06
   7.0729900e+00  -5.1600500e+00   6.8232400e+00   3.0408900e+00   5.6909200e+00   3.4011900e+00  -9.2216700e+06
   7.0724300e+00  -5.1600200e+00   6.8230800e+00   3.0409900e+00   5.6911400e+00   3.4012000e+00  -9.2216700e+06
   7.0727300e+00  -5.1599800e+00   6.8233600e+00   3.0411600e+00   5.6910500e+00   3.4012000e+00  -9.2216700e+06
   7.0728200e+00  -5.1599700e+00   6.8232200e+00   3.0411000e+00   5.6911100e+00   3.4012000e+00  -9.2216700e+06
   7.0725500e+00  -5.1599000e+00   6.8229900e+00   3.0409400e+00   5.6909400e+00   3.4012000e+00  -9.2216700e+06
   7.0727500e+00  -5.1599700e+00   6.8232900e+00   3.0409700e+00   5.6911100e+00   3.4012000e+00  -9.2216700e+06
   7.0728900e+00  -5.1600100e+00   6.8231400e+00   3.0410600e+00   5.6908900e+00   3.4012000e+00  -9.2216700e+06
   7.0726500e+00  -5.1599000e+00   6.8231500e+00   3.0411000e+00   5.6910600e+00   3.4012000e+00  -9.2216700e+06
   7.0726400e+00  -5.1598600e+00   6.8233300e+00   3.0411000e+00   5.6909800e+00   3.4012000e+00  -9.2216700e+06
   7.0725900e+00  -5.1599000e+00   6.8232300e+00   3.0411000e+00   5.6910000e+00   3.4012000e+00  -9.2216700e+06
   7.0723400e+00  -5.1598800e+00   6.8230100e+00   3.0410800e+00   5.6909900e+00   3.4012000e+00  -9.2216700e+06
   7.0721500e+00  -5.1599300e+00   6.8228700e+00   3.0410500e+00   5.6910700e+00   3.4012000e+00  -9.2216700e+06
   7.0725500e+00  -5.1599700e+00   6.8230300e+00   3.0410600e+00   5.6909800e+00   3.4012000e+00  -9.2216600e+06
   7.0724700e+00  -5.1599600e+00   6.8230900e+00   3.0411000e+00   5.6910000e+00   3.4011900e+00  -9.2216700e+06
   7.0727400e+00  -5.1599400e+00   6.8230600e+00   3.0410400e+00   5.6909800e+00   3.4012000e+00  -9.2216700e+06
   7.0727900e+00  -5.1599100e+00   6.8232900e+00   3.0410600e+00   5.6910100e+00   3.4012000e+00  -9.2216700e+06
   7.0723700e+00  -5.1598800e+00   6.8229000e+00   3.0410600e+00   5.6910400e+00   3.4011900e+00  -9.2216700e+06
   7.0724000e+00  -5.1599800e+00   6.8230300e+00   3.0410200e+00   5.6910900e+00   3.4011900e+00  -9.2216700e+06
   7.0726200e+00  -5.1599000e+00   6.8229700e+00   3.0410300e+00   5.6908900e+00   3.4011900e+00  -9.2216700e+06
   7.0722900e+00  -5.1599700e+00   6.8230600e+00   3.0410300e+00   5.6909800e+00   3.4012000e+00  -9.2216700e+06
   7.0728500e+00  -5.1600600e+00   6.8232900e+00   3.0410500e+00   5.6910800e+00   3.4012000e+00  -9.2216600e+06
   7.0725900e+00  -5.1601000e+00   6.8231000e+00   3.0411000e+00   5.6908900e+00   3.4012000e+00  -9.2216600e+06
   7.0728700e+00  -5.1601500e+00   6.8232300e+00   3.0411900e+00   5.6910700e+00   3.4011900e+00  -9.2216700e+06
   7.0727400e+00  -5.1601600e+00   6.8229500e+00   3.0412300e+00   5.6909600e+00   3.4012000e+00  -9.2216600e+06
   7.0730100e+00  -5.1601200e+00   6.8232400e+00   3.0412700e+00   5.6908400e+00   3.4012000e+00  -9.2216700e+06
   7.0725700e+00  -5.1600400e+00   6.8230000e+00   3.0412400e+00   5.6908900e+00   3.4011900e+00  -9.2216700e+06
   7.0729700e+00  -5.1600900e+00   6.8233200e+00   3.0413300e+00   5.6909200e+00   3.4011900e+00  -9.2216700e+06
   7.0726600e+00  -5.1602000e+00   6.8230700e+00   3.0412600e+00   5.6910700e+00   3.4012000e+00  -9.2216600e+06
   7.0726700e+00  -5.1601100e+00   6.8230600e+00   3.0412700e+00   5.6911100e+00   3.4012000e+00  -9.2216600e+06
   7.0725200e+00  -5.1601000e+00   6.8232200e+00   3.0413300e+00   5.6910000e+00   3.4012000e+00  -9.2216700e+06
   7.0723400e+00  -5.1600800e+00   6.8229400e+00   3.0413300e+00   5.6911300e+00   3.4011900e+00  -9.2216700e+06
   7.0726700e+00  -5.1603200e+00   6.8230000e+00   3.0413300e+00   5.6910400e+00   3.4012000e+00  -9.2216600e+06
   7.0731600e+00  -5.1604000e+00   6.8231300e+00   3.0414400e+00   5.6909700e+00   3.4011900e+00  -9.2216600e+06
   7.0729900e+00  -5.1604100e+00   6.8230500e+00   3.0413500e+00   5.6909500e+00   3.4012000e+00  -9.2216600e+06
   7.0729700e+00  -5.1604800e+00   6.8231100e+00   3.0413000e+00   5.6910900e+00   3.4011900e+00  -9.2216600e+06
   7.0728900e+00  -5.1604200e+00   6.8230100e+00   3.0412300e+00   5.6909100e+00   3.4012000e+00  -9.2216600e+06
   7.0731600e+00  -5.1605800e+00   6.8232400e+00   3.0412800e+00   5.6909400e+00   3.4012000e+00  -9.2216500e+06
   7.0733800e+00  -5.1605800e+00   6.8232500e+00   3.0412800e+00   5.6909200e+00   3.4011900e+00  -9.2216600e+06
   7.0734000e+00  -5.1605700e+00   6.8233800e+00   3.0412900e+00   5.6910000e+00   3.4012000e+00  -9.2216600e+06
   7.0729700e+00  -5.1605600e+00   6.8231700e+00   3.0411300e+00   5.6910500e+00   3.4012000e+00  -9.2216500e+06
   7.0729800e+00  -5.1604800e+00   6.8232200e+00   3.0411400e+00   5.6910900e+00   3.4012000e+00  -9.2216600e+06
   7.0729900e+00  -5.1606300e+00   6.8232000e+00   3.0410900e+00   5.6910100e+00   3.4012000e+00  -9.2216500e+06
   7.0733800e+00  -5.1607100e+00   6.8232900e+00   3.0410600e+00   5.6908800e+00   3.4011900e+00  -9.2216500e+06
   7.0732500e+00  -5.1608400e+00   6.8231200e+00   3.0410900e+00   5.6909500e+00   3.4011900e+00  -9.2216500e+06
   7.0733600e+00  -5.1608400e+00   6.8232200e+00   3.0411500e+00   5.6908900e+00   3.4012000e+00  -9.2216500e+06
   7.0734300e+00  -5.1607900e+00   6.8231200e+00   3.0411200e+00   5.6909700e+00   3.4012000e+00  -9.2216500e+06
   7.0729300e+00  -5.1607400e+00   6.8229900e+00   3.0411600e+00   5.6909800e+00   3.4012000e+00  -9.2216500e+06
   7.0734100e+00  -5.1609000e+00   6.8230500e+00   3.0409800e+00   5.6910600e+00   3.4011900e+00  -9.2216500e+06
   7.0731400e+00  -5.1608400e+00   6.8230000e+00   3.0409600e+00   5.6909800e+00   3.4011900e+00  -9.2216500e+06
   7.0734000e+00  -5.1608100e+00   6.8233400e+00   3.0409600e+00   5.6910400e+00   3.4011900e+00  -9.2216500e+06
   7.0731600e+00  -5.1608200e+00   6.8230600e+00   3.0408700e+00   5.6910000e+00   3.4012000e+00  -9.2216500e+06
   7.0733900e+00  -5.1608200e+00   6.8232800e+00   3.0408300e+00   5.6910400e+00   3.4011900e+00  -9.2216500e+06
   7.0731600e+00  -5.1607700e+00   6.8231300e+00   3.0407400e+00   5.6909900e+00   3.4012000e+00  -9.2216500e+06
   7.0729800e+00  -5.1607300e+00   6.8229100e+00   3.0408300e+00   5.6908500e+00   3.4011900e+00  -9.2216500e+06
   7.0729400e+00  -5.1608100e+00   6.8229800e+00   3.0407700e+00   5.6910300e+00   3.4012000e+00  -9.2216500e+06
   7.0733800e+00  -5.1608900e+00   6.8233200e+00   3.0407400e+00   5.6910000e+00   3.4012000e+00  -9.2216400e+06
   7.0736400e+00  -5.1608900e+00   6.8232500e+00   3.0406700e+00   5.6909400e+00   3.4011900e+00  -9.2216500e+06
   7.0731300e+00  -5.1610400e+00   6.8231200e+00   3.0407600e+00   5.6910900e+00   3.4012000e+00  -9.2216400e+06
   7.0731400e+00  -5.1610000e+00   6.8230900e+00   3.0407200e+00   5.6910500e+00   3.4012000e+00  -9.2216400e+06
   7.0737100e+00  -5.1610000e+00   6.8232200e+00   3.0406700e+00   5.6908600e+00   3.4012000e+00  -9.2216400e+06
   7.0733800e+00  -5.1609800e+00   6.8232200e+00   3.0406300e+00   5.6910700e+00   3.4012000e+00  -9.2216400e+06
   7.0734800e+00  -5.1610500e+00   6.8230700e+00   3.0405300e+00   5.6909800e+00   3.4012000e+00  -9.2216400e+06
   7.0736900e+00  -5.1610600e+00   6.8232400e+00   3.0405300e+00   5.6910400e+00   3.4011900e+00  -9.2216500e+06
   7.0735700e+00  -5.1610700e+00   6.8230600e+00   3.0405200e+00   5.6908900e+00   3.4012000e+00  -9.2216400e+06
   7.0732600e+00  -5.1611100e+00   6.8229300e+00   3.0405700e+00   5.6909800e+00   3.4012000e+00  -9.2216400e+06
   7.0732400e+00  -5.1610300e+00   6.8228700e+00   3.0406300e+00   5.6909800e+00   3.4012000e+00  -9.2216400e+06
   7.0736400e+00  -5.1610900e+00   6.8232300e+00   3.0407200e+00   5.6910000e+00   3.4011900e+00  -9.2216400e+06
   7.0734900e+00  -5.1610400e+00   6.8231500e+00   3.0407300e+00   5.6909600e+00   3.4012000e+00  -9.2216400e+06
   7.0736700e+00  -5.1611000e+00   6.8232500e+00   3.0407500e+00   5.6909000e+00   3.4012000e+00  -9.2216400e+06
   7.0734100e+00  -5.1610400e+00   6.8231700e+00   3.0407600e+00   5.6909500e+00   3.4012000e+00  -9.2216400e+06
   7.0737800e+00  -5.1610400e+00   6.8232000e+00   3.0408200e+00   5.6909600e+00   3.4012000e+00  -9.2216400e+06
   7.0732300e+00  -5.1609900e+00   6.8231200e+00   3.0408900e+00   5.6910500e+00   3.4012000e+00  -9.2216400e+06
   7.0733000e+00  -5.1610200e+00   6.8228900e+00   3.0408900e+00   5.6909300e+00   3.4012000e+00  -9.2216400e+06
   7.0735700e+00  -5.1610500e+00   6.8233600e+00   3.0409400e+00   5.6909100e+00   3.4011900e+00  -9.2216500e+06
   7.0734000e+00  -5.1610400e+00   6.8231900e+00   3.0408800e+00   5.6910100e+00   3.4012000e+00  -9.2216400e+06
   7.0731900e+00  -5.1610500e+00   6.8228000e+00   3.0409300e+00   5.6910200e+00   3.4012000e+00  -9.2216500e+06
   7.0733200e+00  -5.1610500e+00   6.8231300e+00   3.0408800e+00   5.6910400e+00   3.4012000e+00  -9.2216400e+06
   7.0736900e+00  -5.1611300e+00   6.8230700e+00   3.0408700e+00   5.6909100e+00   3.4011900e+00  -9.2216400e+06
   7.0736900e+00  -5.1611200e+00   6.8231500e+00   3.0409400e+00   5.6910200e+00   3.4011900e+00  -9.2216400e+06
   7.0735400e+00  -5.1611400e+00   6.8231200e+00   3.0409900e+00   5.6910500e+00   3.4011900e+00  -9.2216400e+06
   7.0734400e+00  -5.1611900e+00   6.8231700e+00   3.0410200e+00   5.6911000e+00   3.4012000e+00  -9.2216400e+06
   7.0738300e+00  -5.1612100e+00   6.8232500e+00   3.0409300e+00   5.6910000e+00   3.4012000e+00  -9.2216400e+06
   7.0734600e+00  -5.1613000e+00   6.8230100e+00   3.0409200e+00   5.6909700e+00   3.4012000e+00  -9.2216400e+06
   7.0732600e+00  -5.1612800e+00   6.8229300e+00   3.0408600e+00   5.6909400e+00   3.4011900e+00  -9.2216400e+06
   7.0736400e+00  -5.1613900e+00   6.8230900e+00   3.0408700e+00   5.6909700e+00   3.4012000e+00  -9.2216300e+06
   7.0738000e+00  -5.1613900e+00   6.8233400e+00   3.0408100e+00   5.6909400e+00   3.4011900e+00  -9.2216400e+06
   7.0737900e+00  -5.1614300e+00   6.8233400e+00   3.0406700e+00   5.6909600e+00   3.4012000e+00  -9.2216300e+06
   7.0738100e+00  -5.1612800e+00   6.8232400e+00   3.0406100e+00   5.6910200e+00   3.4012000e+00  -9.2216400e+06
   7.0731700e+00  -5.1612400e+00   6.8229400e+00   3.0405500e+00   5.6910400e+00   3.4012000e+00  -9.2216400e+06
   7.0733800e+00  -5.1612700e+00   6.8231800e+00   3.0405200e+00   5.6911000e+00   3.4012000e+00  -9.2216400e+06
   7.0735600e+00  -5.1611700e+00   6.8231700e+00   3.0403500e+00   5.6909700e+00   3.4011900e+00  -9.2216400e+06
   7.0734500e+00  -5.1610800e+00   6.8233400e+00   3.0402700e+00   5.6910200e+00   3.4012000e+00  -9.2216400e+06
   7.0731400e+00  -5.1610600e+00   6.8231700e+00   3.0402100e+00   5.6911500e+00   3.4012000e+00  -9.2216400e+06
   7.0738400e+00  -5.1610700e+00   6.8233600e+00   3.0401800e+00   5.6908300e+00   3.4012000e+00  -9.2216400e+06
   7.0735500e+00  -5.1611300e+00   6.8231900e+00   3.0402800e+00   5.6909800e+00   3.4011900e+00  -9.2216400e+06
   7.0734900e+00  -5.1611600e+00   6.8231900e+00   3.0403000e+00   5.6910200e+00   3.4012000e+00  -9.2216400e+06
   7.0735900e+00  -5.1612400e+00   6.8230700e+00   3.0403600e+00   5.6910200e+00   3.4012000e+00  -9.2216400e+06
   7.0735500e+00  -5.1612700e+00   6.8228800e+00   3.0402700e+00   5.6909800e+00   3.4012000e+00  -9.2216400e+06
   7.0736300e+00  -5.1612000e+00   6.8233600e+00   3.0402600e+00   5.6910800e+00   3.4011900e+00  -9.2216400e+06
   7.0732800e+00  -5.1611300e+00   6.8230200e+00   3.0403600e+00   5.6910000e+00   3.4012000e+00  -9.2216400e+06
   7.0736000e+00  -5.1611000e+00   6.8232100e+00   3.0402900e+00   5.6910000e+00   3.4011900e+00  -9.2216400e+06
   7.0735900e+00  -5.1610800e+00   6.8232200e+00   3.0404200e+00   5.6909000e+00   3.4011900e+00  -9.2216400e+06
   7.0734000e+00  -5.1611400e+00   6.8230600e+00   3.0404800e+00   5.6909900e+00   3.4012000e+00  -9.2216400e+06
   7.0735100e+00  -5.1612100e+00   6.8230000e+00   3.0405700e+00   5.6910100e+00   3.4012000e+00  -9.2216400e+06
   7.0737500e+00  -5.1612400e+00   6.8232500e+00   3.0405400e+00   5.6909900e+00   3.4012000e+00  -9.2216400e+06
   7.0733900e+00  -5.1612100e+00   6.8230900e+00   3.0404900e+00   5.6910300e+00   3.4012000e+00  -9.2216400e+06
   7.0736400e+00  -5.1612400e+00   6.8232800e+00   3.0405000e+00   5.6909400e+00   3.4012000e+00  -9.2216400e+06
   7.0738000e+00  -5.1612000e+00   6.8230500e+00   3.0404100e+00   5.6908500e+00   3.4012000e+00  -9.2216400e+06
   7.0738500e+00  -5.1612500e+00   6.8231000e+00   3.0404400e+00   5.6908800e+00   3.4011900e+00  -9.2216400e+06
   7.0738600e+00  -5.1613000e+00   6.8231300e+00   3.0405700e+00   5.6908400e+00   3.4012000e+00  -9.2216400e+06
   7.0734800e+00  -5.1612300e+00   6.8229500e+00   3.0403900e+00   5.6908900e+00   3.4011900e+00  -9.2216400e+06
   7.0735400e+00  -5.1612600e+00   6.8231400e+00   3.0404400e+00   5.6910100e+00   3.4011900e+00  -9.2216400e+06
   7.0738700e+00  -5.1612700e+00   6.8233400e+00   3.0403700e+00   5.6909400e+00   3.4012000e+00  -9.2216400e+06
   7.0739800e+00  -5.1613500e+00   6.8234200e+00   3.0405100e+00   5.6909800e+00   3.4012000e+00  -9.2216300e+06
   7.0733700e+00  -5.1612300e+00   6.8229700e+00   3.0405900e+00   5.6910200e+00   3.4012000e+00  -9.2216400e+06
   7.0735800e+00  -5.1612600e+00   6.8232800e+00   3.0405600e+00   5.6910700e+00   3.4011900e+00  -9.2216400e+06
   7.0740400e+00  -5.1613100e+00   6.8231600e+00   3.0405200e+00   5.6909600e+00   3.4012000e+00  -9.2216400e+06
   7.0737100e+00  -5.1613700e+00   6.8229900e+00   3.0406400e+00   5.6909300e+00   3.4011900e+00  -9.2216400e+06
   7.0736700e+00  -5.1613000e+00   6.8232200e+00   3.0406200e+00   5.6909200e+00   3.4011900e+00  -9.2216400e+06
   7.0736100e+00  -5.1613000e+00   6.8230000e+00   3.0404400e+00   5.6909300e+00   3.4012000e+00  -9.2216400e+06
   7.0736500e+00  -5.1612800e+00   6.8231400e+00   3.0405000e+00   5.6909200e+00   3.4012000e+00  -9.2216300e+06
   7.0733600e+00  -5.1611900e+00   6.8231200e+00   3.0405200e+00   5.6910000e+00   3.4012000e+00  -9.2216400e+06
   7.0736000e+00  -5.1612500e+00   6.8232300e+00   3.0404400e+00   5.6909900e+00   3.4011900e+00  -9.2216400e+06
   7.0735800e+00  -5.1613000e+00   6.8230800e+00   3.0404600e+00   5.6910200e+00   3.4012000e+00  -9.2216300e+06
   7.0733700e+00  -5.1613000e+00   6.8231000e+00   3.0404600e+00   5.6910800e+00   3.4012000e+00  -9.2216400e+06
   7.0738400e+00  -5.1612700e+00   6.8232000e+00   3.0405000e+00   5.6909200e+00   3.4012000e+00  -9.2216400e+06
   7.0736100e+00  -5.1612900e+00   6.8233100e+00   3.0403500e+00   5.6909700e+00   3.4012000e+00  -9.2216400e+06
   7.0735600e+00  -5.1613600e+00   6.8230300e+00   3.0402800e+00   5.6911200e+00   3.4011900e+00  -9.2216400e+06
   7.0737500e+00  -5.1614200e+00   6.8232200e+00   3.0402100e+00   5.6909700e+00   3.4011900e+00  -9.2216300e+06
   7.0734100e+00  -5.1614400e+00   6.8229300e+00   3.0402900e+00   5.6909300e+00   3.4011900e+00  -9.2216400e+06
   7.0737300e+00  -5.1613500e+00   6.8231400e+00   3.0403500e+00   5.6910400e+00   3.4011900e+00  -9.2216300e+06
   7.0738200e+00  -5.1613600e+00   6.8231700e+00   3.0403900e+00   5.6910000e+00   3.4011900e+00  -9.2216400e+06
   7.0737300e+00  -5.1614600e+00   6.8230700e+00   3.0404100e+00   5.6909300e+00   3.4011900e+00  -9.2216300e+06
   7.0736200e+00  -5.1613100e+00   6.8230700e+00   3.0403700e+00   5.6908900e+00   3.4012000e+00  -9.2216300e+06
   7.0737600e+00  -5.1613200e+00   6.8231400e+00   3.0403700e+00   5.6909900e+00   3.4012000e+00  -9.2216300e+06
   7.0737500e+00  -5.1612200e+00   6.8233500e+00   3.0403400e+00   5.6908800e+00   3.4011900e+00  -9.2216400e+06
   7.0734200e+00  -5.1611700e+00   6.8230300e+00   3.0403400e+00   5.6909000e+00   3.4012000e+00  -9.2216400e+06
   7.0738000e+00  -5.1612000e+00   6.8233500e+00   3.0404000e+00   5.6909800e+00   3.4011900e+00  -9.2216400e+06
   7.0734900e+00  -5.1612000e+00   6.8229700e+00   3.0404800e+00   5.6908700e+00   3.4011900e+00  -9.2216400e+06
   7.0737400e+00  -5.1611700e+00   6.8231500e+00   3.0405100e+00   5.6908200e+00   3.4012000e+00  -9.2216400e+06
   7.0736200e+00  -5.1611400e+00   6.8232000e+00   3.0404500e+00   5.6909900e+00   3.4012000e+00  -9.2216400e+06
   7.0735900e+00  -5.1611100e+00   6.8230400e+00   3.0405800e+00   5.6908400e+00   3.4012000e+00  -9.2216400e+06
   7.0733300e+00  -5.1611200e+00   6.8228500e+00   3.0407600e+00   5.6909700e+00   3.4012000e+00  -9.2216400e+06
   7.0731800e+00  -5.1610700e+00   6.8230400e+00   3.0408800e+00   5.6910000e+00   3.4012000e+00  -9.2216400e+06
   7.0731900e+00  -5.1611000e+00   6.8231400e+00   3.0409200e+00   5.6910300e+00   3.4011900e+00  -9.2216500e+06
   7.0734600e+00  -5.1609300e+00   6.8231600e+00   3.0408800e+00   5.6910100e+00   3.4012000e+00  -9.2216400e+06
   7.0732500e+00  -5.1609500e+00   6.8231300e+00   3.0408300e+00   5.6911000e+00   3.4012000e+00  -9.2216500e+06
   7.0732300e+00  -5.1608800e+00   6.8229400e+00   3.0407700e+00   5.6909800e+00   3.4012000e+00  -9.2216500e+06
   7.0732100e+00  -5.1608000e+00   6.8230700e+00   3.0407300e+00   5.6909300e+00   3.4011900e+00  -9.2216500e+06
   7.0731200e+00  -5.1607300e+00   6.8230000e+00   3.0408200e+00   5.6909500e+00   3.4011900e+00  -9.2216500e+06
   7.0734600e+00  -5.1606800e+00   6.8233400e+00   3.0408800e+00   5.6910300e+00   3.4012000e+00  -9.2216500e+06
   7.0728800e+00  -5.1606500e+00   6.8229600e+00   3.0410000e+00   5.6909900e+00   3.4012000e+00  -9.2216500e+06
   7.0733800e+00  -5.1607900e+00   6.8232100e+00   3.0408700e+00   5.6910500e+00   3.4011900e+00  -9.2216500e+06
   7.0733300e+00  -5.1607700e+00   6.8230100e+00   3.0408400e+00   5.6909200e+00   3.4012000e+00  -9.2216500e+06
   7.0730300e+00  -5.1606900e+00   6.8231200e+00   3.0408500e+00   5.6910500e+00   3.4012000e+00  -9.2216500e+06
   7.0730000e+00  -5.1607800e+00   6.8230200e+00   3.0407100e+00   5.6910100e+00   3.4012000e+00  -9.2216500e+06
   7.0733700e+00  -5.1607300e+00   6.8232200e+00   3.0407500e+00   5.6910200e+00   3.4012000e+00  -9.2216500e+06
   7.0731800e+00  -5.1607200e+00   6.8231000e+00   3.0408800e+00   5.6909400e+00   3.4012000e+00  -9.2216500e+06
   7.0732400e+00  -5.1606500e+00   6.8229900e+00   3.0410600e+00   5.6909200e+00   3.4012000e+00  -9.2216500e+06
   7.0731600e+00  -5.1606500e+00   6.8230500e+00   3.0411000e+00   5.6909400e+00   3.4011900e+00  -9.2216500e+06
   7.0728500e+00  -5.1606800e+00   6.8230000e+00   3.0410500e+00   5.6910700e+00   3.4011900e+00  -9.2216500e+06
   7.0729000e+00  -5.1607000e+00   6.8230700e+00   3.0410200e+00   5.6910600e+00   3.4012000e+00  -9.2216500e+06
   7.0732800e+00  -5.1607000e+00   6.8230700e+00   3.0410700e+00   5.6911000e+00   3.4011900e+00  -9.2216600e+06
   7.0726900e+00  -5.1606600e+00   6.8228200e+00   3.0410800e+00   5.6910200e+00   3.4012000e+00  -9.2216500e+06
   7.0732600e+00  -5.1606600e+00   6.8231200e+00   3.0410700e+00   5.6910300e+00   3.4011900e+00  -9.2216500e+06
   7.0731900e+00  -5.1606600e+00   6.8230400e+00   3.0411100e+00   5.6909200e+00   3.4012000e+00  -9.2216500e+06
   7.0734800e+00  -5.1607600e+00   6.8232600e+00   3.0411400e+00   5.6909500e+00   3.4011900e+00  -9.2216500e+06
   7.0732000e+00  -5.1607400e+00   6.8230300e+00   3.0412300e+00   5.6909700e+00   3.4012000e+00  -9.2216500e+06
   7.0733700e+00  -5.1608400e+00   6.8231800e+00   3.0412300e+00   5.6909800e+00   3.4012000e+00  -9.2216500e+06
   7.0734600e+00  -5.1607700e+00   6.8232200e+00   3.0412300e+00   5.6910100e+00   3.4011900e+00  -9.2216500e+06
   7.0732500e+00  -5.1608100e+00   6.8233700e+00   3.0411000e+00   5.6909800e+00   3.4011900e+00  -9.2216500e+06
   7.0734400e+00  -5.1607400e+00   6.8231200e+00   3.0409300e+00   5.6909800e+00   3.4012000e+00  -9.2216500e+06
   7.0734100e+00  -5.1607800e+00   6.8230900e+00   3.0408700e+00   5.6909500e+00   3.4011900e+00  -9.2216500e+06
   7.0733300e+00  -5.1607100e+00   6.8232500e+00   3.0409100e+00   5.6909800e+00   3.4012000e+00  -9.2216500e+06
   7.0732000e+00  -5.1607200e+00   6.8231700e+00   3.0408900e+00   5.6909000e+00   3.4011900e+00  -9.2216500e+06
   7.0733400e+00  -5.1607300e+00   6.8231200e+00   3.0410500e+00   5.6910100e+00   3.4012000e+00  -9.2216500e+06
   7.0731800e+00  -5.1607200e+00   6.8231100e+00   3.0411600e+00   5.6911300e+00   3.4012000e+00  -9.2216500e+06
   7.0732900e+00  -5.1607300e+00   6.8230800e+00   3.0411700e+00   5.6909900e+00   3.4011900e+00  -9.2216500e+06
   7.0732700e+00  -5.1607600e+00   6.8230700e+00   3.0411700e+00   5.6909800e+00   3.4012000e+00  -9.2216500e+06
   7.0733800e+00  -5.1608000e+00   6.8230500e+00   3.0411600e+00   5.6909200e+00   3.4011900e+00  -9.2216500e+06
   7.0732000e+00  -5.1609100e+00   6.8230500e+00   3.0412100e+00   5.6910900e+00   3.4012000e+00  -9.2216500e+06
   7.0731000e+00  -5.1608900e+00   6.8231500e+00   3.0412000e+00   5.6911300e+00   3.4012000e+00  -9.2216500e+06
   7.0734200e+00  -5.1608800e+00   6.8231200e+00   3.0412300e+00   5.6909000e+00   3.4012000e+00  -9.2216500e+06
   7.0731800e+00  -5.1609500e+00   6.8230500e+00   3.0413300e+00   5.6909700e+00   3.4011900e+00  -9.2216500e+06
   7.0733500e+00  -5.1609600e+00   6.8230900e+00   3.0413300e+00   5.6910100e+00   3.4012000e+00  -9.2216500e+06
   7.0733300e+00  -5.1610400e+00   6.8232500e+00   3.0413000e+00   5.6911400e+00   3.4012000e+00  -9.2216500e+06
   7.0732900e+00  -5.1610100e+00   6.8230700e+00   3.0411800e+00   5.6909600e+00   3.4012000e+00  -9.2216400e+06
   7.0733600e+00  -5.1609700e+00   6.8231100e+00   3.0411200e+00   5.6910000e+00   3.4011900e+00  -9.2216500e+06
   7.0734000e+00  -5.1609200e+00   6.8231800e+00   3.0411000e+00   5.6909400e+00   3.4011900e+00  -9.2216500e+06
   7.0734500e+00  -5.1609300e+00   6.8230100e+00   3.0410600e+00   5.6908700e+00   3.4011900e+00  -9.2216500e+06
   7.0734000e+00  -5.1609700e+00   6.8229900e+00   3.0409600e+00   5.6911200e+00   3.4011900e+00  -9.2216500e+06
   7.0734300e+00  -5.1609700e+00   6.8231200e+00   3.0408200e+00   5.6909600e+00   3.4011900e+00  -9.2216400e+06
   7.0734200e+00  -5.1609500e+00   6.8230100e+00   3.0408300e+00   5.6909400e+00   3.4012000e+00  -9.2216500e+06
   7.0735800e+00  -5.1609700e+00   6.8231800e+00   3.0408300e+00   5.6909700e+00   3.4012000e+00  -9.2216400e+06
   7.0737700e+00  -5.1610900e+00   6.8231700e+00   3.0408500e+00   5.6909000e+00   3.4011900e+00  -9.2216400e+06
   7.0731800e+00  -5.1610200e+00   6.8229800e+00   3.0408500e+00   5.6909900e+00   3.4012000e+00  -9.2216400e+06
   7.0734800e+00  -5.1611100e+00   6.8231500e+00   3.0408500e+00   5.6909000e+00   3.4012000e+00  -9.2216400e+06
   7.0735800e+00  -5.1611900e+00   6.8230800e+00   3.0408500e+00   5.6910400e+00   3.4012000e+00  -9.2216400e+06
   7.0734200e+00  -5.1612200e+00   6.8231800e+00   3.0407900e+00   5.6910200e+00   3.4012000e+00  -9.2216400e+06
   7.0735700e+00  -5.1611100e+00   6.8230900e+00   3.0407200e+00   5.6909300e+00   3.4012000e+00  -9.2216400e+06
   7.0735200e+00  -5.1610100e+00   6.8231600e+00   3.0406800e+00   5.6908600e+00   3.4012000e+00  -9.2216400e+06
   7.0732400e+00  -5.1610300e+00   6.8230500e+00   3.0406400e+00   5.6909100e+00   3.4011900e+00  -9.2216400e+06
   7.0735600e+00  -5.1611500e+00   6.8232500e+00   3.0406200e+00   5.6910200e+00   3.4012000e+00  -9.2216400e+06
   7.0735000e+00  -5.1612000e+00   6.8230900e+00   3.0406000e+00   5.6909700e+00   3.4012000e+00  -9.2216400e+06
   7.0734500e+00  -5.1611200e+00   6.8230100e+00   3.0406900e+00   5.6909400e+00   3.4011900e+00  -9.2216400e+06
   7.0734000e+00  -5.1611100e+00   6.8230100e+00   3.0408200e+00   5.6909700e+00   3.4012000e+00  -9.2216400e+06
   7.0734100e+00  -5.1611800e+00   6.8229500e+00   3.0406600e+00   5.6909900e+00   3.4012000e+00  -9.2216400e+06
   7.0737100e+00  -5.1611600e+00   6.8231000e+00   3.0406900e+00   5.6909100e+00   3.4011900e+00  -9.2216400e+06
   7.0732300e+00  -5.1610500e+00   6.8231000e+00   3.0406600e+00   5.6909900e+00   3.4012000e+00  -9.2216400e+06
   7.0734500e+00  -5.1610100e+00   6.8231400e+00   3.0406300e+00   5.6909900e+00   3.4012000e+00  -9.2216400e+06
   7.0735900e+00  -5.1609900e+00   6.8230900e+00   3.0406500e+00   5.6909700e+00   3.4011900e+00  -9.2216500e+06
   7.0737400e+00  -5.1610400e+00   6.8233600e+00   3.0405300e+00   5.6910000e+00   3.4012000e+00  -9.2216400e+06
   7.0734200e+00  -5.1610200e+00   6.8231600e+00   3.0406100e+00   5.6910400e+00   3.4011900e+00  -9.2216400e+06
   7.0734600e+00  -5.1610300e+00   6.8230700e+00   3.0406200e+00   5.6910200e+00   3.4012000e+00  -9.2216400e+06
   7.0731800e+00  -5.1610400e+00   6.8228700e+00   3.0406700e+00   5.6909800e+00   3.4012000e+00  -9.2216400e+06
   7.0735800e+00  -5.1610400e+00   6.8231000e+00   3.0406200e+00   5.6909800e+00   3.4011900e+00  -9.2216400e+06
   7.0731500e+00  -5.1608400e+00   6.8229800e+00   3.0405600e+00   5.6909400e+00   3.4012000e+00  -9.2216400e+06
   7.0733500e+00  -5.1607400e+00   6.8232300e+00   3.0406700e+00   5.6910200e+00   3.4011900e+00  -9.2216500e+06
   7.0733600e+00  -5.1607800e+00   6.8230500e+00   3.0406900e+00   5.6909200e+00   3.4012000e+00  -9.2216500e+06
   7.0735300e+00  -5.1608100e+00   6.8231700e+00   3.0406800e+00   5.6910100e+00   3.4011900e+00  -9.2216500e+06
   7.0733500e+00  -5.1609400e+00   6.8230900e+00   3.0407300e+00   5.6910700e+00   3.4012000e+00  -9.2216400e+06
   7.0731200e+00  -5.1610100e+00   6.8230400e+00   3.0406700e+00   5.6910300e+00   3.4012000e+00  -9.2216400e+06
   7.0732600e+00  -5.1608600e+00   6.8230300e+00   3.0408200e+00   5.6908400e+00   3.4012000e+00  -9.2216500e+06
   7.0730200e+00  -5.1608500e+00   6.8229300e+00   3.0408300e+00   5.6909500e+00   3.4012000e+00  -9.2216500e+06
   7.0732400e+00  -5.1607200e+00   6.8231000e+00   3.0410500e+00   5.6909700e+00   3.4011900e+00  -9.2216500e+06
   7.0733700e+00  -5.1607500e+00   6.8230900e+00   3.0410000e+00   5.6909600e+00   3.4012000e+00  -9.2216500e+06
   7.0733200e+00  -5.1609100e+00   6.8230700e+00   3.0410300e+00   5.6908900e+00   3.4011900e+00  -9.2216500e+06
   7.0734500e+00  -5.1608800e+00   6.8231900e+00   3.0411600e+00   5.6909400e+00   3.4012000e+00  -9.2216500e+06
   7.0734000e+00  -5.1608400e+00   6.8229700e+00   3.0412700e+00   5.6909400e+00   3.4012000e+00  -9.2216500e+06
   7.0734300e+00  -5.1608800e+00   6.8232300e+00   3.0412100e+00   5.6909900e+00   3.4012000e+00  -9.2216500e+06
   7.0735800e+00  -5.1608300e+00   6.8234200e+00   3.0412200e+00   5.6909200e+00   3.4012000e+00  -9.2216500e+06
   7.0732100e+00  -5.1607500e+00   6.8231100e+00   3.0414100e+00   5.6909500e+00   3.4012000e+00  -9.2216500e+06
   7.0734500e+00  -5.1606600e+00   6.8232800e+00   3.0413400e+00   5.6908200e+00   3.4011900e+00  -9.2216600e+06
   7.0733800e+00  -5.1607200e+00   6.8233900e+00   3.0414600e+00   5.6909100e+00   3.4012000e+00  -9.2216500e+06
   7.0732300e+00  -5.1607400e+00   6.8232800e+00   3.0414400e+00   5.6910700e+00   3.4012000e+00  -9.2216500e+06
   7.0732200e+00  -5.1607600e+00   6.8230800e+00   3.0414000e+00   5.6909000e+00   3.4012000e+00  -9.2216500e+06
   7.0733600e+00  -5.1607000e+00   6.8230500e+00   3.0414600e+00   5.6909800e+00   3.4012000e+00  -9.2216500e+06
   7.0732900e+00  -5.1606900e+00   6.8231500e+00   3.0414400e+00   5.6910100e+00   3.4011900e+00  -9.2216500e+06
   7.0730300e+00  -5.1606100e+00   6.8230100e+00   3.0415000e+00   5.6907400e+00   3.4011900e+00  -9.2216600e+06
   7.0730600e+00  -5.1606300e+00   6.8231200e+00   3.0415400e+00   5.6909300e+00   3.4012000e+00  -9.2216500e+06
   7.0730300e+00  -5.1606000e+00   6.8229800e+00   3.0415700e+00   5.6910000e+00   3.4012000e+00  -9.2216500e+06
   7.0734400e+00  -5.1606700e+00   6.8233200e+00   3.0415700e+00   5.6910900e+00   3.4012000e+00  -9.2216600e+06
   7.0731900e+00  -5.1606200e+00   6.8231300e+00   3.0415400e+00   5.6910200e+00   3.4011900e+00  -9.2216500e+06
   7.0730700e+00  -5.1606900e+00   6.8231900e+00   3.0415200e+00   5.6910500e+00   3.4011900e+00  -9.2216500e+06
   7.0730700e+00  -5.1606600e+00   6.8231700e+00   3.0414900e+00   5.6910000e+00   3.4012000e+00  -9.2216500e+06
   7.0731700e+00  -5.1606800e+00   6.8230000e+00   3.0415100e+00   5.6909300e+00   3.4012000e+00  -9.2216500e+06
   7.0728000e+00  -5.1607200e+00   6.8229000e+00   3.0415300e+00   5.6910600e+00   3.4012000e+00  -9.2216500e+06
   7.0733100e+00  -5.1607400e+00   6.8231500e+00   3.0415100e+00   5.6908900e+00   3.4012000e+00  -9.2216500e+06
   7.0731700e+00  -5.1607100e+00   6.8231700e+00   3.0415000e+00   5.6908800e+00   3.4011900e+00  -9.2216600e+06
   7.0737200e+00  -5.1607900e+00   6.8233600e+00   3.0415000e+00   5.6909000e+00   3.4011900e+00  -9.2216600e+06
   7.0733200e+00  -5.1608800e+00   6.8231000e+00   3.0415400e+00   5.6908800e+00   3.4011900e+00  -9.2216500e+06
   7.0734500e+00  -5.1608200e+00   6.8232200e+00   3.0415700e+00   5.6909700e+00   3.4012000e+00  -9.2216500e+06
   7.0732100e+00  -5.1608300e+00   6.8230800e+00   3.0417100e+00   5.6909700e+00   3.4011900e+00  -9.2216500e+06
   7.0732200e+00  -5.1608400e+00   6.8232100e+00   3.0416500e+00   5.6910200e+00   3.4012000e+00  -9.2216500e+06
   7.0731900e+00  -5.1608400e+00   6.8232200e+00   3.0417400e+00   5.6910200e+00   3.4011900e+00  -9.2216500e+06
   7.0731900e+00  -5.1608600e+00   6.8231400e+00   3.0417300e+00   5.6911000e+00   3.4011900e+00  -9.2216500e+06
   7.0732500e+00  -5.1608600e+00   6.8230200e+00   3.0417000e+00   5.6910100e+00   3.4012000e+00  -9.2216500e+06
   7.0734800e+00  -5.1609700e+00   6.8231200e+00   3.0415600e+00   5.6909400e+00   3.4011900e+00  -9.2216500e+06
   7.0734500e+00  -5.1609400e+00   6.8231100e+00   3.0415100e+00   5.6909300e+00   3.4011900e+00  -9.2216500e+06
   7.0734100e+00  -5.1610800e+00   6.8230300e+00   3.0415500e+00   5.6909400e+00   3.4012000e+00  -9.2216400e+06
   7.0737700e+00  -5.1610600e+00   6.8232000e+00   3.0415000e+00   5.6908400e+00   3.4011900e+00  -9.2216500e+06
   7.0734400e+00  -5.1610300e+00   6.8231600e+00   3.0415100e+00   5.6909500e+00   3.4012000e+00  -9.2216500e+06
   7.0733300e+00  -5.1610300e+00   6.8231400e+00   3.0415700e+00   5.6910400e+00   3.4011900e+00  -9.2216500e+06
   7.0737000e+00  -5.1610200e+00   6.8233800e+00   3.0414800e+00   5.6909700e+00   3.4012000e+00  -9.2216500e+06
   7.0733500e+00  -5.1609200e+00   6.8229700e+00   3.0414400e+00   5.6909300e+00   3.4011900e+00  -9.2216500e+06
