   7.1356200e+00  -5.2339800e+00   6.8281900e+00   3.0665300e+00   5.6904100e+00   3.4012000e+00  -2.7661700e+07
   7.1357500e+00  -5.2339500e+00   6.8282300e+00   3.0665200e+00   5.6903300e+00   3.4012000e+00  -2.7661700e+07
   7.1359500e+00  -5.2340400e+00   6.8282300e+00   3.0665500e+00   5.6903600e+00   3.4012000e+00  -2.7661700e+07
   7.1358700e+00  -5.2340200e+00   6.8281600e+00   3.0665600e+00   5.6903400e+00   3.4012000e+00  -2.7661700e+07
   7.1357500e+00  -5.2340300e+00   6.8281200e+00   3.0666000e+00   5.6903700e+00   3.4012000e+00  -2.7661700e+07
   7.1358900e+00  -5.2339800e+00   6.8282800e+00   3.0666100e+00   5.6903900e+00   3.4012000e+00  -2.7661700e+07
   7.1359500e+00  -5.2339500e+00   6.8283500e+00   3.0666100e+00   5.6903400e+00   3.4012000e+00  -2.7661700e+07
   7.1356000e+00  -5.2338900e+00   6.8280700e+00   3.0666200e+00   5.6903500e+00   3.4012000e+00  -2.7661700e+07
   7.1356000e+00  -5.2339300e+00   6.8282000e+00   3.0666200e+00   5.6904100e+00   3.4012000e+00  -2.7661700e+07
   7.1358300e+00  -5.2339400e+00   6.8281600e+00   3.0666500e+00   5.6902800e+00   3.4012000e+00  -2.7661700e+07
   7.1359200e+00  -5.2339000e+00   6.8282800e+00   3.0666600e+00   5.6903800e+00   3.4012000e+00  -2.7661700e+07
   7.1358100e+00  -5.2339000e+00   6.8282000e+00   3.0666700e+00   5.6904000e+00   3.4012000e+00  -2.7661700e+07
   7.1355700e+00  -5.2339200e+00   6.8281600e+00   3.0667000e+00   5.6904400e+00   3.4012000e+00  -2.7661700e+07
   7.1356000e+00  -5.2339700e+00   6.8280900e+00   3.0667400e+00   5.6903900e+00   3.4012000e+00  -2.7661700e+07
   7.1358300e+00  -5.2339900e+00   6.8280800e+00   3.0667700e+00   5.6903300e+00   3.4012000e+00  -2.7661700e+07
   7.1357500e+00  -5.2339800e+00   6.8281900e+00   3.0667700e+00   5.6903600e+00   3.4012000e+00  -2.7661700e+07
   7.1358400e+00  -5.2340300e+00   6.8282300e+00   3.0667600e+00   5.6904300e+00   3.4012000e+00  -2.7661700e+07
   7.1359900e+00  -5.2340500e+00   6.8282600e+00   3.0667400e+00   5.6903400e+00   3.4012000e+00  -2.7661700e+07
   7.1358000e+00  -5.2341000e+00   6.8280500e+00   3.0667400e+00   5.6904200e+00   3.4012000e+00  -2.7661700e+07
   7.1359400e+00  -5.2341000e+00   6.8283100e+00   3.0667700e+00   5.6904400e+00   3.4012000e+00  -2.7661700e+07
   7.1357800e+00  -5.2341000e+00   6.8282000e+00   3.0668000e+00   5.6904000e+00   3.4012000e+00  -2.7661700e+07
   7.1359100e+00  -5.2341400e+00   6.8282600e+00   3.0668700e+00   5.6903600e+00   3.4012000e+00  -2.7661700e+07
   7.1361400e+00  -5.2342200e+00   6.8283600e+00   3.0669100e+00   5.6903500e+00   3.4012000e+00  -2.7661700e+07
   7.1361900e+00  -5.2342400e+00   6.8283500e+00   3.0669700e+00   5.6903500e+00   3.4012000e+00  -2.7661700e+07
   7.1361400e+00  -5.2342000e+00   6.8283100e+00   3.0670100e+00   5.6902900e+00   3.4012000e+00  -2.7661700e+07
   7.1358300e+00  -5.2341800e+00   6.8281100e+00   3.0670000e+00   5.6904300e+00   3.4012000e+00  -2.7661700e+07
   7.1360700e+00  -5.2341700e+00   6.8282400e+00   3.0669400e+00   5.6903500e+00   3.4012000e+00  -2.7661700e+07
   7.1360900e+00  -5.2341700e+00   6.8282500e+00   3.0669800e+00   5.6903400e+00   3.4012000e+00  -2.7661700e+07
   7.1359600e+00  -5.2341800e+00   6.8280800e+00   3.0669500e+00   5.6903000e+00   3.4012000e+00  -2.7661700e+07
   7.1360900e+00  -5.2341600e+00   6.8283300e+00   3.0669600e+00   5.6904200e+00   3.4012000e+00  -2.7661700e+07
   7.1360400e+00  -5.2342100e+00   6.8281800e+00   3.0669300e+00   5.6904100e+00   3.4012000e+00  -2.7661700e+07
   7.1362600e+00  -5.2342700e+00   6.8282800e+00   3.0669300e+00   5.6903700e+00   3.4012000e+00  -2.7661700e+07
   7.1362400e+00  -5.2342600e+00   6.8282400e+00   3.0669400e+00   5.6903700e+00   3.4012000e+00  -2.7661700e+07
   7.1361200e+00  -5.2342600e+00   6.8282500e+00   3.0669800e+00   5.6904200e+00   3.4012000e+00  -2.7661700e+07
   7.1360800e+00  -5.2342300e+00   6.8283000e+00   3.0669700e+00   5.6903800e+00   3.4012000e+00  -2.7661700e+07
   7.1362300e+00  -5.2342400e+00   6.8282900e+00   3.0670100e+00   5.6903300e+00   3.4012000e+00  -2.7661700e+07
   7.1360800e+00  -5.2342300e+00   6.8282500e+00   3.0670300e+00   5.6903700e+00   3.4012000e+00  -2.7661700e+07
   7.1361800e+00  -5.2342600e+00   6.8282800e+00   3.0670300e+00   5.6904100e+00   3.4011900e+00  -2.7661700e+07
   7.1361700e+00  -5.2343200e+00   6.8281800e+00   3.0670200e+00   5.6903400e+00   3.4012000e+00  -2.7661700e+07
   7.1360900e+00  -5.2343000e+00   6.8281700e+00   3.0669800e+00   5.6904300e+00   3.4012000e+00  -2.7661700e+07
   7.1360900e+00  -5.2342500e+00   6.8282300e+00   3.0669500e+00   5.6904600e+00   3.4012000e+00  -2.7661700e+07
   7.1361400e+00  -5.2342600e+00   6.8281400e+00   3.0668800e+00   5.6903500e+00   3.4012000e+00  -2.7661700e+07
   7.1359600e+00  -5.2342400e+00   6.8282100e+00   3.0668700e+00   5.6904000e+00   3.4012000e+00  -2.7661700e+07
   7.1362000e+00  -5.2342700e+00   6.8282800e+00   3.0668200e+00   5.6904100e+00   3.4012000e+00  -2.7661700e+07
   7.1362000e+00  -5.2342400e+00   6.8283900e+00   3.0668200e+00   5.6904300e+00   3.4012000e+00  -2.7661700e+07
   7.1360500e+00  -5.2342700e+00   6.8282600e+00   3.0668200e+00   5.6904600e+00   3.4012000e+00  -2.7661700e+07
   7.1359100e+00  -5.2342800e+00   6.8281300e+00   3.0668400e+00   5.6903800e+00   3.4012000e+00  -2.7661700e+07
   7.1361200e+00  -5.2342300e+00   6.8282300e+00   3.0668500e+00   5.6903800e+00   3.4012000e+00  -2.7661700e+07
   7.1361500e+00  -5.2342500e+00   6.8283200e+00   3.0668600e+00   5.6903900e+00   3.4012000e+00  -2.7661700e+07
   7.1360800e+00  -5.2342600e+00   6.8282600e+00   3.0668600e+00   5.6903700e+00   3.4012000e+00  -2.7661700e+07
   7.1361800e+00  -5.2342400e+00   6.8282600e+00   3.0668600e+00   5.6903700e+00   3.4012000e+00  -2.7661700e+07
   7.1360600e+00  -5.2342600e+00   6.8281500e+00   3.0668700e+00   5.6903700e+00   3.4012000e+00  -2.7661700e+07
   7.1361500e+00  -5.2342000e+00   6.8282400e+00   3.0668600e+00   5.6903600e+00   3.4012000e+00  -2.7661700e+07
   7.1360300e+00  -5.2342100e+00   6.8282100e+00   3.0668600e+00   5.6903700e+00   3.4012000e+00  -2.7661700e+07
   7.1360400e+00  -5.2341700e+00   6.8283700e+00   3.0668600e+00   5.6904700e+00   3.4012000e+00  -2.7661700e+07
   7.1360400e+00  -5.2342100e+00   6.8282200e+00   3.0668300e+00   5.6903300e+00   3.4012000e+00  -2.7661700e+07
   7.1361100e+00  -5.2342300e+00   6.8283300e+00   3.0668000e+00   5.6904000e+00   3.4012000e+00  -2.7661700e+07
   7.1358400e+00  -5.2341300e+00   6.8282000e+00   3.0667500e+00   5.6904400e+00   3.4012000e+00  -2.7661700e+07
   7.1360300e+00  -5.2341600e+00   6.8281400e+00   3.0667700e+00   5.6903800e+00   3.4012000e+00  -2.7661700e+07
   7.1359800e+00  -5.2341900e+00   6.8280100e+00   3.0667500e+00   5.6903300e+00   3.4012000e+00  -2.7661700e+07
   7.1360800e+00  -5.2341700e+00   6.8282900e+00   3.0667200e+00   5.6904200e+00   3.4012000e+00  -2.7661700e+07
   7.1359800e+00  -5.2342400e+00   6.8281800e+00   3.0667400e+00   5.6904000e+00   3.4012000e+00  -2.7661700e+07
   7.1360600e+00  -5.2342600e+00   6.8282600e+00   3.0667600e+00   5.6903800e+00   3.4012000e+00  -2.7661700e+07
   7.1360200e+00  -5.2343300e+00   6.8281800e+00   3.0667700e+00   5.6904900e+00   3.4012000e+00  -2.7661700e+07
   7.1362000e+00  -5.2344000e+00   6.8282700e+00   3.0668500e+00   5.6903700e+00   3.4012000e+00  -2.7661700e+07
   7.1361600e+00  -5.2344000e+00   6.8281600e+00   3.0668600e+00   5.6904100e+00   3.4012000e+00  -2.7661700e+07
   7.1361300e+00  -5.2344300e+00   6.8281500e+00   3.0668300e+00   5.6904200e+00   3.4012000e+00  -2.7661700e+07
   7.1361800e+00  -5.2344300e+00   6.8282200e+00   3.0668900e+00   5.6904100e+00   3.4012000e+00  -2.7661700e+07
   7.1364700e+00  -5.2343900e+00   6.8282800e+00   3.0669000e+00   5.6903200e+00   3.4012000e+00  -2.7661700e+07
   7.1362600e+00  -5.2344000e+00   6.8283000e+00   3.0668700e+00   5.6903600e+00   3.4012000e+00  -2.7661700e+07
   7.1361400e+00  -5.2344800e+00   6.8281400e+00   3.0668600e+00   5.6903500e+00   3.4012000e+00  -2.7661700e+07
   7.1363900e+00  -5.2346000e+00   6.8283000e+00   3.0668900e+00   5.6903600e+00   3.4012000e+00  -2.7661700e+07
   7.1364500e+00  -5.2346100e+00   6.8282800e+00   3.0668800e+00   5.6903600e+00   3.4012000e+00  -2.7661700e+07
   7.1364900e+00  -5.2346500e+00   6.8282600e+00   3.0668600e+00   5.6903700e+00   3.4012000e+00  -2.7661700e+07
   7.1364800e+00  -5.2345900e+00   6.8282900e+00   3.0669000e+00   5.6903400e+00   3.4012000e+00  -2.7661700e+07
   7.1365000e+00  -5.2346100e+00   6.8282900e+00   3.0669100e+00   5.6903100e+00   3.4012000e+00  -2.7661700e+07
   7.1365200e+00  -5.2346200e+00   6.8282600e+00   3.0668800e+00   5.6903600e+00   3.4012000e+00  -2.7661700e+07
   7.1363400e+00  -5.2346500e+00   6.8282200e+00   3.0668500e+00   5.6903800e+00   3.4012000e+00  -2.7661700e+07
   7.1364200e+00  -5.2346700e+00   6.8281000e+00   3.0668400e+00   5.6903200e+00   3.4012000e+00  -2.7661700e+07
   7.1363600e+00  -5.2346900e+00   6.8282100e+00   3.0668300e+00   5.6903800e+00   3.4011900e+00  -2.7661700e+07
   7.1363900e+00  -5.2346300e+00   6.8282100e+00   3.0668200e+00   5.6904200e+00   3.4012000e+00  -2.7661700e+07
   7.1364500e+00  -5.2346900e+00   6.8282200e+00   3.0668500e+00   5.6903600e+00   3.4012000e+00  -2.7661700e+07
   7.1364500e+00  -5.2346900e+00   6.8281200e+00   3.0668000e+00   5.6903300e+00   3.4012000e+00  -2.7661700e+07
   7.1363300e+00  -5.2347100e+00   6.8281400e+00   3.0668400e+00   5.6903400e+00   3.4012000e+00  -2.7661700e+07
   7.1366200e+00  -5.2347300e+00   6.8283400e+00   3.0668400e+00   5.6903900e+00   3.4012000e+00  -2.7661700e+07
   7.1364600e+00  -5.2347000e+00   6.8282000e+00   3.0668500e+00   5.6903700e+00   3.4012000e+00  -2.7661700e+07
   7.1365800e+00  -5.2346300e+00   6.8284200e+00   3.0668100e+00   5.6903300e+00   3.4012000e+00  -2.7661700e+07
   7.1364300e+00  -5.2345700e+00   6.8282000e+00   3.0668600e+00   5.6903300e+00   3.4011900e+00  -2.7661700e+07
   7.1363000e+00  -5.2344900e+00   6.8282700e+00   3.0668900e+00   5.6903700e+00   3.4012000e+00  -2.7661700e+07
   7.1361600e+00  -5.2344600e+00   6.8282000e+00   3.0669200e+00   5.6903900e+00   3.4012000e+00  -2.7661700e+07
   7.1362700e+00  -5.2344400e+00   6.8282800e+00   3.0669300e+00   5.6904000e+00   3.4012000e+00  -2.7661700e+07
   7.1360700e+00  -5.2344100e+00   6.8282500e+00   3.0668800e+00   5.6904600e+00   3.4012000e+00  -2.7661700e+07
   7.1362200e+00  -5.2345000e+00   6.8281500e+00   3.0668600e+00   5.6904300e+00   3.4012000e+00  -2.7661700e+07
   7.1362800e+00  -5.2345300e+00   6.8282400e+00   3.0668500e+00   5.6904200e+00   3.4012000e+00  -2.7661700e+07
   7.1362000e+00  -5.2345000e+00   6.8281400e+00   3.0668100e+00   5.6903500e+00   3.4012000e+00  -2.7661700e+07
   7.1363100e+00  -5.2344800e+00   6.8282800e+00   3.0667900e+00   5.6904100e+00   3.4012000e+00  -2.7661700e+07
   7.1362300e+00  -5.2344600e+00   6.8282100e+00   3.0668200e+00   5.6903500e+00   3.4012000e+00  -2.7661700e+07
   7.1362100e+00  -5.2344500e+00   6.8282000e+00   3.0668200e+00   5.6903900e+00   3.4012000e+00  -2.7661700e+07
   7.1362000e+00  -5.2344700e+00   6.8282100e+00   3.0668000e+00   5.6903500e+00   3.4012000e+00  -2.7661700e+07
   7.1364200e+00  -5.2344600e+00   6.8282300e+00   3.0668300e+00   5.6903900e+00   3.4012000e+00  -2.7661700e+07
   7.1361600e+00  -5.2344400e+00   6.8281700e+00   3.0668100e+00   5.6903900e+00   3.4012000e+00  -2.7661700e+07
   7.1363200e+00  -5.2344500e+00   6.8282900e+00   3.0668000e+00   5.6903700e+00   3.4012000e+00  -2.7661700e+07
   7.1362200e+00  -5.2344500e+00   6.8282800e+00   3.0668100e+00   5.6904000e+00   3.4012000e+00  -2.7661700e+07
   7.1364200e+00  -5.2344200e+00   6.8284000e+00   3.0668400e+00   5.6903900e+00   3.4012000e+00  -2.7661700e+07
   7.1363700e+00  -5.2344700e+00   6.8282800e+00   3.0668700e+00   5.6903200e+00   3.4012000e+00  -2.7661700e+07
   7.1362800e+00  -5.2344300e+00   6.8281900e+00   3.0668800e+00   5.6903900e+00   3.4012000e+00  -2.7661700e+07
   7.1362200e+00  -5.2343900e+00   6.8283400e+00   3.0668800e+00   5.6903300e+00   3.4012000e+00  -2.7661700e+07
   7.1361900e+00  -5.2343900e+00   6.8282800e+00   3.0668600e+00   5.6903500e+00   3.4012000e+00  -2.7661700e+07
   7.1362000e+00  -5.2343900e+00   6.8283100e+00   3.0668500e+00   5.6903700e+00   3.4012000e+00  -2.7661700e+07
   7.1362000e+00  -5.2343500e+00   6.8282600e+00   3.0668900e+00   5.6903800e+00   3.4012000e+00  -2.7661700e+07
   7.1363200e+00  -5.2343000e+00   6.8283500e+00   3.0668700e+00   5.6903700e+00   3.4012000e+00  -2.7661700e+07
   7.1359600e+00  -5.2343300e+00   6.8280000e+00   3.0668900e+00   5.6903600e+00   3.4012000e+00  -2.7661700e+07
   7.1359900e+00  -5.2343600e+00   6.8281300e+00   3.0669000e+00   5.6904200e+00   3.4012000e+00  -2.7661700e+07
   7.1361500e+00  -5.2343900e+00   6.8281100e+00   3.0669200e+00   5.6903500e+00   3.4012000e+00  -2.7661700e+07
   7.1362900e+00  -5.2344200e+00   6.8282300e+00   3.0669000e+00   5.6903500e+00   3.4012000e+00  -2.7661700e+07
   7.1363400e+00  -5.2344300e+00   6.8281900e+00   3.0669400e+00   5.6903300e+00   3.4012000e+00  -2.7661700e+07
   7.1361600e+00  -5.2344700e+00   6.8282000e+00   3.0669400e+00   5.6904100e+00   3.4012000e+00  -2.7661700e+07
   7.1362100e+00  -5.2344400e+00   6.8282900e+00   3.0669600e+00   5.6903900e+00   3.4012000e+00  -2.7661700e+07
   7.1361200e+00  -5.2344300e+00   6.8282000e+00   3.0669500e+00   5.6903700e+00   3.4012000e+00  -2.7661700e+07
   7.1362000e+00  -5.2344000e+00   6.8281800e+00   3.0669800e+00   5.6903500e+00   3.4012000e+00  -2.7661700e+07
   7.1361800e+00  -5.2344200e+00   6.8283000e+00   3.0669700e+00   5.6903900e+00   3.4012000e+00  -2.7661700e+07
   7.1361900e+00  -5.2344600e+00   6.8282500e+00   3.0669800e+00   5.6903600e+00   3.4012000e+00  -2.7661700e+07
   7.1362200e+00  -5.2344400e+00   6.8282100e+00   3.0669800e+00   5.6904200e+00   3.4011900e+00  -2.7661700e+07
   7.1361800e+00  -5.2344900e+00   6.8281700e+00   3.0669600e+00   5.6903800e+00   3.4012000e+00  -2.7661700e+07
   7.1363400e+00  -5.2344100e+00   6.8282600e+00   3.0670100e+00   5.6903300e+00   3.4012000e+00  -2.7661700e+07
   7.1361900e+00  -5.2345000e+00   6.8282100e+00   3.0670300e+00   5.6903800e+00   3.4012000e+00  -2.7661700e+07
   7.1362600e+00  -5.2345800e+00   6.8281600e+00   3.0671000e+00   5.6903900e+00   3.4012000e+00  -2.7661700e+07
   7.1365400e+00  -5.2345800e+00   6.8283700e+00   3.0671200e+00   5.6903500e+00   3.4012000e+00  -2.7661700e+07
   7.1363500e+00  -5.2346100e+00   6.8283400e+00   3.0671500e+00   5.6904000e+00   3.4012000e+00  -2.7661700e+07
   7.1362600e+00  -5.2346300e+00   6.8281500e+00   3.0671300e+00   5.6903500e+00   3.4012000e+00  -2.7661700e+07
   7.1364500e+00  -5.2346500e+00   6.8283400e+00   3.0670900e+00   5.6903400e+00   3.4012000e+00  -2.7661700e+07
   7.1364200e+00  -5.2345800e+00   6.8283700e+00   3.0670500e+00   5.6904200e+00   3.4012000e+00  -2.7661700e+07
   7.1362700e+00  -5.2345600e+00   6.8282900e+00   3.0670400e+00   5.6903500e+00   3.4012000e+00  -2.7661700e+07
   7.1363700e+00  -5.2345800e+00   6.8282600e+00   3.0670800e+00   5.6904100e+00   3.4012000e+00  -2.7661700e+07
   7.1363900e+00  -5.2346500e+00   6.8282300e+00   3.0670900e+00   5.6903900e+00   3.4012000e+00  -2.7661700e+07
   7.1364100e+00  -5.2346300e+00   6.8282900e+00   3.0670600e+00   5.6903400e+00   3.4012000e+00  -2.7661700e+07
   7.1366000e+00  -5.2346900e+00   6.8283300e+00   3.0670500e+00   5.6903500e+00   3.4012000e+00  -2.7661700e+07
   7.1365400e+00  -5.2346600e+00   6.8282900e+00   3.0670400e+00   5.6903900e+00   3.4012000e+00  -2.7661700e+07
   7.1365000e+00  -5.2347000e+00   6.8282500e+00   3.0670000e+00   5.6903400e+00   3.4012000e+00  -2.7661700e+07
   7.1362800e+00  -5.2347200e+00   6.8281500e+00   3.0670100e+00   5.6903800e+00   3.4012000e+00  -2.7661700e+07
   7.1365000e+00  -5.2348200e+00   6.8281600e+00   3.0670000e+00   5.6903400e+00   3.4012000e+00  -2.7661700e+07
   7.1364100e+00  -5.2347700e+00   6.8282900e+00   3.0670200e+00   5.6904100e+00   3.4012000e+00  -2.7661700e+07
   7.1367800e+00  -5.2347900e+00   6.8283400e+00   3.0670400e+00   5.6903500e+00   3.4012000e+00  -2.7661700e+07
   7.1363200e+00  -5.2347100e+00   6.8282500e+00   3.0670200e+00   5.6904500e+00   3.4012000e+00  -2.7661700e+07
   7.1364600e+00  -5.2347100e+00   6.8282500e+00   3.0670300e+00   5.6903500e+00   3.4012000e+00  -2.7661700e+07
   7.1365000e+00  -5.2347400e+00   6.8282500e+00   3.0670500e+00   5.6904000e+00   3.4012000e+00  -2.7661700e+07
   7.1365700e+00  -5.2347300e+00   6.8282500e+00   3.0670700e+00   5.6903200e+00   3.4012000e+00  -2.7661700e+07
   7.1365300e+00  -5.2346800e+00   6.8283200e+00   3.0670600e+00   5.6903200e+00   3.4012000e+00  -2.7661700e+07
   7.1362800e+00  -5.2346300e+00   6.8281900e+00   3.0670500e+00   5.6904100e+00   3.4012000e+00  -2.7661700e+07
   7.1365700e+00  -5.2346400e+00   6.8283100e+00   3.0671100e+00   5.6903700e+00   3.4012000e+00  -2.7661700e+07
   7.1365800e+00  -5.2346400e+00   6.8283700e+00   3.0671100e+00   5.6903300e+00   3.4012000e+00  -2.7661700e+07
   7.1363100e+00  -5.2345900e+00   6.8282100e+00   3.0671300e+00   5.6903200e+00   3.4012000e+00  -2.7661700e+07
   7.1363600e+00  -5.2345400e+00   6.8282300e+00   3.0671300e+00   5.6903200e+00   3.4012000e+00  -2.7661700e+07
   7.1364200e+00  -5.2344700e+00   6.8282900e+00   3.0671300e+00   5.6903600e+00   3.4012000e+00  -2.7661700e+07
   7.1363200e+00  -5.2345300e+00   6.8282600e+00   3.0671200e+00   5.6903600e+00   3.4012000e+00  -2.7661700e+07
   7.1364000e+00  -5.2345700e+00   6.8283200e+00   3.0671700e+00   5.6903600e+00   3.4012000e+00  -2.7661700e+07
   7.1363100e+00  -5.2346100e+00   6.8282200e+00   3.0671700e+00   5.6904300e+00   3.4012000e+00  -2.7661700e+07
   7.1364400e+00  -5.2346400e+00   6.8282500e+00   3.0671900e+00   5.6903400e+00   3.4012000e+00  -2.7661700e+07
   7.1363000e+00  -5.2346200e+00   6.8281600e+00   3.0672700e+00   5.6902900e+00   3.4012000e+00  -2.7661700e+07
   7.1366400e+00  -5.2346700e+00   6.8283500e+00   3.0672900e+00   5.6903400e+00   3.4012000e+00  -2.7661700e+07
   7.1365200e+00  -5.2346800e+00   6.8282100e+00   3.0673000e+00   5.6903500e+00   3.4012000e+00  -2.7661700e+07
   7.1366300e+00  -5.2347000e+00   6.8283700e+00   3.0673300e+00   5.6903500e+00   3.4012000e+00  -2.7661700e+07
   7.1367300e+00  -5.2347100e+00   6.8284500e+00   3.0673000e+00   5.6904100e+00   3.4012000e+00  -2.7661700e+07
   7.1364300e+00  -5.2347200e+00   6.8281900e+00   3.0673200e+00   5.6903500e+00   3.4012000e+00  -2.7661700e+07
   7.1366800e+00  -5.2347300e+00   6.8284200e+00   3.0673200e+00   5.6903500e+00   3.4012000e+00  -2.7661700e+07
   7.1364700e+00  -5.2347100e+00   6.8282700e+00   3.0673000e+00   5.6903900e+00   3.4012000e+00  -2.7661700e+07
   7.1364000e+00  -5.2347000e+00   6.8282100e+00   3.0672800e+00   5.6903900e+00   3.4011900e+00  -2.7661700e+07
   7.1364800e+00  -5.2346800e+00   6.8282600e+00   3.0673100e+00   5.6903900e+00   3.4012000e+00  -2.7661700e+07
   7.1362800e+00  -5.2346600e+00   6.8282000e+00   3.0673500e+00   5.6904100e+00   3.4012000e+00  -2.7661700e+07
   7.1364100e+00  -5.2346500e+00   6.8283200e+00   3.0673500e+00   5.6903600e+00   3.4012000e+00  -2.7661700e+07
   7.1365600e+00  -5.2346000e+00   6.8282600e+00   3.0673100e+00   5.6903100e+00   3.4012000e+00  -2.7661700e+07
   7.1363200e+00  -5.2346500e+00   6.8281500e+00   3.0673400e+00   5.6903400e+00   3.4012000e+00  -2.7661700e+07
   7.1363700e+00  -5.2346300e+00   6.8282300e+00   3.0673300e+00   5.6903400e+00   3.4012000e+00  -2.7661700e+07
   7.1365000e+00  -5.2346300e+00   6.8282900e+00   3.0673500e+00   5.6903500e+00   3.4012000e+00  -2.7661700e+07
   7.1364200e+00  -5.2346300e+00   6.8282800e+00   3.0673200e+00   5.6904000e+00   3.4012000e+00  -2.7661700e+07
   7.1364000e+00  -5.2346800e+00   6.8281000e+00   3.0673200e+00   5.6903100e+00   3.4012000e+00  -2.7661700e+07
   7.1364000e+00  -5.2347100e+00   6.8282800e+00   3.0673400e+00   5.6903900e+00   3.4012000e+00  -2.7661700e+07
   7.1363100e+00  -5.2347600e+00   6.8280300e+00   3.0673600e+00   5.6904000e+00   3.4012000e+00  -2.7661700e+07
   7.1367200e+00  -5.2347900e+00   6.8283200e+00   3.0673800e+00   5.6902900e+00   3.4012000e+00  -2.7661700e+07
   7.1368100e+00  -5.2348200e+00   6.8282900e+00   3.0674600e+00   5.6903600e+00   3.4012000e+00  -2.7661700e+07
   7.1364600e+00  -5.2348000e+00   6.8281500e+00   3.0674600e+00   5.6903800e+00   3.4012000e+00  -2.7661700e+07
   7.1367400e+00  -5.2348400e+00   6.8283200e+00   3.0674400e+00   5.6903500e+00   3.4012000e+00  -2.7661700e+07
   7.1364000e+00  -5.2348500e+00   6.8281100e+00   3.0674300e+00   5.6903800e+00   3.4012000e+00  -2.7661700e+07
   7.1366500e+00  -5.2348600e+00   6.8283100e+00   3.0674500e+00   5.6903300e+00   3.4012000e+00  -2.7661700e+07
   7.1366500e+00  -5.2349000e+00   6.8283700e+00   3.0674700e+00   5.6903800e+00   3.4012000e+00  -2.7661700e+07
   7.1364300e+00  -5.2349200e+00   6.8281600e+00   3.0674600e+00   5.6904200e+00   3.4012000e+00  -2.7661700e+07
   7.1366600e+00  -5.2349200e+00   6.8282800e+00   3.0674500e+00   5.6903300e+00   3.4012000e+00  -2.7661700e+07
   7.1366000e+00  -5.2349700e+00   6.8282400e+00   3.0674500e+00   5.6904500e+00   3.4012000e+00  -2.7661700e+07
   7.1367100e+00  -5.2349900e+00   6.8283100e+00   3.0674200e+00   5.6904800e+00   3.4012000e+00  -2.7661700e+07
   7.1368800e+00  -5.2350100e+00   6.8283700e+00   3.0674100e+00   5.6903400e+00   3.4012000e+00  -2.7661700e+07
   7.1365500e+00  -5.2350100e+00   6.8281600e+00   3.0674200e+00   5.6903900e+00   3.4012000e+00  -2.7661700e+07
   7.1366200e+00  -5.2350000e+00   6.8282500e+00   3.0674500e+00   5.6903600e+00   3.4012000e+00  -2.7661700e+07
   7.1365500e+00  -5.2349900e+00   6.8282500e+00   3.0674600e+00   5.6904200e+00   3.4012000e+00  -2.7661700e+07
   7.1366700e+00  -5.2350300e+00   6.8282200e+00   3.0674900e+00   5.6903900e+00   3.4012000e+00  -2.7661700e+07
   7.1365900e+00  -5.2351000e+00   6.8281800e+00   3.0674900e+00   5.6903700e+00   3.4012000e+00  -2.7661700e+07
   7.1368100e+00  -5.2350800e+00   6.8283200e+00   3.0675200e+00   5.6903600e+00   3.4012000e+00  -2.7661700e+07
   7.1366600e+00  -5.2350600e+00   6.8283200e+00   3.0675600e+00   5.6903900e+00   3.4012000e+00  -2.7661700e+07
   7.1367300e+00  -5.2350600e+00   6.8281900e+00   3.0675600e+00   5.6903600e+00   3.4012000e+00  -2.7661700e+07
   7.1369800e+00  -5.2350500e+00   6.8284100e+00   3.0675500e+00   5.6903600e+00   3.4012000e+00  -2.7661700e+07
   7.1369100e+00  -5.2350400e+00   6.8283200e+00   3.0675200e+00   5.6903500e+00   3.4012000e+00  -2.7661700e+07
   7.1369900e+00  -5.2350600e+00   6.8284000e+00   3.0675200e+00   5.6904200e+00   3.4012000e+00  -2.7661700e+07
   7.1369200e+00  -5.2350000e+00   6.8282600e+00   3.0675500e+00   5.6903200e+00   3.4012000e+00  -2.7661700e+07
   7.1367900e+00  -5.2350200e+00   6.8283100e+00   3.0675300e+00   5.6903800e+00   3.4012000e+00  -2.7661700e+07
   7.1368100e+00  -5.2350400e+00   6.8283400e+00   3.0675500e+00   5.6903900e+00   3.4012000e+00  -2.7661700e+07
   7.1366900e+00  -5.2349900e+00   6.8282600e+00   3.0675900e+00   5.6903700e+00   3.4012000e+00  -2.7661700e+07
   7.1369000e+00  -5.2350300e+00   6.8284200e+00   3.0676100e+00   5.6903600e+00   3.4012000e+00  -2.7661700e+07
   7.1367800e+00  -5.2350400e+00   6.8283700e+00   3.0676500e+00   5.6903600e+00   3.4012000e+00  -2.7661700e+07
   7.1368300e+00  -5.2350600e+00   6.8283000e+00   3.0676800e+00   5.6903600e+00   3.4012000e+00  -2.7661700e+07
   7.1368400e+00  -5.2350300e+00   6.8283900e+00   3.0677400e+00   5.6904000e+00   3.4012000e+00  -2.7661700e+07
   7.1367300e+00  -5.2349800e+00   6.8283200e+00   3.0677400e+00   5.6903800e+00   3.4012000e+00  -2.7661700e+07
   7.1366700e+00  -5.2349900e+00   6.8283000e+00   3.0677600e+00   5.6904500e+00   3.4012000e+00  -2.7661700e+07
   7.1366700e+00  -5.2350200e+00   6.8282500e+00   3.0677900e+00   5.6903400e+00   3.4012000e+00  -2.7661700e+07
   7.1367800e+00  -5.2350300e+00   6.8283200e+00   3.0678200e+00   5.6903900e+00   3.4012000e+00  -2.7661700e+07
   7.1367300e+00  -5.2350700e+00   6.8282800e+00   3.0678100e+00   5.6903900e+00   3.4012000e+00  -2.7661700e+07
   7.1368500e+00  -5.2351000e+00   6.8283000e+00   3.0678000e+00   5.6904100e+00   3.4012000e+00  -2.7661700e+07
   7.1368000e+00  -5.2351000e+00   6.8282100e+00   3.0677700e+00   5.6903600e+00   3.4012000e+00  -2.7661700e+07
   7.1368400e+00  -5.2350900e+00   6.8283200e+00   3.0678000e+00   5.6903100e+00   3.4012000e+00  -2.7661700e+07
   7.1369600e+00  -5.2350900e+00   6.8283500e+00   3.0678200e+00   5.6903800e+00   3.4012000e+00  -2.7661700e+07
   7.1366100e+00  -5.2350200e+00   6.8283300e+00   3.0678600e+00   5.6904200e+00   3.4012000e+00  -2.7661700e+07
   7.1367700e+00  -5.2350300e+00   6.8282800e+00   3.0678600e+00   5.6903000e+00   3.4012000e+00  -2.7661700e+07
   7.1367800e+00  -5.2350500e+00   6.8282200e+00   3.0678700e+00   5.6903500e+00   3.4012000e+00  -2.7661700e+07
   7.1368700e+00  -5.2349800e+00   6.8284100e+00   3.0678800e+00   5.6904100e+00   3.4012000e+00  -2.7661700e+07
   7.1365700e+00  -5.2349500e+00   6.8283300e+00   3.0679000e+00   5.6904700e+00   3.4012000e+00  -2.7661700e+07
   7.1367300e+00  -5.2349500e+00   6.8283400e+00   3.0679100e+00   5.6903500e+00   3.4012000e+00  -2.7661700e+07
   7.1367200e+00  -5.2349700e+00   6.8283300e+00   3.0678700e+00   5.6903700e+00   3.4012000e+00  -2.7661700e+07
   7.1367400e+00  -5.2350200e+00   6.8283600e+00   3.0679000e+00   5.6903800e+00   3.4012000e+00  -2.7661700e+07
   7.1366700e+00  -5.2349700e+00   6.8282700e+00   3.0679300e+00   5.6903700e+00   3.4012000e+00  -2.7661700e+07
   7.1367800e+00  -5.2349300e+00   6.8283000e+00   3.0679200e+00   5.6903600e+00   3.4012000e+00  -2.7661700e+07
   7.1366600e+00  -5.2349600e+00   6.8282800e+00   3.0679500e+00   5.6903400e+00   3.4012000e+00  -2.7661700e+07
   7.1366300e+00  -5.2349200e+00   6.8282700e+00   3.0679800e+00   5.6903900e+00   3.4012000e+00  -2.7661700e+07
   7.1367200e+00  -5.2348900e+00   6.8283500e+00   3.0679800e+00   5.6902900e+00   3.4012000e+00  -2.7661700e+07
   7.1367000e+00  -5.2348200e+00   6.8283000e+00   3.0679600e+00   5.6904000e+00   3.4012000e+00  -2.7661700e+07
   7.1366200e+00  -5.2348600e+00   6.8282100e+00   3.0679500e+00   5.6903500e+00   3.4012000e+00  -2.7661700e+07
   7.1367700e+00  -5.2348300e+00   6.8283400e+00   3.0679600e+00   5.6903500e+00   3.4011900e+00  -2.7661700e+07
   7.1366700e+00  -5.2349000e+00   6.8282500e+00   3.0679100e+00   5.6903200e+00   3.4012000e+00  -2.7661700e+07
   7.1366100e+00  -5.2349100e+00   6.8282900e+00   3.0679700e+00   5.6903600e+00   3.4012000e+00  -2.7661700e+07
   7.1367000e+00  -5.2348800e+00   6.8283200e+00   3.0679800e+00   5.6902500e+00   3.4012000e+00  -2.7661700e+07
   7.1365800e+00  -5.2348800e+00   6.8282200e+00   3.0680200e+00   5.6903800e+00   3.4012000e+00  -2.7661700e+07
   7.1366300e+00  -5.2348600e+00   6.8282600e+00   3.0680400e+00   5.6904000e+00   3.4012000e+00  -2.7661700e+07
   7.1365200e+00  -5.2348200e+00   6.8282200e+00   3.0680300e+00   5.6903800e+00   3.4012000e+00  -2.7661700e+07
   7.1364000e+00  -5.2348100e+00   6.8282100e+00   3.0680400e+00   5.6903700e+00   3.4012000e+00  -2.7661700e+07
   7.1366500e+00  -5.2348400e+00   6.8282900e+00   3.0680600e+00   5.6903300e+00   3.4012000e+00  -2.7661700e+07
   7.1365900e+00  -5.2348700e+00   6.8283300e+00   3.0680700e+00   5.6903400e+00   3.4012000e+00  -2.7661700e+07
   7.1367500e+00  -5.2348800e+00   6.8283600e+00   3.0680700e+00   5.6904400e+00   3.4012000e+00  -2.7661700e+07
   7.1366200e+00  -5.2349000e+00   6.8282000e+00   3.0680600e+00   5.6903500e+00   3.4012000e+00  -2.7661700e+07
   7.1366900e+00  -5.2349400e+00   6.8283300e+00   3.0680900e+00   5.6903800e+00   3.4012000e+00  -2.7661700e+07
   7.1368200e+00  -5.2349500e+00   6.8283700e+00   3.0680700e+00   5.6903400e+00   3.4012000e+00  -2.7661700e+07
   7.1364900e+00  -5.2349400e+00   6.8282100e+00   3.0680500e+00   5.6904300e+00   3.4012000e+00  -2.7661700e+07
   7.1366500e+00  -5.2349200e+00   6.8282200e+00   3.0680700e+00   5.6903100e+00   3.4012000e+00  -2.7661700e+07
   7.1367200e+00  -5.2349800e+00   6.8282900e+00   3.0680800e+00   5.6903000e+00   3.4012000e+00  -2.7661700e+07
   7.1367200e+00  -5.2349700e+00   6.8282700e+00   3.0680700e+00   5.6903600e+00   3.4012000e+00  -2.7661700e+07
   7.1367700e+00  -5.2349800e+00   6.8282700e+00   3.0680900e+00   5.6903300e+00   3.4012000e+00  -2.7661700e+07
   7.1366700e+00  -5.2349800e+00   6.8282000e+00   3.0681100e+00   5.6903400e+00   3.4011900e+00  -2.7661700e+07
   7.1368700e+00  -5.2349700e+00   6.8282900e+00   3.0680900e+00   5.6903700e+00   3.4012000e+00  -2.7661700e+07
   7.1366000e+00  -5.2349400e+00   6.8282200e+00   3.0680800e+00   5.6903400e+00   3.4012000e+00  -2.7661700e+07
   7.1365800e+00  -5.2349300e+00   6.8282200e+00   3.0680900e+00   5.6904500e+00   3.4012000e+00  -2.7661700e+07
   7.1365500e+00  -5.2348700e+00   6.8282900e+00   3.0681000e+00   5.6904300e+00   3.4012000e+00  -2.7661700e+07
   7.1364800e+00  -5.2348500e+00   6.8281900e+00   3.0680900e+00   5.6904200e+00   3.4012000e+00  -2.7661700e+07
   7.1366500e+00  -5.2348600e+00   6.8283100e+00   3.0680500e+00   5.6903500e+00   3.4012000e+00  -2.7661700e+07
   7.1367000e+00  -5.2348900e+00   6.8282800e+00   3.0680600e+00   5.6903900e+00   3.4012000e+00  -2.7661700e+07
   7.1366400e+00  -5.2349300e+00   6.8282800e+00   3.0680500e+00   5.6903700e+00   3.4012000e+00  -2.7661700e+07
   7.1366900e+00  -5.2349700e+00   6.8282400e+00   3.0680800e+00   5.6903500e+00   3.4011900e+00  -2.7661700e+07
   7.1367600e+00  -5.2350400e+00   6.8282200e+00   3.0680700e+00   5.6903300e+00   3.4012000e+00  -2.7661700e+07
   7.1367600e+00  -5.2350500e+00   6.8283400e+00   3.0680400e+00   5.6903500e+00   3.4012000e+00  -2.7661700e+07
   7.1366600e+00  -5.2350100e+00   6.8282500e+00   3.0680500e+00   5.6902800e+00   3.4012000e+00  -2.7661700e+07
   7.1368300e+00  -5.2350600e+00   6.8282900e+00   3.0680300e+00   5.6903900e+00   3.4012000e+00  -2.7661700e+07
   7.1366600e+00  -5.2350400e+00   6.8282600e+00   3.0680000e+00   5.6903900e+00   3.4012000e+00  -2.7661700e+07
   7.1369100e+00  -5.2351600e+00   6.8282500e+00   3.0680100e+00   5.6903500e+00   3.4012000e+00  -2.7661700e+07
   7.1369300e+00  -5.2352200e+00   6.8282400e+00   3.0680400e+00   5.6903600e+00   3.4012000e+00  -2.7661700e+07
   7.1368800e+00  -5.2352200e+00   6.8282700e+00   3.0680400e+00   5.6904300e+00   3.4012000e+00  -2.7661700e+07
   7.1369800e+00  -5.2352400e+00   6.8283500e+00   3.0680500e+00   5.6904100e+00   3.4012000e+00  -2.7661700e+07
   7.1370300e+00  -5.2352400e+00   6.8284500e+00   3.0680800e+00   5.6904100e+00   3.4012000e+00  -2.7661700e+07
   7.1367300e+00  -5.2351500e+00   6.8282100e+00   3.0680500e+00   5.6903900e+00   3.4012000e+00  -2.7661700e+07
   7.1370400e+00  -5.2352100e+00   6.8283300e+00   3.0680700e+00   5.6903800e+00   3.4012000e+00  -2.7661700e+07
   7.1369000e+00  -5.2352200e+00   6.8283400e+00   3.0680300e+00   5.6904400e+00   3.4012000e+00  -2.7661700e+07
   7.1372600e+00  -5.2352700e+00   6.8284400e+00   3.0679900e+00   5.6903200e+00   3.4012000e+00  -2.7661700e+07
   7.1370200e+00  -5.2353600e+00   6.8284900e+00   3.0679600e+00   5.6904300e+00   3.4012000e+00  -2.7661700e+07
   7.1371300e+00  -5.2353100e+00   6.8282700e+00   3.0679700e+00   5.6903900e+00   3.4012000e+00  -2.7661700e+07
   7.1372700e+00  -5.2353100e+00   6.8284600e+00   3.0679300e+00   5.6903500e+00   3.4012000e+00  -2.7661700e+07
   7.1367900e+00  -5.2352800e+00   6.8281200e+00   3.0679300e+00   5.6904000e+00   3.4012000e+00  -2.7661700e+07
   7.1367600e+00  -5.2353300e+00   6.8281800e+00   3.0679300e+00   5.6904100e+00   3.4012000e+00  -2.7661700e+07
   7.1370200e+00  -5.2353700e+00   6.8283000e+00   3.0679000e+00   5.6904000e+00   3.4012000e+00  -2.7661700e+07
   7.1369400e+00  -5.2353600e+00   6.8283200e+00   3.0678900e+00   5.6904200e+00   3.4012000e+00  -2.7661700e+07
   7.1370700e+00  -5.2353000e+00   6.8282700e+00   3.0678800e+00   5.6903600e+00   3.4011900e+00  -2.7661700e+07
   7.1369400e+00  -5.2352500e+00   6.8282600e+00   3.0679000e+00   5.6903200e+00   3.4012000e+00  -2.7661700e+07
   7.1369300e+00  -5.2352800e+00   6.8281800e+00   3.0679300e+00   5.6903600e+00   3.4012000e+00  -2.7661700e+07
   7.1368000e+00  -5.2352600e+00   6.8281500e+00   3.0679300e+00   5.6903800e+00   3.4012000e+00  -2.7661700e+07
   7.1370300e+00  -5.2352600e+00   6.8284700e+00   3.0679700e+00   5.6903600e+00   3.4012000e+00  -2.7661700e+07
   7.1370900e+00  -5.2353000e+00   6.8283500e+00   3.0679200e+00   5.6903200e+00   3.4012000e+00  -2.7661700e+07
   7.1368400e+00  -5.2353300e+00   6.8283000e+00   3.0679100e+00   5.6904100e+00   3.4012000e+00  -2.7661700e+07
   7.1369800e+00  -5.2352700e+00   6.8282500e+00   3.0678800e+00   5.6904300e+00   3.4012000e+00  -2.7661700e+07
   7.1370100e+00  -5.2352100e+00   6.8283000e+00   3.0679000e+00   5.6903200e+00   3.4012000e+00  -2.7661700e+07
   7.1370300e+00  -5.2352100e+00   6.8283700e+00   3.0679200e+00   5.6903900e+00   3.4012000e+00  -2.7661700e+07
   7.1367700e+00  -5.2351800e+00   6.8282900e+00   3.0679200e+00   5.6904500e+00   3.4012000e+00  -2.7661700e+07
   7.1366900e+00  -5.2351100e+00   6.8282700e+00   3.0679300e+00   5.6904000e+00   3.4012000e+00  -2.7661700e+07
   7.1367700e+00  -5.2350500e+00   6.8282500e+00   3.0679100e+00   5.6903800e+00   3.4012000e+00  -2.7661700e+07
   7.1366700e+00  -5.2350800e+00   6.8282100e+00   3.0678800e+00   5.6904100e+00   3.4012000e+00  -2.7661700e+07
   7.1369100e+00  -5.2350600e+00   6.8284300e+00   3.0679000e+00   5.6903900e+00   3.4012000e+00  -2.7661700e+07
   7.1370000e+00  -5.2351400e+00   6.8283200e+00   3.0679000e+00   5.6903300e+00   3.4012000e+00  -2.7661700e+07
   7.1367100e+00  -5.2350800e+00   6.8283100e+00   3.0679800e+00   5.6903900e+00   3.4012000e+00  -2.7661700e+07
   7.1367400e+00  -5.2351000e+00   6.8283200e+00   3.0679400e+00   5.6903300e+00   3.4012000e+00  -2.7661700e+07
   7.1369000e+00  -5.2351600e+00   6.8282300e+00   3.0679900e+00   5.6903300e+00   3.4012000e+00  -2.7661700e+07
   7.1368400e+00  -5.2351500e+00   6.8282200e+00   3.0680500e+00   5.6903200e+00   3.4012000e+00  -2.7661700e+07
   7.1366700e+00  -5.2351100e+00   6.8282300e+00   3.0680200e+00   5.6903900e+00   3.4012000e+00  -2.7661700e+07
   7.1369000e+00  -5.2351300e+00   6.8283100e+00   3.0680400e+00   5.6904500e+00   3.4012000e+00  -2.7661700e+07
   7.1367500e+00  -5.2350900e+00   6.8282500e+00   3.0680100e+00   5.6903400e+00   3.4012000e+00  -2.7661700e+07
   7.1369600e+00  -5.2351500e+00   6.8282400e+00   3.0680100e+00   5.6903000e+00   3.4012000e+00  -2.7661700e+07
   7.1370100e+00  -5.2351200e+00   6.8284000e+00   3.0679900e+00   5.6903400e+00   3.4012000e+00  -2.7661700e+07
   7.1369300e+00  -5.2350800e+00   6.8283500e+00   3.0679900e+00   5.6903800e+00   3.4012000e+00  -2.7661700e+07
   7.1368400e+00  -5.2350600e+00   6.8283300e+00   3.0679900e+00   5.6904100e+00   3.4012000e+00  -2.7661700e+07
   7.1368700e+00  -5.2351100e+00   6.8282400e+00   3.0679700e+00   5.6903400e+00   3.4011900e+00  -2.7661700e+07
   7.1367900e+00  -5.2351000e+00   6.8282700e+00   3.0679700e+00   5.6903600e+00   3.4012000e+00  -2.7661700e+07
   7.1368400e+00  -5.2351000e+00   6.8283700e+00   3.0679700e+00   5.6903600e+00   3.4012000e+00  -2.7661700e+07
   7.1368400e+00  -5.2351800e+00   6.8284100e+00   3.0679600e+00   5.6904300e+00   3.4012000e+00  -2.7661700e+07
   7.1367300e+00  -5.2351600e+00   6.8281600e+00   3.0679600e+00   5.6904000e+00   3.4012000e+00  -2.7661700e+07
   7.1368700e+00  -5.2351700e+00   6.8283100e+00   3.0679700e+00   5.6903400e+00   3.4012000e+00  -2.7661700e+07
   7.1366700e+00  -5.2351200e+00   6.8282300e+00   3.0679400e+00   5.6904600e+00   3.4012000e+00  -2.7661700e+07
   7.1368900e+00  -5.2351200e+00   6.8282700e+00   3.0679200e+00   5.6903500e+00   3.4012000e+00  -2.7661700e+07
   7.1366500e+00  -5.2350600e+00   6.8283000e+00   3.0679100e+00   5.6903700e+00   3.4012000e+00  -2.7661700e+07
   7.1368400e+00  -5.2350500e+00   6.8282500e+00   3.0679800e+00   5.6903700e+00   3.4012000e+00  -2.7661700e+07
   7.1366300e+00  -5.2349900e+00   6.8282500e+00   3.0680100e+00   5.6903200e+00   3.4012000e+00  -2.7661700e+07
   7.1367300e+00  -5.2349700e+00   6.8282400e+00   3.0680300e+00   5.6904000e+00   3.4012000e+00  -2.7661700e+07
   7.1368100e+00  -5.2349900e+00   6.8282700e+00   3.0680800e+00   5.6903300e+00   3.4012000e+00  -2.7661700e+07
   7.1368600e+00  -5.2350600e+00   6.8283400e+00   3.0681500e+00   5.6903600e+00   3.4012000e+00  -2.7661700e+07
   7.1370000e+00  -5.2351000e+00   6.8283400e+00   3.0681400e+00   5.6904100e+00   3.4012000e+00  -2.7661700e+07
   7.1368000e+00  -5.2351100e+00   6.8283600e+00   3.0681500e+00   5.6903500e+00   3.4012000e+00  -2.7661700e+07
   7.1369800e+00  -5.2351100e+00   6.8283600e+00   3.0682100e+00   5.6903300e+00   3.4012000e+00  -2.7661700e+07
   7.1368700e+00  -5.2352100e+00   6.8282200e+00   3.0681700e+00   5.6903200e+00   3.4012000e+00  -2.7661700e+07
   7.1368700e+00  -5.2352400e+00   6.8283300e+00   3.0682200e+00   5.6903800e+00   3.4012000e+00  -2.7661700e+07
   7.1370000e+00  -5.2352700e+00   6.8283200e+00   3.0682200e+00   5.6904000e+00   3.4012000e+00  -2.7661700e+07
   7.1369700e+00  -5.2352600e+00   6.8283500e+00   3.0682600e+00   5.6904600e+00   3.4012000e+00  -2.7661700e+07
   7.1371400e+00  -5.2353800e+00   6.8283500e+00   3.0682500e+00   5.6903600e+00   3.4012000e+00  -2.7661700e+07
   7.1370500e+00  -5.2354000e+00   6.8282500e+00   3.0682800e+00   5.6904200e+00   3.4012000e+00  -2.7661700e+07
   7.1371100e+00  -5.2354300e+00   6.8283200e+00   3.0682900e+00   5.6904100e+00   3.4012000e+00  -2.7661700e+07
   7.1371200e+00  -5.2354100e+00   6.8283500e+00   3.0682700e+00   5.6903000e+00   3.4012000e+00  -2.7661700e+07
   7.1369800e+00  -5.2354800e+00   6.8282000e+00   3.0682700e+00   5.6903700e+00   3.4012000e+00  -2.7661700e+07
   7.1370000e+00  -5.2354500e+00   6.8282800e+00   3.0682600e+00   5.6903800e+00   3.4012000e+00  -2.7661700e+07
   7.1369800e+00  -5.2354800e+00   6.8282500e+00   3.0683100e+00   5.6904100e+00   3.4012000e+00  -2.7661700e+07
   7.1372800e+00  -5.2354900e+00   6.8284500e+00   3.0683000e+00   5.6903900e+00   3.4012000e+00  -2.7661700e+07
   7.1374300e+00  -5.2355100e+00   6.8284900e+00   3.0683500e+00   5.6903800e+00   3.4012000e+00  -2.7661700e+07
   7.1371900e+00  -5.2355100e+00   6.8283300e+00   3.0683300e+00   5.6903700e+00   3.4012000e+00  -2.7661700e+07
   7.1370300e+00  -5.2354500e+00   6.8282300e+00   3.0683400e+00   5.6903300e+00   3.4012000e+00  -2.7661700e+07
   7.1370000e+00  -5.2354500e+00   6.8282800e+00   3.0683300e+00   5.6904400e+00   3.4012000e+00  -2.7661700e+07
   7.1372000e+00  -5.2354800e+00   6.8284200e+00   3.0683500e+00   5.6903400e+00   3.4012000e+00  -2.7661700e+07
   7.1371900e+00  -5.2354700e+00   6.8284000e+00   3.0683600e+00   5.6903600e+00   3.4012000e+00  -2.7661700e+07
   7.1371600e+00  -5.2355100e+00   6.8282500e+00   3.0683500e+00   5.6903200e+00   3.4012000e+00  -2.7661700e+07
   7.1370800e+00  -5.2355300e+00   6.8282500e+00   3.0683600e+00   5.6904400e+00   3.4012000e+00  -2.7661700e+07
   7.1370100e+00  -5.2354500e+00   6.8283200e+00   3.0683900e+00   5.6904100e+00   3.4012000e+00  -2.7661700e+07
   7.1373300e+00  -5.2354600e+00   6.8283800e+00   3.0683900e+00   5.6903100e+00   3.4012000e+00  -2.7661700e+07
   7.1369200e+00  -5.2354900e+00   6.8281300e+00   3.0684500e+00   5.6903600e+00   3.4011900e+00  -2.7661700e+07
   7.1372600e+00  -5.2355200e+00   6.8283500e+00   3.0684700e+00   5.6903700e+00   3.4011900e+00  -2.7661700e+07
   7.1370100e+00  -5.2355100e+00   6.8282300e+00   3.0684800e+00   5.6904200e+00   3.4012000e+00  -2.7661700e+07
   7.1373200e+00  -5.2355100e+00   6.8283900e+00   3.0685100e+00   5.6903600e+00   3.4012000e+00  -2.7661700e+07
   7.1370200e+00  -5.2354600e+00   6.8282500e+00   3.0685300e+00   5.6904200e+00   3.4012000e+00  -2.7661700e+07
   7.1372200e+00  -5.2354900e+00   6.8283900e+00   3.0685700e+00   5.6903000e+00   3.4012000e+00  -2.7661700e+07
   7.1372100e+00  -5.2355300e+00   6.8283200e+00   3.0685900e+00   5.6903300e+00   3.4012000e+00  -2.7661700e+07
   7.1372300e+00  -5.2355200e+00   6.8283200e+00   3.0685900e+00   5.6903900e+00   3.4012000e+00  -2.7661700e+07
   7.1372700e+00  -5.2355100e+00   6.8284000e+00   3.0686100e+00   5.6904100e+00   3.4012000e+00  -2.7661700e+07
   7.1369700e+00  -5.2354700e+00   6.8281100e+00   3.0685800e+00   5.6904000e+00   3.4012000e+00  -2.7661700e+07
   7.1370700e+00  -5.2354500e+00   6.8283500e+00   3.0686100e+00   5.6903800e+00   3.4012000e+00  -2.7661700e+07
   7.1372700e+00  -5.2354600e+00   6.8283600e+00   3.0686200e+00   5.6903700e+00   3.4012000e+00  -2.7661700e+07
   7.1371100e+00  -5.2354800e+00   6.8282700e+00   3.0686400e+00   5.6903300e+00   3.4012000e+00  -2.7661700e+07
   7.1371300e+00  -5.2354600e+00   6.8282000e+00   3.0686400e+00   5.6903300e+00   3.4012000e+00  -2.7661700e+07
   7.1371600e+00  -5.2354300e+00   6.8283500e+00   3.0686300e+00   5.6903500e+00   3.4012000e+00  -2.7661700e+07
   7.1370200e+00  -5.2353900e+00   6.8282600e+00   3.0686100e+00   5.6904000e+00   3.4012000e+00  -2.7661700e+07
   7.1371600e+00  -5.2353800e+00   6.8283400e+00   3.0686300e+00   5.6903500e+00   3.4012000e+00  -2.7661700e+07
   7.1372700e+00  -5.2354000e+00   6.8283600e+00   3.0687000e+00   5.6903000e+00   3.4012000e+00  -2.7661700e+07
   7.1371400e+00  -5.2353800e+00   6.8282800e+00   3.0686900e+00   5.6903600e+00   3.4012000e+00  -2.7661700e+07
   7.1370500e+00  -5.2354200e+00   6.8283400e+00   3.0687300e+00   5.6903900e+00   3.4012000e+00  -2.7661700e+07
   7.1370600e+00  -5.2354300e+00   6.8283600e+00   3.0687600e+00   5.6904000e+00   3.4012000e+00  -2.7661700e+07
   7.1371800e+00  -5.2354400e+00   6.8283100e+00   3.0687700e+00   5.6904200e+00   3.4012000e+00  -2.7661700e+07
   7.1372200e+00  -5.2353800e+00   6.8284500e+00   3.0687900e+00   5.6903600e+00   3.4012000e+00  -2.7661700e+07
   7.1372400e+00  -5.2353800e+00   6.8283400e+00   3.0687900e+00   5.6903100e+00   3.4012000e+00  -2.7661700e+07
   7.1372000e+00  -5.2353900e+00   6.8284000e+00   3.0687600e+00   5.6902800e+00   3.4012000e+00  -2.7661700e+07
   7.1370000e+00  -5.2353600e+00   6.8282300e+00   3.0687800e+00   5.6904000e+00   3.4012000e+00  -2.7661700e+07
   7.1370500e+00  -5.2354400e+00   6.8283000e+00   3.0687900e+00   5.6904000e+00   3.4012000e+00  -2.7661700e+07
   7.1369300e+00  -5.2354200e+00   6.8282300e+00   3.0687900e+00   5.6903700e+00   3.4012000e+00  -2.7661700e+07
   7.1369300e+00  -5.2353800e+00   6.8282700e+00   3.0687800e+00   5.6903800e+00   3.4012000e+00  -2.7661700e+07
   7.1372300e+00  -5.2354500e+00   6.8283400e+00   3.0687600e+00   5.6904000e+00   3.4011900e+00  -2.7661700e+07
   7.1374200e+00  -5.2354200e+00   6.8284600e+00   3.0687400e+00   5.6902900e+00   3.4012000e+00  -2.7661700e+07
   7.1371900e+00  -5.2353900e+00   6.8282700e+00   3.0687600e+00   5.6903300e+00   3.4012000e+00  -2.7661700e+07
   7.1370900e+00  -5.2353500e+00   6.8282500e+00   3.0688100e+00   5.6903600e+00   3.4012000e+00  -2.7661700e+07
   7.1370100e+00  -5.2353100e+00   6.8283700e+00   3.0687500e+00   5.6904000e+00   3.4012000e+00  -2.7661700e+07
   7.1370800e+00  -5.2353000e+00   6.8282900e+00   3.0687500e+00   5.6903500e+00   3.4012000e+00  -2.7661700e+07
   7.1370100e+00  -5.2352700e+00   6.8283300e+00   3.0687600e+00   5.6903900e+00   3.4012000e+00  -2.7661700e+07
   7.1369600e+00  -5.2352500e+00   6.8284200e+00   3.0688000e+00   5.6904300e+00   3.4012000e+00  -2.7661700e+07
   7.1370200e+00  -5.2351600e+00   6.8283700e+00   3.0688100e+00   5.6903700e+00   3.4012000e+00  -2.7661700e+07
   7.1370300e+00  -5.2351000e+00   6.8284200e+00   3.0688200e+00   5.6903900e+00   3.4012000e+00  -2.7661700e+07
   7.1367500e+00  -5.2350400e+00   6.8282300e+00   3.0687900e+00   5.6904000e+00   3.4012000e+00  -2.7661700e+07
   7.1368100e+00  -5.2350200e+00   6.8283900e+00   3.0687600e+00   5.6903800e+00   3.4012000e+00  -2.7661700e+07
   7.1366600e+00  -5.2350500e+00   6.8282600e+00   3.0687600e+00   5.6903900e+00   3.4012000e+00  -2.7661700e+07
   7.1368800e+00  -5.2350500e+00   6.8284000e+00   3.0687500e+00   5.6903900e+00   3.4012000e+00  -2.7661700e+07
   7.1368300e+00  -5.2351000e+00   6.8282600e+00   3.0688300e+00   5.6903700e+00   3.4012000e+00  -2.7661700e+07
   7.1371200e+00  -5.2350700e+00   6.8283200e+00   3.0688600e+00   5.6903100e+00   3.4012000e+00  -2.7661700e+07
   7.1367300e+00  -5.2350800e+00   6.8283700e+00   3.0688700e+00   5.6904100e+00   3.4012000e+00  -2.7661700e+07
   7.1368400e+00  -5.2351400e+00   6.8283800e+00   3.0688900e+00   5.6904200e+00   3.4012000e+00  -2.7661700e+07
   7.1367700e+00  -5.2351400e+00   6.8282600e+00   3.0689300e+00   5.6903900e+00   3.4012000e+00  -2.7661700e+07
   7.1367600e+00  -5.2351500e+00   6.8283100e+00   3.0689300e+00   5.6903600e+00   3.4012000e+00  -2.7661700e+07
   7.1369700e+00  -5.2351700e+00   6.8284000e+00   3.0689000e+00   5.6903400e+00   3.4012000e+00  -2.7661700e+07
   7.1371800e+00  -5.2352200e+00   6.8284100e+00   3.0689300e+00   5.6903500e+00   3.4012000e+00  -2.7661700e+07
   7.1369800e+00  -5.2351300e+00   6.8284400e+00   3.0689300e+00   5.6903900e+00   3.4012000e+00  -2.7661700e+07
   7.1371000e+00  -5.2351000e+00   6.8284100e+00   3.0689100e+00   5.6903300e+00   3.4012000e+00  -2.7661700e+07
   7.1367600e+00  -5.2350600e+00   6.8282600e+00   3.0688900e+00   5.6903200e+00   3.4012000e+00  -2.7661700e+07
   7.1369600e+00  -5.2350500e+00   6.8283500e+00   3.0688500e+00   5.6903800e+00   3.4012000e+00  -2.7661700e+07
   7.1366400e+00  -5.2350400e+00   6.8282700e+00   3.0688600e+00   5.6904200e+00   3.4012000e+00  -2.7661700e+07
   7.1367100e+00  -5.2350000e+00   6.8283200e+00   3.0688300e+00   5.6904000e+00   3.4012000e+00  -2.7661700e+07
   7.1366100e+00  -5.2349900e+00   6.8282000e+00   3.0688700e+00   5.6904000e+00   3.4012000e+00  -2.7661700e+07
   7.1367000e+00  -5.2350000e+00   6.8283600e+00   3.0688700e+00   5.6904300e+00   3.4012000e+00  -2.7661700e+07
   7.1368600e+00  -5.2350500e+00   6.8283100e+00   3.0688600e+00   5.6903900e+00   3.4012000e+00  -2.7661700e+07
   7.1368800e+00  -5.2350500e+00   6.8284200e+00   3.0688600e+00   5.6903700e+00   3.4012000e+00  -2.7661700e+07
   7.1367200e+00  -5.2350200e+00   6.8282500e+00   3.0689400e+00   5.6904100e+00   3.4012000e+00  -2.7661700e+07
   7.1367300e+00  -5.2349900e+00   6.8282200e+00   3.0689700e+00   5.6903800e+00   3.4012000e+00  -2.7661700e+07
   7.1368200e+00  -5.2349500e+00   6.8283100e+00   3.0689900e+00   5.6904000e+00   3.4012000e+00  -2.7661700e+07
   7.1366800e+00  -5.2350000e+00   6.8283300e+00   3.0689800e+00   5.6903800e+00   3.4012000e+00  -2.7661700e+07
   7.1368700e+00  -5.2350000e+00   6.8283800e+00   3.0689400e+00   5.6903600e+00   3.4012000e+00  -2.7661700e+07
   7.1366000e+00  -5.2349600e+00   6.8282800e+00   3.0689300e+00   5.6904100e+00   3.4012000e+00  -2.7661700e+07
   7.1368800e+00  -5.2349800e+00   6.8283200e+00   3.0689800e+00   5.6903500e+00   3.4012000e+00  -2.7661700e+07
   7.1366000e+00  -5.2349700e+00   6.8282200e+00   3.0689800e+00   5.6903400e+00   3.4012000e+00  -2.7661700e+07
   7.1368600e+00  -5.2349400e+00   6.8284300e+00   3.0689900e+00   5.6903900e+00   3.4012000e+00  -2.7661700e+07
   7.1367600e+00  -5.2349400e+00   6.8283200e+00   3.0689700e+00   5.6903100e+00   3.4012000e+00  -2.7661700e+07
   7.1366700e+00  -5.2349700e+00   6.8282700e+00   3.0689800e+00   5.6903700e+00   3.4012000e+00  -2.7661700e+07
   7.1367800e+00  -5.2350400e+00   6.8282900e+00   3.0689900e+00   5.6903200e+00   3.4012000e+00  -2.7661700e+07
   7.1366600e+00  -5.2349900e+00   6.8283700e+00   3.0690600e+00   5.6904400e+00   3.4012000e+00  -2.7661700e+07
   7.1368200e+00  -5.2349600e+00   6.8283700e+00   3.0690900e+00   5.6903700e+00   3.4012000e+00  -2.7661700e+07
   7.1366800e+00  -5.2349900e+00   6.8283900e+00   3.0691800e+00   5.6904500e+00   3.4012000e+00  -2.7661700e+07
   7.1367700e+00  -5.2349600e+00   6.8283200e+00   3.0692100e+00   5.6903500e+00   3.4012000e+00  -2.7661700e+07
   7.1368300e+00  -5.2349800e+00   6.8282600e+00   3.0692000e+00   5.6903400e+00   3.4012000e+00  -2.7661700e+07
   7.1369300e+00  -5.2350200e+00   6.8283800e+00   3.0692400e+00   5.6904000e+00   3.4012000e+00  -2.7661700e+07
   7.1368000e+00  -5.2349700e+00   6.8283800e+00   3.0692400e+00   5.6903800e+00   3.4012000e+00  -2.7661700e+07
   7.1367200e+00  -5.2349500e+00   6.8283300e+00   3.0692200e+00   5.6903600e+00   3.4012000e+00  -2.7661700e+07
   7.1368300e+00  -5.2349000e+00   6.8283400e+00   3.0692500e+00   5.6903600e+00   3.4012000e+00  -2.7661700e+07
   7.1366700e+00  -5.2348600e+00   6.8283500e+00   3.0692700e+00   5.6904000e+00   3.4012000e+00  -2.7661700e+07
   7.1365500e+00  -5.2348800e+00   6.8282100e+00   3.0692700e+00   5.6904200e+00   3.4012000e+00  -2.7661700e+07
   7.1368000e+00  -5.2348400e+00   6.8284100e+00   3.0693300e+00   5.6904100e+00   3.4012000e+00  -2.7661700e+07
   7.1368800e+00  -5.2348300e+00   6.8284200e+00   3.0693200e+00   5.6903600e+00   3.4012000e+00  -2.7661700e+07
   7.1366800e+00  -5.2348100e+00   6.8283200e+00   3.0693700e+00   5.6903200e+00   3.4012000e+00  -2.7661700e+07
   7.1365900e+00  -5.2348200e+00   6.8282200e+00   3.0693600e+00   5.6903300e+00   3.4012000e+00  -2.7661700e+07
   7.1366800e+00  -5.2347700e+00   6.8283300e+00   3.0694000e+00   5.6903800e+00   3.4012000e+00  -2.7661700e+07
   7.1364900e+00  -5.2347500e+00   6.8282400e+00   3.0694600e+00   5.6904700e+00   3.4012000e+00  -2.7661700e+07
   7.1365900e+00  -5.2347800e+00   6.8282600e+00   3.0695000e+00   5.6903800e+00   3.4012000e+00  -2.7661700e+07
   7.1366300e+00  -5.2348000e+00   6.8283600e+00   3.0694500e+00   5.6904400e+00   3.4012000e+00  -2.7661700e+07
   7.1367100e+00  -5.2347700e+00   6.8284600e+00   3.0694300e+00   5.6903800e+00   3.4012000e+00  -2.7661700e+07
   7.1365100e+00  -5.2347200e+00   6.8283800e+00   3.0694300e+00   5.6904400e+00   3.4012000e+00  -2.7661700e+07
   7.1365500e+00  -5.2347400e+00   6.8283100e+00   3.0694300e+00   5.6903500e+00   3.4012000e+00  -2.7661700e+07
   7.1363800e+00  -5.2347800e+00   6.8281800e+00   3.0694300e+00   5.6903900e+00   3.4012000e+00  -2.7661700e+07
   7.1364800e+00  -5.2348200e+00   6.8282500e+00   3.0693900e+00   5.6904300e+00   3.4012000e+00  -2.7661700e+07
   7.1367700e+00  -5.2347700e+00   6.8283900e+00   3.0694300e+00   5.6903000e+00   3.4012000e+00  -2.7661700e+07
   7.1366000e+00  -5.2347900e+00   6.8281700e+00   3.0694800e+00   5.6904100e+00   3.4012000e+00  -2.7661700e+07
   7.1368900e+00  -5.2348500e+00   6.8283900e+00   3.0694700e+00   5.6903500e+00   3.4012000e+00  -2.7661700e+07
   7.1367600e+00  -5.2348200e+00   6.8283900e+00   3.0694700e+00   5.6904100e+00   3.4012000e+00  -2.7661700e+07
   7.1367800e+00  -5.2348600e+00   6.8283400e+00   3.0694600e+00   5.6903500e+00   3.4012000e+00  -2.7661700e+07
   7.1367000e+00  -5.2348400e+00   6.8284400e+00   3.0694500e+00   5.6904800e+00   3.4012000e+00  -2.7661700e+07
   7.1365800e+00  -5.2348100e+00   6.8282100e+00   3.0694200e+00   5.6903900e+00   3.4012000e+00  -2.7661700e+07
   7.1367300e+00  -5.2348200e+00   6.8284300e+00   3.0694300e+00   5.6904000e+00   3.4012000e+00  -2.7661700e+07
   7.1366800e+00  -5.2348700e+00   6.8283200e+00   3.0694000e+00   5.6903900e+00   3.4012000e+00  -2.7661700e+07
   7.1367000e+00  -5.2348600e+00   6.8283200e+00   3.0694300e+00   5.6904100e+00   3.4012000e+00  -2.7661700e+07
   7.1366400e+00  -5.2348600e+00   6.8282400e+00   3.0694700e+00   5.6904100e+00   3.4012000e+00  -2.7661700e+07
   7.1366600e+00  -5.2347900e+00   6.8282900e+00   3.0694200e+00   5.6904100e+00   3.4012000e+00  -2.7661700e+07
   7.1363500e+00  -5.2347500e+00   6.8281800e+00   3.0694500e+00   5.6904500e+00   3.4012000e+00  -2.7661700e+07
   7.1366200e+00  -5.2348100e+00   6.8284000e+00   3.0695000e+00   5.6904000e+00   3.4012000e+00  -2.7661700e+07
   7.1364000e+00  -5.2348200e+00   6.8282600e+00   3.0695100e+00   5.6904400e+00   3.4012000e+00  -2.7661700e+07
   7.1368300e+00  -5.2348600e+00   6.8283800e+00   3.0694600e+00   5.6903000e+00   3.4012000e+00  -2.7661700e+07
   7.1368100e+00  -5.2348800e+00   6.8283200e+00   3.0694700e+00   5.6903700e+00   3.4012000e+00  -2.7661700e+07
   7.1369900e+00  -5.2349500e+00   6.8283700e+00   3.0694300e+00   5.6903000e+00   3.4012000e+00  -2.7661700e+07
   7.1368100e+00  -5.2350000e+00   6.8283300e+00   3.0694400e+00   5.6903900e+00   3.4012000e+00  -2.7661700e+07
   7.1365800e+00  -5.2350100e+00   6.8281900e+00   3.0694400e+00   5.6903600e+00   3.4012000e+00  -2.7661700e+07
   7.1367500e+00  -5.2350200e+00   6.8283300e+00   3.0694200e+00   5.6903800e+00   3.4012000e+00  -2.7661700e+07
   7.1369000e+00  -5.2350100e+00   6.8283700e+00   3.0694300e+00   5.6904000e+00   3.4012000e+00  -2.7661700e+07
   7.1369800e+00  -5.2349900e+00   6.8284000e+00   3.0695000e+00   5.6903500e+00   3.4012000e+00  -2.7661700e+07
   7.1367100e+00  -5.2349700e+00   6.8283000e+00   3.0695000e+00   5.6904100e+00   3.4012000e+00  -2.7661700e+07
   7.1367700e+00  -5.2349800e+00   6.8282200e+00   3.0694800e+00   5.6903500e+00   3.4012000e+00  -2.7661700e+07
   7.1367400e+00  -5.2349900e+00   6.8283000e+00   3.0694900e+00   5.6903100e+00   3.4012000e+00  -2.7661700e+07
   7.1367600e+00  -5.2350200e+00   6.8282400e+00   3.0695700e+00   5.6903300e+00   3.4012000e+00  -2.7661700e+07
   7.1366200e+00  -5.2350100e+00   6.8283900e+00   3.0695500e+00   5.6904200e+00   3.4012000e+00  -2.7661700e+07
   7.1369900e+00  -5.2350500e+00   6.8284200e+00   3.0695800e+00   5.6903300e+00   3.4012000e+00  -2.7661700e+07
   7.1369000e+00  -5.2350600e+00   6.8285000e+00   3.0696000e+00   5.6904400e+00   3.4012000e+00  -2.7661700e+07
   7.1368500e+00  -5.2350700e+00   6.8283600e+00   3.0695700e+00   5.6903800e+00   3.4012000e+00  -2.7661700e+07
   7.1370000e+00  -5.2350900e+00   6.8283800e+00   3.0696000e+00   5.6903600e+00   3.4012000e+00  -2.7661700e+07
   7.1368200e+00  -5.2350900e+00   6.8282400e+00   3.0695900e+00   5.6903400e+00   3.4012000e+00  -2.7661700e+07
   7.1367800e+00  -5.2351200e+00   6.8283400e+00   3.0695600e+00   5.6904200e+00   3.4012000e+00  -2.7661700e+07
   7.1369100e+00  -5.2350800e+00   6.8282900e+00   3.0695400e+00   5.6903700e+00   3.4012000e+00  -2.7661700e+07
   7.1369900e+00  -5.2350800e+00   6.8284100e+00   3.0695400e+00   5.6903500e+00   3.4012000e+00  -2.7661700e+07
   7.1370400e+00  -5.2351100e+00   6.8284000e+00   3.0695500e+00   5.6903400e+00   3.4012000e+00  -2.7661700e+07
   7.1369400e+00  -5.2350700e+00   6.8283500e+00   3.0696000e+00   5.6904000e+00   3.4012000e+00  -2.7661700e+07
   7.1367400e+00  -5.2350800e+00   6.8283300e+00   3.0696300e+00   5.6904100e+00   3.4012000e+00  -2.7661700e+07
   7.1368100e+00  -5.2350900e+00   6.8282500e+00   3.0696600e+00   5.6904400e+00   3.4012000e+00  -2.7661700e+07
   7.1369000e+00  -5.2351700e+00   6.8283900e+00   3.0697000e+00   5.6903800e+00   3.4012000e+00  -2.7661700e+07
   7.1369900e+00  -5.2351700e+00   6.8282800e+00   3.0696800e+00   5.6903500e+00   3.4012000e+00  -2.7661700e+07
   7.1369300e+00  -5.2352300e+00   6.8283900e+00   3.0696700e+00   5.6904100e+00   3.4012000e+00  -2.7661700e+07
   7.1370600e+00  -5.2352700e+00   6.8284300e+00   3.0696300e+00   5.6904100e+00   3.4012000e+00  -2.7661700e+07
   7.1370200e+00  -5.2352800e+00   6.8283700e+00   3.0696100e+00   5.6904500e+00   3.4012000e+00  -2.7661700e+07
   7.1370200e+00  -5.2353300e+00   6.8283500e+00   3.0696000e+00   5.6903900e+00   3.4012000e+00  -2.7661700e+07
   7.1371400e+00  -5.2353400e+00   6.8284300e+00   3.0696400e+00   5.6904100e+00   3.4012000e+00  -2.7661700e+07
   7.1372000e+00  -5.2353200e+00   6.8282800e+00   3.0696500e+00   5.6903400e+00   3.4012000e+00  -2.7661700e+07
   7.1371200e+00  -5.2352800e+00   6.8283200e+00   3.0696300e+00   5.6903300e+00   3.4012000e+00  -2.7661700e+07
   7.1370900e+00  -5.2352800e+00   6.8284400e+00   3.0696400e+00   5.6903800e+00   3.4012000e+00  -2.7661700e+07
   7.1371300e+00  -5.2352700e+00   6.8283900e+00   3.0696000e+00   5.6903900e+00   3.4012000e+00  -2.7661700e+07
   7.1369300e+00  -5.2352800e+00   6.8283600e+00   3.0695900e+00   5.6903900e+00   3.4012000e+00  -2.7661700e+07
   7.1371500e+00  -5.2353400e+00   6.8283900e+00   3.0695900e+00   5.6903900e+00   3.4012000e+00  -2.7661700e+07
   7.1372800e+00  -5.2353300e+00   6.8285200e+00   3.0696100e+00   5.6903700e+00   3.4012000e+00  -2.7661700e+07
   7.1371000e+00  -5.2353600e+00   6.8283000e+00   3.0696000e+00   5.6903500e+00   3.4012000e+00  -2.7661700e+07
   7.1369600e+00  -5.2352900e+00   6.8282800e+00   3.0695500e+00   5.6903400e+00   3.4012000e+00  -2.7661700e+07
   7.1370000e+00  -5.2352800e+00   6.8282900e+00   3.0695200e+00   5.6903800e+00   3.4012000e+00  -2.7661700e+07
   7.1368900e+00  -5.2353000e+00   6.8283400e+00   3.0695400e+00   5.6904500e+00   3.4012000e+00  -2.7661700e+07
   7.1370400e+00  -5.2352900e+00   6.8284300e+00   3.0695200e+00   5.6903800e+00   3.4012000e+00  -2.7661700e+07
   7.1371200e+00  -5.2354300e+00   6.8282500e+00   3.0695900e+00   5.6903400e+00   3.4012000e+00  -2.7661700e+07
   7.1371800e+00  -5.2354500e+00   6.8281900e+00   3.0695700e+00   5.6903500e+00   3.4012000e+00  -2.7661700e+07
   7.1371100e+00  -5.2353500e+00   6.8284700e+00   3.0695600e+00   5.6904100e+00   3.4012000e+00  -2.7661700e+07
   7.1370800e+00  -5.2352500e+00   6.8283700e+00   3.0696000e+00   5.6903500e+00   3.4012000e+00  -2.7661700e+07
   7.1369500e+00  -5.2351900e+00   6.8284800e+00   3.0696700e+00   5.6904100e+00   3.4012000e+00  -2.7661700e+07
   7.1370100e+00  -5.2351900e+00   6.8283800e+00   3.0696500e+00   5.6903200e+00   3.4012000e+00  -2.7661700e+07
   7.1371200e+00  -5.2352000e+00   6.8284400e+00   3.0697200e+00   5.6904100e+00   3.4012000e+00  -2.7661700e+07
   7.1371000e+00  -5.2352700e+00   6.8284000e+00   3.0697400e+00   5.6903600e+00   3.4012000e+00  -2.7661700e+07
   7.1371900e+00  -5.2353700e+00   6.8284500e+00   3.0697500e+00   5.6903700e+00   3.4012000e+00  -2.7661700e+07
   7.1371800e+00  -5.2354100e+00   6.8283400e+00   3.0697600e+00   5.6902900e+00   3.4012000e+00  -2.7661700e+07
   7.1371700e+00  -5.2354400e+00   6.8284100e+00   3.0697900e+00   5.6903500e+00   3.4012000e+00  -2.7661700e+07
   7.1371000e+00  -5.2353700e+00   6.8282800e+00   3.0697900e+00   5.6903800e+00   3.4012000e+00  -2.7661700e+07
   7.1369500e+00  -5.2353600e+00   6.8283200e+00   3.0697700e+00   5.6904300e+00   3.4012000e+00  -2.7661700e+07
   7.1371300e+00  -5.2354000e+00   6.8282700e+00   3.0697200e+00   5.6903400e+00   3.4012000e+00  -2.7661700e+07
   7.1372400e+00  -5.2354100e+00   6.8284100e+00   3.0697400e+00   5.6904100e+00   3.4012000e+00  -2.7661700e+07
   7.1369900e+00  -5.2354000e+00   6.8283600e+00   3.0697300e+00   5.6904300e+00   3.4012000e+00  -2.7661700e+07
   7.1371600e+00  -5.2354200e+00   6.8284400e+00   3.0697500e+00   5.6903800e+00   3.4012000e+00  -2.7661700e+07
