   7.3008900e+00  -5.4121100e+00   6.8442100e+00   3.4010900e+00   5.6893900e+00   3.4011600e+00  -3.0707800e+05
   7.3007900e+00  -5.4114700e+00   6.8444200e+00   3.4005200e+00   5.6895300e+00   3.4011700e+00  -3.0707900e+05
   7.3007200e+00  -5.4107800e+00   6.8445500e+00   3.4000700e+00   5.6900000e+00   3.4010700e+00  -3.0708300e+05
   7.3007800e+00  -5.4107600e+00   6.8444400e+00   3.4010400e+00   5.6897400e+00   3.4011400e+00  -3.0708000e+05
   7.3007800e+00  -5.4092600e+00   6.8445900e+00   3.4007200e+00   5.6895600e+00   3.4011400e+00  -3.0708400e+05
   7.3007300e+00  -5.4093300e+00   6.8444600e+00   3.4010500e+00   5.6893500e+00   3.4011900e+00  -3.0708200e+05
   7.3007300e+00  -5.4091600e+00   6.8449800e+00   3.4009800e+00   5.6899600e+00   3.4010300e+00  -3.0708700e+05
   7.3005500e+00  -5.4085700e+00   6.8449600e+00   3.3996100e+00   5.6890900e+00   3.4011700e+00  -3.0708700e+05
   7.3005500e+00  -5.4081500e+00   6.8450500e+00   3.3998000e+00   5.6890000e+00   3.4011400e+00  -3.0708900e+05
   7.3005300e+00  -5.4082500e+00   6.8453300e+00   3.4009000e+00   5.6893100e+00   3.4011900e+00  -3.0708500e+05
   7.3005700e+00  -5.4090900e+00   6.8442000e+00   3.4005000e+00   5.6892400e+00   3.4011000e+00  -3.0708600e+05
   7.3006200e+00  -5.4087200e+00   6.8448400e+00   3.4000400e+00   5.6888500e+00   3.4011700e+00  -3.0708600e+05
   7.3006200e+00  -5.4088000e+00   6.8446900e+00   3.4003900e+00   5.6893400e+00   3.4011500e+00  -3.0708500e+05
   7.3005400e+00  -5.4088100e+00   6.8446700e+00   3.4007000e+00   5.6890300e+00   3.4011600e+00  -3.0708400e+05
   7.3004800e+00  -5.4090000e+00   6.8450000e+00   3.4000600e+00   5.6888200e+00   3.4011600e+00  -3.0708600e+05
   7.3003200e+00  -5.4086400e+00   6.8458400e+00   3.4005200e+00   5.6902000e+00   3.4011600e+00  -3.0708800e+05
   7.3002100e+00  -5.4083500e+00   6.8450400e+00   3.4008400e+00   5.6900000e+00   3.4010900e+00  -3.0708800e+05
   7.3001300e+00  -5.4085300e+00   6.8446300e+00   3.4005500e+00   5.6894900e+00   3.4011200e+00  -3.0708500e+05
   7.3000700e+00  -5.4085400e+00   6.8455400e+00   3.4006700e+00   5.6893000e+00   3.4011600e+00  -3.0708500e+05
   7.3001300e+00  -5.4085200e+00   6.8450200e+00   3.3995500e+00   5.6892400e+00   3.4011800e+00  -3.0708600e+05
   7.3000500e+00  -5.4082900e+00   6.8445700e+00   3.4006100e+00   5.6891400e+00   3.4011100e+00  -3.0708600e+05
   7.3000000e+00  -5.4088100e+00   6.8447700e+00   3.4008000e+00   5.6894000e+00   3.4011800e+00  -3.0708200e+05
   7.2998800e+00  -5.4094300e+00   6.8441900e+00   3.4000300e+00   5.6891600e+00   3.4011600e+00  -3.0708300e+05
   7.2999300e+00  -5.4093400e+00   6.8444400e+00   3.3985800e+00   5.6892300e+00   3.4011800e+00  -3.0708500e+05
   7.2998800e+00  -5.4096400e+00   6.8450300e+00   3.3998000e+00   5.6894800e+00   3.4011500e+00  -3.0708300e+05
   7.2997400e+00  -5.4092300e+00   6.8446900e+00   3.4009200e+00   5.6893000e+00   3.4011300e+00  -3.0708200e+05
   7.2996200e+00  -5.4080900e+00   6.8451500e+00   3.4000900e+00   5.6898800e+00   3.4011900e+00  -3.0708500e+05
   7.2996800e+00  -5.4085400e+00   6.8448400e+00   3.4003300e+00   5.6892800e+00   3.4011500e+00  -3.0708400e+05
   7.2995600e+00  -5.4089500e+00   6.8442300e+00   3.4009600e+00   5.6892000e+00   3.4011700e+00  -3.0708200e+05
   7.2994100e+00  -5.4088600e+00   6.8447700e+00   3.3988100e+00   5.6892100e+00   3.4010600e+00  -3.0708800e+05
   7.2995300e+00  -5.4090400e+00   6.8440400e+00   3.4003100e+00   5.6896400e+00   3.4011100e+00  -3.0708500e+05
   7.2994400e+00  -5.4096400e+00   6.8446900e+00   3.3998300e+00   5.6899400e+00   3.4011800e+00  -3.0708200e+05
   7.2995100e+00  -5.4091800e+00   6.8443900e+00   3.4001400e+00   5.6897900e+00   3.4012000e+00  -3.0708200e+05
   7.2993700e+00  -5.4090000e+00   6.8443100e+00   3.3996800e+00   5.6896900e+00   3.4009900e+00  -3.0708700e+05
   7.2991200e+00  -5.4084200e+00   6.8443200e+00   3.4001900e+00   5.6897900e+00   3.4010900e+00  -3.0708600e+05
   7.2991400e+00  -5.4081600e+00   6.8450100e+00   3.4007200e+00   5.6898300e+00   3.4011600e+00  -3.0708300e+05
   7.2992300e+00  -5.4080400e+00   6.8451800e+00   3.4010500e+00   5.6891200e+00   3.4011200e+00  -3.0708500e+05
   7.2992600e+00  -5.4083800e+00   6.8446100e+00   3.4002700e+00   5.6894000e+00   3.4011900e+00  -3.0708300e+05
   7.2992400e+00  -5.4087700e+00   6.8442500e+00   3.4003700e+00   5.6894600e+00   3.4011200e+00  -3.0708400e+05
   7.2993200e+00  -5.4091500e+00   6.8446900e+00   3.4012000e+00   5.6898100e+00   3.4011800e+00  -3.0708000e+05
   7.2993000e+00  -5.4095700e+00   6.8448700e+00   3.4003200e+00   5.6901900e+00   3.4011200e+00  -3.0708300e+05
   7.2992100e+00  -5.4092800e+00   6.8444800e+00   3.3988600e+00   5.6893700e+00   3.4011300e+00  -3.0708500e+05
   7.2991900e+00  -5.4089800e+00   6.8448300e+00   3.3995500e+00   5.6897700e+00   3.4011700e+00  -3.0708400e+05
   7.2991100e+00  -5.4097900e+00   6.8440800e+00   3.4003500e+00   5.6896000e+00   3.4011000e+00  -3.0708300e+05
   7.2991600e+00  -5.4093200e+00   6.8444000e+00   3.4007000e+00   5.6899000e+00   3.4011400e+00  -3.0708200e+05
   7.2990700e+00  -5.4092700e+00   6.8437500e+00   3.4007800e+00   5.6897800e+00   3.4011600e+00  -3.0708300e+05
   7.2991800e+00  -5.4092500e+00   6.8445800e+00   3.3992500e+00   5.6894800e+00   3.4010900e+00  -3.0708500e+05
   7.2991800e+00  -5.4090700e+00   6.8441400e+00   3.4002200e+00   5.6891500e+00   3.4009600e+00  -3.0708700e+05
   7.2990100e+00  -5.4090900e+00   6.8442800e+00   3.4001000e+00   5.6899600e+00   3.4011500e+00  -3.0708300e+05
   7.2989300e+00  -5.4095200e+00   6.8442300e+00   3.4009200e+00   5.6896400e+00   3.4011900e+00  -3.0708000e+05
   7.2989300e+00  -5.4088100e+00   6.8438400e+00   3.3990900e+00   5.6891300e+00   3.4011600e+00  -3.0708700e+05
   7.2988400e+00  -5.4093300e+00   6.8449200e+00   3.3993700e+00   5.6897600e+00   3.4011500e+00  -3.0708500e+05
   7.2987200e+00  -5.4091500e+00   6.8439900e+00   3.4011300e+00   5.6901100e+00   3.4011600e+00  -3.0708300e+05
   7.2985400e+00  -5.4094500e+00   6.8447700e+00   3.4007400e+00   5.6901100e+00   3.4011500e+00  -3.0708200e+05
   7.2986400e+00  -5.4090700e+00   6.8442500e+00   3.4002000e+00   5.6901300e+00   3.4011800e+00  -3.0708300e+05
   7.2985500e+00  -5.4090500e+00   6.8451900e+00   3.4003400e+00   5.6898500e+00   3.4011800e+00  -3.0708400e+05
   7.2985600e+00  -5.4094200e+00   6.8444700e+00   3.4005800e+00   5.6890900e+00   3.4011100e+00  -3.0708600e+05
   7.2985300e+00  -5.4087600e+00   6.8436000e+00   3.4005900e+00   5.6892500e+00   3.4011600e+00  -3.0708500e+05
   7.2984900e+00  -5.4105300e+00   6.8434500e+00   3.3997500e+00   5.6900000e+00   3.4011800e+00  -3.0708400e+05
   7.2983900e+00  -5.4098500e+00   6.8432200e+00   3.4001700e+00   5.6893000e+00   3.4010600e+00  -3.0708800e+05
   7.2983100e+00  -5.4102100e+00   6.8438900e+00   3.4010700e+00   5.6899600e+00   3.4009100e+00  -3.0708600e+05
   7.2982600e+00  -5.4092100e+00   6.8438600e+00   3.4008600e+00   5.6898300e+00   3.4010400e+00  -3.0708400e+05
   7.2981900e+00  -5.4093700e+00   6.8441300e+00   3.4010100e+00   5.6900100e+00   3.4011100e+00  -3.0708200e+05
   7.2983000e+00  -5.4088800e+00   6.8450100e+00   3.3994600e+00   5.6890300e+00   3.4011400e+00  -3.0709100e+05
   7.2981900e+00  -5.4078700e+00   6.8444700e+00   3.4010200e+00   5.6890700e+00   3.4011700e+00  -3.0708400e+05
   7.2982700e+00  -5.4075200e+00   6.8435900e+00   3.4005700e+00   5.6901300e+00   3.4011500e+00  -3.0709200e+05
   7.2981700e+00  -5.4067400e+00   6.8446900e+00   3.4007300e+00   5.6890100e+00   3.4010100e+00  -3.0708900e+05
   7.2981500e+00  -5.4074000e+00   6.8447200e+00   3.3998600e+00   5.6896700e+00   3.4011100e+00  -3.0708600e+05
   7.2981100e+00  -5.4074100e+00   6.8442500e+00   3.4009300e+00   5.6890600e+00   3.4011500e+00  -3.0708500e+05
   7.2980100e+00  -5.4075600e+00   6.8442900e+00   3.4011400e+00   5.6896600e+00   3.4010700e+00  -3.0708400e+05
   7.2981700e+00  -5.4069000e+00   6.8447100e+00   3.4009700e+00   5.6894900e+00   3.4011300e+00  -3.0708500e+05
   7.2981300e+00  -5.4065500e+00   6.8449200e+00   3.4005600e+00   5.6893100e+00   3.4010900e+00  -3.0708700e+05
   7.2980300e+00  -5.4063400e+00   6.8449200e+00   3.4008800e+00   5.6896600e+00   3.4011800e+00  -3.0708500e+05
   7.2980200e+00  -5.4069500e+00   6.8451600e+00   3.4010400e+00   5.6898400e+00   3.4010600e+00  -3.0708700e+05
   7.2980400e+00  -5.4083400e+00   6.8444900e+00   3.4007900e+00   5.6900400e+00   3.4010200e+00  -3.0708500e+05
   7.2980100e+00  -5.4072800e+00   6.8450800e+00   3.4005100e+00   5.6894400e+00   3.4011700e+00  -3.0708500e+05
   7.2979500e+00  -5.4068800e+00   6.8445700e+00   3.4010000e+00   5.6895000e+00   3.4011800e+00  -3.0708400e+05
   7.2978300e+00  -5.4072400e+00   6.8452500e+00   3.4008000e+00   5.6901500e+00   3.4011400e+00  -3.0708600e+05
   7.2976700e+00  -5.4071000e+00   6.8450900e+00   3.4010000e+00   5.6894600e+00   3.4011500e+00  -3.0708500e+05
   7.2976200e+00  -5.4071000e+00   6.8444000e+00   3.4011500e+00   5.6896600e+00   3.4011600e+00  -3.0708300e+05
   7.2976300e+00  -5.4067400e+00   6.8445200e+00   3.3999000e+00   5.6890700e+00   3.4011900e+00  -3.0708600e+05
   7.2974400e+00  -5.4064300e+00   6.8447400e+00   3.4008700e+00   5.6891800e+00   3.4011900e+00  -3.0708500e+05
   7.2973600e+00  -5.4069400e+00   6.8451800e+00   3.3995800e+00   5.6903800e+00   3.4011700e+00  -3.0708900e+05
   7.2973800e+00  -5.4071900e+00   6.8446100e+00   3.4006600e+00   5.6900700e+00   3.4011600e+00  -3.0708400e+05
   7.2972500e+00  -5.4070800e+00   6.8445900e+00   3.4008600e+00   5.6897400e+00   3.4010500e+00  -3.0708600e+05
   7.2971100e+00  -5.4072000e+00   6.8444000e+00   3.3997600e+00   5.6897100e+00   3.4011600e+00  -3.0708500e+05
   7.2971400e+00  -5.4062800e+00   6.8446800e+00   3.4001700e+00   5.6894500e+00   3.4012000e+00  -3.0708500e+05
   7.2971000e+00  -5.4078700e+00   6.8446000e+00   3.4008100e+00   5.6903600e+00   3.4011800e+00  -3.0708400e+05
   7.2970300e+00  -5.4075500e+00   6.8451300e+00   3.4011800e+00   5.6906600e+00   3.4010700e+00  -3.0708900e+05
   7.2969300e+00  -5.4076500e+00   6.8443800e+00   3.4007000e+00   5.6895900e+00   3.4010900e+00  -3.0708600e+05
   7.2968400e+00  -5.4070400e+00   6.8443100e+00   3.4009300e+00   5.6898800e+00   3.4010500e+00  -3.0708600e+05
   7.2965300e+00  -5.4067000e+00   6.8437900e+00   3.4007200e+00   5.6896300e+00   3.4011200e+00  -3.0708600e+05
   7.2964900e+00  -5.4067700e+00   6.8441400e+00   3.3995900e+00   5.6898000e+00   3.4011200e+00  -3.0708700e+05
   7.2966800e+00  -5.4070000e+00   6.8438100e+00   3.4007800e+00   5.6898000e+00   3.4011800e+00  -3.0708400e+05
   7.2965900e+00  -5.4067200e+00   6.8447400e+00   3.4006900e+00   5.6895200e+00   3.4012000e+00  -3.0708500e+05
   7.2964200e+00  -5.4053900e+00   6.8448800e+00   3.4007700e+00   5.6897500e+00   3.4012000e+00  -3.0708600e+05
   7.2963900e+00  -5.4056600e+00   6.8450200e+00   3.4010800e+00   5.6893600e+00   3.4011400e+00  -3.0708700e+05
   7.2963400e+00  -5.4058100e+00   6.8442000e+00   3.4004300e+00   5.6898000e+00   3.4011900e+00  -3.0708600e+05
   7.2962800e+00  -5.4068900e+00   6.8441100e+00   3.3996800e+00   5.6901400e+00   3.4010700e+00  -3.0708800e+05
   7.2963000e+00  -5.4057700e+00   6.8445000e+00   3.4000100e+00   5.6890900e+00   3.4011900e+00  -3.0708800e+05
   7.2963000e+00  -5.4061400e+00   6.8443500e+00   3.4008000e+00   5.6898400e+00   3.4010500e+00  -3.0708700e+05
   7.2963500e+00  -5.4057600e+00   6.8445000e+00   3.3999900e+00   5.6896900e+00   3.4011400e+00  -3.0708700e+05
   7.2963600e+00  -5.4057300e+00   6.8448500e+00   3.4007200e+00   5.6901100e+00   3.4011900e+00  -3.0708600e+05
   7.2963400e+00  -5.4060000e+00   6.8441900e+00   3.4003700e+00   5.6900900e+00   3.4011700e+00  -3.0708700e+05
   7.2961500e+00  -5.4062000e+00   6.8440800e+00   3.4011100e+00   5.6901400e+00   3.4011600e+00  -3.0708500e+05
   7.2961300e+00  -5.4066400e+00   6.8442200e+00   3.3985500e+00   5.6892900e+00   3.4011700e+00  -3.0709000e+05
   7.2958900e+00  -5.4063700e+00   6.8437300e+00   3.4008200e+00   5.6898000e+00   3.4011300e+00  -3.0708600e+05
   7.2959300e+00  -5.4064000e+00   6.8435100e+00   3.4000100e+00   5.6894200e+00   3.4011700e+00  -3.0708800e+05
   7.2959000e+00  -5.4065600e+00   6.8439800e+00   3.4007000e+00   5.6897500e+00   3.4011200e+00  -3.0708600e+05
   7.2958400e+00  -5.4053500e+00   6.8440700e+00   3.4002200e+00   5.6902800e+00   3.4011400e+00  -3.0709000e+05
   7.2961500e+00  -5.4058500e+00   6.8445000e+00   3.4011300e+00   5.6892700e+00   3.4008300e+00  -3.0709200e+05
   7.2961700e+00  -5.4051900e+00   6.8438800e+00   3.4009100e+00   5.6892900e+00   3.4011100e+00  -3.0708800e+05
   7.2960500e+00  -5.4045800e+00   6.8445100e+00   3.4007500e+00   5.6904000e+00   3.4012000e+00  -3.0709000e+05
   7.2959900e+00  -5.4046600e+00   6.8447500e+00   3.4006900e+00   5.6894200e+00   3.4011100e+00  -3.0708800e+05
   7.2959500e+00  -5.4048900e+00   6.8443700e+00   3.4002500e+00   5.6897000e+00   3.4011600e+00  -3.0708800e+05
   7.2957700e+00  -5.4055800e+00   6.8448200e+00   3.4008100e+00   5.6899000e+00   3.4010900e+00  -3.0708800e+05
   7.2957800e+00  -5.4047000e+00   6.8443500e+00   3.4006800e+00   5.6894100e+00   3.4011400e+00  -3.0708700e+05
   7.2959000e+00  -5.4047900e+00   6.8448800e+00   3.4009600e+00   5.6893400e+00   3.4012000e+00  -3.0708700e+05
   7.2957500e+00  -5.4040800e+00   6.8440900e+00   3.4006100e+00   5.6895300e+00   3.4011700e+00  -3.0708900e+05
   7.2956600e+00  -5.4057600e+00   6.8447800e+00   3.4011400e+00   5.6898700e+00   3.4011500e+00  -3.0708600e+05
   7.2957100e+00  -5.4052700e+00   6.8438400e+00   3.3995900e+00   5.6892600e+00   3.4011500e+00  -3.0708900e+05
   7.2958200e+00  -5.4057500e+00   6.8442700e+00   3.3999700e+00   5.6898600e+00   3.4011500e+00  -3.0708700e+05
   7.2959100e+00  -5.4047200e+00   6.8444300e+00   3.4010500e+00   5.6893300e+00   3.4011200e+00  -3.0708700e+05
   7.2956300e+00  -5.4040800e+00   6.8443000e+00   3.3995800e+00   5.6888000e+00   3.4011200e+00  -3.0709300e+05
   7.2957400e+00  -5.4049100e+00   6.8446000e+00   3.4004000e+00   5.6897200e+00   3.4011500e+00  -3.0708700e+05
   7.2957400e+00  -5.4054800e+00   6.8444000e+00   3.4000700e+00   5.6894000e+00   3.4011800e+00  -3.0708700e+05
   7.2956100e+00  -5.4058700e+00   6.8438800e+00   3.4011500e+00   5.6890800e+00   3.4010300e+00  -3.0709000e+05
   7.2954700e+00  -5.4060600e+00   6.8439000e+00   3.3997800e+00   5.6893200e+00   3.4011600e+00  -3.0708800e+05
   7.2954600e+00  -5.4070700e+00   6.8438900e+00   3.4002100e+00   5.6901500e+00   3.4011400e+00  -3.0708700e+05
   7.2955300e+00  -5.4059200e+00   6.8434600e+00   3.4007500e+00   5.6894000e+00   3.4011400e+00  -3.0708800e+05
   7.2956600e+00  -5.4063700e+00   6.8433900e+00   3.4010300e+00   5.6893900e+00   3.4010900e+00  -3.0708800e+05
   7.2957600e+00  -5.4061500e+00   6.8444900e+00   3.3997300e+00   5.6892500e+00   3.4011600e+00  -3.0708900e+05
   7.2956800e+00  -5.4059400e+00   6.8449400e+00   3.4008000e+00   5.6905600e+00   3.4011400e+00  -3.0708900e+05
   7.2955500e+00  -5.4060700e+00   6.8437600e+00   3.4006400e+00   5.6899500e+00   3.4011900e+00  -3.0708600e+05
   7.2953200e+00  -5.4056200e+00   6.8438000e+00   3.4009300e+00   5.6898800e+00   3.4011800e+00  -3.0708600e+05
   7.2952800e+00  -5.4058100e+00   6.8436500e+00   3.4000000e+00   5.6898500e+00   3.4011100e+00  -3.0708900e+05
   7.2951600e+00  -5.4048800e+00   6.8439700e+00   3.4000700e+00   5.6898600e+00   3.4010800e+00  -3.0709000e+05
   7.2951100e+00  -5.4055200e+00   6.8431900e+00   3.3998700e+00   5.6897000e+00   3.4011300e+00  -3.0709100e+05
   7.2949600e+00  -5.4066500e+00   6.8435300e+00   3.3985500e+00   5.6899300e+00   3.4011400e+00  -3.0709100e+05
   7.2948800e+00  -5.4052100e+00   6.8441900e+00   3.3997200e+00   5.6899200e+00   3.4011100e+00  -3.0708900e+05
   7.2948700e+00  -5.4052500e+00   6.8440800e+00   3.4004700e+00   5.6902700e+00   3.4011100e+00  -3.0708900e+05
   7.2945400e+00  -5.4047200e+00   6.8439700e+00   3.3989900e+00   5.6893500e+00   3.4011600e+00  -3.0709100e+05
   7.2946100e+00  -5.4035200e+00   6.8443700e+00   3.3990000e+00   5.6900900e+00   3.4011700e+00  -3.0709200e+05
   7.2946400e+00  -5.4036400e+00   6.8440200e+00   3.3996800e+00   5.6894800e+00   3.4011500e+00  -3.0709000e+05
   7.2946800e+00  -5.4043000e+00   6.8443800e+00   3.4005500e+00   5.6901500e+00   3.4011800e+00  -3.0708800e+05
   7.2946000e+00  -5.4049100e+00   6.8442900e+00   3.4002200e+00   5.6896000e+00   3.4012000e+00  -3.0708800e+05
   7.2945500e+00  -5.4054000e+00   6.8440300e+00   3.3989700e+00   5.6899000e+00   3.4011500e+00  -3.0709000e+05
   7.2946500e+00  -5.4063300e+00   6.8439000e+00   3.4005400e+00   5.6907400e+00   3.4011400e+00  -3.0709000e+05
   7.2945300e+00  -5.4062300e+00   6.8440900e+00   3.3996700e+00   5.6901800e+00   3.4011600e+00  -3.0709000e+05
   7.2944600e+00  -5.4068500e+00   6.8439200e+00   3.4006400e+00   5.6899900e+00   3.4011700e+00  -3.0709000e+05
   7.2944100e+00  -5.4059900e+00   6.8437000e+00   3.4010400e+00   5.6903300e+00   3.4011300e+00  -3.0708800e+05
   7.2944200e+00  -5.4059600e+00   6.8442700e+00   3.4006200e+00   5.6901200e+00   3.4011300e+00  -3.0708900e+05
   7.2942300e+00  -5.4043300e+00   6.8435600e+00   3.4001500e+00   5.6899600e+00   3.4011700e+00  -3.0709000e+05
   7.2942500e+00  -5.4039300e+00   6.8445000e+00   3.4001400e+00   5.6899000e+00   3.4011000e+00  -3.0709000e+05
   7.2942700e+00  -5.4036000e+00   6.8440100e+00   3.3995600e+00   5.6895300e+00   3.4010300e+00  -3.0709300e+05
   7.2944400e+00  -5.4036900e+00   6.8436700e+00   3.4010800e+00   5.6894100e+00   3.4009100e+00  -3.0709400e+05
   7.2944500e+00  -5.4031100e+00   6.8450200e+00   3.4010100e+00   5.6896800e+00   3.4011700e+00  -3.0708900e+05
   7.2944300e+00  -5.4030000e+00   6.8447100e+00   3.3991700e+00   5.6895100e+00   3.4011800e+00  -3.0709100e+05
   7.2943300e+00  -5.4040900e+00   6.8439700e+00   3.4007500e+00   5.6897700e+00   3.4010900e+00  -3.0708900e+05
   7.2945600e+00  -5.4042100e+00   6.8443400e+00   3.4007100e+00   5.6893000e+00   3.4011500e+00  -3.0708900e+05
   7.2944600e+00  -5.4038900e+00   6.8441100e+00   3.3992500e+00   5.6893000e+00   3.4011500e+00  -3.0709100e+05
   7.2944300e+00  -5.4044400e+00   6.8441400e+00   3.4002200e+00   5.6894800e+00   3.4011300e+00  -3.0708900e+05
   7.2944900e+00  -5.4037100e+00   6.8445400e+00   3.3997100e+00   5.6895800e+00   3.4011500e+00  -3.0709000e+05
   7.2945900e+00  -5.4032500e+00   6.8447400e+00   3.4011800e+00   5.6897500e+00   3.4011200e+00  -3.0708900e+05
   7.2944600e+00  -5.4023400e+00   6.8451600e+00   3.4000700e+00   5.6899400e+00   3.4012000e+00  -3.0709200e+05
   7.2944400e+00  -5.4032100e+00   6.8441900e+00   3.4006300e+00   5.6896300e+00   3.4010900e+00  -3.0709000e+05
   7.2944200e+00  -5.4036600e+00   6.8441900e+00   3.3995700e+00   5.6896000e+00   3.4010300e+00  -3.0709200e+05
   7.2943000e+00  -5.4028300e+00   6.8442300e+00   3.4011800e+00   5.6890700e+00   3.4011900e+00  -3.0708900e+05
   7.2941400e+00  -5.4030200e+00   6.8456800e+00   3.4004700e+00   5.6900000e+00   3.4011800e+00  -3.0709500e+05
   7.2944100e+00  -5.4037300e+00   6.8441200e+00   3.3992000e+00   5.6899100e+00   3.4010300e+00  -3.0709300e+05
   7.2943100e+00  -5.4036200e+00   6.8447400e+00   3.3998700e+00   5.6898000e+00   3.4011400e+00  -3.0709000e+05
   7.2942100e+00  -5.4041800e+00   6.8445700e+00   3.3999300e+00   5.6899900e+00   3.4011600e+00  -3.0708900e+05
   7.2940300e+00  -5.4038100e+00   6.8442500e+00   3.4007000e+00   5.6897400e+00   3.4010600e+00  -3.0709000e+05
   7.2939300e+00  -5.4038200e+00   6.8448300e+00   3.4008200e+00   5.6898200e+00   3.4011800e+00  -3.0708900e+05
   7.2939400e+00  -5.4037900e+00   6.8440300e+00   3.4002800e+00   5.6900300e+00   3.4011400e+00  -3.0708900e+05
   7.2938700e+00  -5.4034500e+00   6.8434100e+00   3.3998900e+00   5.6893600e+00   3.4011300e+00  -3.0709300e+05
   7.2937400e+00  -5.4042900e+00   6.8438800e+00   3.3992800e+00   5.6907000e+00   3.4011900e+00  -3.0709300e+05
   7.2936700e+00  -5.4036300e+00   6.8441300e+00   3.4000400e+00   5.6895100e+00   3.4011900e+00  -3.0708900e+05
   7.2936500e+00  -5.4038900e+00   6.8445900e+00   3.3997300e+00   5.6901900e+00   3.4011600e+00  -3.0709100e+05
   7.2937700e+00  -5.4043400e+00   6.8438500e+00   3.4010400e+00   5.6900300e+00   3.4011700e+00  -3.0708800e+05
   7.2938000e+00  -5.4045700e+00   6.8439500e+00   3.4007300e+00   5.6897400e+00   3.4011900e+00  -3.0708800e+05
   7.2936800e+00  -5.4042500e+00   6.8432900e+00   3.4011900e+00   5.6895600e+00   3.4009800e+00  -3.0709300e+05
   7.2939300e+00  -5.4047300e+00   6.8436400e+00   3.3992600e+00   5.6899600e+00   3.4010400e+00  -3.0709300e+05
   7.2938600e+00  -5.4045000e+00   6.8443400e+00   3.4002200e+00   5.6898400e+00   3.4011500e+00  -3.0709000e+05
   7.2938500e+00  -5.4047500e+00   6.8446600e+00   3.3989400e+00   5.6908600e+00   3.4011600e+00  -3.0709500e+05
   7.2940200e+00  -5.4058500e+00   6.8433300e+00   3.4010300e+00   5.6900600e+00   3.4010800e+00  -3.0709000e+05
   7.2938600e+00  -5.4057100e+00   6.8439900e+00   3.4005700e+00   5.6900900e+00   3.4011300e+00  -3.0709000e+05
   7.2937600e+00  -5.4062100e+00   6.8436500e+00   3.4004700e+00   5.6906200e+00   3.4011800e+00  -3.0709100e+05
   7.2938900e+00  -5.4058400e+00   6.8441700e+00   3.3999600e+00   5.6902900e+00   3.4011500e+00  -3.0709100e+05
   7.2940000e+00  -5.4061500e+00   6.8437700e+00   3.3999800e+00   5.6904100e+00   3.4011400e+00  -3.0709100e+05
   7.2938500e+00  -5.4057300e+00   6.8441600e+00   3.4006100e+00   5.6900900e+00   3.4011500e+00  -3.0709000e+05
   7.2938100e+00  -5.4049600e+00   6.8437200e+00   3.4010200e+00   5.6903600e+00   3.4010300e+00  -3.0709100e+05
   7.2936800e+00  -5.4047300e+00   6.8438100e+00   3.4001700e+00   5.6900300e+00   3.4011100e+00  -3.0709000e+05
   7.2938700e+00  -5.4042800e+00   6.8437800e+00   3.3995400e+00   5.6906000e+00   3.4011900e+00  -3.0709200e+05
   7.2937800e+00  -5.4033100e+00   6.8445000e+00   3.4005200e+00   5.6903700e+00   3.4011400e+00  -3.0709100e+05
   7.2939000e+00  -5.4036800e+00   6.8443700e+00   3.3998500e+00   5.6902300e+00   3.4011900e+00  -3.0709000e+05
   7.2939600e+00  -5.4041900e+00   6.8441500e+00   3.4009400e+00   5.6894300e+00   3.4010800e+00  -3.0709000e+05
   7.2938700e+00  -5.4037900e+00   6.8439500e+00   3.4009600e+00   5.6900300e+00   3.4011800e+00  -3.0708800e+05
   7.2936400e+00  -5.4035400e+00   6.8442100e+00   3.4005300e+00   5.6902100e+00   3.4010900e+00  -3.0709000e+05
   7.2939400e+00  -5.4037500e+00   6.8432800e+00   3.3990500e+00   5.6894700e+00   3.4011100e+00  -3.0709400e+05
   7.2940600e+00  -5.4037800e+00   6.8445600e+00   3.4000100e+00   5.6895500e+00   3.4011700e+00  -3.0709000e+05
   7.2942000e+00  -5.4040200e+00   6.8441100e+00   3.4009600e+00   5.6899700e+00   3.4010900e+00  -3.0708900e+05
   7.2942500e+00  -5.4037100e+00   6.8446500e+00   3.3983000e+00   5.6896700e+00   3.4011100e+00  -3.0709300e+05
   7.2942700e+00  -5.4034900e+00   6.8443900e+00   3.4000100e+00   5.6894800e+00   3.4011800e+00  -3.0708900e+05
   7.2942300e+00  -5.4037100e+00   6.8443200e+00   3.4001500e+00   5.6897400e+00   3.4011400e+00  -3.0708900e+05
   7.2940300e+00  -5.4039800e+00   6.8439700e+00   3.3992600e+00   5.6898200e+00   3.4011700e+00  -3.0709000e+05
   7.2940500e+00  -5.4047000e+00   6.8448100e+00   3.3994000e+00   5.6897700e+00   3.4011500e+00  -3.0709300e+05
   7.2941100e+00  -5.4039900e+00   6.8443900e+00   3.4009300e+00   5.6899300e+00   3.4011900e+00  -3.0708700e+05
   7.2942400e+00  -5.4041000e+00   6.8442700e+00   3.4011000e+00   5.6900400e+00   3.4010400e+00  -3.0708900e+05
   7.2940500e+00  -5.4036800e+00   6.8443300e+00   3.4001800e+00   5.6900100e+00   3.4011800e+00  -3.0708900e+05
   7.2941400e+00  -5.4036400e+00   6.8439100e+00   3.4009400e+00   5.6894400e+00   3.4011000e+00  -3.0708900e+05
   7.2941200e+00  -5.4033600e+00   6.8441300e+00   3.3999700e+00   5.6900600e+00   3.4010300e+00  -3.0709300e+05
   7.2940500e+00  -5.4034400e+00   6.8447200e+00   3.4011600e+00   5.6897200e+00   3.4011600e+00  -3.0708800e+05
   7.2940400e+00  -5.4036000e+00   6.8444100e+00   3.4008100e+00   5.6900600e+00   3.4011200e+00  -3.0708900e+05
   7.2938900e+00  -5.4036600e+00   6.8439700e+00   3.4006600e+00   5.6896000e+00   3.4011600e+00  -3.0708800e+05
   7.2939200e+00  -5.4041400e+00   6.8441400e+00   3.3996100e+00   5.6896800e+00   3.4011400e+00  -3.0709000e+05
   7.2938100e+00  -5.4045300e+00   6.8444000e+00   3.4005400e+00   5.6905000e+00   3.4011000e+00  -3.0709100e+05
   7.2936300e+00  -5.4042300e+00   6.8440800e+00   3.4007800e+00   5.6902700e+00   3.4011500e+00  -3.0708900e+05
   7.2935900e+00  -5.4040900e+00   6.8441600e+00   3.3997700e+00   5.6898800e+00   3.4011200e+00  -3.0709100e+05
   7.2936100e+00  -5.4048600e+00   6.8436000e+00   3.4011500e+00   5.6896900e+00   3.4011300e+00  -3.0708900e+05
   7.2937200e+00  -5.4052200e+00   6.8429500e+00   3.4008800e+00   5.6894600e+00   3.4011800e+00  -3.0709100e+05
   7.2936400e+00  -5.4046900e+00   6.8439400e+00   3.4007700e+00   5.6896200e+00   3.4011600e+00  -3.0708900e+05
   7.2937400e+00  -5.4043600e+00   6.8439000e+00   3.4002200e+00   5.6899900e+00   3.4011500e+00  -3.0708900e+05
   7.2933600e+00  -5.4042300e+00   6.8435300e+00   3.4003600e+00   5.6896600e+00   3.4011700e+00  -3.0709000e+05
   7.2933900e+00  -5.4038900e+00   6.8433400e+00   3.4009800e+00   5.6901800e+00   3.4011500e+00  -3.0709100e+05
   7.2931300e+00  -5.4044300e+00   6.8436500e+00   3.4009400e+00   5.6904400e+00   3.4011000e+00  -3.0709100e+05
   7.2931300e+00  -5.4043800e+00   6.8445100e+00   3.3992600e+00   5.6906400e+00   3.4011900e+00  -3.0709400e+05
   7.2930600e+00  -5.4038200e+00   6.8434600e+00   3.4006400e+00   5.6903900e+00   3.4011200e+00  -3.0709200e+05
   7.2930400e+00  -5.4040100e+00   6.8435100e+00   3.3988200e+00   5.6901400e+00   3.4011000e+00  -3.0709400e+05
   7.2932200e+00  -5.4040300e+00   6.8437400e+00   3.4003100e+00   5.6902900e+00   3.4010800e+00  -3.0709200e+05
   7.2931600e+00  -5.4041100e+00   6.8433900e+00   3.4004300e+00   5.6904700e+00   3.4011700e+00  -3.0709200e+05
   7.2934900e+00  -5.4039300e+00   6.8436500e+00   3.4007100e+00   5.6894400e+00   3.4010500e+00  -3.0709200e+05
   7.2936500e+00  -5.4042300e+00   6.8435500e+00   3.4011700e+00   5.6901100e+00   3.4011800e+00  -3.0708800e+05
   7.2937200e+00  -5.4051100e+00   6.8433200e+00   3.3986200e+00   5.6897100e+00   3.4009500e+00  -3.0709700e+05
   7.2935100e+00  -5.4045600e+00   6.8440600e+00   3.4001500e+00   5.6898800e+00   3.4010800e+00  -3.0709100e+05
   7.2934200e+00  -5.4043800e+00   6.8442500e+00   3.4000600e+00   5.6899600e+00   3.4011500e+00  -3.0709100e+05
   7.2933900e+00  -5.4040600e+00   6.8446900e+00   3.3988300e+00   5.6903200e+00   3.4011600e+00  -3.0709400e+05
   7.2933200e+00  -5.4047700e+00   6.8437800e+00   3.4003800e+00   5.6904200e+00   3.4011900e+00  -3.0709000e+05
   7.2933500e+00  -5.4051700e+00   6.8441200e+00   3.4005900e+00   5.6900500e+00   3.4010500e+00  -3.0709300e+05
   7.2934200e+00  -5.4052900e+00   6.8432800e+00   3.4011700e+00   5.6899900e+00   3.4011600e+00  -3.0709000e+05
   7.2932400e+00  -5.4035300e+00   6.8443300e+00   3.4011700e+00   5.6901300e+00   3.4011500e+00  -3.0708800e+05
   7.2932000e+00  -5.4036600e+00   6.8438700e+00   3.4007700e+00   5.6894000e+00   3.4011800e+00  -3.0709000e+05
   7.2932400e+00  -5.4042700e+00   6.8440800e+00   3.4000300e+00   5.6895400e+00   3.4011500e+00  -3.0709200e+05
   7.2934100e+00  -5.4040900e+00   6.8438900e+00   3.4010200e+00   5.6898600e+00   3.4011000e+00  -3.0708900e+05
   7.2931300e+00  -5.4041800e+00   6.8443700e+00   3.4007100e+00   5.6900000e+00   3.4011000e+00  -3.0709200e+05
   7.2931400e+00  -5.4035100e+00   6.8443200e+00   3.4011200e+00   5.6897300e+00   3.4011100e+00  -3.0709000e+05
   7.2930600e+00  -5.4022300e+00   6.8444700e+00   3.4002900e+00   5.6891200e+00   3.4011700e+00  -3.0709300e+05
   7.2934000e+00  -5.4017000e+00   6.8449900e+00   3.3997100e+00   5.6895900e+00   3.4010600e+00  -3.0709500e+05
   7.2934100e+00  -5.4025900e+00   6.8442600e+00   3.3994500e+00   5.6891700e+00   3.4011700e+00  -3.0709300e+05
   7.2935900e+00  -5.4028500e+00   6.8444800e+00   3.4005000e+00   5.6898600e+00   3.4011300e+00  -3.0709000e+05
   7.2938700e+00  -5.4024800e+00   6.8445500e+00   3.4008200e+00   5.6897100e+00   3.4011700e+00  -3.0708900e+05
   7.2936600e+00  -5.4019400e+00   6.8448100e+00   3.4008600e+00   5.6892200e+00   3.4011900e+00  -3.0709100e+05
   7.2933000e+00  -5.4029100e+00   6.8440100e+00   3.3998300e+00   5.6901100e+00   3.4011900e+00  -3.0709100e+05
   7.2932000e+00  -5.4030000e+00   6.8442100e+00   3.4008700e+00   5.6899500e+00   3.4011400e+00  -3.0708900e+05
   7.2929600e+00  -5.4030200e+00   6.8440700e+00   3.4010000e+00   5.6903800e+00   3.4011500e+00  -3.0709000e+05
   7.2928300e+00  -5.4039200e+00   6.8431500e+00   3.3995000e+00   5.6899000e+00   3.4011800e+00  -3.0709300e+05
   7.2924500e+00  -5.4043100e+00   6.8431400e+00   3.3987200e+00   5.6897900e+00   3.4011300e+00  -3.0709600e+05
   7.2924500e+00  -5.4037700e+00   6.8442700e+00   3.4004500e+00   5.6903600e+00   3.4011900e+00  -3.0709100e+05
   7.2926000e+00  -5.4039400e+00   6.8431800e+00   3.4010800e+00   5.6897400e+00   3.4011600e+00  -3.0709100e+05
   7.2929400e+00  -5.4037700e+00   6.8434100e+00   3.4001100e+00   5.6899100e+00   3.4011300e+00  -3.0709200e+05
   7.2928600e+00  -5.4028300e+00   6.8443500e+00   3.4010700e+00   5.6900600e+00   3.4011600e+00  -3.0708900e+05
   7.2929100e+00  -5.4032300e+00   6.8445700e+00   3.4006000e+00   5.6901500e+00   3.4010600e+00  -3.0709300e+05
   7.2929100e+00  -5.4024700e+00   6.8441300e+00   3.3997900e+00   5.6897900e+00   3.4011200e+00  -3.0709200e+05
   7.2930900e+00  -5.4029500e+00   6.8443400e+00   3.4001700e+00   5.6895800e+00   3.4011900e+00  -3.0709000e+05
   7.2931400e+00  -5.4041700e+00   6.8440100e+00   3.3997400e+00   5.6902100e+00   3.4011800e+00  -3.0709000e+05
   7.2931500e+00  -5.4032000e+00   6.8437100e+00   3.3985300e+00   5.6897200e+00   3.4011900e+00  -3.0709200e+05
   7.2932000e+00  -5.4031200e+00   6.8436200e+00   3.4008800e+00   5.6897300e+00   3.4011300e+00  -3.0709000e+05
   7.2930600e+00  -5.4027700e+00   6.8445500e+00   3.4011800e+00   5.6899100e+00   3.4011100e+00  -3.0709000e+05
   7.2928900e+00  -5.4025100e+00   6.8437500e+00   3.3995900e+00   5.6896900e+00   3.4010900e+00  -3.0709300e+05
   7.2927400e+00  -5.4032800e+00   6.8439300e+00   3.4004100e+00   5.6902300e+00   3.4011200e+00  -3.0709100e+05
   7.2927800e+00  -5.4026300e+00   6.8442300e+00   3.4007600e+00   5.6902500e+00   3.4011900e+00  -3.0708900e+05
   7.2926500e+00  -5.4024900e+00   6.8440200e+00   3.4010000e+00   5.6892700e+00   3.4012000e+00  -3.0709000e+05
   7.2924200e+00  -5.4028000e+00   6.8434300e+00   3.3986300e+00   5.6896200e+00   3.4012000e+00  -3.0709400e+05
   7.2924400e+00  -5.4024400e+00   6.8445700e+00   3.4000500e+00   5.6898500e+00   3.4011900e+00  -3.0709200e+05
   7.2923700e+00  -5.4025600e+00   6.8436900e+00   3.4009400e+00   5.6903100e+00   3.4011800e+00  -3.0709100e+05
   7.2923800e+00  -5.4031300e+00   6.8438000e+00   3.4005400e+00   5.6902100e+00   3.4011900e+00  -3.0709000e+05
   7.2922400e+00  -5.4017900e+00   6.8440900e+00   3.4005900e+00   5.6901100e+00   3.4011300e+00  -3.0709100e+05
   7.2922000e+00  -5.4022400e+00   6.8443600e+00   3.4007300e+00   5.6898100e+00   3.4011200e+00  -3.0709200e+05
   7.2920700e+00  -5.4025400e+00   6.8439400e+00   3.4011000e+00   5.6905500e+00   3.4011600e+00  -3.0709100e+05
   7.2919800e+00  -5.4025700e+00   6.8447800e+00   3.4006500e+00   5.6899800e+00   3.4010700e+00  -3.0709600e+05
   7.2920300e+00  -5.4034300e+00   6.8431500e+00   3.4010900e+00   5.6901300e+00   3.4011900e+00  -3.0709100e+05
   7.2920500e+00  -5.4028000e+00   6.8442500e+00   3.4004900e+00   5.6897300e+00   3.4011900e+00  -3.0709200e+05
   7.2919700e+00  -5.4021300e+00   6.8436900e+00   3.3996200e+00   5.6899800e+00   3.4011300e+00  -3.0709300e+05
   7.2918800e+00  -5.4019200e+00   6.8441700e+00   3.4011900e+00   5.6901400e+00   3.4010000e+00  -3.0709300e+05
   7.2917200e+00  -5.4019400e+00   6.8442700e+00   3.3992800e+00   5.6900600e+00   3.4011600e+00  -3.0709400e+05
   7.2918300e+00  -5.4017800e+00   6.8439800e+00   3.3999200e+00   5.6892600e+00   3.4010900e+00  -3.0709600e+05
   7.2918800e+00  -5.4012400e+00   6.8441900e+00   3.4000700e+00   5.6895900e+00   3.4011800e+00  -3.0709200e+05
   7.2916600e+00  -5.4011800e+00   6.8437700e+00   3.4008300e+00   5.6904600e+00   3.4010800e+00  -3.0709500e+05
   7.2916300e+00  -5.4009600e+00   6.8436100e+00   3.4006800e+00   5.6898500e+00   3.4011800e+00  -3.0709200e+05
   7.2918100e+00  -5.4005700e+00   6.8440400e+00   3.4003300e+00   5.6893400e+00   3.4011100e+00  -3.0709400e+05
   7.2916000e+00  -5.4005700e+00   6.8446000e+00   3.4004100e+00   5.6904300e+00   3.4011700e+00  -3.0709400e+05
   7.2915700e+00  -5.4006900e+00   6.8436100e+00   3.4011400e+00   5.6898200e+00   3.4011700e+00  -3.0709200e+05
   7.2913400e+00  -5.4009300e+00   6.8443100e+00   3.4002700e+00   5.6904800e+00   3.4011500e+00  -3.0709400e+05
   7.2912700e+00  -5.4008000e+00   6.8437400e+00   3.4010600e+00   5.6891800e+00   3.4011000e+00  -3.0709400e+05
   7.2912400e+00  -5.4003000e+00   6.8439300e+00   3.3999000e+00   5.6896300e+00   3.4011200e+00  -3.0709400e+05
   7.2911200e+00  -5.4007000e+00   6.8447100e+00   3.4004600e+00   5.6902700e+00   3.4011200e+00  -3.0709500e+05
   7.2909100e+00  -5.4004400e+00   6.8442900e+00   3.4001200e+00   5.6891000e+00   3.4011800e+00  -3.0709700e+05
   7.2907900e+00  -5.3996600e+00   6.8440100e+00   3.3991400e+00   5.6900800e+00   3.4011300e+00  -3.0709700e+05
   7.2908200e+00  -5.3996300e+00   6.8443200e+00   3.4011400e+00   5.6904700e+00   3.4011800e+00  -3.0709400e+05
   7.2904200e+00  -5.3995400e+00   6.8441900e+00   3.4008800e+00   5.6896200e+00   3.4009600e+00  -3.0709700e+05
   7.2902100e+00  -5.4000000e+00   6.8437500e+00   3.3989400e+00   5.6898300e+00   3.4010800e+00  -3.0709800e+05
   7.2903700e+00  -5.3999200e+00   6.8438100e+00   3.4011100e+00   5.6899800e+00   3.4011700e+00  -3.0709200e+05
   7.2901800e+00  -5.4000300e+00   6.8442500e+00   3.4006700e+00   5.6903400e+00   3.4010000e+00  -3.0709700e+05
   7.2903200e+00  -5.4008600e+00   6.8439600e+00   3.3992300e+00   5.6898400e+00   3.4011700e+00  -3.0709600e+05
   7.2902700e+00  -5.4002200e+00   6.8436500e+00   3.4005200e+00   5.6896200e+00   3.4010200e+00  -3.0709700e+05
   7.2902200e+00  -5.3997900e+00   6.8432300e+00   3.4011300e+00   5.6895200e+00   3.4011100e+00  -3.0709500e+05
   7.2903300e+00  -5.4000000e+00   6.8442300e+00   3.4011100e+00   5.6897200e+00   3.4011500e+00  -3.0709300e+05
   7.2900600e+00  -5.3996100e+00   6.8441400e+00   3.3988900e+00   5.6899300e+00   3.4011600e+00  -3.0709600e+05
   7.2900200e+00  -5.3984900e+00   6.8441600e+00   3.4010500e+00   5.6898100e+00   3.4011600e+00  -3.0709400e+05
   7.2900200e+00  -5.3981000e+00   6.8446300e+00   3.4008800e+00   5.6897800e+00   3.4011900e+00  -3.0709400e+05
   7.2900100e+00  -5.3977100e+00   6.8438800e+00   3.4007500e+00   5.6892900e+00   3.4011400e+00  -3.0709700e+05
   7.2899400e+00  -5.3975400e+00   6.8442700e+00   3.4010400e+00   5.6895400e+00   3.4011300e+00  -3.0709600e+05
   7.2898900e+00  -5.3979900e+00   6.8443100e+00   3.4010900e+00   5.6898500e+00   3.4011700e+00  -3.0709400e+05
   7.2898800e+00  -5.3979300e+00   6.8444600e+00   3.3994800e+00   5.6895000e+00   3.4011700e+00  -3.0709700e+05
   7.2899100e+00  -5.3978900e+00   6.8443400e+00   3.4007100e+00   5.6893600e+00   3.4011100e+00  -3.0709700e+05
   7.2898900e+00  -5.3978600e+00   6.8438000e+00   3.3988500e+00   5.6897000e+00   3.4011400e+00  -3.0710000e+05
   7.2896900e+00  -5.3976900e+00   6.8449100e+00   3.4005800e+00   5.6900500e+00   3.4011300e+00  -3.0709800e+05
   7.2897300e+00  -5.3977500e+00   6.8445800e+00   3.4011100e+00   5.6898000e+00   3.4011100e+00  -3.0709600e+05
   7.2897800e+00  -5.3978500e+00   6.8440600e+00   3.4010900e+00   5.6892800e+00   3.4011400e+00  -3.0709600e+05
   7.2896600e+00  -5.3979900e+00   6.8444100e+00   3.4001900e+00   5.6900700e+00   3.4011900e+00  -3.0709600e+05
   7.2896400e+00  -5.3977200e+00   6.8441600e+00   3.3997100e+00   5.6899200e+00   3.4011700e+00  -3.0709700e+05
   7.2898300e+00  -5.3975100e+00   6.8444300e+00   3.3989600e+00   5.6896800e+00   3.4011900e+00  -3.0709800e+05
   7.2898900e+00  -5.3980100e+00   6.8438300e+00   3.4011800e+00   5.6899800e+00   3.4010900e+00  -3.0709700e+05
   7.2897300e+00  -5.3974800e+00   6.8438200e+00   3.3991600e+00   5.6900200e+00   3.4010700e+00  -3.0710200e+05
   7.2899000e+00  -5.3972200e+00   6.8434800e+00   3.4011900e+00   5.6889800e+00   3.4010800e+00  -3.0710100e+05
   7.2897600e+00  -5.3968200e+00   6.8448200e+00   3.4006000e+00   5.6898400e+00   3.4010300e+00  -3.0710000e+05
   7.2897000e+00  -5.3966900e+00   6.8446500e+00   3.4004100e+00   5.6896600e+00   3.4011600e+00  -3.0709800e+05
   7.2897500e+00  -5.3968800e+00   6.8443900e+00   3.4010600e+00   5.6893300e+00   3.4009100e+00  -3.0710100e+05
   7.2895700e+00  -5.3970700e+00   6.8445000e+00   3.4008900e+00   5.6894700e+00   3.4011800e+00  -3.0709600e+05
   7.2894500e+00  -5.3977000e+00   6.8444300e+00   3.4006000e+00   5.6898900e+00   3.4010600e+00  -3.0709700e+05
   7.2895900e+00  -5.3975200e+00   6.8445200e+00   3.3993600e+00   5.6896600e+00   3.4011600e+00  -3.0709800e+05
   7.2895600e+00  -5.3980900e+00   6.8438600e+00   3.4005300e+00   5.6900500e+00   3.4011600e+00  -3.0709600e+05
   7.2895900e+00  -5.3983300e+00   6.8433100e+00   3.4005900e+00   5.6895400e+00   3.4011300e+00  -3.0709700e+05
   7.2895000e+00  -5.3980500e+00   6.8446000e+00   3.4006900e+00   5.6896300e+00   3.4011700e+00  -3.0709600e+05
   7.2894000e+00  -5.3980200e+00   6.8440000e+00   3.3993700e+00   5.6891400e+00   3.4011700e+00  -3.0709900e+05
   7.2893900e+00  -5.3976200e+00   6.8437500e+00   3.3993200e+00   5.6894900e+00   3.4010400e+00  -3.0710100e+05
   7.2892000e+00  -5.3979100e+00   6.8440800e+00   3.4000200e+00   5.6903300e+00   3.4011500e+00  -3.0709800e+05
   7.2891700e+00  -5.3977100e+00   6.8440700e+00   3.4010300e+00   5.6898800e+00   3.4011200e+00  -3.0709500e+05
   7.2890400e+00  -5.3971900e+00   6.8432600e+00   3.4003700e+00   5.6896900e+00   3.4011700e+00  -3.0710000e+05
   7.2888200e+00  -5.3975600e+00   6.8436800e+00   3.4000900e+00   5.6898700e+00   3.4011200e+00  -3.0709800e+05
   7.2888200e+00  -5.3973900e+00   6.8444300e+00   3.4011000e+00   5.6901500e+00   3.4011600e+00  -3.0709600e+05
   7.2888200e+00  -5.3974300e+00   6.8435500e+00   3.4006900e+00   5.6897200e+00   3.4011500e+00  -3.0709700e+05
   7.2887500e+00  -5.3974800e+00   6.8434300e+00   3.3999600e+00   5.6898000e+00   3.4011800e+00  -3.0709800e+05
   7.2884400e+00  -5.3972100e+00   6.8437700e+00   3.3989700e+00   5.6902400e+00   3.4011700e+00  -3.0710000e+05
   7.2882300e+00  -5.3975900e+00   6.8431200e+00   3.4007800e+00   5.6899200e+00   3.4011200e+00  -3.0709900e+05
   7.2882300e+00  -5.3976800e+00   6.8440400e+00   3.4000900e+00   5.6901600e+00   3.4010000e+00  -3.0710000e+05
   7.2883100e+00  -5.3983900e+00   6.8441100e+00   3.4007400e+00   5.6899300e+00   3.4011400e+00  -3.0709700e+05
   7.2883000e+00  -5.3978900e+00   6.8438000e+00   3.4002100e+00   5.6896100e+00   3.4011800e+00  -3.0709700e+05
   7.2885400e+00  -5.3982600e+00   6.8440200e+00   3.3997900e+00   5.6900800e+00   3.4010000e+00  -3.0710000e+05
   7.2883400e+00  -5.3979900e+00   6.8444100e+00   3.4005100e+00   5.6896900e+00   3.4011900e+00  -3.0709800e+05
   7.2883200e+00  -5.3980700e+00   6.8440700e+00   3.4007200e+00   5.6890100e+00   3.4011500e+00  -3.0710300e+05
   7.2882200e+00  -5.3982400e+00   6.8437200e+00   3.4001300e+00   5.6898100e+00   3.4011600e+00  -3.0709700e+05
   7.2880200e+00  -5.3982200e+00   6.8435100e+00   3.3999200e+00   5.6902700e+00   3.4011700e+00  -3.0709800e+05
   7.2879900e+00  -5.3984200e+00   6.8431800e+00   3.3995200e+00   5.6901000e+00   3.4011300e+00  -3.0710000e+05
   7.2879900e+00  -5.3987900e+00   6.8433700e+00   3.3998400e+00   5.6901700e+00   3.4011800e+00  -3.0709800e+05
   7.2878900e+00  -5.3982200e+00   6.8437700e+00   3.3992700e+00   5.6898100e+00   3.4010300e+00  -3.0710200e+05
   7.2876100e+00  -5.3984400e+00   6.8435900e+00   3.4004700e+00   5.6904000e+00   3.4009800e+00  -3.0710200e+05
   7.2874200e+00  -5.3978100e+00   6.8432800e+00   3.3970000e+00   5.6905200e+00   3.4011300e+00  -3.0710600e+05
   7.2872900e+00  -5.3978700e+00   6.8427800e+00   3.3990700e+00   5.6898900e+00   3.4010900e+00  -3.0710400e+05
   7.2871100e+00  -5.3979300e+00   6.8425000e+00   3.4009700e+00   5.6897400e+00   3.4011600e+00  -3.0710200e+05
   7.2869700e+00  -5.3983100e+00   6.8436800e+00   3.4003800e+00   5.6901700e+00   3.4011700e+00  -3.0710100e+05
   7.2871200e+00  -5.3978200e+00   6.8436900e+00   3.3998300e+00   5.6904900e+00   3.4011600e+00  -3.0710000e+05
   7.2870200e+00  -5.3976700e+00   6.8440600e+00   3.4000700e+00   5.6905500e+00   3.4011100e+00  -3.0710200e+05
   7.2870500e+00  -5.3970300e+00   6.8433600e+00   3.4008000e+00   5.6900500e+00   3.4011900e+00  -3.0709800e+05
   7.2869400e+00  -5.3966300e+00   6.8438800e+00   3.4010000e+00   5.6907500e+00   3.4011000e+00  -3.0710100e+05
   7.2867300e+00  -5.3964900e+00   6.8433500e+00   3.4009100e+00   5.6897900e+00   3.4011700e+00  -3.0709800e+05
   7.2867200e+00  -5.3962500e+00   6.8438500e+00   3.3998700e+00   5.6895400e+00   3.4011500e+00  -3.0710100e+05
   7.2865600e+00  -5.3959900e+00   6.8430900e+00   3.4000700e+00   5.6896400e+00   3.4011900e+00  -3.0710100e+05
   7.2866000e+00  -5.3956900e+00   6.8440100e+00   3.3995200e+00   5.6905000e+00   3.4011700e+00  -3.0710100e+05
   7.2865800e+00  -5.3959600e+00   6.8435500e+00   3.4008100e+00   5.6896800e+00   3.4011500e+00  -3.0709900e+05
   7.2867500e+00  -5.3960300e+00   6.8432000e+00   3.4011600e+00   5.6898800e+00   3.4011100e+00  -3.0710000e+05
   7.2867100e+00  -5.3967300e+00   6.8439200e+00   3.4009700e+00   5.6904100e+00   3.4011000e+00  -3.0710000e+05
   7.2866200e+00  -5.3960800e+00   6.8430100e+00   3.4009200e+00   5.6902500e+00   3.4009700e+00  -3.0710500e+05
   7.2863000e+00  -5.3962700e+00   6.8432600e+00   3.4011500e+00   5.6899800e+00   3.4011200e+00  -3.0710000e+05
   7.2861800e+00  -5.3964600e+00   6.8432300e+00   3.3998900e+00   5.6897000e+00   3.4010000e+00  -3.0710500e+05
   7.2860500e+00  -5.3966400e+00   6.8431300e+00   3.4001700e+00   5.6901200e+00   3.4011600e+00  -3.0710200e+05
   7.2857000e+00  -5.3966400e+00   6.8433800e+00   3.4008400e+00   5.6902400e+00   3.4010700e+00  -3.0710300e+05
   7.2858600e+00  -5.3960300e+00   6.8444500e+00   3.4007900e+00   5.6908500e+00   3.4010800e+00  -3.0710600e+05
   7.2858900e+00  -5.3967300e+00   6.8434200e+00   3.4010400e+00   5.6908300e+00   3.4011600e+00  -3.0710200e+05
   7.2857100e+00  -5.3966900e+00   6.8431600e+00   3.3999600e+00   5.6898500e+00   3.4011200e+00  -3.0710400e+05
   7.2857900e+00  -5.3959700e+00   6.8440500e+00   3.4005600e+00   5.6904000e+00   3.4010600e+00  -3.0710300e+05
   7.2858300e+00  -5.3952100e+00   6.8434600e+00   3.4006400e+00   5.6903000e+00   3.4010900e+00  -3.0710200e+05
   7.2856500e+00  -5.3952700e+00   6.8432300e+00   3.4003700e+00   5.6895000e+00   3.4011200e+00  -3.0710300e+05
   7.2858700e+00  -5.3961800e+00   6.8437700e+00   3.4010200e+00   5.6896500e+00   3.4011400e+00  -3.0710200e+05
   7.2859300e+00  -5.3956400e+00   6.8433000e+00   3.3991400e+00   5.6902600e+00   3.4011600e+00  -3.0710300e+05
   7.2859000e+00  -5.3958800e+00   6.8432600e+00   3.4004400e+00   5.6899700e+00   3.4011200e+00  -3.0710100e+05
   7.2858800e+00  -5.3950800e+00   6.8440000e+00   3.4005800e+00   5.6901400e+00   3.4012000e+00  -3.0709900e+05
   7.2856800e+00  -5.3939500e+00   6.8429600e+00   3.4004000e+00   5.6892800e+00   3.4011500e+00  -3.0710400e+05
   7.2855500e+00  -5.3943400e+00   6.8436000e+00   3.4002900e+00   5.6901300e+00   3.4011100e+00  -3.0710200e+05
   7.2854400e+00  -5.3938000e+00   6.8439300e+00   3.4009100e+00   5.6899300e+00   3.4011400e+00  -3.0710000e+05
   7.2855100e+00  -5.3930200e+00   6.8436500e+00   3.4010200e+00   5.6902100e+00   3.4010300e+00  -3.0710600e+05
   7.2856300e+00  -5.3930900e+00   6.8442300e+00   3.3999300e+00   5.6895900e+00   3.4011100e+00  -3.0710400e+05
   7.2856300e+00  -5.3938400e+00   6.8436600e+00   3.3990500e+00   5.6894000e+00   3.4011600e+00  -3.0710400e+05
   7.2856600e+00  -5.3938500e+00   6.8430900e+00   3.3987400e+00   5.6895300e+00   3.4011700e+00  -3.0710600e+05
   7.2853600e+00  -5.3938500e+00   6.8436800e+00   3.4008800e+00   5.6898200e+00   3.4011700e+00  -3.0710000e+05
   7.2852300e+00  -5.3935700e+00   6.8440000e+00   3.4010300e+00   5.6900600e+00   3.4011300e+00  -3.0710100e+05
   7.2852300e+00  -5.3935500e+00   6.8440700e+00   3.4007900e+00   5.6901200e+00   3.4011600e+00  -3.0710100e+05
   7.2853800e+00  -5.3942900e+00   6.8437100e+00   3.4005300e+00   5.6899800e+00   3.4010800e+00  -3.0710200e+05
   7.2852000e+00  -5.3940800e+00   6.8441800e+00   3.4008500e+00   5.6898000e+00   3.4011800e+00  -3.0710100e+05
   7.2851300e+00  -5.3939300e+00   6.8441700e+00   3.3994400e+00   5.6901900e+00   3.4011000e+00  -3.0710400e+05
   7.2850900e+00  -5.3940900e+00   6.8433400e+00   3.4006900e+00   5.6900000e+00   3.4011900e+00  -3.0710100e+05
   7.2849200e+00  -5.3939400e+00   6.8430700e+00   3.4011200e+00   5.6901100e+00   3.4011400e+00  -3.0710300e+05
   7.2849500e+00  -5.3942300e+00   6.8433000e+00   3.4011100e+00   5.6899300e+00   3.4012000e+00  -3.0710000e+05
   7.2847700e+00  -5.3945500e+00   6.8433400e+00   3.4010700e+00   5.6903700e+00   3.4009600e+00  -3.0710500e+05
   7.2845700e+00  -5.3942900e+00   6.8432500e+00   3.4006200e+00   5.6896200e+00   3.4011300e+00  -3.0710400e+05
   7.2845600e+00  -5.3948300e+00   6.8434300e+00   3.4007400e+00   5.6900000e+00   3.4011300e+00  -3.0710300e+05
   7.2843200e+00  -5.3942600e+00   6.8437300e+00   3.4007500e+00   5.6907900e+00   3.4010100e+00  -3.0710700e+05
   7.2840500e+00  -5.3943700e+00   6.8430900e+00   3.3997200e+00   5.6904200e+00   3.4011900e+00  -3.0710500e+05
   7.2841100e+00  -5.3936400e+00   6.8435300e+00   3.4006200e+00   5.6904500e+00   3.4011900e+00  -3.0710300e+05
   7.2841200e+00  -5.3926200e+00   6.8438400e+00   3.4010400e+00   5.6902900e+00   3.4011900e+00  -3.0710200e+05
   7.2840900e+00  -5.3926300e+00   6.8433900e+00   3.4008400e+00   5.6899100e+00   3.4010700e+00  -3.0710400e+05
   7.2839600e+00  -5.3924300e+00   6.8431600e+00   3.4000900e+00   5.6900500e+00   3.4011000e+00  -3.0710600e+05
   7.2838600e+00  -5.3922400e+00   6.8436600e+00   3.4001200e+00   5.6899300e+00   3.4011000e+00  -3.0710500e+05
   7.2839200e+00  -5.3917700e+00   6.8439900e+00   3.4009200e+00   5.6890100e+00   3.4011700e+00  -3.0710700e+05
   7.2839100e+00  -5.3917000e+00   6.8443400e+00   3.3994200e+00   5.6902700e+00   3.4010700e+00  -3.0710800e+05
   7.2837900e+00  -5.3913200e+00   6.8436500e+00   3.4011200e+00   5.6901700e+00   3.4011800e+00  -3.0710400e+05
   7.2836300e+00  -5.3907800e+00   6.8441000e+00   3.4001500e+00   5.6903100e+00   3.4010900e+00  -3.0710800e+05
   7.2835700e+00  -5.3903200e+00   6.8440500e+00   3.4010100e+00   5.6898500e+00   3.4011000e+00  -3.0710600e+05
   7.2833100e+00  -5.3907700e+00   6.8439200e+00   3.4008200e+00   5.6894800e+00   3.4011200e+00  -3.0710500e+05
   7.2834200e+00  -5.3904100e+00   6.8438600e+00   3.4009700e+00   5.6896400e+00   3.4010900e+00  -3.0710600e+05
   7.2833700e+00  -5.3900700e+00   6.8440500e+00   3.4009200e+00   5.6896500e+00   3.4010000e+00  -3.0710800e+05
   7.2834900e+00  -5.3900900e+00   6.8443600e+00   3.4006500e+00   5.6898900e+00   3.4011200e+00  -3.0710600e+05
   7.2836100e+00  -5.3899400e+00   6.8440300e+00   3.4005600e+00   5.6897100e+00   3.4011800e+00  -3.0710600e+05
   7.2834600e+00  -5.3896000e+00   6.8447700e+00   3.4011800e+00   5.6898000e+00   3.4011900e+00  -3.0710600e+05
   7.2833900e+00  -5.3902200e+00   6.8443900e+00   3.4007000e+00   5.6898800e+00   3.4010700e+00  -3.0710700e+05
   7.2833900e+00  -5.3900800e+00   6.8439200e+00   3.4002200e+00   5.6897000e+00   3.4011400e+00  -3.0710600e+05
   7.2831900e+00  -5.3901800e+00   6.8441100e+00   3.4003400e+00   5.6899700e+00   3.4009700e+00  -3.0710900e+05
   7.2832600e+00  -5.3906600e+00   6.8439600e+00   3.4009700e+00   5.6899800e+00   3.4011400e+00  -3.0710400e+05
   7.2833400e+00  -5.3900100e+00   6.8439000e+00   3.4006300e+00   5.6892200e+00   3.4011900e+00  -3.0710600e+05
   7.2834100e+00  -5.3896100e+00   6.8443600e+00   3.3997900e+00   5.6893700e+00   3.4011200e+00  -3.0710900e+05
   7.2833800e+00  -5.3894700e+00   6.8445400e+00   3.3987400e+00   5.6896500e+00   3.4011500e+00  -3.0711000e+05
   7.2834000e+00  -5.3898100e+00   6.8438900e+00   3.3994100e+00   5.6901400e+00   3.4010200e+00  -3.0711200e+05
   7.2833400e+00  -5.3894900e+00   6.8447200e+00   3.4009700e+00   5.6893100e+00   3.4012000e+00  -3.0710800e+05
   7.2833200e+00  -5.3897200e+00   6.8444300e+00   3.4011600e+00   5.6894700e+00   3.4011300e+00  -3.0710700e+05
   7.2829300e+00  -5.3896800e+00   6.8448000e+00   3.4005300e+00   5.6899000e+00   3.4010300e+00  -3.0711100e+05
   7.2829500e+00  -5.3897700e+00   6.8434200e+00   3.4010100e+00   5.6895100e+00   3.4011600e+00  -3.0710600e+05
   7.2829600e+00  -5.3896800e+00   6.8446300e+00   3.4003900e+00   5.6901300e+00   3.4012000e+00  -3.0710700e+05
   7.2830000e+00  -5.3899300e+00   6.8435200e+00   3.4007800e+00   5.6897400e+00   3.4011800e+00  -3.0710600e+05
   7.2829300e+00  -5.3907000e+00   6.8440600e+00   3.4002400e+00   5.6896000e+00   3.4011900e+00  -3.0710500e+05
   7.2828800e+00  -5.3909100e+00   6.8443600e+00   3.3996000e+00   5.6904700e+00   3.4011700e+00  -3.0710800e+05
   7.2827400e+00  -5.3904900e+00   6.8440600e+00   3.4007500e+00   5.6901000e+00   3.4010100e+00  -3.0710800e+05
   7.2826300e+00  -5.3904100e+00   6.8433500e+00   3.4011200e+00   5.6897600e+00   3.4011300e+00  -3.0710500e+05
   7.2826300e+00  -5.3908300e+00   6.8433300e+00   3.4011500e+00   5.6905600e+00   3.4011900e+00  -3.0710600e+05
   7.2827800e+00  -5.3903600e+00   6.8438000e+00   3.3993600e+00   5.6895400e+00   3.4011800e+00  -3.0710700e+05
   7.2828500e+00  -5.3904200e+00   6.8435900e+00   3.4003100e+00   5.6900600e+00   3.4010000e+00  -3.0710900e+05
   7.2829000e+00  -5.3905900e+00   6.8438300e+00   3.4006400e+00   5.6897600e+00   3.4011800e+00  -3.0710400e+05
   7.2828700e+00  -5.3908800e+00   6.8442000e+00   3.4001500e+00   5.6901500e+00   3.4011700e+00  -3.0710600e+05
   7.2829500e+00  -5.3903700e+00   6.8441400e+00   3.4007900e+00   5.6898200e+00   3.4011700e+00  -3.0710500e+05
   7.2829400e+00  -5.3902300e+00   6.8438200e+00   3.4008800e+00   5.6894000e+00   3.4012000e+00  -3.0710500e+05
   7.2827200e+00  -5.3903500e+00   6.8437400e+00   3.4001000e+00   5.6896000e+00   3.4011700e+00  -3.0710600e+05
   7.2824200e+00  -5.3900700e+00   6.8438900e+00   3.3996700e+00   5.6901100e+00   3.4011200e+00  -3.0710800e+05
   7.2824600e+00  -5.3899600e+00   6.8439800e+00   3.3991800e+00   5.6899100e+00   3.4011200e+00  -3.0710800e+05
   7.2823800e+00  -5.3896400e+00   6.8437700e+00   3.4008900e+00   5.6900700e+00   3.4010800e+00  -3.0710700e+05
   7.2823500e+00  -5.3893600e+00   6.8439600e+00   3.3991800e+00   5.6893300e+00   3.4011700e+00  -3.0710900e+05
   7.2822500e+00  -5.3892300e+00   6.8448900e+00   3.4009000e+00   5.6899800e+00   3.4012000e+00  -3.0710800e+05
   7.2823700e+00  -5.3887500e+00   6.8439900e+00   3.4001100e+00   5.6896300e+00   3.4010400e+00  -3.0711000e+05
   7.2823000e+00  -5.3886000e+00   6.8435400e+00   3.4009500e+00   5.6897500e+00   3.4011500e+00  -3.0710800e+05
   7.2822200e+00  -5.3884300e+00   6.8446500e+00   3.3986500e+00   5.6897900e+00   3.4011700e+00  -3.0711200e+05
   7.2821400e+00  -5.3887100e+00   6.8445600e+00   3.4004200e+00   5.6896500e+00   3.4011200e+00  -3.0711000e+05
   7.2822000e+00  -5.3887400e+00   6.8437300e+00   3.4011600e+00   5.6895200e+00   3.4012000e+00  -3.0710600e+05
   7.2821800e+00  -5.3883700e+00   6.8440300e+00   3.4009500e+00   5.6898700e+00   3.4011300e+00  -3.0710800e+05
   7.2821200e+00  -5.3884100e+00   6.8435100e+00   3.4003800e+00   5.6890900e+00   3.4010300e+00  -3.0711300e+05
   7.2821100e+00  -5.3881600e+00   6.8440600e+00   3.4004900e+00   5.6896800e+00   3.4011400e+00  -3.0710900e+05
   7.2820300e+00  -5.3883100e+00   6.8435700e+00   3.4004600e+00   5.6898800e+00   3.4010500e+00  -3.0711200e+05
   7.2819400e+00  -5.3885000e+00   6.8435300e+00   3.4000400e+00   5.6894200e+00   3.4011800e+00  -3.0710900e+05
   7.2819800e+00  -5.3880600e+00   6.8441900e+00   3.4001700e+00   5.6893600e+00   3.4011800e+00  -3.0710900e+05
   7.2819500e+00  -5.3884000e+00   6.8443200e+00   3.3985100e+00   5.6896500e+00   3.4011500e+00  -3.0711200e+05
   7.2818400e+00  -5.3885000e+00   6.8440300e+00   3.4004700e+00   5.6899900e+00   3.4010900e+00  -3.0710900e+05
   7.2819100e+00  -5.3882400e+00   6.8441500e+00   3.4003800e+00   5.6904600e+00   3.4011700e+00  -3.0711100e+05
   7.2818700e+00  -5.3881400e+00   6.8444800e+00   3.4005000e+00   5.6900500e+00   3.4011800e+00  -3.0710900e+05
   7.2818700e+00  -5.3887100e+00   6.8446900e+00   3.4008700e+00   5.6898400e+00   3.4011300e+00  -3.0710900e+05
   7.2818100e+00  -5.3887800e+00   6.8441700e+00   3.4002600e+00   5.6894000e+00   3.4010800e+00  -3.0711000e+05
   7.2816900e+00  -5.3890100e+00   6.8434700e+00   3.4004600e+00   5.6897600e+00   3.4011400e+00  -3.0710800e+05
   7.2817000e+00  -5.3888400e+00   6.8450200e+00   3.4010400e+00   5.6899700e+00   3.4009700e+00  -3.0711500e+05
   7.2816000e+00  -5.3883700e+00   6.8437400e+00   3.4008200e+00   5.6894800e+00   3.4010900e+00  -3.0710900e+05
   7.2815800e+00  -5.3890800e+00   6.8438900e+00   3.4002500e+00   5.6902000e+00   3.4011700e+00  -3.0710700e+05
   7.2816700e+00  -5.3891200e+00   6.8440600e+00   3.3998200e+00   5.6902900e+00   3.4010600e+00  -3.0711000e+05
   7.2815700e+00  -5.3889000e+00   6.8437500e+00   3.4010500e+00   5.6897100e+00   3.4011800e+00  -3.0710600e+05
   7.2814900e+00  -5.3886500e+00   6.8434000e+00   3.3997700e+00   5.6893700e+00   3.4011500e+00  -3.0711000e+05
   7.2814900e+00  -5.3889000e+00   6.8441700e+00   3.4009800e+00   5.6903500e+00   3.4010000e+00  -3.0711000e+05
