   7.1855600e+00  -5.2924300e+00   6.8315300e+00   3.0631300e+00   5.6898600e+00   3.4012000e+00  -3.0734000e+07
   7.1855600e+00  -5.2924900e+00   6.8315900e+00   3.0631300e+00   5.6899000e+00   3.4012000e+00  -3.0734000e+07
   7.1853800e+00  -5.2923800e+00   6.8314800e+00   3.0631300e+00   5.6898600e+00   3.4012000e+00  -3.0734000e+07
   7.1852700e+00  -5.2922300e+00   6.8314400e+00   3.0631400e+00   5.6898500e+00   3.4012000e+00  -3.0734000e+07
   7.1854600e+00  -5.2923100e+00   6.8314700e+00   3.0631400e+00   5.6898300e+00   3.4012000e+00  -3.0734000e+07
   7.1851400e+00  -5.2921900e+00   6.8313600e+00   3.0631500e+00   5.6899000e+00   3.4012000e+00  -3.0734000e+07
   7.1853600e+00  -5.2921300e+00   6.8314900e+00   3.0631500e+00   5.6898600e+00   3.4012000e+00  -3.0734000e+07
   7.1850500e+00  -5.2919600e+00   6.8313800e+00   3.0631500e+00   5.6899000e+00   3.4012000e+00  -3.0734000e+07
   7.1851600e+00  -5.2919800e+00   6.8314900e+00   3.0631500e+00   5.6899400e+00   3.4012000e+00  -3.0734000e+07
   7.1850400e+00  -5.2918900e+00   6.8315200e+00   3.0631500e+00   5.6899400e+00   3.4012000e+00  -3.0734000e+07
   7.1851100e+00  -5.2920300e+00   6.8314100e+00   3.0631500e+00   5.6898200e+00   3.4012000e+00  -3.0734000e+07
   7.1850100e+00  -5.2919000e+00   6.8314500e+00   3.0631400e+00   5.6899000e+00   3.4012000e+00  -3.0734000e+07
   7.1852700e+00  -5.2919700e+00   6.8314900e+00   3.0631500e+00   5.6898700e+00   3.4012000e+00  -3.0734000e+07
   7.1854100e+00  -5.2920400e+00   6.8316000e+00   3.0631400e+00   5.6898200e+00   3.4012000e+00  -3.0734000e+07
   7.1852600e+00  -5.2920500e+00   6.8314900e+00   3.0631500e+00   5.6898800e+00   3.4012000e+00  -3.0734000e+07
   7.1852700e+00  -5.2920800e+00   6.8314800e+00   3.0631400e+00   5.6898500e+00   3.4012000e+00  -3.0734000e+07
   7.1853100e+00  -5.2922200e+00   6.8314700e+00   3.0631400e+00   5.6898900e+00   3.4012000e+00  -3.0734000e+07
   7.1854600e+00  -5.2922800e+00   6.8314100e+00   3.0631500e+00   5.6898200e+00   3.4012000e+00  -3.0734000e+07
   7.1854000e+00  -5.2924000e+00   6.8314300e+00   3.0631400e+00   5.6898600e+00   3.4012000e+00  -3.0734000e+07
   7.1852300e+00  -5.2921900e+00   6.8314400e+00   3.0631400e+00   5.6898800e+00   3.4012000e+00  -3.0734000e+07
   7.1854000e+00  -5.2922800e+00   6.8314400e+00   3.0631400e+00   5.6898800e+00   3.4012000e+00  -3.0734000e+07
   7.1856000e+00  -5.2923500e+00   6.8316400e+00   3.0631400e+00   5.6899100e+00   3.4012000e+00  -3.0734000e+07
   7.1851900e+00  -5.2921600e+00   6.8314000e+00   3.0631500e+00   5.6898500e+00   3.4012000e+00  -3.0734000e+07
   7.1853100e+00  -5.2922400e+00   6.8313900e+00   3.0631500e+00   5.6899400e+00   3.4012000e+00  -3.0734000e+07
   7.1850800e+00  -5.2921000e+00   6.8314000e+00   3.0631500e+00   5.6898000e+00   3.4012000e+00  -3.0734000e+07
   7.1852400e+00  -5.2922000e+00   6.8314000e+00   3.0631500e+00   5.6898800e+00   3.4012000e+00  -3.0734000e+07
   7.1852400e+00  -5.2921300e+00   6.8313700e+00   3.0631600e+00   5.6898600e+00   3.4012000e+00  -3.0734000e+07
   7.1853800e+00  -5.2922600e+00   6.8314600e+00   3.0631600e+00   5.6898700e+00   3.4012000e+00  -3.0734000e+07
   7.1850600e+00  -5.2921400e+00   6.8313000e+00   3.0631700e+00   5.6898700e+00   3.4012000e+00  -3.0734000e+07
   7.1852300e+00  -5.2922200e+00   6.8315200e+00   3.0631800e+00   5.6899600e+00   3.4012000e+00  -3.0734000e+07
   7.1852600e+00  -5.2921500e+00   6.8314600e+00   3.0631700e+00   5.6898700e+00   3.4012000e+00  -3.0734000e+07
   7.1853500e+00  -5.2923000e+00   6.8314100e+00   3.0631800e+00   5.6898800e+00   3.4012000e+00  -3.0734000e+07
   7.1855400e+00  -5.2923700e+00   6.8315000e+00   3.0631800e+00   5.6899200e+00   3.4012000e+00  -3.0734000e+07
   7.1855000e+00  -5.2923200e+00   6.8314600e+00   3.0631800e+00   5.6899100e+00   3.4012000e+00  -3.0734000e+07
   7.1854800e+00  -5.2923000e+00   6.8315100e+00   3.0631800e+00   5.6898700e+00   3.4012000e+00  -3.0734000e+07
   7.1852500e+00  -5.2922400e+00   6.8314500e+00   3.0631800e+00   5.6898400e+00   3.4012000e+00  -3.0734000e+07
   7.1853200e+00  -5.2923000e+00   6.8314700e+00   3.0631800e+00   5.6899100e+00   3.4012000e+00  -3.0734000e+07
   7.1855800e+00  -5.2923400e+00   6.8314000e+00   3.0631900e+00   5.6898700e+00   3.4012000e+00  -3.0734000e+07
   7.1854700e+00  -5.2924300e+00   6.8315100e+00   3.0631800e+00   5.6898800e+00   3.4012000e+00  -3.0734000e+07
   7.1853900e+00  -5.2924400e+00   6.8314400e+00   3.0631900e+00   5.6898900e+00   3.4012000e+00  -3.0734000e+07
   7.1852400e+00  -5.2921800e+00   6.8314000e+00   3.0631900e+00   5.6898800e+00   3.4012000e+00  -3.0734000e+07
   7.1853600e+00  -5.2922700e+00   6.8314600e+00   3.0632000e+00   5.6899400e+00   3.4012000e+00  -3.0734000e+07
   7.1852700e+00  -5.2921900e+00   6.8314600e+00   3.0632000e+00   5.6898800e+00   3.4012000e+00  -3.0734000e+07
   7.1853400e+00  -5.2922500e+00   6.8314200e+00   3.0632000e+00   5.6898100e+00   3.4012000e+00  -3.0734000e+07
   7.1851400e+00  -5.2921900e+00   6.8313500e+00   3.0632000e+00   5.6899000e+00   3.4012000e+00  -3.0734000e+07
   7.1852900e+00  -5.2920700e+00   6.8315300e+00   3.0632000e+00   5.6898400e+00   3.4011900e+00  -3.0734000e+07
   7.1849500e+00  -5.2920500e+00   6.8314000e+00   3.0632000e+00   5.6898700e+00   3.4012000e+00  -3.0734000e+07
   7.1854200e+00  -5.2921800e+00   6.8315000e+00   3.0632000e+00   5.6898300e+00   3.4012000e+00  -3.0734000e+07
   7.1852400e+00  -5.2922500e+00   6.8313800e+00   3.0632000e+00   5.6899000e+00   3.4012000e+00  -3.0734000e+07
   7.1851200e+00  -5.2921000e+00   6.8314400e+00   3.0631900e+00   5.6899000e+00   3.4012000e+00  -3.0734000e+07
   7.1849400e+00  -5.2919300e+00   6.8314300e+00   3.0631900e+00   5.6899100e+00   3.4012000e+00  -3.0734000e+07
   7.1850300e+00  -5.2919300e+00   6.8314800e+00   3.0631900e+00   5.6898700e+00   3.4012000e+00  -3.0734000e+07
   7.1849100e+00  -5.2917700e+00   6.8314000e+00   3.0631900e+00   5.6898800e+00   3.4012000e+00  -3.0734000e+07
   7.1845900e+00  -5.2916600e+00   6.8312100e+00   3.0631900e+00   5.6898800e+00   3.4012000e+00  -3.0734000e+07
   7.1849200e+00  -5.2917900e+00   6.8315000e+00   3.0631900e+00   5.6899000e+00   3.4012000e+00  -3.0734000e+07
   7.1848600e+00  -5.2918700e+00   6.8313900e+00   3.0631900e+00   5.6899400e+00   3.4012000e+00  -3.0734000e+07
   7.1851100e+00  -5.2918700e+00   6.8314300e+00   3.0631900e+00   5.6898600e+00   3.4012000e+00  -3.0734000e+07
   7.1848600e+00  -5.2917300e+00   6.8313800e+00   3.0631800e+00   5.6898900e+00   3.4012000e+00  -3.0734000e+07
   7.1848300e+00  -5.2915900e+00   6.8314500e+00   3.0631800e+00   5.6899200e+00   3.4012000e+00  -3.0734000e+07
   7.1850500e+00  -5.2917400e+00   6.8315200e+00   3.0631800e+00   5.6898600e+00   3.4012000e+00  -3.0734000e+07
   7.1849900e+00  -5.2917700e+00   6.8314500e+00   3.0631900e+00   5.6899300e+00   3.4012000e+00  -3.0734000e+07
   7.1850300e+00  -5.2917800e+00   6.8315300e+00   3.0631900e+00   5.6898800e+00   3.4012000e+00  -3.0734000e+07
   7.1850300e+00  -5.2918700e+00   6.8314300e+00   3.0631900e+00   5.6898900e+00   3.4012000e+00  -3.0734000e+07
   7.1851600e+00  -5.2920100e+00   6.8315600e+00   3.0631900e+00   5.6898900e+00   3.4012000e+00  -3.0734000e+07
   7.1855600e+00  -5.2923100e+00   6.8315300e+00   3.0632000e+00   5.6898500e+00   3.4012000e+00  -3.0734000e+07
   7.1855500e+00  -5.2925500e+00   6.8313300e+00   3.0631900e+00   5.6898800e+00   3.4012000e+00  -3.0734000e+07
   7.1858000e+00  -5.2928200e+00   6.8315600e+00   3.0631800e+00   5.6898500e+00   3.4012000e+00  -3.0734000e+07
   7.1861900e+00  -5.2929800e+00   6.8315700e+00   3.0631800e+00   5.6899100e+00   3.4012000e+00  -3.0734000e+07
   7.1855800e+00  -5.2926800e+00   6.8314000e+00   3.0631900e+00   5.6898500e+00   3.4012000e+00  -3.0734000e+07
   7.1857700e+00  -5.2926800e+00   6.8315600e+00   3.0631800e+00   5.6899100e+00   3.4012000e+00  -3.0734000e+07
   7.1858200e+00  -5.2928800e+00   6.8314500e+00   3.0631800e+00   5.6899200e+00   3.4012000e+00  -3.0734000e+07
   7.1858600e+00  -5.2930300e+00   6.8314500e+00   3.0631800e+00   5.6898300e+00   3.4012000e+00  -3.0734000e+07
   7.1858700e+00  -5.2930000e+00   6.8314900e+00   3.0631900e+00   5.6898800e+00   3.4012000e+00  -3.0734000e+07
   7.1857100e+00  -5.2928300e+00   6.8314900e+00   3.0631900e+00   5.6899100e+00   3.4012000e+00  -3.0734000e+07
   7.1860000e+00  -5.2928900e+00   6.8314900e+00   3.0631900e+00   5.6898600e+00   3.4012000e+00  -3.0734000e+07
   7.1858100e+00  -5.2929300e+00   6.8314000e+00   3.0632000e+00   5.6898600e+00   3.4012000e+00  -3.0734000e+07
   7.1859400e+00  -5.2928500e+00   6.8315400e+00   3.0632100e+00   5.6898400e+00   3.4012000e+00  -3.0734000e+07
   7.1860100e+00  -5.2930100e+00   6.8314600e+00   3.0632100e+00   5.6898500e+00   3.4012000e+00  -3.0734000e+07
   7.1858000e+00  -5.2928500e+00   6.8314000e+00   3.0632200e+00   5.6898700e+00   3.4012000e+00  -3.0734000e+07
   7.1860300e+00  -5.2929500e+00   6.8315700e+00   3.0632100e+00   5.6898500e+00   3.4012000e+00  -3.0734000e+07
   7.1860000e+00  -5.2930000e+00   6.8315200e+00   3.0632100e+00   5.6898600e+00   3.4012000e+00  -3.0734000e+07
   7.1861500e+00  -5.2930900e+00   6.8315600e+00   3.0632200e+00   5.6898700e+00   3.4012000e+00  -3.0734000e+07
   7.1859300e+00  -5.2930500e+00   6.8315500e+00   3.0632100e+00   5.6899100e+00   3.4012000e+00  -3.0734000e+07
   7.1857400e+00  -5.2929100e+00   6.8313900e+00   3.0632000e+00   5.6899000e+00   3.4012000e+00  -3.0734000e+07
   7.1859100e+00  -5.2929100e+00   6.8315700e+00   3.0632100e+00   5.6899000e+00   3.4012000e+00  -3.0734000e+07
   7.1857800e+00  -5.2930500e+00   6.8314200e+00   3.0632100e+00   5.6899100e+00   3.4012000e+00  -3.0734000e+07
   7.1858100e+00  -5.2929300e+00   6.8313800e+00   3.0632200e+00   5.6898900e+00   3.4012000e+00  -3.0734000e+07
   7.1857900e+00  -5.2928300e+00   6.8315400e+00   3.0632100e+00   5.6898600e+00   3.4012000e+00  -3.0734000e+07
   7.1859400e+00  -5.2928500e+00   6.8315000e+00   3.0632100e+00   5.6898400e+00   3.4012000e+00  -3.0734000e+07
   7.1857100e+00  -5.2928400e+00   6.8314000e+00   3.0632100e+00   5.6898300e+00   3.4012000e+00  -3.0734000e+07
   7.1856900e+00  -5.2928300e+00   6.8314700e+00   3.0632100e+00   5.6898700e+00   3.4012000e+00  -3.0734000e+07
   7.1858400e+00  -5.2928400e+00   6.8315200e+00   3.0632100e+00   5.6898400e+00   3.4012000e+00  -3.0734000e+07
   7.1858000e+00  -5.2928300e+00   6.8314900e+00   3.0632000e+00   5.6899200e+00   3.4012000e+00  -3.0734000e+07
   7.1859200e+00  -5.2928900e+00   6.8314400e+00   3.0632100e+00   5.6898300e+00   3.4012000e+00  -3.0734000e+07
   7.1857000e+00  -5.2928100e+00   6.8315000e+00   3.0632100e+00   5.6898600e+00   3.4012000e+00  -3.0734000e+07
   7.1857100e+00  -5.2928000e+00   6.8314300e+00   3.0632100e+00   5.6898400e+00   3.4012000e+00  -3.0734000e+07
   7.1859300e+00  -5.2928100e+00   6.8315300e+00   3.0632100e+00   5.6898500e+00   3.4012000e+00  -3.0734000e+07
   7.1861600e+00  -5.2929700e+00   6.8316200e+00   3.0632100e+00   5.6898800e+00   3.4012000e+00  -3.0734000e+07
   7.1860900e+00  -5.2930900e+00   6.8315100e+00   3.0632100e+00   5.6898900e+00   3.4012000e+00  -3.0734000e+07
   7.1858500e+00  -5.2930000e+00   6.8314900e+00   3.0632000e+00   5.6899400e+00   3.4012000e+00  -3.0734000e+07
   7.1858700e+00  -5.2928800e+00   6.8314900e+00   3.0632000e+00   5.6898500e+00   3.4012000e+00  -3.0734000e+07
   7.1857000e+00  -5.2928200e+00   6.8313800e+00   3.0632000e+00   5.6899400e+00   3.4012000e+00  -3.0734000e+07
   7.1859300e+00  -5.2929800e+00   6.8315200e+00   3.0632100e+00   5.6899200e+00   3.4012000e+00  -3.0734000e+07
   7.1860600e+00  -5.2930900e+00   6.8314600e+00   3.0632100e+00   5.6898300e+00   3.4012000e+00  -3.0734000e+07
   7.1858800e+00  -5.2929300e+00   6.8314600e+00   3.0632100e+00   5.6898800e+00   3.4012000e+00  -3.0734000e+07
   7.1856900e+00  -5.2928600e+00   6.8315100e+00   3.0632000e+00   5.6899800e+00   3.4012000e+00  -3.0734000e+07
   7.1857100e+00  -5.2929300e+00   6.8313500e+00   3.0632100e+00   5.6898600e+00   3.4012000e+00  -3.0734000e+07
   7.1858700e+00  -5.2930900e+00   6.8313800e+00   3.0632100e+00   5.6898800e+00   3.4012000e+00  -3.0734000e+07
   7.1860500e+00  -5.2930800e+00   6.8316100e+00   3.0632100e+00   5.6898800e+00   3.4012000e+00  -3.0734000e+07
   7.1859500e+00  -5.2931100e+00   6.8314400e+00   3.0632100e+00   5.6898800e+00   3.4012000e+00  -3.0734000e+07
   7.1862100e+00  -5.2933200e+00   6.8314700e+00   3.0632100e+00   5.6899100e+00   3.4012000e+00  -3.0734000e+07
   7.1862200e+00  -5.2933000e+00   6.8315000e+00   3.0632100e+00   5.6899100e+00   3.4012000e+00  -3.0734000e+07
   7.1862000e+00  -5.2933100e+00   6.8316000e+00   3.0632100e+00   5.6899000e+00   3.4012000e+00  -3.0734000e+07
   7.1860800e+00  -5.2932100e+00   6.8314800e+00   3.0632100e+00   5.6898700e+00   3.4012000e+00  -3.0734000e+07
   7.1859800e+00  -5.2930200e+00   6.8314500e+00   3.0632100e+00   5.6898900e+00   3.4012000e+00  -3.0734000e+07
   7.1859600e+00  -5.2931500e+00   6.8314500e+00   3.0632100e+00   5.6898800e+00   3.4012000e+00  -3.0734000e+07
   7.1859700e+00  -5.2930700e+00   6.8315500e+00   3.0632100e+00   5.6899200e+00   3.4012000e+00  -3.0734000e+07
   7.1862600e+00  -5.2932100e+00   6.8314700e+00   3.0632100e+00   5.6898600e+00   3.4012000e+00  -3.0734000e+07
   7.1861600e+00  -5.2932500e+00   6.8316100e+00   3.0632000e+00   5.6899100e+00   3.4012000e+00  -3.0734000e+07
   7.1861300e+00  -5.2931800e+00   6.8314800e+00   3.0632100e+00   5.6898000e+00   3.4012000e+00  -3.0734000e+07
   7.1861100e+00  -5.2932300e+00   6.8315500e+00   3.0632000e+00   5.6898900e+00   3.4012000e+00  -3.0734000e+07
   7.1864100e+00  -5.2933300e+00   6.8316600e+00   3.0632100e+00   5.6898900e+00   3.4012000e+00  -3.0734000e+07
   7.1864200e+00  -5.2934700e+00   6.8316200e+00   3.0632100e+00   5.6898900e+00   3.4012000e+00  -3.0734000e+07
   7.1864900e+00  -5.2934000e+00   6.8315800e+00   3.0632100e+00   5.6898500e+00   3.4012000e+00  -3.0734000e+07
   7.1864800e+00  -5.2935100e+00   6.8315600e+00   3.0632200e+00   5.6898800e+00   3.4012000e+00  -3.0734000e+07
   7.1864500e+00  -5.2936100e+00   6.8315600e+00   3.0632200e+00   5.6899200e+00   3.4012000e+00  -3.0734000e+07
   7.1864300e+00  -5.2935200e+00   6.8314400e+00   3.0632200e+00   5.6898000e+00   3.4012000e+00  -3.0734000e+07
   7.1864100e+00  -5.2936300e+00   6.8315200e+00   3.0632100e+00   5.6898800e+00   3.4012000e+00  -3.0734000e+07
   7.1864100e+00  -5.2935300e+00   6.8314600e+00   3.0632300e+00   5.6899100e+00   3.4012000e+00  -3.0734000e+07
   7.1862900e+00  -5.2934900e+00   6.8314800e+00   3.0632200e+00   5.6898700e+00   3.4012000e+00  -3.0734000e+07
   7.1862000e+00  -5.2934600e+00   6.8314400e+00   3.0632200e+00   5.6898300e+00   3.4012000e+00  -3.0734000e+07
   7.1860800e+00  -5.2932400e+00   6.8314600e+00   3.0632200e+00   5.6899100e+00   3.4012000e+00  -3.0734000e+07
   7.1862700e+00  -5.2935100e+00   6.8315200e+00   3.0632200e+00   5.6899000e+00   3.4012000e+00  -3.0734000e+07
   7.1865400e+00  -5.2935700e+00   6.8315200e+00   3.0632200e+00   5.6898400e+00   3.4012000e+00  -3.0734000e+07
   7.1864400e+00  -5.2936600e+00   6.8315100e+00   3.0632100e+00   5.6898800e+00   3.4012000e+00  -3.0734000e+07
   7.1864200e+00  -5.2936700e+00   6.8314600e+00   3.0632000e+00   5.6898800e+00   3.4012000e+00  -3.0734000e+07
   7.1865200e+00  -5.2936200e+00   6.8315600e+00   3.0631900e+00   5.6899200e+00   3.4012000e+00  -3.0734000e+07
   7.1864200e+00  -5.2934400e+00   6.8317000e+00   3.0631900e+00   5.6899200e+00   3.4012000e+00  -3.0734000e+07
   7.1862400e+00  -5.2932800e+00   6.8315300e+00   3.0631800e+00   5.6898800e+00   3.4012000e+00  -3.0734000e+07
   7.1861200e+00  -5.2932800e+00   6.8314100e+00   3.0631700e+00   5.6899300e+00   3.4012000e+00  -3.0734000e+07
   7.1862700e+00  -5.2932400e+00   6.8316300e+00   3.0631700e+00   5.6899400e+00   3.4012000e+00  -3.0734000e+07
   7.1861300e+00  -5.2930200e+00   6.8316100e+00   3.0631800e+00   5.6898500e+00   3.4012000e+00  -3.0734000e+07
   7.1858500e+00  -5.2929700e+00   6.8315100e+00   3.0631700e+00   5.6898800e+00   3.4012000e+00  -3.0734000e+07
   7.1859900e+00  -5.2929800e+00   6.8314500e+00   3.0631700e+00   5.6898300e+00   3.4012000e+00  -3.0734000e+07
   7.1860500e+00  -5.2930100e+00   6.8316000e+00   3.0631800e+00   5.6899200e+00   3.4012000e+00  -3.0734000e+07
   7.1859800e+00  -5.2929700e+00   6.8316000e+00   3.0631800e+00   5.6898400e+00   3.4012000e+00  -3.0734000e+07
   7.1855700e+00  -5.2927900e+00   6.8314000e+00   3.0631800e+00   5.6898900e+00   3.4012000e+00  -3.0734000e+07
   7.1859500e+00  -5.2928300e+00   6.8314800e+00   3.0631700e+00   5.6898200e+00   3.4012000e+00  -3.0734000e+07
   7.1856500e+00  -5.2926600e+00   6.8314100e+00   3.0631700e+00   5.6898300e+00   3.4012000e+00  -3.0734000e+07
   7.1857400e+00  -5.2926700e+00   6.8315300e+00   3.0631800e+00   5.6899500e+00   3.4012000e+00  -3.0734000e+07
   7.1857100e+00  -5.2927100e+00   6.8314800e+00   3.0631900e+00   5.6898700e+00   3.4012000e+00  -3.0734000e+07
   7.1856800e+00  -5.2927300e+00   6.8314200e+00   3.0631900e+00   5.6899200e+00   3.4012000e+00  -3.0734000e+07
   7.1857400e+00  -5.2928600e+00   6.8314600e+00   3.0632000e+00   5.6898500e+00   3.4012000e+00  -3.0734000e+07
   7.1857900e+00  -5.2928300e+00   6.8315200e+00   3.0631900e+00   5.6899200e+00   3.4012000e+00  -3.0734000e+07
   7.1856400e+00  -5.2926400e+00   6.8313900e+00   3.0632000e+00   5.6898300e+00   3.4012000e+00  -3.0734000e+07
   7.1857200e+00  -5.2925100e+00   6.8315200e+00   3.0631900e+00   5.6898600e+00   3.4012000e+00  -3.0734000e+07
   7.1853600e+00  -5.2923900e+00   6.8313600e+00   3.0632000e+00   5.6898700e+00   3.4012000e+00  -3.0734000e+07
   7.1855000e+00  -5.2924900e+00   6.8314800e+00   3.0631900e+00   5.6898800e+00   3.4012000e+00  -3.0734000e+07
   7.1855900e+00  -5.2925900e+00   6.8314600e+00   3.0632000e+00   5.6898800e+00   3.4012000e+00  -3.0734000e+07
   7.1855800e+00  -5.2925600e+00   6.8314200e+00   3.0632000e+00   5.6899700e+00   3.4012000e+00  -3.0734000e+07
   7.1857500e+00  -5.2926900e+00   6.8315300e+00   3.0632000e+00   5.6898900e+00   3.4012000e+00  -3.0734000e+07
   7.1857300e+00  -5.2927000e+00   6.8314200e+00   3.0632000e+00   5.6898400e+00   3.4012000e+00  -3.0734000e+07
   7.1858000e+00  -5.2927900e+00   6.8314100e+00   3.0632000e+00   5.6898900e+00   3.4012000e+00  -3.0734000e+07
   7.1857400e+00  -5.2926600e+00   6.8315000e+00   3.0632100e+00   5.6898800e+00   3.4012000e+00  -3.0734000e+07
   7.1854400e+00  -5.2926000e+00   6.8314000e+00   3.0632100e+00   5.6898800e+00   3.4012000e+00  -3.0734000e+07
   7.1855200e+00  -5.2926400e+00   6.8314000e+00   3.0632100e+00   5.6898100e+00   3.4012000e+00  -3.0734000e+07
   7.1858300e+00  -5.2927800e+00   6.8313900e+00   3.0632200e+00   5.6898400e+00   3.4012000e+00  -3.0734000e+07
   7.1858700e+00  -5.2927300e+00   6.8315100e+00   3.0632200e+00   5.6899000e+00   3.4012000e+00  -3.0734000e+07
   7.1856500e+00  -5.2927200e+00   6.8315100e+00   3.0632200e+00   5.6898900e+00   3.4012000e+00  -3.0734000e+07
   7.1857200e+00  -5.2927300e+00   6.8314300e+00   3.0632200e+00   5.6898600e+00   3.4012000e+00  -3.0734000e+07
   7.1858800e+00  -5.2928100e+00   6.8314500e+00   3.0632200e+00   5.6898800e+00   3.4012000e+00  -3.0734000e+07
   7.1856700e+00  -5.2926900e+00   6.8315400e+00   3.0632300e+00   5.6899500e+00   3.4012000e+00  -3.0734000e+07
   7.1854700e+00  -5.2924400e+00   6.8314100e+00   3.0632200e+00   5.6898300e+00   3.4012000e+00  -3.0734000e+07
   7.1855100e+00  -5.2925200e+00   6.8315200e+00   3.0632200e+00   5.6898700e+00   3.4012000e+00  -3.0734000e+07
   7.1858300e+00  -5.2927700e+00   6.8314300e+00   3.0632200e+00   5.6898900e+00   3.4012000e+00  -3.0734000e+07
   7.1856200e+00  -5.2925400e+00   6.8315900e+00   3.0632200e+00   5.6899500e+00   3.4012000e+00  -3.0734000e+07
   7.1856900e+00  -5.2925500e+00   6.8315200e+00   3.0632200e+00   5.6898900e+00   3.4012000e+00  -3.0734000e+07
   7.1854800e+00  -5.2925100e+00   6.8315800e+00   3.0632300e+00   5.6899400e+00   3.4012000e+00  -3.0734000e+07
   7.1856400e+00  -5.2926700e+00   6.8315100e+00   3.0632200e+00   5.6898600e+00   3.4012000e+00  -3.0734000e+07
   7.1856000e+00  -5.2927800e+00   6.8314200e+00   3.0632300e+00   5.6899100e+00   3.4012000e+00  -3.0734000e+07
   7.1858700e+00  -5.2929000e+00   6.8314300e+00   3.0632300e+00   5.6898300e+00   3.4012000e+00  -3.0734000e+07
   7.1861500e+00  -5.2931300e+00   6.8315000e+00   3.0632300e+00   5.6898600e+00   3.4012000e+00  -3.0734000e+07
   7.1860200e+00  -5.2930600e+00   6.8314700e+00   3.0632300e+00   5.6899000e+00   3.4012000e+00  -3.0734000e+07
   7.1860900e+00  -5.2933000e+00   6.8314100e+00   3.0632200e+00   5.6898400e+00   3.4012000e+00  -3.0734000e+07
   7.1863600e+00  -5.2933900e+00   6.8315200e+00   3.0632300e+00   5.6899400e+00   3.4012000e+00  -3.0734000e+07
   7.1863400e+00  -5.2933400e+00   6.8315400e+00   3.0632300e+00   5.6898500e+00   3.4012000e+00  -3.0734000e+07
   7.1864600e+00  -5.2933900e+00   6.8315900e+00   3.0632300e+00   5.6898700e+00   3.4012000e+00  -3.0734000e+07
   7.1862600e+00  -5.2933100e+00   6.8314800e+00   3.0632300e+00   5.6898400e+00   3.4012000e+00  -3.0734000e+07
   7.1865000e+00  -5.2935500e+00   6.8316100e+00   3.0632300e+00   5.6898600e+00   3.4012000e+00  -3.0734000e+07
   7.1864800e+00  -5.2934400e+00   6.8315900e+00   3.0632200e+00   5.6898800e+00   3.4012000e+00  -3.0734000e+07
   7.1864000e+00  -5.2935700e+00   6.8314200e+00   3.0632300e+00   5.6899200e+00   3.4012000e+00  -3.0734000e+07
   7.1861800e+00  -5.2933300e+00   6.8313800e+00   3.0632300e+00   5.6899000e+00   3.4012000e+00  -3.0734000e+07
   7.1863500e+00  -5.2933400e+00   6.8316700e+00   3.0632400e+00   5.6898900e+00   3.4012000e+00  -3.0734000e+07
   7.1861300e+00  -5.2933300e+00   6.8313800e+00   3.0632300e+00   5.6898600e+00   3.4012000e+00  -3.0734000e+07
   7.1863800e+00  -5.2935100e+00   6.8314800e+00   3.0632300e+00   5.6898200e+00   3.4012000e+00  -3.0734000e+07
   7.1867000e+00  -5.2937400e+00   6.8316100e+00   3.0632300e+00   5.6898700e+00   3.4012000e+00  -3.0734000e+07
   7.1866500e+00  -5.2937100e+00   6.8315300e+00   3.0632400e+00   5.6898200e+00   3.4012000e+00  -3.0734000e+07
   7.1864700e+00  -5.2936200e+00   6.8315000e+00   3.0632400e+00   5.6899000e+00   3.4012000e+00  -3.0734000e+07
   7.1864700e+00  -5.2935400e+00   6.8315100e+00   3.0632400e+00   5.6898500e+00   3.4012000e+00  -3.0734000e+07
   7.1862900e+00  -5.2934300e+00   6.8315300e+00   3.0632500e+00   5.6898800e+00   3.4012000e+00  -3.0734000e+07
   7.1862400e+00  -5.2934500e+00   6.8315400e+00   3.0632500e+00   5.6898900e+00   3.4012000e+00  -3.0734000e+07
   7.1862200e+00  -5.2933400e+00   6.8314900e+00   3.0632600e+00   5.6898700e+00   3.4012000e+00  -3.0734000e+07
   7.1861600e+00  -5.2932300e+00   6.8315100e+00   3.0632600e+00   5.6898700e+00   3.4012000e+00  -3.0734000e+07
   7.1858900e+00  -5.2929700e+00   6.8315000e+00   3.0632600e+00   5.6899000e+00   3.4012000e+00  -3.0734000e+07
   7.1859100e+00  -5.2931400e+00   6.8314300e+00   3.0632700e+00   5.6899100e+00   3.4012000e+00  -3.0734000e+07
   7.1860900e+00  -5.2930600e+00   6.8315300e+00   3.0632600e+00   5.6898900e+00   3.4012000e+00  -3.0734000e+07
   7.1858000e+00  -5.2929800e+00   6.8314000e+00   3.0632700e+00   5.6898300e+00   3.4012000e+00  -3.0734000e+07
   7.1861400e+00  -5.2931500e+00   6.8314600e+00   3.0632700e+00   5.6898700e+00   3.4012000e+00  -3.0734000e+07
   7.1860900e+00  -5.2932400e+00   6.8314800e+00   3.0632700e+00   5.6898200e+00   3.4012000e+00  -3.0734000e+07
   7.1865900e+00  -5.2935200e+00   6.8316300e+00   3.0632700e+00   5.6898300e+00   3.4012000e+00  -3.0734000e+07
   7.1863300e+00  -5.2935300e+00   6.8315200e+00   3.0632600e+00   5.6899000e+00   3.4012000e+00  -3.0734000e+07
   7.1866500e+00  -5.2936000e+00   6.8316700e+00   3.0632700e+00   5.6898700e+00   3.4012000e+00  -3.0734000e+07
   7.1865700e+00  -5.2936300e+00   6.8315500e+00   3.0632700e+00   5.6898600e+00   3.4012000e+00  -3.0734000e+07
   7.1865000e+00  -5.2935400e+00   6.8316300e+00   3.0632600e+00   5.6898800e+00   3.4012000e+00  -3.0734000e+07
   7.1863200e+00  -5.2934600e+00   6.8315800e+00   3.0632600e+00   5.6898800e+00   3.4011900e+00  -3.0734000e+07
   7.1862700e+00  -5.2934300e+00   6.8315200e+00   3.0632700e+00   5.6899000e+00   3.4012000e+00  -3.0734000e+07
   7.1861800e+00  -5.2933700e+00   6.8314500e+00   3.0632700e+00   5.6897800e+00   3.4012000e+00  -3.0734000e+07
   7.1862800e+00  -5.2933200e+00   6.8315200e+00   3.0632700e+00   5.6899000e+00   3.4012000e+00  -3.0734000e+07
   7.1858900e+00  -5.2931700e+00   6.8313900e+00   3.0632800e+00   5.6898700e+00   3.4012000e+00  -3.0734000e+07
   7.1861300e+00  -5.2931400e+00   6.8315400e+00   3.0632800e+00   5.6898700e+00   3.4012000e+00  -3.0734000e+07
   7.1858700e+00  -5.2928400e+00   6.8314500e+00   3.0632800e+00   5.6899100e+00   3.4012000e+00  -3.0734000e+07
   7.1857000e+00  -5.2926400e+00   6.8315900e+00   3.0632800e+00   5.6899100e+00   3.4012000e+00  -3.0734000e+07
   7.1858300e+00  -5.2927500e+00   6.8313900e+00   3.0632900e+00   5.6898100e+00   3.4012000e+00  -3.0734000e+07
   7.1858900e+00  -5.2929100e+00   6.8314800e+00   3.0632900e+00   5.6899500e+00   3.4012000e+00  -3.0734000e+07
   7.1859900e+00  -5.2929200e+00   6.8314200e+00   3.0632900e+00   5.6898300e+00   3.4012000e+00  -3.0734000e+07
   7.1861100e+00  -5.2932200e+00   6.8315600e+00   3.0632900e+00   5.6898500e+00   3.4012000e+00  -3.0734000e+07
   7.1861400e+00  -5.2931900e+00   6.8314800e+00   3.0633000e+00   5.6898700e+00   3.4012000e+00  -3.0734000e+07
   7.1860700e+00  -5.2931800e+00   6.8315400e+00   3.0633000e+00   5.6898800e+00   3.4012000e+00  -3.0734000e+07
   7.1860400e+00  -5.2930200e+00   6.8315200e+00   3.0633100e+00   5.6899500e+00   3.4012000e+00  -3.0734000e+07
   7.1862700e+00  -5.2931700e+00   6.8315300e+00   3.0633100e+00   5.6898600e+00   3.4012000e+00  -3.0734000e+07
   7.1861700e+00  -5.2932500e+00   6.8315300e+00   3.0633100e+00   5.6898600e+00   3.4012000e+00  -3.0734000e+07
   7.1861300e+00  -5.2932300e+00   6.8315100e+00   3.0633100e+00   5.6898400e+00   3.4012000e+00  -3.0734000e+07
   7.1862200e+00  -5.2932900e+00   6.8314800e+00   3.0633100e+00   5.6898300e+00   3.4012000e+00  -3.0734000e+07
   7.1861900e+00  -5.2931800e+00   6.8315700e+00   3.0633100e+00   5.6898700e+00   3.4012000e+00  -3.0734000e+07
   7.1862000e+00  -5.2932800e+00   6.8315400e+00   3.0633100e+00   5.6899100e+00   3.4012000e+00  -3.0734000e+07
   7.1861400e+00  -5.2931700e+00   6.8315400e+00   3.0633200e+00   5.6898800e+00   3.4012000e+00  -3.0734000e+07
   7.1861400e+00  -5.2931600e+00   6.8314600e+00   3.0633200e+00   5.6899000e+00   3.4012000e+00  -3.0734000e+07
   7.1862500e+00  -5.2932600e+00   6.8315600e+00   3.0633100e+00   5.6898500e+00   3.4012000e+00  -3.0734000e+07
   7.1862400e+00  -5.2933600e+00   6.8314400e+00   3.0633100e+00   5.6898800e+00   3.4012000e+00  -3.0734000e+07
   7.1863900e+00  -5.2934700e+00   6.8314900e+00   3.0633200e+00   5.6898800e+00   3.4012000e+00  -3.0734000e+07
   7.1865100e+00  -5.2935400e+00   6.8314500e+00   3.0633200e+00   5.6898100e+00   3.4012000e+00  -3.0734000e+07
   7.1865200e+00  -5.2935800e+00   6.8315900e+00   3.0633200e+00   5.6898400e+00   3.4012000e+00  -3.0734000e+07
   7.1865600e+00  -5.2937100e+00   6.8315300e+00   3.0633200e+00   5.6899200e+00   3.4012000e+00  -3.0734000e+07
   7.1868800e+00  -5.2940400e+00   6.8316500e+00   3.0633200e+00   5.6898500e+00   3.4012000e+00  -3.0734000e+07
   7.1867100e+00  -5.2939400e+00   6.8314800e+00   3.0633200e+00   5.6898600e+00   3.4012000e+00  -3.0734000e+07
   7.1866700e+00  -5.2937900e+00   6.8315300e+00   3.0633200e+00   5.6898600e+00   3.4012000e+00  -3.0734000e+07
   7.1863800e+00  -5.2935700e+00   6.8315500e+00   3.0633200e+00   5.6899000e+00   3.4012000e+00  -3.0734000e+07
   7.1866600e+00  -5.2937400e+00   6.8316300e+00   3.0633300e+00   5.6898600e+00   3.4012000e+00  -3.0734000e+07
   7.1866900e+00  -5.2936500e+00   6.8315500e+00   3.0633300e+00   5.6898300e+00   3.4012000e+00  -3.0734000e+07
   7.1862500e+00  -5.2934500e+00   6.8315900e+00   3.0633300e+00   5.6899100e+00   3.4012000e+00  -3.0734000e+07
   7.1864100e+00  -5.2933900e+00   6.8316100e+00   3.0633300e+00   5.6898500e+00   3.4012000e+00  -3.0734000e+07
   7.1864400e+00  -5.2935200e+00   6.8315800e+00   3.0633300e+00   5.6899100e+00   3.4012000e+00  -3.0734000e+07
   7.1867400e+00  -5.2938100e+00   6.8315500e+00   3.0633400e+00   5.6899200e+00   3.4012000e+00  -3.0734000e+07
   7.1864700e+00  -5.2935200e+00   6.8316000e+00   3.0633400e+00   5.6898600e+00   3.4011900e+00  -3.0734000e+07
   7.1864100e+00  -5.2935600e+00   6.8314800e+00   3.0633500e+00   5.6899100e+00   3.4012000e+00  -3.0734000e+07
   7.1865200e+00  -5.2935400e+00   6.8315800e+00   3.0633500e+00   5.6899200e+00   3.4012000e+00  -3.0734000e+07
   7.1865800e+00  -5.2935800e+00   6.8315900e+00   3.0633500e+00   5.6898700e+00   3.4012000e+00  -3.0734000e+07
   7.1863300e+00  -5.2935900e+00   6.8314800e+00   3.0633500e+00   5.6899000e+00   3.4012000e+00  -3.0734000e+07
   7.1867400e+00  -5.2938000e+00   6.8315400e+00   3.0633500e+00   5.6898700e+00   3.4012000e+00  -3.0734000e+07
   7.1865400e+00  -5.2936700e+00   6.8315500e+00   3.0633500e+00   5.6898800e+00   3.4012000e+00  -3.0734000e+07
   7.1867100e+00  -5.2936600e+00   6.8316500e+00   3.0633600e+00   5.6899100e+00   3.4012000e+00  -3.0734000e+07
   7.1865600e+00  -5.2936800e+00   6.8315600e+00   3.0633600e+00   5.6898300e+00   3.4012000e+00  -3.0734000e+07
   7.1866400e+00  -5.2936900e+00   6.8316000e+00   3.0633600e+00   5.6898800e+00   3.4012000e+00  -3.0734000e+07
   7.1865900e+00  -5.2936400e+00   6.8315100e+00   3.0633700e+00   5.6898700e+00   3.4012000e+00  -3.0734000e+07
   7.1865800e+00  -5.2937300e+00   6.8316100e+00   3.0633700e+00   5.6899000e+00   3.4012000e+00  -3.0734000e+07
   7.1864900e+00  -5.2935800e+00   6.8314800e+00   3.0633700e+00   5.6899300e+00   3.4012000e+00  -3.0734000e+07
   7.1865500e+00  -5.2936200e+00   6.8315900e+00   3.0633700e+00   5.6898900e+00   3.4012000e+00  -3.0734000e+07
   7.1866200e+00  -5.2937900e+00   6.8314700e+00   3.0633800e+00   5.6898600e+00   3.4012000e+00  -3.0734000e+07
   7.1867400e+00  -5.2939100e+00   6.8314800e+00   3.0633800e+00   5.6898900e+00   3.4012000e+00  -3.0734000e+07
   7.1868400e+00  -5.2939200e+00   6.8315600e+00   3.0633800e+00   5.6898100e+00   3.4012000e+00  -3.0734000e+07
   7.1867000e+00  -5.2938400e+00   6.8316100e+00   3.0633800e+00   5.6898800e+00   3.4012000e+00  -3.0734000e+07
   7.1867100e+00  -5.2938500e+00   6.8316900e+00   3.0633800e+00   5.6899400e+00   3.4012000e+00  -3.0734000e+07
   7.1867900e+00  -5.2938600e+00   6.8315500e+00   3.0633700e+00   5.6897800e+00   3.4012000e+00  -3.0734000e+07
   7.1866800e+00  -5.2939500e+00   6.8314400e+00   3.0633700e+00   5.6898500e+00   3.4012000e+00  -3.0734000e+07
   7.1866600e+00  -5.2939400e+00   6.8314500e+00   3.0633600e+00   5.6898600e+00   3.4012000e+00  -3.0734000e+07
   7.1868200e+00  -5.2938600e+00   6.8316500e+00   3.0633700e+00   5.6898500e+00   3.4012000e+00  -3.0734000e+07
   7.1866300e+00  -5.2938300e+00   6.8315000e+00   3.0633600e+00   5.6898900e+00   3.4012000e+00  -3.0734000e+07
   7.1866800e+00  -5.2936800e+00   6.8315500e+00   3.0633600e+00   5.6898400e+00   3.4012000e+00  -3.0734000e+07
   7.1866100e+00  -5.2936800e+00   6.8316800e+00   3.0633600e+00   5.6898900e+00   3.4012000e+00  -3.0734000e+07
   7.1865800e+00  -5.2936200e+00   6.8314700e+00   3.0633700e+00   5.6898000e+00   3.4012000e+00  -3.0734000e+07
   7.1866100e+00  -5.2938100e+00   6.8314300e+00   3.0633700e+00   5.6898800e+00   3.4012000e+00  -3.0734000e+07
   7.1866200e+00  -5.2939000e+00   6.8315100e+00   3.0633700e+00   5.6898900e+00   3.4012000e+00  -3.0734000e+07
   7.1866500e+00  -5.2938100e+00   6.8315100e+00   3.0633800e+00   5.6898500e+00   3.4012000e+00  -3.0734000e+07
   7.1864200e+00  -5.2935500e+00   6.8314800e+00   3.0633700e+00   5.6898900e+00   3.4012000e+00  -3.0734000e+07
   7.1861400e+00  -5.2933800e+00   6.8315200e+00   3.0633700e+00   5.6898900e+00   3.4012000e+00  -3.0734000e+07
   7.1862400e+00  -5.2934300e+00   6.8314500e+00   3.0633700e+00   5.6899000e+00   3.4012000e+00  -3.0734000e+07
   7.1863600e+00  -5.2934700e+00   6.8315600e+00   3.0633600e+00   5.6899300e+00   3.4012000e+00  -3.0734000e+07
   7.1865700e+00  -5.2936200e+00   6.8316700e+00   3.0633600e+00   5.6899400e+00   3.4012000e+00  -3.0734000e+07
   7.1865200e+00  -5.2936600e+00   6.8314700e+00   3.0633600e+00   5.6898900e+00   3.4012000e+00  -3.0734000e+07
   7.1862600e+00  -5.2934200e+00   6.8314200e+00   3.0633600e+00   5.6899300e+00   3.4012000e+00  -3.0734000e+07
   7.1864000e+00  -5.2935200e+00   6.8314400e+00   3.0633700e+00   5.6898400e+00   3.4012000e+00  -3.0734000e+07
   7.1865200e+00  -5.2934900e+00   6.8316000e+00   3.0633700e+00   5.6898000e+00   3.4012000e+00  -3.0734000e+07
   7.1861200e+00  -5.2934600e+00   6.8313800e+00   3.0633700e+00   5.6898700e+00   3.4012000e+00  -3.0734000e+07
   7.1864600e+00  -5.2935800e+00   6.8314700e+00   3.0633700e+00   5.6899100e+00   3.4012000e+00  -3.0734000e+07
   7.1866300e+00  -5.2934500e+00   6.8316800e+00   3.0633700e+00   5.6898700e+00   3.4012000e+00  -3.0734000e+07
   7.1864900e+00  -5.2935600e+00   6.8315800e+00   3.0633700e+00   5.6898800e+00   3.4012000e+00  -3.0734000e+07
   7.1863900e+00  -5.2935100e+00   6.8315700e+00   3.0633700e+00   5.6899000e+00   3.4012000e+00  -3.0734000e+07
   7.1864500e+00  -5.2934800e+00   6.8315600e+00   3.0633700e+00   5.6898900e+00   3.4012000e+00  -3.0734000e+07
   7.1863800e+00  -5.2935100e+00   6.8314800e+00   3.0633600e+00   5.6898500e+00   3.4012000e+00  -3.0734000e+07
   7.1863500e+00  -5.2934100e+00   6.8315300e+00   3.0633500e+00   5.6898000e+00   3.4012000e+00  -3.0734000e+07
   7.1863300e+00  -5.2935100e+00   6.8315500e+00   3.0633500e+00   5.6898800e+00   3.4012000e+00  -3.0734000e+07
   7.1863500e+00  -5.2935200e+00   6.8315400e+00   3.0633500e+00   5.6899200e+00   3.4012000e+00  -3.0734000e+07
   7.1865400e+00  -5.2937400e+00   6.8315000e+00   3.0633500e+00   5.6898900e+00   3.4012000e+00  -3.0734000e+07
   7.1864900e+00  -5.2937400e+00   6.8315200e+00   3.0633400e+00   5.6898800e+00   3.4012000e+00  -3.0734000e+07
   7.1866200e+00  -5.2936900e+00   6.8316200e+00   3.0633300e+00   5.6898900e+00   3.4012000e+00  -3.0734000e+07
   7.1866200e+00  -5.2937000e+00   6.8316100e+00   3.0633300e+00   5.6899200e+00   3.4012000e+00  -3.0734000e+07
   7.1867000e+00  -5.2937400e+00   6.8316000e+00   3.0633300e+00   5.6899000e+00   3.4012000e+00  -3.0734000e+07
   7.1864300e+00  -5.2936600e+00   6.8314300e+00   3.0633200e+00   5.6898200e+00   3.4012000e+00  -3.0734000e+07
   7.1865200e+00  -5.2936900e+00   6.8314400e+00   3.0633300e+00   5.6898300e+00   3.4012000e+00  -3.0734000e+07
   7.1863600e+00  -5.2935600e+00   6.8315000e+00   3.0633300e+00   5.6898500e+00   3.4012000e+00  -3.0734000e+07
   7.1865800e+00  -5.2936300e+00   6.8315700e+00   3.0633300e+00   5.6898700e+00   3.4011900e+00  -3.0734000e+07
   7.1867700e+00  -5.2938200e+00   6.8315400e+00   3.0633300e+00   5.6898400e+00   3.4012000e+00  -3.0734000e+07
   7.1866700e+00  -5.2938400e+00   6.8315500e+00   3.0633400e+00   5.6898800e+00   3.4012000e+00  -3.0734000e+07
   7.1863700e+00  -5.2934200e+00   6.8314600e+00   3.0633400e+00   5.6898700e+00   3.4011900e+00  -3.0734000e+07
   7.1864200e+00  -5.2936600e+00   6.8314900e+00   3.0633400e+00   5.6898700e+00   3.4011900e+00  -3.0734000e+07
   7.1864500e+00  -5.2935500e+00   6.8316100e+00   3.0633500e+00   5.6898700e+00   3.4012000e+00  -3.0734000e+07
   7.1865300e+00  -5.2934500e+00   6.8316000e+00   3.0633400e+00   5.6897900e+00   3.4012000e+00  -3.0734000e+07
   7.1864100e+00  -5.2935400e+00   6.8315000e+00   3.0633400e+00   5.6898700e+00   3.4012000e+00  -3.0734000e+07
   7.1863500e+00  -5.2934800e+00   6.8315000e+00   3.0633400e+00   5.6898600e+00   3.4012000e+00  -3.0734000e+07
   7.1865900e+00  -5.2935800e+00   6.8315100e+00   3.0633400e+00   5.6898000e+00   3.4012000e+00  -3.0734000e+07
   7.1866000e+00  -5.2938200e+00   6.8315500e+00   3.0633400e+00   5.6899300e+00   3.4012000e+00  -3.0734000e+07
   7.1864100e+00  -5.2937600e+00   6.8315200e+00   3.0633500e+00   5.6899100e+00   3.4012000e+00  -3.0734000e+07
   7.1865500e+00  -5.2938700e+00   6.8313900e+00   3.0633500e+00   5.6898800e+00   3.4012000e+00  -3.0734000e+07
   7.1866000e+00  -5.2937900e+00   6.8315500e+00   3.0633500e+00   5.6898300e+00   3.4012000e+00  -3.0734000e+07
   7.1867500e+00  -5.2938800e+00   6.8316300e+00   3.0633600e+00   5.6898900e+00   3.4012000e+00  -3.0734000e+07
   7.1865500e+00  -5.2938100e+00   6.8315700e+00   3.0633500e+00   5.6898800e+00   3.4012000e+00  -3.0734000e+07
   7.1865300e+00  -5.2936900e+00   6.8315400e+00   3.0633600e+00   5.6898600e+00   3.4012000e+00  -3.0734000e+07
   7.1865000e+00  -5.2938000e+00   6.8315300e+00   3.0633500e+00   5.6899600e+00   3.4012000e+00  -3.0734000e+07
   7.1867200e+00  -5.2939200e+00   6.8315100e+00   3.0633500e+00   5.6898500e+00   3.4012000e+00  -3.0734000e+07
   7.1867700e+00  -5.2938500e+00   6.8315900e+00   3.0633600e+00   5.6899100e+00   3.4012000e+00  -3.0734000e+07
   7.1865500e+00  -5.2938200e+00   6.8316500e+00   3.0633600e+00   5.6899600e+00   3.4012000e+00  -3.0734000e+07
   7.1866400e+00  -5.2939200e+00   6.8314700e+00   3.0633600e+00   5.6898100e+00   3.4012000e+00  -3.0734000e+07
   7.1868100e+00  -5.2939800e+00   6.8315200e+00   3.0633600e+00   5.6898600e+00   3.4012000e+00  -3.0734000e+07
   7.1868800e+00  -5.2939300e+00   6.8316600e+00   3.0633600e+00   5.6898400e+00   3.4012000e+00  -3.0734000e+07
   7.1867900e+00  -5.2940600e+00   6.8315000e+00   3.0633600e+00   5.6899100e+00   3.4012000e+00  -3.0734000e+07
   7.1866600e+00  -5.2940700e+00   6.8314000e+00   3.0633600e+00   5.6898900e+00   3.4012000e+00  -3.0734000e+07
   7.1868500e+00  -5.2941100e+00   6.8314200e+00   3.0633600e+00   5.6898300e+00   3.4012000e+00  -3.0734000e+07
   7.1869200e+00  -5.2940800e+00   6.8316800e+00   3.0633600e+00   5.6898600e+00   3.4012000e+00  -3.0734000e+07
   7.1869300e+00  -5.2940100e+00   6.8315500e+00   3.0633600e+00   5.6898200e+00   3.4012000e+00  -3.0734000e+07
   7.1868700e+00  -5.2939800e+00   6.8315300e+00   3.0633600e+00   5.6898100e+00   3.4012000e+00  -3.0734000e+07
   7.1867900e+00  -5.2939200e+00   6.8316200e+00   3.0633600e+00   5.6899100e+00   3.4012000e+00  -3.0734000e+07
   7.1866400e+00  -5.2939500e+00   6.8314600e+00   3.0633600e+00   5.6898700e+00   3.4012000e+00  -3.0734000e+07
   7.1867500e+00  -5.2941000e+00   6.8315200e+00   3.0633600e+00   5.6899000e+00   3.4012000e+00  -3.0734000e+07
   7.1869300e+00  -5.2940800e+00   6.8315800e+00   3.0633600e+00   5.6899300e+00   3.4012000e+00  -3.0734000e+07
   7.1868700e+00  -5.2939600e+00   6.8316400e+00   3.0633600e+00   5.6898400e+00   3.4012000e+00  -3.0734000e+07
   7.1868000e+00  -5.2940300e+00   6.8315900e+00   3.0633700e+00   5.6898600e+00   3.4012000e+00  -3.0734000e+07
   7.1867800e+00  -5.2940300e+00   6.8315500e+00   3.0633700e+00   5.6898900e+00   3.4012000e+00  -3.0734000e+07
   7.1869000e+00  -5.2939200e+00   6.8316400e+00   3.0633700e+00   5.6899000e+00   3.4012000e+00  -3.0734000e+07
   7.1865600e+00  -5.2938800e+00   6.8314200e+00   3.0633500e+00   5.6899000e+00   3.4012000e+00  -3.0734000e+07
   7.1865100e+00  -5.2938200e+00   6.8315400e+00   3.0633600e+00   5.6898900e+00   3.4012000e+00  -3.0734000e+07
   7.1867600e+00  -5.2938500e+00   6.8315400e+00   3.0633600e+00   5.6898200e+00   3.4012000e+00  -3.0734000e+07
   7.1866500e+00  -5.2938700e+00   6.8314000e+00   3.0633600e+00   5.6898600e+00   3.4012000e+00  -3.0734000e+07
   7.1866300e+00  -5.2937000e+00   6.8316200e+00   3.0633600e+00   5.6899000e+00   3.4012000e+00  -3.0734000e+07
   7.1865700e+00  -5.2936400e+00   6.8315200e+00   3.0633600e+00   5.6898700e+00   3.4012000e+00  -3.0734000e+07
   7.1863500e+00  -5.2936500e+00   6.8315100e+00   3.0633700e+00   5.6899300e+00   3.4012000e+00  -3.0734000e+07
   7.1863200e+00  -5.2936500e+00   6.8315100e+00   3.0633700e+00   5.6899000e+00   3.4012000e+00  -3.0734000e+07
   7.1864300e+00  -5.2935900e+00   6.8313700e+00   3.0633700e+00   5.6898100e+00   3.4012000e+00  -3.0734000e+07
   7.1860800e+00  -5.2933300e+00   6.8314300e+00   3.0633800e+00   5.6899000e+00   3.4012000e+00  -3.0734000e+07
   7.1863100e+00  -5.2933300e+00   6.8315400e+00   3.0633800e+00   5.6898900e+00   3.4012000e+00  -3.0734000e+07
   7.1862300e+00  -5.2934400e+00   6.8315300e+00   3.0633800e+00   5.6898900e+00   3.4012000e+00  -3.0734000e+07
   7.1865000e+00  -5.2934900e+00   6.8316100e+00   3.0633800e+00   5.6898600e+00   3.4012000e+00  -3.0734000e+07
   7.1863600e+00  -5.2935100e+00   6.8315000e+00   3.0633800e+00   5.6898700e+00   3.4012000e+00  -3.0734000e+07
   7.1865800e+00  -5.2937200e+00   6.8315400e+00   3.0633800e+00   5.6898600e+00   3.4012000e+00  -3.0734000e+07
   7.1868100e+00  -5.2938400e+00   6.8315400e+00   3.0633800e+00   5.6898300e+00   3.4012000e+00  -3.0734000e+07
   7.1867200e+00  -5.2938600e+00   6.8314900e+00   3.0633900e+00   5.6898700e+00   3.4012000e+00  -3.0734000e+07
   7.1867000e+00  -5.2939400e+00   6.8316300e+00   3.0633900e+00   5.6899300e+00   3.4012000e+00  -3.0734000e+07
   7.1865900e+00  -5.2938100e+00   6.8315400e+00   3.0634000e+00   5.6898900e+00   3.4012000e+00  -3.0734000e+07
   7.1867100e+00  -5.2937000e+00   6.8315700e+00   3.0634000e+00   5.6898500e+00   3.4012000e+00  -3.0734000e+07
   7.1866200e+00  -5.2937600e+00   6.8313900e+00   3.0634100e+00   5.6897900e+00   3.4012000e+00  -3.0734000e+07
   7.1868300e+00  -5.2937600e+00   6.8316700e+00   3.0634100e+00   5.6898300e+00   3.4012000e+00  -3.0734000e+07
   7.1865600e+00  -5.2939300e+00   6.8315500e+00   3.0634000e+00   5.6899000e+00   3.4012000e+00  -3.0734000e+07
   7.1867200e+00  -5.2939800e+00   6.8315300e+00   3.0634000e+00   5.6899000e+00   3.4012000e+00  -3.0734000e+07
   7.1867300e+00  -5.2937600e+00   6.8316100e+00   3.0634000e+00   5.6898800e+00   3.4012000e+00  -3.0734000e+07
   7.1867400e+00  -5.2937700e+00   6.8315300e+00   3.0634000e+00   5.6897900e+00   3.4012000e+00  -3.0734000e+07
   7.1867200e+00  -5.2940600e+00   6.8314600e+00   3.0634000e+00   5.6899500e+00   3.4012000e+00  -3.0734000e+07
   7.1869900e+00  -5.2940400e+00   6.8316100e+00   3.0634000e+00   5.6898200e+00   3.4012000e+00  -3.0734000e+07
   7.1869500e+00  -5.2940900e+00   6.8315500e+00   3.0634000e+00   5.6898400e+00   3.4012000e+00  -3.0734000e+07
   7.1866700e+00  -5.2940100e+00   6.8314900e+00   3.0634000e+00   5.6898800e+00   3.4012000e+00  -3.0734000e+07
   7.1868300e+00  -5.2939900e+00   6.8315200e+00   3.0634000e+00   5.6898700e+00   3.4012000e+00  -3.0734000e+07
   7.1867900e+00  -5.2940900e+00   6.8315100e+00   3.0634100e+00   5.6898700e+00   3.4012000e+00  -3.0734000e+07
   7.1869900e+00  -5.2940600e+00   6.8316300e+00   3.0634000e+00   5.6898000e+00   3.4012000e+00  -3.0734000e+07
   7.1866400e+00  -5.2937900e+00   6.8314900e+00   3.0633800e+00   5.6898900e+00   3.4012000e+00  -3.0734000e+07
   7.1866500e+00  -5.2936700e+00   6.8314800e+00   3.0633900e+00   5.6897900e+00   3.4012000e+00  -3.0734000e+07
   7.1866400e+00  -5.2936100e+00   6.8315800e+00   3.0633900e+00   5.6897800e+00   3.4012000e+00  -3.0734000e+07
   7.1864600e+00  -5.2934800e+00   6.8315100e+00   3.0633900e+00   5.6898300e+00   3.4012000e+00  -3.0734000e+07
   7.1864500e+00  -5.2934600e+00   6.8315800e+00   3.0634000e+00   5.6898400e+00   3.4012000e+00  -3.0734000e+07
   7.1863200e+00  -5.2934800e+00   6.8314700e+00   3.0634000e+00   5.6898700e+00   3.4012000e+00  -3.0734000e+07
   7.1862400e+00  -5.2933100e+00   6.8315600e+00   3.0634000e+00   5.6898400e+00   3.4012000e+00  -3.0734000e+07
   7.1862300e+00  -5.2931300e+00   6.8315300e+00   3.0634000e+00   5.6898500e+00   3.4012000e+00  -3.0734000e+07
   7.1861100e+00  -5.2932100e+00   6.8314900e+00   3.0634000e+00   5.6898400e+00   3.4012000e+00  -3.0734000e+07
   7.1861100e+00  -5.2931400e+00   6.8315300e+00   3.0634100e+00   5.6898900e+00   3.4012000e+00  -3.0734000e+07
   7.1860300e+00  -5.2930100e+00   6.8314500e+00   3.0634100e+00   5.6898600e+00   3.4012000e+00  -3.0734000e+07
   7.1860300e+00  -5.2931500e+00   6.8315100e+00   3.0634000e+00   5.6899000e+00   3.4012000e+00  -3.0734000e+07
   7.1860000e+00  -5.2929700e+00   6.8315600e+00   3.0634100e+00   5.6898500e+00   3.4012000e+00  -3.0734000e+07
   7.1861300e+00  -5.2930400e+00   6.8315900e+00   3.0634100e+00   5.6898700e+00   3.4012000e+00  -3.0734000e+07
   7.1859400e+00  -5.2929800e+00   6.8314900e+00   3.0634000e+00   5.6898400e+00   3.4012000e+00  -3.0734000e+07
   7.1862500e+00  -5.2931600e+00   6.8314700e+00   3.0634000e+00   5.6898200e+00   3.4012000e+00  -3.0734000e+07
   7.1861300e+00  -5.2930500e+00   6.8315900e+00   3.0634100e+00   5.6899000e+00   3.4012000e+00  -3.0734000e+07
   7.1859400e+00  -5.2929600e+00   6.8315500e+00   3.0634100e+00   5.6898900e+00   3.4012000e+00  -3.0734000e+07
   7.1857600e+00  -5.2927200e+00   6.8314700e+00   3.0634200e+00   5.6899100e+00   3.4012000e+00  -3.0734000e+07
   7.1858000e+00  -5.2928100e+00   6.8315000e+00   3.0634200e+00   5.6898700e+00   3.4012000e+00  -3.0734000e+07
   7.1858300e+00  -5.2928200e+00   6.8314900e+00   3.0634200e+00   5.6898900e+00   3.4012000e+00  -3.0734000e+07
   7.1861500e+00  -5.2928900e+00   6.8316200e+00   3.0634200e+00   5.6898400e+00   3.4012000e+00  -3.0734000e+07
   7.1860600e+00  -5.2929200e+00   6.8315500e+00   3.0634200e+00   5.6898800e+00   3.4012000e+00  -3.0734000e+07
   7.1856600e+00  -5.2927500e+00   6.8314600e+00   3.0634300e+00   5.6899000e+00   3.4012000e+00  -3.0734000e+07
   7.1859400e+00  -5.2928500e+00   6.8315400e+00   3.0634300e+00   5.6899000e+00   3.4012000e+00  -3.0734000e+07
   7.1859000e+00  -5.2929300e+00   6.8315800e+00   3.0634300e+00   5.6898700e+00   3.4012000e+00  -3.0734000e+07
   7.1858200e+00  -5.2929000e+00   6.8314700e+00   3.0634400e+00   5.6898900e+00   3.4012000e+00  -3.0734000e+07
   7.1859400e+00  -5.2929400e+00   6.8315600e+00   3.0634400e+00   5.6898800e+00   3.4012000e+00  -3.0734000e+07
   7.1855600e+00  -5.2927600e+00   6.8314900e+00   3.0634500e+00   5.6898900e+00   3.4012000e+00  -3.0734000e+07
   7.1858400e+00  -5.2928700e+00   6.8315600e+00   3.0634500e+00   5.6899300e+00   3.4012000e+00  -3.0734000e+07
   7.1860300e+00  -5.2929900e+00   6.8315700e+00   3.0634500e+00   5.6899000e+00   3.4012000e+00  -3.0734000e+07
   7.1859000e+00  -5.2929500e+00   6.8314300e+00   3.0634600e+00   5.6898700e+00   3.4012000e+00  -3.0734000e+07
   7.1859100e+00  -5.2929800e+00   6.8315300e+00   3.0634600e+00   5.6899000e+00   3.4012000e+00  -3.0734000e+07
   7.1859700e+00  -5.2930600e+00   6.8314100e+00   3.0634600e+00   5.6899100e+00   3.4012000e+00  -3.0734000e+07
   7.1860300e+00  -5.2931000e+00   6.8315500e+00   3.0634600e+00   5.6899100e+00   3.4012000e+00  -3.0734000e+07
   7.1860600e+00  -5.2930900e+00   6.8315800e+00   3.0634600e+00   5.6898400e+00   3.4012000e+00  -3.0734000e+07
   7.1859400e+00  -5.2929600e+00   6.8314000e+00   3.0634600e+00   5.6898300e+00   3.4012000e+00  -3.0734000e+07
   7.1857000e+00  -5.2929000e+00   6.8313800e+00   3.0634600e+00   5.6899400e+00   3.4012000e+00  -3.0734000e+07
   7.1860300e+00  -5.2929600e+00   6.8315700e+00   3.0634700e+00   5.6898900e+00   3.4012000e+00  -3.0734000e+07
   7.1856300e+00  -5.2927900e+00   6.8314200e+00   3.0634700e+00   5.6898600e+00   3.4012000e+00  -3.0734000e+07
   7.1856500e+00  -5.2926700e+00   6.8314500e+00   3.0634700e+00   5.6898800e+00   3.4012000e+00  -3.0734000e+07
   7.1860200e+00  -5.2928500e+00   6.8315100e+00   3.0634700e+00   5.6898700e+00   3.4012000e+00  -3.0734000e+07
   7.1860200e+00  -5.2930000e+00   6.8314900e+00   3.0634700e+00   5.6898600e+00   3.4012000e+00  -3.0734000e+07
   7.1859000e+00  -5.2931500e+00   6.8315200e+00   3.0634700e+00   5.6899500e+00   3.4012000e+00  -3.0734000e+07
   7.1860700e+00  -5.2932000e+00   6.8314500e+00   3.0634700e+00   5.6899000e+00   3.4012000e+00  -3.0734000e+07
   7.1862800e+00  -5.2934400e+00   6.8314000e+00   3.0634700e+00   5.6898000e+00   3.4012000e+00  -3.0734000e+07
   7.1866900e+00  -5.2936800e+00   6.8315800e+00   3.0634700e+00   5.6898400e+00   3.4012000e+00  -3.0734000e+07
   7.1863600e+00  -5.2935700e+00   6.8315200e+00   3.0634700e+00   5.6899000e+00   3.4012000e+00  -3.0734000e+07
   7.1864100e+00  -5.2935300e+00   6.8314300e+00   3.0634700e+00   5.6898300e+00   3.4012000e+00  -3.0734000e+07
   7.1864300e+00  -5.2936100e+00   6.8315600e+00   3.0634700e+00   5.6898300e+00   3.4012000e+00  -3.0734000e+07
   7.1863700e+00  -5.2934800e+00   6.8314900e+00   3.0634700e+00   5.6899100e+00   3.4012000e+00  -3.0734000e+07
   7.1860300e+00  -5.2931300e+00   6.8315100e+00   3.0634700e+00   5.6899100e+00   3.4012000e+00  -3.0734000e+07
   7.1861600e+00  -5.2932200e+00   6.8315300e+00   3.0634700e+00   5.6898600e+00   3.4012000e+00  -3.0734000e+07
   7.1860900e+00  -5.2931500e+00   6.8314700e+00   3.0634800e+00   5.6899100e+00   3.4012000e+00  -3.0734000e+07
   7.1860300e+00  -5.2931400e+00   6.8315200e+00   3.0634800e+00   5.6898900e+00   3.4012000e+00  -3.0734000e+07
   7.1860800e+00  -5.2929700e+00   6.8315800e+00   3.0634800e+00   5.6898400e+00   3.4012000e+00  -3.0734000e+07
   7.1857000e+00  -5.2927800e+00   6.8314400e+00   3.0634800e+00   5.6899200e+00   3.4012000e+00  -3.0734000e+07
   7.1856700e+00  -5.2928000e+00   6.8314900e+00   3.0634800e+00   5.6899700e+00   3.4012000e+00  -3.0734000e+07
   7.1858000e+00  -5.2928800e+00   6.8314100e+00   3.0634900e+00   5.6898200e+00   3.4012000e+00  -3.0734000e+07
   7.1859300e+00  -5.2930200e+00   6.8315100e+00   3.0634900e+00   5.6898500e+00   3.4012000e+00  -3.0734000e+07
   7.1859300e+00  -5.2929600e+00   6.8315100e+00   3.0634900e+00   5.6898900e+00   3.4012000e+00  -3.0734000e+07
   7.1856400e+00  -5.2928400e+00   6.8314000e+00   3.0634900e+00   5.6899100e+00   3.4012000e+00  -3.0734000e+07
   7.1859400e+00  -5.2929700e+00   6.8313800e+00   3.0634800e+00   5.6898100e+00   3.4012000e+00  -3.0734000e+07
   7.1858400e+00  -5.2928200e+00   6.8314500e+00   3.0634900e+00   5.6898300e+00   3.4012000e+00  -3.0734000e+07
   7.1860200e+00  -5.2928100e+00   6.8315000e+00   3.0634800e+00   5.6898600e+00   3.4012000e+00  -3.0734000e+07
   7.1857800e+00  -5.2929000e+00   6.8315500e+00   3.0634800e+00   5.6899700e+00   3.4012000e+00  -3.0734000e+07
   7.1858700e+00  -5.2928200e+00   6.8314900e+00   3.0634800e+00   5.6898600e+00   3.4012000e+00  -3.0734000e+07
   7.1858100e+00  -5.2929600e+00   6.8313800e+00   3.0634800e+00   5.6898700e+00   3.4012000e+00  -3.0734000e+07
   7.1860100e+00  -5.2931700e+00   6.8314600e+00   3.0634800e+00   5.6899100e+00   3.4012000e+00  -3.0734000e+07
   7.1859300e+00  -5.2929900e+00   6.8315300e+00   3.0634900e+00   5.6899000e+00   3.4012000e+00  -3.0734000e+07
   7.1859200e+00  -5.2928800e+00   6.8315400e+00   3.0634800e+00   5.6899100e+00   3.4012000e+00  -3.0734000e+07
   7.1859700e+00  -5.2928300e+00   6.8315000e+00   3.0634800e+00   5.6898400e+00   3.4012000e+00  -3.0734000e+07
   7.1858800e+00  -5.2929000e+00   6.8313600e+00   3.0634800e+00   5.6898300e+00   3.4012000e+00  -3.0734000e+07
   7.1861700e+00  -5.2929700e+00   6.8316200e+00   3.0634800e+00   5.6898700e+00   3.4012000e+00  -3.0734000e+07
   7.1857300e+00  -5.2927800e+00   6.8314800e+00   3.0634800e+00   5.6899100e+00   3.4012000e+00  -3.0734000e+07
   7.1857800e+00  -5.2927800e+00   6.8314600e+00   3.0634800e+00   5.6898500e+00   3.4012000e+00  -3.0734000e+07
   7.1858500e+00  -5.2928000e+00   6.8314500e+00   3.0634900e+00   5.6898400e+00   3.4012000e+00  -3.0734000e+07
   7.1856100e+00  -5.2926700e+00   6.8314400e+00   3.0634900e+00   5.6898800e+00   3.4012000e+00  -3.0734000e+07
   7.1854000e+00  -5.2923900e+00   6.8313900e+00   3.0634900e+00   5.6898600e+00   3.4012000e+00  -3.0734000e+07
   7.1854300e+00  -5.2922900e+00   6.8315900e+00   3.0634900e+00   5.6899400e+00   3.4012000e+00  -3.0734000e+07
   7.1855100e+00  -5.2925700e+00   6.8313900e+00   3.0634900e+00   5.6899300e+00   3.4012000e+00  -3.0734000e+07
   7.1858100e+00  -5.2926000e+00   6.8315000e+00   3.0634900e+00   5.6898500e+00   3.4012000e+00  -3.0734000e+07
   7.1856200e+00  -5.2926700e+00   6.8313200e+00   3.0634900e+00   5.6898600e+00   3.4012000e+00  -3.0734000e+07
   7.1856500e+00  -5.2926500e+00   6.8315200e+00   3.0634900e+00   5.6898800e+00   3.4012000e+00  -3.0734000e+07
   7.1856400e+00  -5.2927700e+00   6.8313700e+00   3.0634900e+00   5.6898600e+00   3.4012000e+00  -3.0734000e+07
   7.1858700e+00  -5.2926700e+00   6.8316000e+00   3.0635000e+00   5.6898200e+00   3.4012000e+00  -3.0734000e+07
   7.1856300e+00  -5.2926400e+00   6.8314200e+00   3.0635000e+00   5.6899200e+00   3.4012000e+00  -3.0734000e+07
   7.1856700e+00  -5.2926900e+00   6.8313900e+00   3.0635000e+00   5.6898200e+00   3.4012000e+00  -3.0734000e+07
   7.1858200e+00  -5.2927700e+00   6.8314200e+00   3.0635000e+00   5.6898400e+00   3.4012000e+00  -3.0734000e+07
   7.1858200e+00  -5.2927300e+00   6.8315400e+00   3.0635100e+00   5.6899300e+00   3.4012000e+00  -3.0734000e+07
   7.1857300e+00  -5.2926600e+00   6.8314900e+00   3.0635100e+00   5.6898900e+00   3.4012000e+00  -3.0734000e+07
   7.1855600e+00  -5.2925900e+00   6.8315000e+00   3.0635100e+00   5.6899100e+00   3.4012000e+00  -3.0734000e+07
   7.1856400e+00  -5.2926400e+00   6.8315000e+00   3.0635100e+00   5.6899600e+00   3.4012000e+00  -3.0734000e+07
   7.1857300e+00  -5.2926200e+00   6.8315500e+00   3.0635200e+00   5.6899300e+00   3.4012000e+00  -3.0734000e+07
   7.1857700e+00  -5.2927100e+00   6.8314900e+00   3.0635100e+00   5.6898500e+00   3.4012000e+00  -3.0734000e+07
   7.1857000e+00  -5.2927100e+00   6.8314100e+00   3.0635200e+00   5.6899100e+00   3.4012000e+00  -3.0734000e+07
   7.1857800e+00  -5.2928200e+00   6.8314900e+00   3.0635200e+00   5.6899400e+00   3.4012000e+00  -3.0734000e+07
   7.1858900e+00  -5.2928400e+00   6.8314900e+00   3.0635100e+00   5.6898500e+00   3.4012000e+00  -3.0734000e+07
   7.1860100e+00  -5.2928700e+00   6.8315200e+00   3.0635200e+00   5.6898300e+00   3.4012000e+00  -3.0734000e+07
   7.1858900e+00  -5.2929300e+00   6.8313300e+00   3.0635200e+00   5.6898200e+00   3.4012000e+00  -3.0734000e+07
   7.1859700e+00  -5.2930000e+00   6.8315200e+00   3.0635200e+00   5.6899200e+00   3.4012000e+00  -3.0734000e+07
   7.1859100e+00  -5.2930400e+00   6.8314800e+00   3.0635300e+00   5.6898800e+00   3.4012000e+00  -3.0734000e+07
   7.1858000e+00  -5.2928800e+00   6.8314200e+00   3.0635300e+00   5.6899300e+00   3.4012000e+00  -3.0734000e+07
   7.1861600e+00  -5.2931600e+00   6.8315200e+00   3.0635300e+00   5.6898900e+00   3.4012000e+00  -3.0734000e+07
   7.1863900e+00  -5.2932900e+00   6.8315800e+00   3.0635300e+00   5.6897900e+00   3.4012000e+00  -3.0734000e+07
   7.1862800e+00  -5.2931300e+00   6.8315400e+00   3.0635300e+00   5.6899100e+00   3.4012000e+00  -3.0734000e+07
   7.1860200e+00  -5.2932100e+00   6.8315100e+00   3.0635300e+00   5.6899800e+00   3.4012000e+00  -3.0734000e+07
   7.1861500e+00  -5.2930800e+00   6.8315000e+00   3.0635300e+00   5.6898700e+00   3.4012000e+00  -3.0734000e+07
   7.1860900e+00  -5.2930300e+00   6.8315300e+00   3.0635300e+00   5.6898600e+00   3.4012000e+00  -3.0734000e+07
   7.1861700e+00  -5.2931100e+00   6.8315000e+00   3.0635400e+00   5.6899100e+00   3.4012000e+00  -3.0734000e+07
   7.1860600e+00  -5.2930600e+00   6.8316300e+00   3.0635400e+00   5.6898800e+00   3.4012000e+00  -3.0734000e+07
   7.1860900e+00  -5.2930400e+00   6.8314600e+00   3.0635500e+00   5.6898600e+00   3.4012000e+00  -3.0734000e+07
   7.1859400e+00  -5.2930800e+00   6.8314000e+00   3.0635400e+00   5.6899000e+00   3.4012000e+00  -3.0734000e+07
   7.1860600e+00  -5.2931700e+00   6.8315100e+00   3.0635400e+00   5.6899300e+00   3.4012000e+00  -3.0734000e+07
   7.1862000e+00  -5.2931000e+00   6.8315700e+00   3.0635400e+00   5.6898700e+00   3.4012000e+00  -3.0734000e+07
   7.1860700e+00  -5.2930300e+00   6.8315700e+00   3.0635400e+00   5.6898500e+00   3.4012000e+00  -3.0734000e+07
   7.1859200e+00  -5.2929500e+00   6.8314000e+00   3.0635500e+00   5.6899400e+00   3.4012000e+00  -3.0734000e+07
   7.1861700e+00  -5.2931100e+00   6.8315300e+00   3.0635400e+00   5.6898400e+00   3.4012000e+00  -3.0734000e+07
   7.1860300e+00  -5.2931000e+00   6.8315400e+00   3.0635500e+00   5.6898600e+00   3.4012000e+00  -3.0734000e+07
   7.1859700e+00  -5.2931200e+00   6.8314300e+00   3.0635500e+00   5.6898800e+00   3.4012000e+00  -3.0734000e+07
   7.1861400e+00  -5.2931000e+00   6.8315100e+00   3.0635400e+00   5.6898700e+00   3.4012000e+00  -3.0734000e+07
   7.1860900e+00  -5.2930900e+00   6.8314000e+00   3.0635400e+00   5.6898300e+00   3.4012000e+00  -3.0734000e+07
   7.1860200e+00  -5.2930100e+00   6.8314300e+00   3.0635400e+00   5.6898900e+00   3.4012000e+00  -3.0734000e+07
   7.1863300e+00  -5.2931500e+00   6.8315900e+00   3.0635500e+00   5.6898300e+00   3.4012000e+00  -3.0734000e+07
   7.1862600e+00  -5.2933400e+00   6.8315800e+00   3.0635600e+00   5.6898800e+00   3.4012000e+00  -3.0734000e+07
   7.1863500e+00  -5.2934100e+00   6.8314000e+00   3.0635600e+00   5.6899000e+00   3.4012000e+00  -3.0734000e+07
   7.1862100e+00  -5.2933100e+00   6.8315600e+00   3.0635600e+00   5.6898900e+00   3.4011900e+00  -3.0734000e+07
   7.1862900e+00  -5.2933200e+00   6.8314300e+00   3.0635500e+00   5.6898400e+00   3.4012000e+00  -3.0734000e+07
   7.1862900e+00  -5.2933100e+00   6.8315200e+00   3.0635500e+00   5.6898300e+00   3.4012000e+00  -3.0734000e+07
   7.1861700e+00  -5.2931000e+00   6.8314900e+00   3.0635500e+00   5.6898600e+00   3.4012000e+00  -3.0734000e+07
   7.1859600e+00  -5.2928900e+00   6.8316100e+00   3.0635500e+00   5.6898900e+00   3.4012000e+00  -3.0734000e+07
   7.1858400e+00  -5.2928600e+00   6.8314300e+00   3.0635400e+00   5.6898600e+00   3.4012000e+00  -3.0734000e+07
   7.1859100e+00  -5.2929300e+00   6.8314900e+00   3.0635500e+00   5.6898400e+00   3.4012000e+00  -3.0734000e+07
   7.1858700e+00  -5.2929500e+00   6.8314800e+00   3.0635600e+00   5.6898600e+00   3.4012000e+00  -3.0734000e+07
   7.1857200e+00  -5.2928200e+00   6.8314200e+00   3.0635500e+00   5.6899000e+00   3.4012000e+00  -3.0734000e+07
   7.1859400e+00  -5.2929100e+00   6.8315200e+00   3.0635400e+00   5.6898800e+00   3.4012000e+00  -3.0734000e+07
   7.1859500e+00  -5.2929000e+00   6.8315400e+00   3.0635400e+00   5.6898700e+00   3.4012000e+00  -3.0734000e+07
   7.1857200e+00  -5.2927500e+00   6.8314800e+00   3.0635400e+00   5.6899300e+00   3.4012000e+00  -3.0734000e+07
   7.1856800e+00  -5.2926500e+00   6.8314100e+00   3.0635400e+00   5.6898800e+00   3.4012000e+00  -3.0734000e+07
