   7.4462400e+00  -5.5795100e+00   6.8491900e+00   3.4011800e+00   5.6883400e+00   3.4012000e+00  -6.1393100e+06
   7.4462000e+00  -5.5795100e+00   6.8490800e+00   3.4011800e+00   5.6884500e+00   3.4012000e+00  -6.1393100e+06
   7.4460600e+00  -5.5795500e+00   6.8491900e+00   3.4011600e+00   5.6884200e+00   3.4012000e+00  -6.1393100e+06
   7.4462000e+00  -5.5795500e+00   6.8491400e+00   3.4011900e+00   5.6883900e+00   3.4011900e+00  -6.1393100e+06
   7.4458600e+00  -5.5796500e+00   6.8490500e+00   3.4011600e+00   5.6884600e+00   3.4012000e+00  -6.1393100e+06
   7.4463800e+00  -5.5798600e+00   6.8492200e+00   3.4012000e+00   5.6883500e+00   3.4011900e+00  -6.1393100e+06
   7.4460600e+00  -5.5797300e+00   6.8492100e+00   3.4011800e+00   5.6884400e+00   3.4012000e+00  -6.1393100e+06
   7.4466500e+00  -5.5799700e+00   6.8491600e+00   3.4011700e+00   5.6884900e+00   3.4011900e+00  -6.1393100e+06
   7.4465700e+00  -5.5801100e+00   6.8490500e+00   3.4011900e+00   5.6882500e+00   3.4012000e+00  -6.1393100e+06
   7.4470000e+00  -5.5803000e+00   6.8491800e+00   3.4011600e+00   5.6883700e+00   3.4012000e+00  -6.1393100e+06
   7.4467400e+00  -5.5805400e+00   6.8491500e+00   3.4011900e+00   5.6883500e+00   3.4012000e+00  -6.1393100e+06
   7.4470200e+00  -5.5806200e+00   6.8491400e+00   3.4011800e+00   5.6882800e+00   3.4012000e+00  -6.1393100e+06
   7.4468700e+00  -5.5807600e+00   6.8489400e+00   3.4011400e+00   5.6883700e+00   3.4011900e+00  -6.1393100e+06
   7.4466200e+00  -5.5807400e+00   6.8490900e+00   3.4011300e+00   5.6886100e+00   3.4011900e+00  -6.1393100e+06
   7.4472300e+00  -5.5809300e+00   6.8491200e+00   3.4011800e+00   5.6885500e+00   3.4012000e+00  -6.1393100e+06
   7.4475100e+00  -5.5809500e+00   6.8492300e+00   3.4011700e+00   5.6884300e+00   3.4012000e+00  -6.1393100e+06
   7.4470100e+00  -5.5808000e+00   6.8489800e+00   3.4011900e+00   5.6882500e+00   3.4011900e+00  -6.1393100e+06
   7.4468800e+00  -5.5807200e+00   6.8489400e+00   3.4011900e+00   5.6884700e+00   3.4012000e+00  -6.1393100e+06
   7.4471500e+00  -5.5804900e+00   6.8490900e+00   3.4011800e+00   5.6882800e+00   3.4011900e+00  -6.1393100e+06
   7.4468600e+00  -5.5804600e+00   6.8491200e+00   3.4011900e+00   5.6882800e+00   3.4012000e+00  -6.1393100e+06
   7.4470300e+00  -5.5804000e+00   6.8491600e+00   3.4011900e+00   5.6883500e+00   3.4011900e+00  -6.1393100e+06
   7.4471700e+00  -5.5804900e+00   6.8491100e+00   3.4011900e+00   5.6882100e+00   3.4012000e+00  -6.1393100e+06
   7.4466200e+00  -5.5803000e+00   6.8491900e+00   3.4011900e+00   5.6885800e+00   3.4011900e+00  -6.1393100e+06
   7.4465900e+00  -5.5801200e+00   6.8490500e+00   3.4011900e+00   5.6884600e+00   3.4011900e+00  -6.1393100e+06
   7.4463300e+00  -5.5802800e+00   6.8488300e+00   3.4011900e+00   5.6884200e+00   3.4012000e+00  -6.1393100e+06
   7.4470000e+00  -5.5802100e+00   6.8491300e+00   3.4011800e+00   5.6882800e+00   3.4012000e+00  -6.1393100e+06
   7.4465400e+00  -5.5801800e+00   6.8490500e+00   3.4011900e+00   5.6884400e+00   3.4011900e+00  -6.1393100e+06
   7.4467000e+00  -5.5802600e+00   6.8490600e+00   3.4011900e+00   5.6883700e+00   3.4011900e+00  -6.1393100e+06
   7.4469900e+00  -5.5804100e+00   6.8492300e+00   3.4011800e+00   5.6883500e+00   3.4011900e+00  -6.1393100e+06
   7.4471200e+00  -5.5805300e+00   6.8492500e+00   3.4011800e+00   5.6884700e+00   3.4011900e+00  -6.1393100e+06
   7.4465700e+00  -5.5802600e+00   6.8491100e+00   3.4011900e+00   5.6884600e+00   3.4011900e+00  -6.1393100e+06
   7.4465100e+00  -5.5801900e+00   6.8490000e+00   3.4011900e+00   5.6882200e+00   3.4012000e+00  -6.1393100e+06
   7.4468100e+00  -5.5801400e+00   6.8491900e+00   3.4012000e+00   5.6883500e+00   3.4011900e+00  -6.1393100e+06
   7.4465900e+00  -5.5801800e+00   6.8489900e+00   3.4011900e+00   5.6884500e+00   3.4011900e+00  -6.1393100e+06
   7.4467400e+00  -5.5803100e+00   6.8492700e+00   3.4011600e+00   5.6884500e+00   3.4012000e+00  -6.1393100e+06
   7.4465900e+00  -5.5803300e+00   6.8490300e+00   3.4011800e+00   5.6885300e+00   3.4011900e+00  -6.1393100e+06
   7.4469600e+00  -5.5802000e+00   6.8491600e+00   3.4011800e+00   5.6884900e+00   3.4011900e+00  -6.1393100e+06
   7.4464200e+00  -5.5801200e+00   6.8490300e+00   3.4011800e+00   5.6882900e+00   3.4011900e+00  -6.1393100e+06
   7.4466400e+00  -5.5799700e+00   6.8490500e+00   3.4011900e+00   5.6883800e+00   3.4012000e+00  -6.1393100e+06
   7.4462800e+00  -5.5800100e+00   6.8492200e+00   3.4011900e+00   5.6885100e+00   3.4011900e+00  -6.1393100e+06
   7.4463500e+00  -5.5798900e+00   6.8491600e+00   3.4011600e+00   5.6883300e+00   3.4011900e+00  -6.1393100e+06
   7.4463400e+00  -5.5800200e+00   6.8491600e+00   3.4011700e+00   5.6884800e+00   3.4012000e+00  -6.1393100e+06
   7.4467400e+00  -5.5800500e+00   6.8491900e+00   3.4011800e+00   5.6884300e+00   3.4011900e+00  -6.1393100e+06
   7.4465100e+00  -5.5801300e+00   6.8490700e+00   3.4011100e+00   5.6884000e+00   3.4012000e+00  -6.1393100e+06
   7.4465200e+00  -5.5801000e+00   6.8490700e+00   3.4011800e+00   5.6884600e+00   3.4012000e+00  -6.1393100e+06
   7.4466700e+00  -5.5802400e+00   6.8490200e+00   3.4011900e+00   5.6882900e+00   3.4012000e+00  -6.1393100e+06
   7.4466000e+00  -5.5801200e+00   6.8490000e+00   3.4011800e+00   5.6883500e+00   3.4012000e+00  -6.1393100e+06
   7.4468100e+00  -5.5805300e+00   6.8490000e+00   3.4011900e+00   5.6883800e+00   3.4011900e+00  -6.1393100e+06
   7.4472100e+00  -5.5804300e+00   6.8490900e+00   3.4011800e+00   5.6882200e+00   3.4012000e+00  -6.1393100e+06
   7.4465800e+00  -5.5804300e+00   6.8490900e+00   3.4011600e+00   5.6883000e+00   3.4011800e+00  -6.1393200e+06
   7.4470300e+00  -5.5806400e+00   6.8493800e+00   3.4011800e+00   5.6885500e+00   3.4012000e+00  -6.1393100e+06
   7.4468200e+00  -5.5806500e+00   6.8491600e+00   3.4011900e+00   5.6884800e+00   3.4012000e+00  -6.1393100e+06
   7.4472800e+00  -5.5808700e+00   6.8491300e+00   3.4011700e+00   5.6885400e+00   3.4012000e+00  -6.1393100e+06
   7.4469100e+00  -5.5807000e+00   6.8490600e+00   3.4011900e+00   5.6884400e+00   3.4011900e+00  -6.1393100e+06
   7.4470900e+00  -5.5806000e+00   6.8491900e+00   3.4011800e+00   5.6883700e+00   3.4011800e+00  -6.1393100e+06
   7.4468600e+00  -5.5807800e+00   6.8491000e+00   3.4012000e+00   5.6885600e+00   3.4012000e+00  -6.1393100e+06
   7.4471300e+00  -5.5809600e+00   6.8491400e+00   3.4011800e+00   5.6883600e+00   3.4011900e+00  -6.1393100e+06
   7.4472000e+00  -5.5809700e+00   6.8489900e+00   3.4011900e+00   5.6884500e+00   3.4011900e+00  -6.1393100e+06
   7.4470200e+00  -5.5808600e+00   6.8490900e+00   3.4011800e+00   5.6886300e+00   3.4011900e+00  -6.1393100e+06
   7.4471000e+00  -5.5806700e+00   6.8491600e+00   3.4011700e+00   5.6884800e+00   3.4012000e+00  -6.1393100e+06
   7.4466100e+00  -5.5806800e+00   6.8489200e+00   3.4011500e+00   5.6884600e+00   3.4012000e+00  -6.1393100e+06
   7.4474300e+00  -5.5807400e+00   6.8491800e+00   3.4011500e+00   5.6882900e+00   3.4012000e+00  -6.1393100e+06
   7.4472300e+00  -5.5808600e+00   6.8491800e+00   3.4011800e+00   5.6884200e+00   3.4012000e+00  -6.1393100e+06
   7.4470700e+00  -5.5808800e+00   6.8492100e+00   3.4012000e+00   5.6885000e+00   3.4012000e+00  -6.1393100e+06
   7.4469500e+00  -5.5806300e+00   6.8492200e+00   3.4011900e+00   5.6885800e+00   3.4011900e+00  -6.1393100e+06
   7.4466400e+00  -5.5805300e+00   6.8490400e+00   3.4011700e+00   5.6884100e+00   3.4012000e+00  -6.1393100e+06
   7.4469200e+00  -5.5806300e+00   6.8491500e+00   3.4011700e+00   5.6886000e+00   3.4012000e+00  -6.1393100e+06
   7.4470300e+00  -5.5805600e+00   6.8493100e+00   3.4011300e+00   5.6884800e+00   3.4012000e+00  -6.1393100e+06
   7.4470800e+00  -5.5806100e+00   6.8490300e+00   3.4011800e+00   5.6883600e+00   3.4012000e+00  -6.1393100e+06
   7.4468600e+00  -5.5806200e+00   6.8491200e+00   3.4011400e+00   5.6885500e+00   3.4012000e+00  -6.1393100e+06
   7.4470400e+00  -5.5804400e+00   6.8492100e+00   3.4011800e+00   5.6884000e+00   3.4012000e+00  -6.1393100e+06
   7.4467800e+00  -5.5805500e+00   6.8490700e+00   3.4011600e+00   5.6883100e+00   3.4012000e+00  -6.1393100e+06
   7.4469900e+00  -5.5806400e+00   6.8492000e+00   3.4012000e+00   5.6884700e+00   3.4012000e+00  -6.1393100e+06
   7.4467900e+00  -5.5804300e+00   6.8492200e+00   3.4011900e+00   5.6883500e+00   3.4011900e+00  -6.1393100e+06
   7.4470700e+00  -5.5805100e+00   6.8492100e+00   3.4011800e+00   5.6884000e+00   3.4012000e+00  -6.1393100e+06
   7.4468800e+00  -5.5807600e+00   6.8490200e+00   3.4011800e+00   5.6885600e+00   3.4011900e+00  -6.1393100e+06
   7.4469600e+00  -5.5808800e+00   6.8492200e+00   3.4011900e+00   5.6885100e+00   3.4012000e+00  -6.1393100e+06
   7.4474300e+00  -5.5810200e+00   6.8491400e+00   3.4011800e+00   5.6884700e+00   3.4012000e+00  -6.1393100e+06
   7.4474800e+00  -5.5814200e+00   6.8491400e+00   3.4011400e+00   5.6884000e+00   3.4011900e+00  -6.1393100e+06
   7.4477100e+00  -5.5815300e+00   6.8490700e+00   3.4011600e+00   5.6883800e+00   3.4012000e+00  -6.1393000e+06
   7.4475900e+00  -5.5813500e+00   6.8490500e+00   3.4012000e+00   5.6884900e+00   3.4012000e+00  -6.1393000e+06
   7.4472700e+00  -5.5814300e+00   6.8491300e+00   3.4012000e+00   5.6885100e+00   3.4011900e+00  -6.1393100e+06
   7.4475800e+00  -5.5812700e+00   6.8494000e+00   3.4011800e+00   5.6885400e+00   3.4012000e+00  -6.1393100e+06
   7.4476500e+00  -5.5811500e+00   6.8491600e+00   3.4011800e+00   5.6884500e+00   3.4012000e+00  -6.1393100e+06
   7.4473200e+00  -5.5812200e+00   6.8490700e+00   3.4011700e+00   5.6883600e+00   3.4012000e+00  -6.1393100e+06
   7.4474000e+00  -5.5813600e+00   6.8490100e+00   3.4011600e+00   5.6883700e+00   3.4012000e+00  -6.1393100e+06
   7.4474400e+00  -5.5813500e+00   6.8489200e+00   3.4011800e+00   5.6883700e+00   3.4012000e+00  -6.1393100e+06
   7.4476900e+00  -5.5813400e+00   6.8490700e+00   3.4011900e+00   5.6882600e+00   3.4011900e+00  -6.1393100e+06
   7.4474900e+00  -5.5812500e+00   6.8489300e+00   3.4011900e+00   5.6883500e+00   3.4011900e+00  -6.1393100e+06
   7.4479300e+00  -5.5812000e+00   6.8491900e+00   3.4011300e+00   5.6882600e+00   3.4012000e+00  -6.1393100e+06
   7.4476300e+00  -5.5812100e+00   6.8492300e+00   3.4011900e+00   5.6883300e+00   3.4012000e+00  -6.1393100e+06
   7.4472400e+00  -5.5810000e+00   6.8491400e+00   3.4012000e+00   5.6884000e+00   3.4011900e+00  -6.1393100e+06
   7.4469700e+00  -5.5807800e+00   6.8491500e+00   3.4011800e+00   5.6884500e+00   3.4012000e+00  -6.1393100e+06
   7.4466100e+00  -5.5805300e+00   6.8491200e+00   3.4011400e+00   5.6885100e+00   3.4011900e+00  -6.1393100e+06
   7.4466100e+00  -5.5804700e+00   6.8491300e+00   3.4011800e+00   5.6885000e+00   3.4011900e+00  -6.1393100e+06
   7.4466700e+00  -5.5804200e+00   6.8489600e+00   3.4011800e+00   5.6884400e+00   3.4011900e+00  -6.1393100e+06
   7.4471400e+00  -5.5803000e+00   6.8492800e+00   3.4011500e+00   5.6883500e+00   3.4011900e+00  -6.1393200e+06
   7.4468700e+00  -5.5803600e+00   6.8491200e+00   3.4011600e+00   5.6884400e+00   3.4011900e+00  -6.1393100e+06
   7.4467800e+00  -5.5803400e+00   6.8490000e+00   3.4011700e+00   5.6884100e+00   3.4012000e+00  -6.1393100e+06
   7.4467700e+00  -5.5804400e+00   6.8492100e+00   3.4011700e+00   5.6884200e+00   3.4012000e+00  -6.1393100e+06
   7.4466500e+00  -5.5803800e+00   6.8490400e+00   3.4011800e+00   5.6884400e+00   3.4011900e+00  -6.1393100e+06
   7.4467500e+00  -5.5804000e+00   6.8492200e+00   3.4011800e+00   5.6884100e+00   3.4011900e+00  -6.1393100e+06
   7.4466100e+00  -5.5804100e+00   6.8490200e+00   3.4011800e+00   5.6884400e+00   3.4011900e+00  -6.1393100e+06
   7.4466700e+00  -5.5803800e+00   6.8489600e+00   3.4011600e+00   5.6883600e+00   3.4011900e+00  -6.1393100e+06
   7.4466900e+00  -5.5803700e+00   6.8491300e+00   3.4011900e+00   5.6883800e+00   3.4012000e+00  -6.1393100e+06
   7.4468500e+00  -5.5803200e+00   6.8491100e+00   3.4011300e+00   5.6883500e+00   3.4011900e+00  -6.1393100e+06
   7.4468100e+00  -5.5803100e+00   6.8489900e+00   3.4011900e+00   5.6883700e+00   3.4012000e+00  -6.1393100e+06
   7.4467000e+00  -5.5803400e+00   6.8490900e+00   3.4011700e+00   5.6884000e+00   3.4012000e+00  -6.1393100e+06
   7.4464100e+00  -5.5803700e+00   6.8491200e+00   3.4011700e+00   5.6884600e+00   3.4011900e+00  -6.1393100e+06
   7.4467300e+00  -5.5804500e+00   6.8491400e+00   3.4011800e+00   5.6884800e+00   3.4012000e+00  -6.1393100e+06
   7.4467800e+00  -5.5805300e+00   6.8491700e+00   3.4011700e+00   5.6884800e+00   3.4012000e+00  -6.1393100e+06
   7.4469400e+00  -5.5804400e+00   6.8491400e+00   3.4012000e+00   5.6883000e+00   3.4012000e+00  -6.1393100e+06
   7.4470300e+00  -5.5803000e+00   6.8491700e+00   3.4011300e+00   5.6883000e+00   3.4011900e+00  -6.1393200e+06
   7.4462700e+00  -5.5801400e+00   6.8491300e+00   3.4011800e+00   5.6884200e+00   3.4011900e+00  -6.1393100e+06
   7.4466400e+00  -5.5801300e+00   6.8492600e+00   3.4011900e+00   5.6884600e+00   3.4012000e+00  -6.1393100e+06
   7.4464400e+00  -5.5801400e+00   6.8489300e+00   3.4011900e+00   5.6885000e+00   3.4012000e+00  -6.1393100e+06
   7.4463400e+00  -5.5801000e+00   6.8490800e+00   3.4011500e+00   5.6884100e+00   3.4011900e+00  -6.1393100e+06
   7.4460600e+00  -5.5799200e+00   6.8490400e+00   3.4011500e+00   5.6884800e+00   3.4012000e+00  -6.1393100e+06
   7.4464700e+00  -5.5801300e+00   6.8492000e+00   3.4011900e+00   5.6883900e+00   3.4012000e+00  -6.1393100e+06
   7.4463900e+00  -5.5800700e+00   6.8489600e+00   3.4011800e+00   5.6883800e+00   3.4011900e+00  -6.1393100e+06
   7.4463100e+00  -5.5800500e+00   6.8489700e+00   3.4011900e+00   5.6885300e+00   3.4011900e+00  -6.1393100e+06
   7.4462700e+00  -5.5802800e+00   6.8490600e+00   3.4011500e+00   5.6884200e+00   3.4012000e+00  -6.1393100e+06
   7.4472100e+00  -5.5805900e+00   6.8494000e+00   3.4011900e+00   5.6884600e+00   3.4011900e+00  -6.1393100e+06
   7.4467600e+00  -5.5804600e+00   6.8491200e+00   3.4011900e+00   5.6884800e+00   3.4011900e+00  -6.1393100e+06
   7.4467600e+00  -5.5803500e+00   6.8491200e+00   3.4011900e+00   5.6883900e+00   3.4011900e+00  -6.1393100e+06
   7.4468200e+00  -5.5805000e+00   6.8490800e+00   3.4011800e+00   5.6884700e+00   3.4011900e+00  -6.1393100e+06
   7.4472800e+00  -5.5806700e+00   6.8491500e+00   3.4011700e+00   5.6883400e+00   3.4012000e+00  -6.1393100e+06
   7.4467500e+00  -5.5806100e+00   6.8489700e+00   3.4011700e+00   5.6884000e+00   3.4011900e+00  -6.1393100e+06
   7.4475400e+00  -5.5806000e+00   6.8491300e+00   3.4011900e+00   5.6882200e+00   3.4012000e+00  -6.1393100e+06
   7.4470500e+00  -5.5806900e+00   6.8491600e+00   3.4011800e+00   5.6883500e+00   3.4012000e+00  -6.1393100e+06
   7.4469600e+00  -5.5807200e+00   6.8492900e+00   3.4011900e+00   5.6885800e+00   3.4012000e+00  -6.1393100e+06
   7.4470700e+00  -5.5807500e+00   6.8492000e+00   3.4012000e+00   5.6883800e+00   3.4012000e+00  -6.1393100e+06
   7.4471400e+00  -5.5807000e+00   6.8490900e+00   3.4011800e+00   5.6883700e+00   3.4011900e+00  -6.1393100e+06
   7.4468100e+00  -5.5806500e+00   6.8490600e+00   3.4011400e+00   5.6883600e+00   3.4011900e+00  -6.1393100e+06
   7.4471600e+00  -5.5805800e+00   6.8493100e+00   3.4011800e+00   5.6883200e+00   3.4011900e+00  -6.1393100e+06
   7.4468400e+00  -5.5806000e+00   6.8489800e+00   3.4011900e+00   5.6884700e+00   3.4012000e+00  -6.1393100e+06
   7.4470700e+00  -5.5806600e+00   6.8493000e+00   3.4011800e+00   5.6884600e+00   3.4012000e+00  -6.1393100e+06
   7.4469500e+00  -5.5805400e+00   6.8492500e+00   3.4011700e+00   5.6884700e+00   3.4012000e+00  -6.1393100e+06
   7.4467200e+00  -5.5806600e+00   6.8490700e+00   3.4011800e+00   5.6885000e+00   3.4012000e+00  -6.1393100e+06
   7.4467200e+00  -5.5805400e+00   6.8492400e+00   3.4012000e+00   5.6886100e+00   3.4012000e+00  -6.1393100e+06
   7.4469800e+00  -5.5806900e+00   6.8491800e+00   3.4012000e+00   5.6884000e+00   3.4011900e+00  -6.1393100e+06
   7.4473000e+00  -5.5809400e+00   6.8490800e+00   3.4011800e+00   5.6885200e+00   3.4011900e+00  -6.1393100e+06
   7.4472600e+00  -5.5807600e+00   6.8490600e+00   3.4011800e+00   5.6882900e+00   3.4011900e+00  -6.1393100e+06
   7.4468700e+00  -5.5808100e+00   6.8491800e+00   3.4011900e+00   5.6884600e+00   3.4012000e+00  -6.1393100e+06
   7.4472800e+00  -5.5806800e+00   6.8490800e+00   3.4012000e+00   5.6883600e+00   3.4012000e+00  -6.1393100e+06
   7.4468900e+00  -5.5803900e+00   6.8491700e+00   3.4011900e+00   5.6884900e+00   3.4011900e+00  -6.1393100e+06
   7.4470200e+00  -5.5802900e+00   6.8491300e+00   3.4011800e+00   5.6884200e+00   3.4012000e+00  -6.1393100e+06
   7.4465600e+00  -5.5800500e+00   6.8490800e+00   3.4011800e+00   5.6885300e+00   3.4012000e+00  -6.1393100e+06
   7.4464900e+00  -5.5800800e+00   6.8491800e+00   3.4011900e+00   5.6884700e+00   3.4012000e+00  -6.1393100e+06
   7.4461300e+00  -5.5799200e+00   6.8490600e+00   3.4011300e+00   5.6884400e+00   3.4011900e+00  -6.1393100e+06
   7.4467400e+00  -5.5801800e+00   6.8491300e+00   3.4011700e+00   5.6884300e+00   3.4011900e+00  -6.1393100e+06
   7.4465000e+00  -5.5801000e+00   6.8491400e+00   3.4011800e+00   5.6884700e+00   3.4012000e+00  -6.1393100e+06
   7.4462800e+00  -5.5800600e+00   6.8490300e+00   3.4011800e+00   5.6883800e+00   3.4012000e+00  -6.1393100e+06
   7.4465000e+00  -5.5801400e+00   6.8490700e+00   3.4011600e+00   5.6883000e+00   3.4012000e+00  -6.1393100e+06
   7.4463200e+00  -5.5801400e+00   6.8490300e+00   3.4012000e+00   5.6885300e+00   3.4011900e+00  -6.1393100e+06
   7.4466000e+00  -5.5801300e+00   6.8489800e+00   3.4011800e+00   5.6883800e+00   3.4012000e+00  -6.1393100e+06
   7.4467800e+00  -5.5800400e+00   6.8492100e+00   3.4011700e+00   5.6882900e+00   3.4011900e+00  -6.1393100e+06
   7.4468800e+00  -5.5800300e+00   6.8492300e+00   3.4011800e+00   5.6883100e+00   3.4012000e+00  -6.1393100e+06
   7.4463700e+00  -5.5801400e+00   6.8491000e+00   3.4011700e+00   5.6884100e+00   3.4011900e+00  -6.1393100e+06
   7.4466400e+00  -5.5803000e+00   6.8491400e+00   3.4011900e+00   5.6885300e+00   3.4012000e+00  -6.1393100e+06
   7.4467100e+00  -5.5803300e+00   6.8489900e+00   3.4011800e+00   5.6884300e+00   3.4012000e+00  -6.1393100e+06
   7.4464700e+00  -5.5800600e+00   6.8491000e+00   3.4011800e+00   5.6884600e+00   3.4012000e+00  -6.1393100e+06
   7.4469400e+00  -5.5802900e+00   6.8493700e+00   3.4011900e+00   5.6884400e+00   3.4012000e+00  -6.1393100e+06
   7.4466700e+00  -5.5802100e+00   6.8492400e+00   3.4011600e+00   5.6884300e+00   3.4012000e+00  -6.1393100e+06
   7.4464600e+00  -5.5799000e+00   6.8491100e+00   3.4011700e+00   5.6882700e+00   3.4012000e+00  -6.1393100e+06
   7.4468300e+00  -5.5800800e+00   6.8491000e+00   3.4011800e+00   5.6883400e+00   3.4012000e+00  -6.1393100e+06
   7.4464600e+00  -5.5800700e+00   6.8491800e+00   3.4011800e+00   5.6884500e+00   3.4012000e+00  -6.1393100e+06
   7.4465600e+00  -5.5799900e+00   6.8489700e+00   3.4011900e+00   5.6884300e+00   3.4012000e+00  -6.1393100e+06
   7.4463400e+00  -5.5799500e+00   6.8489300e+00   3.4011900e+00   5.6883200e+00   3.4011900e+00  -6.1393100e+06
   7.4465500e+00  -5.5798200e+00   6.8492900e+00   3.4011900e+00   5.6884000e+00   3.4012000e+00  -6.1393100e+06
   7.4463700e+00  -5.5799900e+00   6.8490300e+00   3.4011600e+00   5.6882900e+00   3.4012000e+00  -6.1393100e+06
   7.4461500e+00  -5.5796500e+00   6.8492200e+00   3.4011900e+00   5.6884600e+00   3.4011900e+00  -6.1393100e+06
   7.4463200e+00  -5.5796800e+00   6.8490900e+00   3.4011500e+00   5.6883100e+00   3.4012000e+00  -6.1393100e+06
   7.4466400e+00  -5.5799600e+00   6.8491300e+00   3.4011600e+00   5.6884600e+00   3.4011900e+00  -6.1393100e+06
   7.4462500e+00  -5.5798500e+00   6.8490100e+00   3.4011900e+00   5.6882900e+00   3.4011900e+00  -6.1393100e+06
   7.4466100e+00  -5.5800200e+00   6.8492300e+00   3.4011900e+00   5.6884700e+00   3.4011900e+00  -6.1393100e+06
   7.4462800e+00  -5.5800500e+00   6.8489600e+00   3.4011900e+00   5.6884300e+00   3.4011900e+00  -6.1393100e+06
   7.4465200e+00  -5.5799500e+00   6.8492400e+00   3.4012000e+00   5.6885000e+00   3.4011900e+00  -6.1393100e+06
   7.4460800e+00  -5.5797700e+00   6.8491200e+00   3.4011400e+00   5.6885300e+00   3.4012000e+00  -6.1393100e+06
   7.4459400e+00  -5.5794900e+00   6.8492600e+00   3.4011700e+00   5.6885200e+00   3.4012000e+00  -6.1393200e+06
   7.4458700e+00  -5.5795100e+00   6.8490500e+00   3.4011700e+00   5.6884300e+00   3.4012000e+00  -6.1393100e+06
   7.4461200e+00  -5.5794100e+00   6.8490700e+00   3.4012000e+00   5.6883800e+00   3.4011900e+00  -6.1393100e+06
   7.4458800e+00  -5.5792800e+00   6.8491800e+00   3.4011600e+00   5.6885100e+00   3.4011900e+00  -6.1393200e+06
   7.4458500e+00  -5.5794900e+00   6.8490900e+00   3.4011900e+00   5.6884500e+00   3.4011900e+00  -6.1393200e+06
   7.4456900e+00  -5.5794400e+00   6.8490100e+00   3.4011900e+00   5.6883900e+00   3.4011900e+00  -6.1393100e+06
   7.4459700e+00  -5.5795800e+00   6.8490800e+00   3.4012000e+00   5.6883800e+00   3.4012000e+00  -6.1393100e+06
   7.4458400e+00  -5.5794700e+00   6.8490800e+00   3.4011800e+00   5.6884700e+00   3.4012000e+00  -6.1393100e+06
   7.4460300e+00  -5.5796400e+00   6.8492500e+00   3.4011900e+00   5.6884900e+00   3.4012000e+00  -6.1393100e+06
   7.4459900e+00  -5.5796500e+00   6.8490700e+00   3.4011700e+00   5.6885600e+00   3.4012000e+00  -6.1393100e+06
   7.4464100e+00  -5.5797400e+00   6.8491100e+00   3.4011500e+00   5.6884200e+00   3.4011900e+00  -6.1393100e+06
   7.4462800e+00  -5.5797400e+00   6.8491900e+00   3.4011700e+00   5.6884600e+00   3.4011900e+00  -6.1393100e+06
   7.4462700e+00  -5.5796300e+00   6.8490500e+00   3.4011700e+00   5.6882700e+00   3.4012000e+00  -6.1393100e+06
   7.4463400e+00  -5.5795800e+00   6.8490900e+00   3.4011900e+00   5.6884400e+00   3.4012000e+00  -6.1393100e+06
   7.4456400e+00  -5.5795600e+00   6.8489400e+00   3.4011800e+00   5.6883700e+00   3.4011900e+00  -6.1393200e+06
   7.4463400e+00  -5.5797300e+00   6.8490800e+00   3.4011700e+00   5.6884000e+00   3.4012000e+00  -6.1393100e+06
   7.4461200e+00  -5.5797000e+00   6.8490200e+00   3.4011800e+00   5.6884100e+00   3.4011900e+00  -6.1393100e+06
   7.4459600e+00  -5.5796000e+00   6.8490100e+00   3.4011800e+00   5.6883900e+00   3.4011900e+00  -6.1393100e+06
   7.4461700e+00  -5.5795800e+00   6.8491300e+00   3.4011700e+00   5.6883800e+00   3.4011900e+00  -6.1393100e+06
   7.4457200e+00  -5.5795400e+00   6.8490800e+00   3.4011900e+00   5.6884800e+00   3.4012000e+00  -6.1393100e+06
   7.4461800e+00  -5.5794900e+00   6.8489700e+00   3.4011700e+00   5.6882600e+00   3.4012000e+00  -6.1393200e+06
   7.4462800e+00  -5.5797000e+00   6.8489500e+00   3.4011300e+00   5.6883200e+00   3.4012000e+00  -6.1393200e+06
   7.4460900e+00  -5.5795600e+00   6.8490900e+00   3.4012000e+00   5.6883800e+00   3.4012000e+00  -6.1393100e+06
   7.4459200e+00  -5.5797100e+00   6.8488300e+00   3.4011200e+00   5.6883800e+00   3.4012000e+00  -6.1393200e+06
   7.4458900e+00  -5.5796800e+00   6.8489800e+00   3.4012000e+00   5.6885400e+00   3.4011900e+00  -6.1393100e+06
   7.4455200e+00  -5.5795700e+00   6.8490100e+00   3.4011800e+00   5.6885800e+00   3.4011900e+00  -6.1393200e+06
   7.4460300e+00  -5.5796200e+00   6.8490700e+00   3.4011500e+00   5.6885200e+00   3.4011900e+00  -6.1393100e+06
   7.4460900e+00  -5.5796700e+00   6.8488700e+00   3.4011800e+00   5.6884400e+00   3.4012000e+00  -6.1393200e+06
   7.4462700e+00  -5.5797200e+00   6.8490000e+00   3.4011900e+00   5.6884300e+00   3.4012000e+00  -6.1393100e+06
   7.4465500e+00  -5.5797900e+00   6.8490800e+00   3.4011900e+00   5.6882300e+00   3.4011900e+00  -6.1393200e+06
   7.4458500e+00  -5.5795900e+00   6.8489700e+00   3.4011700e+00   5.6884200e+00   3.4012000e+00  -6.1393100e+06
   7.4458300e+00  -5.5796400e+00   6.8489100e+00   3.4011900e+00   5.6884900e+00   3.4011900e+00  -6.1393200e+06
   7.4458200e+00  -5.5795400e+00   6.8489900e+00   3.4011800e+00   5.6885100e+00   3.4012000e+00  -6.1393100e+06
   7.4462600e+00  -5.5797600e+00   6.8490300e+00   3.4011700e+00   5.6883700e+00   3.4012000e+00  -6.1393100e+06
   7.4465300e+00  -5.5797800e+00   6.8492200e+00   3.4011500e+00   5.6884400e+00   3.4012000e+00  -6.1393100e+06
   7.4459500e+00  -5.5796700e+00   6.8490500e+00   3.4011700e+00   5.6886400e+00   3.4012000e+00  -6.1393200e+06
   7.4462400e+00  -5.5797000e+00   6.8492000e+00   3.4011900e+00   5.6885700e+00   3.4011900e+00  -6.1393100e+06
   7.4464000e+00  -5.5798100e+00   6.8492300e+00   3.4011900e+00   5.6885400e+00   3.4011900e+00  -6.1393100e+06
   7.4462300e+00  -5.5799200e+00   6.8490200e+00   3.4011600e+00   5.6885100e+00   3.4012000e+00  -6.1393100e+06
   7.4466100e+00  -5.5799200e+00   6.8493400e+00   3.4011900e+00   5.6884300e+00   3.4011900e+00  -6.1393100e+06
   7.4464700e+00  -5.5800800e+00   6.8491200e+00   3.4011800e+00   5.6884300e+00   3.4012000e+00  -6.1393100e+06
   7.4461300e+00  -5.5799700e+00   6.8490200e+00   3.4011600e+00   5.6885700e+00   3.4011900e+00  -6.1393100e+06
   7.4460500e+00  -5.5799200e+00   6.8491300e+00   3.4011700e+00   5.6885900e+00   3.4011900e+00  -6.1393200e+06
   7.4461900e+00  -5.5799200e+00   6.8491300e+00   3.4011600e+00   5.6884300e+00   3.4012000e+00  -6.1393100e+06
   7.4463800e+00  -5.5800300e+00   6.8492600e+00   3.4011900e+00   5.6885700e+00   3.4012000e+00  -6.1393100e+06
   7.4460300e+00  -5.5800700e+00   6.8489900e+00   3.4011700e+00   5.6885400e+00   3.4011900e+00  -6.1393200e+06
   7.4464000e+00  -5.5800900e+00   6.8491200e+00   3.4011800e+00   5.6884600e+00   3.4011900e+00  -6.1393100e+06
   7.4461200e+00  -5.5801000e+00   6.8489200e+00   3.4011900e+00   5.6884400e+00   3.4011900e+00  -6.1393100e+06
   7.4465800e+00  -5.5799800e+00   6.8491400e+00   3.4011900e+00   5.6884100e+00   3.4011900e+00  -6.1393100e+06
   7.4464600e+00  -5.5800900e+00   6.8490900e+00   3.4011900e+00   5.6884900e+00   3.4012000e+00  -6.1393100e+06
   7.4465600e+00  -5.5802800e+00   6.8489300e+00   3.4011600e+00   5.6882600e+00   3.4011900e+00  -6.1393200e+06
   7.4467800e+00  -5.5803800e+00   6.8491700e+00   3.4012000e+00   5.6885600e+00   3.4011900e+00  -6.1393100e+06
   7.4467100e+00  -5.5803700e+00   6.8491400e+00   3.4011700e+00   5.6884600e+00   3.4012000e+00  -6.1393100e+06
   7.4466600e+00  -5.5803700e+00   6.8491900e+00   3.4011900e+00   5.6885300e+00   3.4012000e+00  -6.1393100e+06
   7.4462600e+00  -5.5800800e+00   6.8489900e+00   3.4012000e+00   5.6883700e+00   3.4011900e+00  -6.1393100e+06
   7.4463500e+00  -5.5800300e+00   6.8490700e+00   3.4011600e+00   5.6884000e+00   3.4011900e+00  -6.1393100e+06
   7.4465900e+00  -5.5799900e+00   6.8491000e+00   3.4012000e+00   5.6884600e+00   3.4012000e+00  -6.1393100e+06
   7.4466400e+00  -5.5798200e+00   6.8490100e+00   3.4011900e+00   5.6883400e+00   3.4011900e+00  -6.1393200e+06
   7.4464500e+00  -5.5797400e+00   6.8491000e+00   3.4011700e+00   5.6882100e+00   3.4011900e+00  -6.1393200e+06
   7.4467300e+00  -5.5800300e+00   6.8492500e+00   3.4011700e+00   5.6882800e+00   3.4011900e+00  -6.1393100e+06
   7.4467100e+00  -5.5801200e+00   6.8491900e+00   3.4011500e+00   5.6883300e+00   3.4012000e+00  -6.1393100e+06
   7.4467700e+00  -5.5801100e+00   6.8491500e+00   3.4011800e+00   5.6883400e+00   3.4012000e+00  -6.1393100e+06
   7.4460400e+00  -5.5800700e+00   6.8490900e+00   3.4011600e+00   5.6885000e+00   3.4012000e+00  -6.1393100e+06
   7.4469800e+00  -5.5802500e+00   6.8492700e+00   3.4011900e+00   5.6882800e+00   3.4012000e+00  -6.1393100e+06
   7.4466100e+00  -5.5800500e+00   6.8491500e+00   3.4011800e+00   5.6883600e+00   3.4011900e+00  -6.1393100e+06
   7.4465600e+00  -5.5801700e+00   6.8490500e+00   3.4011900e+00   5.6884700e+00   3.4011900e+00  -6.1393100e+06
   7.4463500e+00  -5.5799500e+00   6.8490500e+00   3.4011900e+00   5.6884800e+00   3.4011900e+00  -6.1393100e+06
   7.4462800e+00  -5.5801600e+00   6.8490400e+00   3.4011100e+00   5.6884600e+00   3.4011900e+00  -6.1393200e+06
   7.4463300e+00  -5.5801400e+00   6.8491000e+00   3.4011800e+00   5.6885300e+00   3.4012000e+00  -6.1393100e+06
   7.4464200e+00  -5.5801700e+00   6.8489700e+00   3.4011900e+00   5.6884400e+00   3.4011900e+00  -6.1393100e+06
   7.4464700e+00  -5.5801300e+00   6.8490900e+00   3.4011600e+00   5.6883800e+00   3.4011900e+00  -6.1393100e+06
   7.4464800e+00  -5.5800500e+00   6.8491400e+00   3.4011900e+00   5.6885200e+00   3.4011900e+00  -6.1393100e+06
   7.4459900e+00  -5.5796900e+00   6.8491300e+00   3.4011800e+00   5.6884800e+00   3.4011900e+00  -6.1393100e+06
   7.4461100e+00  -5.5796400e+00   6.8491000e+00   3.4011900e+00   5.6883500e+00   3.4012000e+00  -6.1393100e+06
   7.4456100e+00  -5.5796000e+00   6.8491100e+00   3.4011500e+00   5.6886600e+00   3.4011900e+00  -6.1393200e+06
   7.4460500e+00  -5.5795100e+00   6.8492100e+00   3.4011500e+00   5.6884000e+00   3.4011900e+00  -6.1393100e+06
   7.4459800e+00  -5.5796000e+00   6.8491300e+00   3.4011800e+00   5.6884700e+00   3.4012000e+00  -6.1393100e+06
   7.4463900e+00  -5.5796700e+00   6.8492200e+00   3.4011800e+00   5.6883600e+00   3.4012000e+00  -6.1393100e+06
   7.4460800e+00  -5.5795900e+00   6.8491300e+00   3.4011800e+00   5.6883300e+00   3.4012000e+00  -6.1393100e+06
   7.4460800e+00  -5.5796600e+00   6.8492100e+00   3.4011700e+00   5.6885300e+00   3.4011900e+00  -6.1393100e+06
   7.4455200e+00  -5.5793800e+00   6.8490800e+00   3.4011700e+00   5.6885500e+00   3.4011900e+00  -6.1393200e+06
   7.4455400e+00  -5.5791900e+00   6.8489500e+00   3.4011900e+00   5.6884800e+00   3.4011900e+00  -6.1393200e+06
   7.4456700e+00  -5.5789800e+00   6.8491100e+00   3.4011900e+00   5.6884500e+00   3.4012000e+00  -6.1393100e+06
   7.4454100e+00  -5.5790200e+00   6.8491000e+00   3.4011500e+00   5.6885300e+00   3.4011900e+00  -6.1393200e+06
   7.4454900e+00  -5.5790800e+00   6.8489800e+00   3.4011900e+00   5.6884100e+00   3.4012000e+00  -6.1393100e+06
   7.4455900e+00  -5.5791100e+00   6.8491800e+00   3.4011800e+00   5.6885800e+00   3.4011900e+00  -6.1393200e+06
   7.4456000e+00  -5.5790200e+00   6.8491700e+00   3.4011900e+00   5.6883900e+00   3.4011900e+00  -6.1393200e+06
   7.4453900e+00  -5.5790200e+00   6.8488700e+00   3.4011900e+00   5.6885300e+00   3.4012000e+00  -6.1393200e+06
   7.4458600e+00  -5.5792100e+00   6.8492500e+00   3.4011900e+00   5.6886000e+00   3.4012000e+00  -6.1393200e+06
   7.4456500e+00  -5.5792900e+00   6.8491500e+00   3.4011800e+00   5.6885100e+00   3.4011900e+00  -6.1393100e+06
   7.4454500e+00  -5.5791100e+00   6.8491000e+00   3.4011700e+00   5.6884700e+00   3.4011900e+00  -6.1393200e+06
   7.4453700e+00  -5.5789700e+00   6.8490200e+00   3.4012000e+00   5.6885100e+00   3.4012000e+00  -6.1393100e+06
   7.4452200e+00  -5.5789400e+00   6.8489100e+00   3.4011700e+00   5.6884900e+00   3.4012000e+00  -6.1393200e+06
   7.4455600e+00  -5.5790100e+00   6.8490200e+00   3.4011800e+00   5.6884000e+00   3.4012000e+00  -6.1393100e+06
   7.4454600e+00  -5.5790100e+00   6.8491600e+00   3.4011600e+00   5.6884300e+00   3.4012000e+00  -6.1393200e+06
   7.4456100e+00  -5.5790100e+00   6.8490200e+00   3.4011800e+00   5.6884500e+00   3.4011900e+00  -6.1393200e+06
   7.4451900e+00  -5.5788800e+00   6.8491000e+00   3.4011800e+00   5.6885000e+00   3.4011900e+00  -6.1393200e+06
   7.4453700e+00  -5.5788500e+00   6.8492000e+00   3.4011900e+00   5.6885900e+00   3.4012000e+00  -6.1393200e+06
   7.4454100e+00  -5.5787000e+00   6.8491600e+00   3.4011800e+00   5.6884700e+00   3.4012000e+00  -6.1393200e+06
   7.4449500e+00  -5.5787300e+00   6.8489500e+00   3.4012000e+00   5.6884500e+00   3.4011900e+00  -6.1393200e+06
   7.4454600e+00  -5.5785800e+00   6.8491600e+00   3.4011900e+00   5.6883600e+00   3.4011900e+00  -6.1393200e+06
   7.4451200e+00  -5.5784900e+00   6.8490800e+00   3.4011900e+00   5.6884100e+00   3.4012000e+00  -6.1393200e+06
   7.4448100e+00  -5.5786400e+00   6.8489600e+00   3.4011800e+00   5.6885900e+00   3.4012000e+00  -6.1393200e+06
   7.4450900e+00  -5.5787600e+00   6.8489400e+00   3.4011800e+00   5.6884400e+00   3.4011900e+00  -6.1393200e+06
   7.4453600e+00  -5.5787000e+00   6.8490800e+00   3.4011900e+00   5.6884600e+00   3.4011900e+00  -6.1393200e+06
   7.4453400e+00  -5.5787100e+00   6.8491500e+00   3.4011900e+00   5.6884500e+00   3.4011900e+00  -6.1393200e+06
   7.4453400e+00  -5.5787300e+00   6.8491000e+00   3.4011300e+00   5.6884200e+00   3.4012000e+00  -6.1393200e+06
   7.4451400e+00  -5.5787700e+00   6.8489800e+00   3.4011700e+00   5.6883800e+00   3.4011900e+00  -6.1393200e+06
   7.4456300e+00  -5.5787300e+00   6.8491600e+00   3.4011600e+00   5.6883400e+00   3.4012000e+00  -6.1393200e+06
   7.4450900e+00  -5.5786200e+00   6.8489100e+00   3.4011700e+00   5.6884400e+00   3.4012000e+00  -6.1393200e+06
   7.4449300e+00  -5.5785700e+00   6.8490000e+00   3.4011100e+00   5.6884100e+00   3.4012000e+00  -6.1393200e+06
   7.4446100e+00  -5.5784700e+00   6.8489500e+00   3.4011000e+00   5.6885600e+00   3.4012000e+00  -6.1393200e+06
   7.4448500e+00  -5.5786300e+00   6.8488900e+00   3.4011600e+00   5.6884200e+00   3.4011900e+00  -6.1393200e+06
   7.4452200e+00  -5.5787100e+00   6.8490900e+00   3.4011700e+00   5.6884500e+00   3.4011900e+00  -6.1393200e+06
   7.4450800e+00  -5.5785800e+00   6.8490500e+00   3.4011800e+00   5.6885500e+00   3.4011900e+00  -6.1393200e+06
   7.4450400e+00  -5.5786900e+00   6.8490800e+00   3.4011900e+00   5.6883600e+00   3.4011900e+00  -6.1393200e+06
   7.4455300e+00  -5.5788300e+00   6.8489900e+00   3.4011900e+00   5.6883100e+00   3.4012000e+00  -6.1393200e+06
   7.4453700e+00  -5.5787500e+00   6.8490700e+00   3.4011900e+00   5.6884200e+00   3.4011900e+00  -6.1393200e+06
   7.4453000e+00  -5.5785500e+00   6.8492000e+00   3.4011900e+00   5.6883700e+00   3.4012000e+00  -6.1393200e+06
   7.4452100e+00  -5.5785500e+00   6.8490000e+00   3.4011600e+00   5.6884100e+00   3.4012000e+00  -6.1393200e+06
   7.4450600e+00  -5.5785600e+00   6.8489800e+00   3.4011900e+00   5.6883500e+00   3.4012000e+00  -6.1393200e+06
   7.4448900e+00  -5.5783000e+00   6.8491200e+00   3.4012000e+00   5.6884600e+00   3.4011900e+00  -6.1393200e+06
   7.4445100e+00  -5.5781500e+00   6.8489900e+00   3.4011600e+00   5.6885600e+00   3.4011900e+00  -6.1393200e+06
   7.4447400e+00  -5.5782100e+00   6.8490800e+00   3.4011700e+00   5.6884200e+00   3.4012000e+00  -6.1393200e+06
   7.4448700e+00  -5.5782800e+00   6.8490100e+00   3.4011800e+00   5.6883700e+00   3.4012000e+00  -6.1393200e+06
   7.4447800e+00  -5.5780900e+00   6.8490000e+00   3.4011800e+00   5.6885200e+00   3.4012000e+00  -6.1393200e+06
   7.4446900e+00  -5.5780500e+00   6.8490400e+00   3.4011800e+00   5.6884200e+00   3.4011800e+00  -6.1393200e+06
   7.4448300e+00  -5.5781400e+00   6.8491400e+00   3.4012000e+00   5.6883900e+00   3.4012000e+00  -6.1393200e+06
   7.4450500e+00  -5.5782000e+00   6.8490500e+00   3.4011700e+00   5.6884800e+00   3.4011900e+00  -6.1393200e+06
   7.4446800e+00  -5.5781100e+00   6.8491300e+00   3.4011400e+00   5.6885800e+00   3.4011900e+00  -6.1393200e+06
   7.4446100e+00  -5.5782000e+00   6.8490300e+00   3.4011600e+00   5.6885200e+00   3.4011900e+00  -6.1393200e+06
   7.4446500e+00  -5.5781700e+00   6.8488700e+00   3.4011900e+00   5.6884200e+00   3.4012000e+00  -6.1393200e+06
   7.4449800e+00  -5.5782000e+00   6.8491400e+00   3.4011800e+00   5.6883100e+00   3.4011900e+00  -6.1393200e+06
   7.4449300e+00  -5.5781200e+00   6.8491600e+00   3.4011900e+00   5.6884600e+00   3.4012000e+00  -6.1393200e+06
   7.4451100e+00  -5.5780500e+00   6.8492800e+00   3.4011900e+00   5.6884600e+00   3.4011900e+00  -6.1393200e+06
   7.4445200e+00  -5.5780800e+00   6.8491400e+00   3.4011600e+00   5.6885800e+00   3.4011900e+00  -6.1393200e+06
   7.4447500e+00  -5.5780200e+00   6.8488500e+00   3.4012000e+00   5.6883400e+00   3.4011900e+00  -6.1393200e+06
   7.4444800e+00  -5.5780000e+00   6.8488400e+00   3.4011700e+00   5.6885000e+00   3.4012000e+00  -6.1393200e+06
   7.4445800e+00  -5.5779500e+00   6.8489900e+00   3.4011800e+00   5.6885100e+00   3.4011900e+00  -6.1393200e+06
   7.4446100e+00  -5.5778600e+00   6.8489900e+00   3.4011900e+00   5.6883600e+00   3.4012000e+00  -6.1393200e+06
   7.4444900e+00  -5.5780000e+00   6.8488700e+00   3.4011800e+00   5.6883800e+00   3.4012000e+00  -6.1393200e+06
   7.4451200e+00  -5.5782200e+00   6.8488900e+00   3.4011900e+00   5.6884000e+00   3.4011900e+00  -6.1393200e+06
   7.4447200e+00  -5.5781700e+00   6.8489500e+00   3.4011800e+00   5.6883900e+00   3.4011900e+00  -6.1393200e+06
   7.4447200e+00  -5.5780200e+00   6.8490300e+00   3.4011800e+00   5.6883500e+00   3.4012000e+00  -6.1393200e+06
   7.4446200e+00  -5.5780100e+00   6.8489900e+00   3.4011900e+00   5.6883900e+00   3.4012000e+00  -6.1393200e+06
   7.4450400e+00  -5.5781600e+00   6.8490400e+00   3.4012000e+00   5.6883600e+00   3.4012000e+00  -6.1393200e+06
   7.4448700e+00  -5.5779700e+00   6.8489900e+00   3.4012000e+00   5.6884500e+00   3.4012000e+00  -6.1393200e+06
   7.4442600e+00  -5.5777600e+00   6.8489100e+00   3.4011000e+00   5.6884200e+00   3.4011900e+00  -6.1393300e+06
   7.4447900e+00  -5.5778000e+00   6.8489300e+00   3.4011900e+00   5.6882600e+00   3.4011900e+00  -6.1393200e+06
   7.4445800e+00  -5.5777000e+00   6.8490000e+00   3.4011400e+00   5.6884300e+00   3.4011900e+00  -6.1393200e+06
   7.4445700e+00  -5.5777300e+00   6.8491200e+00   3.4011900e+00   5.6884400e+00   3.4011900e+00  -6.1393200e+06
   7.4442000e+00  -5.5776300e+00   6.8491200e+00   3.4011800e+00   5.6884700e+00   3.4011900e+00  -6.1393200e+06
   7.4444900e+00  -5.5776800e+00   6.8490900e+00   3.4011800e+00   5.6885000e+00   3.4012000e+00  -6.1393200e+06
   7.4443700e+00  -5.5777600e+00   6.8489200e+00   3.4011500e+00   5.6886300e+00   3.4011900e+00  -6.1393300e+06
   7.4442600e+00  -5.5776700e+00   6.8490900e+00   3.4011700e+00   5.6884500e+00   3.4012000e+00  -6.1393200e+06
   7.4442000e+00  -5.5775400e+00   6.8490600e+00   3.4011500e+00   5.6884800e+00   3.4011900e+00  -6.1393200e+06
   7.4446000e+00  -5.5777300e+00   6.8490600e+00   3.4011700e+00   5.6884900e+00   3.4011900e+00  -6.1393200e+06
   7.4445300e+00  -5.5776900e+00   6.8488000e+00   3.4011600e+00   5.6884700e+00   3.4012000e+00  -6.1393300e+06
   7.4441200e+00  -5.5775600e+00   6.8490200e+00   3.4011500e+00   5.6884400e+00   3.4011900e+00  -6.1393200e+06
   7.4441500e+00  -5.5775500e+00   6.8489600e+00   3.4011800e+00   5.6884700e+00   3.4011900e+00  -6.1393200e+06
   7.4440600e+00  -5.5777200e+00   6.8489400e+00   3.4011900e+00   5.6884900e+00   3.4011900e+00  -6.1393200e+06
   7.4446800e+00  -5.5777200e+00   6.8490400e+00   3.4011700e+00   5.6884400e+00   3.4012000e+00  -6.1393200e+06
   7.4446100e+00  -5.5776800e+00   6.8490100e+00   3.4011600e+00   5.6883700e+00   3.4011900e+00  -6.1393200e+06
   7.4445400e+00  -5.5775400e+00   6.8491700e+00   3.4011800e+00   5.6884200e+00   3.4012000e+00  -6.1393200e+06
   7.4442700e+00  -5.5777100e+00   6.8490000e+00   3.4011800e+00   5.6885900e+00   3.4012000e+00  -6.1393200e+06
   7.4443100e+00  -5.5776100e+00   6.8488600e+00   3.4011300e+00   5.6883400e+00   3.4012000e+00  -6.1393300e+06
   7.4442500e+00  -5.5775600e+00   6.8490200e+00   3.4011900e+00   5.6884900e+00   3.4011900e+00  -6.1393200e+06
   7.4443700e+00  -5.5774200e+00   6.8489900e+00   3.4011600e+00   5.6883700e+00   3.4012000e+00  -6.1393200e+06
   7.4438000e+00  -5.5772500e+00   6.8490900e+00   3.4011600e+00   5.6884700e+00   3.4012000e+00  -6.1393200e+06
   7.4438800e+00  -5.5773300e+00   6.8490600e+00   3.4011800e+00   5.6884300e+00   3.4011900e+00  -6.1393300e+06
   7.4440200e+00  -5.5774400e+00   6.8490800e+00   3.4011500e+00   5.6884400e+00   3.4011900e+00  -6.1393300e+06
   7.4442000e+00  -5.5772200e+00   6.8490600e+00   3.4011900e+00   5.6884600e+00   3.4012000e+00  -6.1393200e+06
   7.4440200e+00  -5.5771800e+00   6.8490300e+00   3.4011900e+00   5.6885500e+00   3.4011900e+00  -6.1393200e+06
   7.4437500e+00  -5.5771900e+00   6.8489200e+00   3.4011900e+00   5.6884200e+00   3.4011900e+00  -6.1393200e+06
   7.4434200e+00  -5.5770300e+00   6.8488600e+00   3.4011800e+00   5.6884600e+00   3.4012000e+00  -6.1393300e+06
   7.4435200e+00  -5.5768500e+00   6.8490700e+00   3.4011900e+00   5.6886800e+00   3.4012000e+00  -6.1393300e+06
   7.4435700e+00  -5.5768600e+00   6.8488100e+00   3.4011600e+00   5.6884100e+00   3.4012000e+00  -6.1393300e+06
   7.4440000e+00  -5.5769000e+00   6.8492400e+00   3.4011800e+00   5.6885000e+00   3.4012000e+00  -6.1393300e+06
   7.4437500e+00  -5.5768600e+00   6.8490300e+00   3.4011700e+00   5.6884100e+00   3.4012000e+00  -6.1393200e+06
   7.4436800e+00  -5.5768000e+00   6.8490300e+00   3.4011500e+00   5.6884100e+00   3.4012000e+00  -6.1393300e+06
   7.4435500e+00  -5.5766200e+00   6.8489700e+00   3.4011600e+00   5.6884600e+00   3.4012000e+00  -6.1393300e+06
   7.4436400e+00  -5.5765000e+00   6.8489700e+00   3.4011900e+00   5.6883700e+00   3.4011900e+00  -6.1393300e+06
   7.4430200e+00  -5.5764000e+00   6.8490500e+00   3.4011900e+00   5.6884100e+00   3.4012000e+00  -6.1393300e+06
   7.4429800e+00  -5.5765400e+00   6.8489600e+00   3.4011500e+00   5.6885400e+00   3.4011900e+00  -6.1393300e+06
   7.4429600e+00  -5.5763600e+00   6.8489000e+00   3.4011800e+00   5.6885000e+00   3.4012000e+00  -6.1393300e+06
   7.4429900e+00  -5.5762300e+00   6.8488800e+00   3.4011500e+00   5.6885200e+00   3.4011900e+00  -6.1393300e+06
   7.4428200e+00  -5.5761100e+00   6.8489300e+00   3.4011900e+00   5.6884900e+00   3.4012000e+00  -6.1393300e+06
   7.4428100e+00  -5.5761600e+00   6.8489800e+00   3.4011900e+00   5.6884500e+00   3.4012000e+00  -6.1393300e+06
   7.4432400e+00  -5.5762800e+00   6.8489200e+00   3.4011600e+00   5.6884400e+00   3.4012000e+00  -6.1393300e+06
   7.4428400e+00  -5.5761200e+00   6.8490400e+00   3.4011700e+00   5.6884300e+00   3.4012000e+00  -6.1393300e+06
   7.4429500e+00  -5.5760300e+00   6.8489800e+00   3.4011700e+00   5.6883900e+00   3.4011900e+00  -6.1393300e+06
   7.4433000e+00  -5.5760200e+00   6.8490000e+00   3.4011900e+00   5.6882900e+00   3.4012000e+00  -6.1393300e+06
   7.4432100e+00  -5.5761100e+00   6.8490700e+00   3.4011500e+00   5.6884600e+00   3.4011900e+00  -6.1393300e+06
   7.4430500e+00  -5.5761300e+00   6.8489500e+00   3.4011900e+00   5.6884500e+00   3.4011900e+00  -6.1393300e+06
   7.4430100e+00  -5.5759900e+00   6.8490000e+00   3.4011100e+00   5.6884300e+00   3.4011900e+00  -6.1393300e+06
   7.4427800e+00  -5.5759000e+00   6.8489800e+00   3.4011700e+00   5.6884800e+00   3.4012000e+00  -6.1393300e+06
   7.4429800e+00  -5.5760400e+00   6.8489800e+00   3.4011900e+00   5.6884600e+00   3.4012000e+00  -6.1393300e+06
   7.4425900e+00  -5.5758600e+00   6.8490200e+00   3.4011500e+00   5.6884300e+00   3.4012000e+00  -6.1393300e+06
   7.4428100e+00  -5.5759000e+00   6.8491200e+00   3.4011900e+00   5.6884600e+00   3.4011900e+00  -6.1393300e+06
   7.4428700e+00  -5.5757800e+00   6.8489400e+00   3.4011600e+00   5.6883600e+00   3.4011900e+00  -6.1393300e+06
   7.4428900e+00  -5.5757600e+00   6.8489600e+00   3.4011900e+00   5.6883800e+00   3.4011900e+00  -6.1393300e+06
   7.4425800e+00  -5.5758700e+00   6.8490400e+00   3.4011300e+00   5.6884700e+00   3.4011900e+00  -6.1393300e+06
   7.4428200e+00  -5.5759300e+00   6.8489600e+00   3.4012000e+00   5.6886100e+00   3.4012000e+00  -6.1393300e+06
   7.4426800e+00  -5.5758100e+00   6.8488600e+00   3.4011600e+00   5.6884900e+00   3.4012000e+00  -6.1393300e+06
   7.4426300e+00  -5.5756500e+00   6.8490800e+00   3.4011900e+00   5.6884000e+00   3.4011900e+00  -6.1393300e+06
   7.4425900e+00  -5.5758000e+00   6.8491000e+00   3.4011600e+00   5.6886000e+00   3.4011900e+00  -6.1393300e+06
   7.4431000e+00  -5.5759600e+00   6.8491100e+00   3.4011500e+00   5.6884300e+00   3.4011900e+00  -6.1393300e+06
   7.4432100e+00  -5.5761200e+00   6.8490200e+00   3.4011900e+00   5.6884100e+00   3.4011900e+00  -6.1393300e+06
   7.4432400e+00  -5.5762100e+00   6.8491500e+00   3.4011700e+00   5.6884300e+00   3.4011900e+00  -6.1393300e+06
   7.4433100e+00  -5.5763200e+00   6.8490000e+00   3.4011900e+00   5.6884800e+00   3.4011900e+00  -6.1393300e+06
   7.4429500e+00  -5.5764600e+00   6.8488300e+00   3.4011900e+00   5.6885600e+00   3.4011900e+00  -6.1393300e+06
   7.4433600e+00  -5.5762600e+00   6.8489900e+00   3.4011800e+00   5.6883800e+00   3.4011900e+00  -6.1393300e+06
   7.4430600e+00  -5.5761200e+00   6.8488900e+00   3.4011900e+00   5.6884500e+00   3.4011900e+00  -6.1393300e+06
   7.4429300e+00  -5.5760600e+00   6.8490700e+00   3.4011900e+00   5.6885400e+00   3.4011900e+00  -6.1393300e+06
   7.4429000e+00  -5.5760800e+00   6.8490300e+00   3.4011100e+00   5.6886100e+00   3.4012000e+00  -6.1393300e+06
   7.4432400e+00  -5.5761400e+00   6.8489700e+00   3.4011900e+00   5.6883300e+00   3.4012000e+00  -6.1393300e+06
   7.4427800e+00  -5.5761500e+00   6.8489400e+00   3.4011700e+00   5.6885900e+00   3.4012000e+00  -6.1393300e+06
   7.4429700e+00  -5.5761700e+00   6.8490700e+00   3.4011700e+00   5.6885000e+00   3.4011900e+00  -6.1393300e+06
   7.4429100e+00  -5.5762000e+00   6.8489500e+00   3.4011400e+00   5.6883900e+00   3.4011900e+00  -6.1393300e+06
   7.4430900e+00  -5.5762600e+00   6.8491600e+00   3.4011500e+00   5.6884800e+00   3.4012000e+00  -6.1393300e+06
   7.4431600e+00  -5.5761400e+00   6.8490900e+00   3.4011900e+00   5.6884800e+00   3.4012000e+00  -6.1393300e+06
   7.4434900e+00  -5.5761800e+00   6.8491000e+00   3.4011500e+00   5.6883900e+00   3.4011900e+00  -6.1393300e+06
   7.4428800e+00  -5.5760600e+00   6.8490300e+00   3.4011900e+00   5.6886000e+00   3.4011900e+00  -6.1393300e+06
   7.4427600e+00  -5.5758800e+00   6.8488700e+00   3.4011800e+00   5.6885900e+00   3.4011900e+00  -6.1393300e+06
   7.4426100e+00  -5.5759100e+00   6.8490000e+00   3.4011700e+00   5.6885400e+00   3.4012000e+00  -6.1393300e+06
   7.4426300e+00  -5.5759800e+00   6.8489500e+00   3.4011800e+00   5.6885500e+00   3.4011900e+00  -6.1393300e+06
   7.4428700e+00  -5.5759700e+00   6.8489800e+00   3.4011600e+00   5.6883500e+00   3.4012000e+00  -6.1393300e+06
   7.4430200e+00  -5.5757300e+00   6.8489700e+00   3.4011800e+00   5.6883200e+00   3.4012000e+00  -6.1393300e+06
   7.4427800e+00  -5.5757400e+00   6.8489600e+00   3.4011900e+00   5.6884000e+00   3.4011900e+00  -6.1393300e+06
   7.4428300e+00  -5.5757200e+00   6.8492300e+00   3.4011500e+00   5.6883400e+00   3.4011900e+00  -6.1393400e+06
   7.4424800e+00  -5.5757900e+00   6.8489500e+00   3.4011700e+00   5.6884700e+00   3.4012000e+00  -6.1393300e+06
   7.4429300e+00  -5.5757000e+00   6.8492000e+00   3.4011900e+00   5.6884900e+00   3.4011900e+00  -6.1393300e+06
   7.4423900e+00  -5.5756100e+00   6.8488500e+00   3.4011900e+00   5.6883400e+00   3.4012000e+00  -6.1393300e+06
   7.4422600e+00  -5.5754800e+00   6.8488800e+00   3.4011900e+00   5.6885200e+00   3.4011900e+00  -6.1393300e+06
   7.4424900e+00  -5.5754500e+00   6.8488700e+00   3.4011800e+00   5.6884500e+00   3.4012000e+00  -6.1393300e+06
   7.4422800e+00  -5.5753200e+00   6.8489600e+00   3.4012000e+00   5.6884400e+00   3.4012000e+00  -6.1393300e+06
   7.4421000e+00  -5.5754400e+00   6.8490900e+00   3.4011400e+00   5.6885600e+00   3.4011900e+00  -6.1393400e+06
   7.4429900e+00  -5.5755200e+00   6.8490900e+00   3.4011700e+00   5.6883000e+00   3.4011900e+00  -6.1393400e+06
   7.4428200e+00  -5.5754700e+00   6.8491500e+00   3.4011500e+00   5.6883500e+00   3.4011900e+00  -6.1393300e+06
   7.4424100e+00  -5.5754500e+00   6.8491200e+00   3.4011700e+00   5.6884700e+00   3.4011900e+00  -6.1393300e+06
   7.4427100e+00  -5.5754400e+00   6.8490700e+00   3.4011800e+00   5.6883600e+00   3.4012000e+00  -6.1393300e+06
   7.4424700e+00  -5.5754600e+00   6.8489600e+00   3.4011800e+00   5.6884200e+00   3.4012000e+00  -6.1393300e+06
   7.4427400e+00  -5.5756200e+00   6.8490100e+00   3.4011800e+00   5.6884900e+00   3.4011900e+00  -6.1393300e+06
   7.4427300e+00  -5.5758300e+00   6.8489600e+00   3.4011700e+00   5.6885100e+00   3.4011900e+00  -6.1393300e+06
   7.4425600e+00  -5.5759100e+00   6.8488400e+00   3.4011600e+00   5.6884000e+00   3.4012000e+00  -6.1393300e+06
   7.4429200e+00  -5.5759700e+00   6.8489500e+00   3.4011800e+00   5.6883100e+00   3.4011900e+00  -6.1393300e+06
   7.4426000e+00  -5.5760200e+00   6.8489600e+00   3.4011900e+00   5.6885600e+00   3.4012000e+00  -6.1393300e+06
   7.4428400e+00  -5.5759200e+00   6.8491000e+00   3.4011700e+00   5.6884400e+00   3.4012000e+00  -6.1393300e+06
   7.4432800e+00  -5.5760400e+00   6.8490300e+00   3.4011700e+00   5.6883500e+00   3.4012000e+00  -6.1393300e+06
   7.4429900e+00  -5.5762100e+00   6.8490400e+00   3.4011900e+00   5.6884200e+00   3.4012000e+00  -6.1393300e+06
   7.4436500e+00  -5.5764500e+00   6.8491400e+00   3.4011700e+00   5.6885100e+00   3.4011900e+00  -6.1393300e+06
   7.4435600e+00  -5.5765400e+00   6.8491400e+00   3.4012000e+00   5.6884800e+00   3.4012000e+00  -6.1393300e+06
   7.4437100e+00  -5.5766000e+00   6.8491400e+00   3.4011700e+00   5.6884400e+00   3.4012000e+00  -6.1393300e+06
   7.4431900e+00  -5.5767100e+00   6.8488600e+00   3.4012000e+00   5.6886100e+00   3.4012000e+00  -6.1393300e+06
   7.4433700e+00  -5.5767500e+00   6.8491100e+00   3.4011800e+00   5.6884000e+00   3.4011900e+00  -6.1393300e+06
   7.4432900e+00  -5.5766400e+00   6.8488900e+00   3.4011700e+00   5.6883700e+00   3.4012000e+00  -6.1393300e+06
   7.4431600e+00  -5.5768400e+00   6.8489300e+00   3.4011600e+00   5.6885200e+00   3.4011900e+00  -6.1393300e+06
   7.4436600e+00  -5.5766900e+00   6.8491700e+00   3.4011900e+00   5.6884100e+00   3.4012000e+00  -6.1393300e+06
   7.4432800e+00  -5.5765800e+00   6.8489300e+00   3.4011600e+00   5.6885600e+00   3.4011900e+00  -6.1393300e+06
   7.4436600e+00  -5.5765500e+00   6.8491200e+00   3.4011800e+00   5.6884300e+00   3.4011900e+00  -6.1393300e+06
   7.4435900e+00  -5.5763700e+00   6.8490100e+00   3.4011700e+00   5.6883500e+00   3.4011900e+00  -6.1393300e+06
   7.4431800e+00  -5.5763700e+00   6.8489800e+00   3.4011900e+00   5.6886400e+00   3.4011900e+00  -6.1393300e+06
   7.4436900e+00  -5.5763800e+00   6.8491900e+00   3.4011900e+00   5.6883400e+00   3.4011900e+00  -6.1393300e+06
   7.4433900e+00  -5.5763800e+00   6.8490400e+00   3.4011900e+00   5.6884000e+00   3.4011900e+00  -6.1393300e+06
   7.4434100e+00  -5.5764000e+00   6.8489600e+00   3.4011900e+00   5.6884000e+00   3.4012000e+00  -6.1393300e+06
   7.4432500e+00  -5.5764300e+00   6.8492000e+00   3.4011700e+00   5.6884700e+00   3.4011900e+00  -6.1393300e+06
   7.4432000e+00  -5.5766900e+00   6.8488700e+00   3.4011900e+00   5.6884400e+00   3.4012000e+00  -6.1393300e+06
   7.4442300e+00  -5.5768800e+00   6.8491000e+00   3.4012000e+00   5.6882800e+00   3.4011900e+00  -6.1393300e+06
   7.4432400e+00  -5.5765600e+00   6.8490400e+00   3.4011900e+00   5.6884400e+00   3.4011900e+00  -6.1393300e+06
   7.4439500e+00  -5.5768900e+00   6.8490300e+00   3.4011800e+00   5.6884300e+00   3.4011900e+00  -6.1393300e+06
   7.4434900e+00  -5.5767100e+00   6.8490100e+00   3.4011900e+00   5.6883800e+00   3.4011900e+00  -6.1393300e+06
   7.4438400e+00  -5.5767900e+00   6.8490300e+00   3.4011700e+00   5.6884000e+00   3.4011900e+00  -6.1393300e+06
   7.4435500e+00  -5.5766300e+00   6.8490100e+00   3.4011900e+00   5.6884500e+00   3.4011900e+00  -6.1393200e+06
   7.4434600e+00  -5.5768300e+00   6.8488100e+00   3.4011800e+00   5.6885300e+00   3.4011900e+00  -6.1393300e+06
   7.4437200e+00  -5.5768600e+00   6.8490200e+00   3.4011300e+00   5.6884300e+00   3.4012000e+00  -6.1393300e+06
   7.4434200e+00  -5.5767800e+00   6.8489600e+00   3.4011800e+00   5.6885900e+00   3.4011900e+00  -6.1393300e+06
   7.4434400e+00  -5.5766900e+00   6.8490300e+00   3.4011700e+00   5.6885100e+00   3.4012000e+00  -6.1393200e+06
   7.4436000e+00  -5.5766300e+00   6.8490600e+00   3.4011900e+00   5.6884900e+00   3.4011900e+00  -6.1393300e+06
   7.4435700e+00  -5.5768300e+00   6.8489800e+00   3.4011800e+00   5.6885700e+00   3.4011900e+00  -6.1393300e+06
   7.4436400e+00  -5.5769500e+00   6.8490600e+00   3.4011800e+00   5.6884300e+00   3.4012000e+00  -6.1393200e+06
   7.4439300e+00  -5.5770900e+00   6.8489700e+00   3.4011600e+00   5.6883800e+00   3.4012000e+00  -6.1393200e+06
   7.4438900e+00  -5.5769700e+00   6.8490300e+00   3.4011900e+00   5.6884000e+00   3.4011900e+00  -6.1393200e+06
   7.4436600e+00  -5.5769000e+00   6.8491400e+00   3.4011800e+00   5.6885300e+00   3.4012000e+00  -6.1393200e+06
   7.4437300e+00  -5.5769600e+00   6.8490600e+00   3.4011800e+00   5.6885300e+00   3.4012000e+00  -6.1393200e+06
   7.4436900e+00  -5.5768000e+00   6.8490000e+00   3.4011900e+00   5.6884600e+00   3.4012000e+00  -6.1393200e+06
   7.4435700e+00  -5.5767000e+00   6.8490400e+00   3.4011800e+00   5.6884300e+00   3.4011900e+00  -6.1393300e+06
   7.4436500e+00  -5.5767000e+00   6.8488200e+00   3.4011900e+00   5.6885000e+00   3.4011900e+00  -6.1393300e+06
   7.4438900e+00  -5.5768000e+00   6.8490900e+00   3.4011900e+00   5.6884200e+00   3.4012000e+00  -6.1393200e+06
   7.4438700e+00  -5.5769000e+00   6.8488400e+00   3.4011900e+00   5.6883800e+00   3.4011900e+00  -6.1393300e+06
   7.4437800e+00  -5.5769800e+00   6.8489200e+00   3.4011900e+00   5.6884400e+00   3.4011900e+00  -6.1393200e+06
   7.4434700e+00  -5.5769900e+00   6.8488600e+00   3.4011800e+00   5.6883900e+00   3.4011900e+00  -6.1393300e+06
   7.4440800e+00  -5.5769200e+00   6.8489500e+00   3.4011800e+00   5.6883600e+00   3.4012000e+00  -6.1393300e+06
   7.4436300e+00  -5.5768900e+00   6.8490000e+00   3.4012000e+00   5.6883700e+00   3.4012000e+00  -6.1393200e+06
   7.4433500e+00  -5.5768600e+00   6.8489000e+00   3.4011400e+00   5.6884500e+00   3.4012000e+00  -6.1393300e+06
   7.4434500e+00  -5.5766000e+00   6.8490800e+00   3.4011600e+00   5.6883900e+00   3.4012000e+00  -6.1393300e+06
   7.4436200e+00  -5.5766600e+00   6.8491000e+00   3.4012000e+00   5.6883100e+00   3.4011800e+00  -6.1393300e+06
   7.4433600e+00  -5.5765500e+00   6.8490000e+00   3.4011800e+00   5.6884800e+00   3.4012000e+00  -6.1393300e+06
   7.4436700e+00  -5.5765400e+00   6.8490900e+00   3.4011500e+00   5.6884600e+00   3.4011900e+00  -6.1393300e+06
   7.4431400e+00  -5.5766500e+00   6.8489000e+00   3.4011800e+00   5.6885500e+00   3.4012000e+00  -6.1393300e+06
   7.4434900e+00  -5.5766200e+00   6.8489600e+00   3.4011600e+00   5.6884900e+00   3.4012000e+00  -6.1393300e+06
   7.4435700e+00  -5.5766700e+00   6.8491100e+00   3.4011800e+00   5.6884100e+00   3.4012000e+00  -6.1393300e+06
   7.4436400e+00  -5.5767500e+00   6.8490000e+00   3.4011600e+00   5.6883900e+00   3.4011900e+00  -6.1393300e+06
   7.4436900e+00  -5.5768000e+00   6.8489300e+00   3.4011900e+00   5.6884500e+00   3.4011900e+00  -6.1393300e+06
   7.4436700e+00  -5.5767600e+00   6.8492700e+00   3.4011500e+00   5.6884800e+00   3.4011900e+00  -6.1393300e+06
   7.4435600e+00  -5.5766400e+00   6.8490700e+00   3.4011900e+00   5.6883900e+00   3.4011900e+00  -6.1393300e+06
   7.4433000e+00  -5.5767500e+00   6.8488800e+00   3.4011700e+00   5.6886400e+00   3.4011900e+00  -6.1393300e+06
   7.4433700e+00  -5.5765100e+00   6.8489500e+00   3.4011700e+00   5.6885000e+00   3.4011900e+00  -6.1393300e+06
   7.4430000e+00  -5.5765900e+00   6.8489500e+00   3.4011800e+00   5.6884700e+00   3.4011900e+00  -6.1393300e+06
   7.4436800e+00  -5.5766400e+00   6.8492500e+00   3.4011900e+00   5.6884900e+00   3.4011900e+00  -6.1393300e+06
   7.4432800e+00  -5.5767300e+00   6.8489200e+00   3.4011600e+00   5.6883800e+00   3.4012000e+00  -6.1393300e+06
   7.4438100e+00  -5.5768800e+00   6.8492000e+00   3.4011300e+00   5.6884300e+00   3.4012000e+00  -6.1393300e+06
   7.4440500e+00  -5.5769900e+00   6.8491000e+00   3.4011600e+00   5.6884600e+00   3.4011900e+00  -6.1393300e+06
   7.4437900e+00  -5.5770600e+00   6.8487800e+00   3.4012000e+00   5.6884200e+00   3.4011900e+00  -6.1393300e+06
   7.4436200e+00  -5.5771200e+00   6.8489700e+00   3.4011500e+00   5.6884500e+00   3.4012000e+00  -6.1393300e+06
   7.4435200e+00  -5.5769200e+00   6.8490700e+00   3.4011600e+00   5.6885100e+00   3.4012000e+00  -6.1393300e+06
   7.4441800e+00  -5.5771100e+00   6.8490300e+00   3.4011800e+00   5.6882600e+00   3.4012000e+00  -6.1393300e+06
   7.4436500e+00  -5.5770500e+00   6.8489700e+00   3.4011900e+00   5.6884500e+00   3.4012000e+00  -6.1393200e+06
   7.4437800e+00  -5.5771400e+00   6.8489600e+00   3.4011800e+00   5.6885500e+00   3.4011900e+00  -6.1393200e+06
   7.4441200e+00  -5.5773300e+00   6.8490100e+00   3.4011700e+00   5.6884300e+00   3.4011900e+00  -6.1393200e+06
   7.4440200e+00  -5.5772600e+00   6.8490500e+00   3.4011400e+00   5.6883200e+00   3.4012000e+00  -6.1393300e+06
   7.4441100e+00  -5.5769900e+00   6.8489700e+00   3.4011600e+00   5.6883500e+00   3.4012000e+00  -6.1393300e+06
   7.4442300e+00  -5.5770900e+00   6.8490500e+00   3.4011700e+00   5.6885900e+00   3.4012000e+00  -6.1393300e+06
   7.4437600e+00  -5.5770400e+00   6.8490300e+00   3.4011900e+00   5.6883900e+00   3.4011900e+00  -6.1393300e+06
   7.4437500e+00  -5.5769600e+00   6.8490700e+00   3.4011700e+00   5.6884200e+00   3.4011900e+00  -6.1393300e+06
   7.4435800e+00  -5.5768600e+00   6.8491100e+00   3.4011900e+00   5.6885400e+00   3.4012000e+00  -6.1393200e+06
   7.4440900e+00  -5.5768700e+00   6.8490000e+00   3.4011400e+00   5.6884100e+00   3.4012000e+00  -6.1393300e+06
   7.4435700e+00  -5.5768800e+00   6.8489500e+00   3.4012000e+00   5.6884200e+00   3.4011900e+00  -6.1393300e+06
   7.4439700e+00  -5.5768900e+00   6.8490900e+00   3.4011500e+00   5.6883500e+00   3.4012000e+00  -6.1393300e+06
   7.4435100e+00  -5.5769400e+00   6.8489700e+00   3.4011700e+00   5.6885200e+00   3.4012000e+00  -6.1393200e+06
   7.4439000e+00  -5.5770000e+00   6.8490800e+00   3.4011700e+00   5.6883700e+00   3.4012000e+00  -6.1393200e+06
   7.4439600e+00  -5.5769600e+00   6.8492000e+00   3.4011900e+00   5.6884100e+00   3.4012000e+00  -6.1393200e+06
   7.4435700e+00  -5.5766200e+00   6.8490800e+00   3.4011500e+00   5.6885200e+00   3.4012000e+00  -6.1393300e+06
   7.4436500e+00  -5.5766800e+00   6.8490400e+00   3.4011900e+00   5.6883900e+00   3.4012000e+00  -6.1393200e+06
   7.4436300e+00  -5.5768600e+00   6.8490300e+00   3.4011900e+00   5.6885900e+00   3.4012000e+00  -6.1393200e+06
   7.4436800e+00  -5.5766600e+00   6.8490400e+00   3.4011800e+00   5.6883300e+00   3.4012000e+00  -6.1393300e+06
   7.4437500e+00  -5.5765800e+00   6.8490700e+00   3.4011900e+00   5.6883400e+00   3.4012000e+00  -6.1393300e+06
   7.4435700e+00  -5.5766300e+00   6.8491000e+00   3.4011600e+00   5.6886100e+00   3.4012000e+00  -6.1393300e+06
   7.4432900e+00  -5.5765500e+00   6.8490800e+00   3.4011800e+00   5.6884200e+00   3.4011900e+00  -6.1393300e+06
   7.4435400e+00  -5.5765900e+00   6.8491700e+00   3.4011900e+00   5.6884500e+00   3.4011900e+00  -6.1393300e+06
   7.4438200e+00  -5.5766700e+00   6.8491100e+00   3.4011900e+00   5.6884200e+00   3.4012000e+00  -6.1393300e+06
   7.4434600e+00  -5.5766700e+00   6.8489000e+00   3.4011900e+00   5.6883600e+00   3.4011900e+00  -6.1393300e+06
