   6.9095100e+00  -1.0627700e+00   6.0296900e+00   2.8790700e+00   5.2554400e+00   5.5485100e-01  -1.2090900e+05
   6.9094000e+00  -1.0628400e+00   6.0298100e+00   2.8789900e+00   5.2552100e+00   5.5494900e-01  -1.2091000e+05
   6.9092400e+00  -1.0622300e+00   6.0298400e+00   2.8784800e+00   5.2559000e+00   5.5500500e-01  -1.2090900e+05
   6.9099600e+00  -1.0627100e+00   6.0298100e+00   2.8781700e+00   5.2548100e+00   5.5502800e-01  -1.2090700e+05
   6.9099700e+00  -1.0623600e+00   6.0296900e+00   2.8783600e+00   5.2547200e+00   5.5522200e-01  -1.2090800e+05
   6.9094500e+00  -1.0613700e+00   6.0297500e+00   2.8780600e+00   5.2544200e+00   5.5503200e-01  -1.2091400e+05
   6.9093400e+00  -1.0609800e+00   6.0297600e+00   2.8777200e+00   5.2550500e+00   5.5518600e-01  -1.2090900e+05
   6.9095200e+00  -1.0604500e+00   6.0298500e+00   2.8777300e+00   5.2552400e+00   5.5504300e-01  -1.2090700e+05
   6.9100200e+00  -1.0612500e+00   6.0299200e+00   2.8775500e+00   5.2550800e+00   5.5516400e-01  -1.2090900e+05
   6.9098500e+00  -1.0610400e+00   6.0298500e+00   2.8774900e+00   5.2551000e+00   5.5519300e-01  -1.2090700e+05
   6.9097700e+00  -1.0619500e+00   6.0298000e+00   2.8775900e+00   5.2549000e+00   5.5520800e-01  -1.2090700e+05
   6.9092000e+00  -1.0622400e+00   6.0299300e+00   2.8775300e+00   5.2560100e+00   5.5539300e-01  -1.2090800e+05
   6.9093100e+00  -1.0621500e+00   6.0298900e+00   2.8772100e+00   5.2558800e+00   5.5562400e-01  -1.2090700e+05
   6.9093400e+00  -1.0612600e+00   6.0299100e+00   2.8774300e+00   5.2562400e+00   5.5583800e-01  -1.2090800e+05
   6.9094000e+00  -1.0609400e+00   6.0298000e+00   2.8769300e+00   5.2555100e+00   5.5597400e-01  -1.2090800e+05
   6.9094500e+00  -1.0601500e+00   6.0299100e+00   2.8769400e+00   5.2556300e+00   5.5602800e-01  -1.2090800e+05
   6.9091200e+00  -1.0610600e+00   6.0299700e+00   2.8765400e+00   5.2563200e+00   5.5591500e-01  -1.2090800e+05
   6.9093700e+00  -1.0610200e+00   6.0298900e+00   2.8764100e+00   5.2561900e+00   5.5591900e-01  -1.2090800e+05
   6.9093000e+00  -1.0609100e+00   6.0298400e+00   2.8761100e+00   5.2557300e+00   5.5597000e-01  -1.2090800e+05
   6.9098000e+00  -1.0607000e+00   6.0299400e+00   2.8769800e+00   5.2557900e+00   5.5552400e-01  -1.2091000e+05
   6.9097100e+00  -1.0602800e+00   6.0297100e+00   2.8772800e+00   5.2547800e+00   5.5566000e-01  -1.2091000e+05
   6.9090000e+00  -1.0601900e+00   6.0298000e+00   2.8771100e+00   5.2561100e+00   5.5594000e-01  -1.2090800e+05
   6.9093300e+00  -1.0600500e+00   6.0298200e+00   2.8774500e+00   5.2554000e+00   5.5592100e-01  -1.2090800e+05
   6.9093400e+00  -1.0598000e+00   6.0298900e+00   2.8779200e+00   5.2565000e+00   5.5575600e-01  -1.2091100e+05
   6.9090600e+00  -1.0597500e+00   6.0298800e+00   2.8780700e+00   5.2561600e+00   5.5580300e-01  -1.2090800e+05
   6.9095700e+00  -1.0594700e+00   6.0299100e+00   2.8776400e+00   5.2556600e+00   5.5575400e-01  -1.2090800e+05
   6.9091500e+00  -1.0588700e+00   6.0299100e+00   2.8777600e+00   5.2560800e+00   5.5578700e-01  -1.2090800e+05
   6.9091400e+00  -1.0585100e+00   6.0298400e+00   2.8782500e+00   5.2557000e+00   5.5583400e-01  -1.2090800e+05
   6.9096000e+00  -1.0585300e+00   6.0298900e+00   2.8781200e+00   5.2553600e+00   5.5557300e-01  -1.2090800e+05
   6.9098800e+00  -1.0589700e+00   6.0297400e+00   2.8776900e+00   5.2544200e+00   5.5537200e-01  -1.2091000e+05
   6.9097600e+00  -1.0585600e+00   6.0299500e+00   2.8773400e+00   5.2548500e+00   5.5546000e-01  -1.2091000e+05
   6.9089300e+00  -1.0581100e+00   6.0299300e+00   2.8771600e+00   5.2560700e+00   5.5537000e-01  -1.2090900e+05
   6.9099100e+00  -1.0585600e+00   6.0300200e+00   2.8772300e+00   5.2548700e+00   5.5548700e-01  -1.2091100e+05
   6.9091500e+00  -1.0589500e+00   6.0299500e+00   2.8774300e+00   5.2553800e+00   5.5560900e-01  -1.2091100e+05
   6.9090700e+00  -1.0593000e+00   6.0298200e+00   2.8770300e+00   5.2561400e+00   5.5582000e-01  -1.2090800e+05
   6.9091500e+00  -1.0591500e+00   6.0299200e+00   2.8772300e+00   5.2560000e+00   5.5569000e-01  -1.2090800e+05
   6.9095000e+00  -1.0594600e+00   6.0299100e+00   2.8780800e+00   5.2557600e+00   5.5566800e-01  -1.2090800e+05
   6.9097500e+00  -1.0603300e+00   6.0298400e+00   2.8775900e+00   5.2551500e+00   5.5572400e-01  -1.2090800e+05
   6.9095800e+00  -1.0608400e+00   6.0298400e+00   2.8777300e+00   5.2554500e+00   5.5570500e-01  -1.2090700e+05
   6.9098400e+00  -1.0613800e+00   6.0299300e+00   2.8782200e+00   5.2553200e+00   5.5591900e-01  -1.2091000e+05
   6.9097900e+00  -1.0613800e+00   6.0297800e+00   2.8780000e+00   5.2555000e+00   5.5603500e-01  -1.2091000e+05
   6.9092800e+00  -1.0613100e+00   6.0298200e+00   2.8777000e+00   5.2553700e+00   5.5619600e-01  -1.2090900e+05
   6.9092900e+00  -1.0612500e+00   6.0300700e+00   2.8778400e+00   5.2560400e+00   5.5613200e-01  -1.2091100e+05
   6.9089900e+00  -1.0604200e+00   6.0299400e+00   2.8773300e+00   5.2558000e+00   5.5593400e-01  -1.2091000e+05
   6.9092400e+00  -1.0598200e+00   6.0298200e+00   2.8766200e+00   5.2556600e+00   5.5583500e-01  -1.2090800e+05
   6.9093400e+00  -1.0602100e+00   6.0297900e+00   2.8763800e+00   5.2557200e+00   5.5581900e-01  -1.2090900e+05
   6.9099300e+00  -1.0595500e+00   6.0298800e+00   2.8764700e+00   5.2553200e+00   5.5574900e-01  -1.2091200e+05
   6.9095100e+00  -1.0605800e+00   6.0298800e+00   2.8764900e+00   5.2550700e+00   5.5557100e-01  -1.2090900e+05
   6.9092900e+00  -1.0604600e+00   6.0298000e+00   2.8759100e+00   5.2554500e+00   5.5531400e-01  -1.2090900e+05
   6.9093800e+00  -1.0598800e+00   6.0299800e+00   2.8758100e+00   5.2558700e+00   5.5511400e-01  -1.2090900e+05
   6.9092200e+00  -1.0606300e+00   6.0297100e+00   2.8759000e+00   5.2557900e+00   5.5511400e-01  -1.2091100e+05
   6.9096800e+00  -1.0609700e+00   6.0296600e+00   2.8766300e+00   5.2554900e+00   5.5516200e-01  -1.2091200e+05
   6.9093300e+00  -1.0612000e+00   6.0299000e+00   2.8765400e+00   5.2559600e+00   5.5524600e-01  -1.2090800e+05
   6.9098100e+00  -1.0618200e+00   6.0297900e+00   2.8765200e+00   5.2554200e+00   5.5534700e-01  -1.2090900e+05
   6.9101000e+00  -1.0625900e+00   6.0299300e+00   2.8770600e+00   5.2543600e+00   5.5521800e-01  -1.2091100e+05
   6.9096700e+00  -1.0624500e+00   6.0298000e+00   2.8765900e+00   5.2553400e+00   5.5511800e-01  -1.2090700e+05
   6.9093600e+00  -1.0622100e+00   6.0296800e+00   2.8768400e+00   5.2553200e+00   5.5522500e-01  -1.2091000e+05
   6.9094700e+00  -1.0623300e+00   6.0298600e+00   2.8771200e+00   5.2559300e+00   5.5538500e-01  -1.2090700e+05
   6.9094500e+00  -1.0628400e+00   6.0299100e+00   2.8769600e+00   5.2557400e+00   5.5552300e-01  -1.2090700e+05
   6.9095100e+00  -1.0628300e+00   6.0300000e+00   2.8771600e+00   5.2555400e+00   5.5554900e-01  -1.2090900e+05
   6.9086800e+00  -1.0635800e+00   6.0297100e+00   2.8772700e+00   5.2563600e+00   5.5577900e-01  -1.2091100e+05
   6.9094400e+00  -1.0638600e+00   6.0298300e+00   2.8775100e+00   5.2557200e+00   5.5583500e-01  -1.2090700e+05
   6.9096100e+00  -1.0637900e+00   6.0298100e+00   2.8778300e+00   5.2558400e+00   5.5583500e-01  -1.2090700e+05
   6.9092300e+00  -1.0634400e+00   6.0298600e+00   2.8778300e+00   5.2560900e+00   5.5583300e-01  -1.2090700e+05
   6.9092400e+00  -1.0642500e+00   6.0297000e+00   2.8776600e+00   5.2563000e+00   5.5596100e-01  -1.2090800e+05
   6.9094500e+00  -1.0641300e+00   6.0299200e+00   2.8770700e+00   5.2561200e+00   5.5612000e-01  -1.2090700e+05
   6.9094700e+00  -1.0635500e+00   6.0297300e+00   2.8771300e+00   5.2558700e+00   5.5608400e-01  -1.2090800e+05
   6.9088100e+00  -1.0629700e+00   6.0299600e+00   2.8766100e+00   5.2572900e+00   5.5616200e-01  -1.2091000e+05
   6.9096100e+00  -1.0630700e+00   6.0297900e+00   2.8764100e+00   5.2556800e+00   5.5601700e-01  -1.2090800e+05
   6.9091600e+00  -1.0630300e+00   6.0299800e+00   2.8762400e+00   5.2562900e+00   5.5597600e-01  -1.2090800e+05
   6.9095700e+00  -1.0642300e+00   6.0298200e+00   2.8759700e+00   5.2558100e+00   5.5570200e-01  -1.2090700e+05
   6.9092400e+00  -1.0644300e+00   6.0298900e+00   2.8762300e+00   5.2561400e+00   5.5540600e-01  -1.2090800e+05
   6.9095100e+00  -1.0649800e+00   6.0299900e+00   2.8760100e+00   5.2554500e+00   5.5540700e-01  -1.2091000e+05
   6.9091600e+00  -1.0653800e+00   6.0299200e+00   2.8757500e+00   5.2561500e+00   5.5531700e-01  -1.2090900e+05
   6.9097200e+00  -1.0653700e+00   6.0299100e+00   2.8757300e+00   5.2557900e+00   5.5512900e-01  -1.2090800e+05
   6.9101800e+00  -1.0638400e+00   6.0298500e+00   2.8754900e+00   5.2548400e+00   5.5495700e-01  -1.2090900e+05
   6.9098400e+00  -1.0648400e+00   6.0298200e+00   2.8758300e+00   5.2553100e+00   5.5501300e-01  -1.2090800e+05
   6.9093500e+00  -1.0651500e+00   6.0296900e+00   2.8762100e+00   5.2557600e+00   5.5526400e-01  -1.2090900e+05
   6.9095600e+00  -1.0644800e+00   6.0298400e+00   2.8763800e+00   5.2552400e+00   5.5512700e-01  -1.2090800e+05
   6.9095300e+00  -1.0648200e+00   6.0298800e+00   2.8769500e+00   5.2554200e+00   5.5512100e-01  -1.2090800e+05
   6.9099300e+00  -1.0642000e+00   6.0298500e+00   2.8768200e+00   5.2551000e+00   5.5514000e-01  -1.2090700e+05
   6.9098500e+00  -1.0647000e+00   6.0298200e+00   2.8771600e+00   5.2554200e+00   5.5516300e-01  -1.2090700e+05
   6.9099600e+00  -1.0657400e+00   6.0299300e+00   2.8769400e+00   5.2548100e+00   5.5514300e-01  -1.2091000e+05
   6.9098200e+00  -1.0655400e+00   6.0298500e+00   2.8767700e+00   5.2552900e+00   5.5490700e-01  -1.2090800e+05
   6.9098800e+00  -1.0661500e+00   6.0299000e+00   2.8765800e+00   5.2554500e+00   5.5461600e-01  -1.2090900e+05
   6.9100500e+00  -1.0669000e+00   6.0298400e+00   2.8764500e+00   5.2554600e+00   5.5484700e-01  -1.2090900e+05
   6.9101100e+00  -1.0660600e+00   6.0297700e+00   2.8761000e+00   5.2551100e+00   5.5455000e-01  -1.2090900e+05
   6.9099200e+00  -1.0658100e+00   6.0299400e+00   2.8762200e+00   5.2548300e+00   5.5482200e-01  -1.2091000e+05
   6.9092500e+00  -1.0663000e+00   6.0298300e+00   2.8762900e+00   5.2558700e+00   5.5493000e-01  -1.2091000e+05
   6.9098500e+00  -1.0659300e+00   6.0299200e+00   2.8766700e+00   5.2555200e+00   5.5498300e-01  -1.2090900e+05
   6.9101900e+00  -1.0660500e+00   6.0297500e+00   2.8765500e+00   5.2553100e+00   5.5502600e-01  -1.2091000e+05
   6.9100400e+00  -1.0661300e+00   6.0298600e+00   2.8768800e+00   5.2554600e+00   5.5530600e-01  -1.2090800e+05
   6.9103900e+00  -1.0659100e+00   6.0296300e+00   2.8772200e+00   5.2542900e+00   5.5554500e-01  -1.2091200e+05
   6.9101000e+00  -1.0657700e+00   6.0298600e+00   2.8778000e+00   5.2549700e+00   5.5562700e-01  -1.2090900e+05
   6.9098700e+00  -1.0656500e+00   6.0296400e+00   2.8783800e+00   5.2549700e+00   5.5526300e-01  -1.2090800e+05
   6.9098800e+00  -1.0653400e+00   6.0297300e+00   2.8784200e+00   5.2545700e+00   5.5509700e-01  -1.2090800e+05
   6.9102800e+00  -1.0657500e+00   6.0298700e+00   2.8778100e+00   5.2549600e+00   5.5525300e-01  -1.2091000e+05
   6.9093400e+00  -1.0651400e+00   6.0296500e+00   2.8779900e+00   5.2555900e+00   5.5518000e-01  -1.2090900e+05
   6.9097900e+00  -1.0650700e+00   6.0298600e+00   2.8787000e+00   5.2551900e+00   5.5556000e-01  -1.2090800e+05
   6.9094400e+00  -1.0646400e+00   6.0298700e+00   2.8787900e+00   5.2557500e+00   5.5562700e-01  -1.2090800e+05
   6.9096700e+00  -1.0656700e+00   6.0298100e+00   2.8789500e+00   5.2557700e+00   5.5568200e-01  -1.2090800e+05
   6.9094300e+00  -1.0660200e+00   6.0297000e+00   2.8785500e+00   5.2558100e+00   5.5578500e-01  -1.2090700e+05
   6.9093100e+00  -1.0659400e+00   6.0297200e+00   2.8786900e+00   5.2556100e+00   5.5569800e-01  -1.2090800e+05
   6.9098100e+00  -1.0655700e+00   6.0297200e+00   2.8785200e+00   5.2548400e+00   5.5556400e-01  -1.2090800e+05
   6.9101600e+00  -1.0655100e+00   6.0295500e+00   2.8786800e+00   5.2547100e+00   5.5542400e-01  -1.2091100e+05
   6.9103300e+00  -1.0664100e+00   6.0298000e+00   2.8790500e+00   5.2551500e+00   5.5540300e-01  -1.2091200e+05
   6.9099300e+00  -1.0664300e+00   6.0296100e+00   2.8790100e+00   5.2549000e+00   5.5545800e-01  -1.2090800e+05
   6.9098500e+00  -1.0670700e+00   6.0297600e+00   2.8783900e+00   5.2551000e+00   5.5542500e-01  -1.2090700e+05
   6.9092900e+00  -1.0671200e+00   6.0295700e+00   2.8782400e+00   5.2559000e+00   5.5543500e-01  -1.2091100e+05
   6.9097600e+00  -1.0672400e+00   6.0296400e+00   2.8779800e+00   5.2551200e+00   5.5555000e-01  -1.2090700e+05
   6.9098100e+00  -1.0671400e+00   6.0297700e+00   2.8779000e+00   5.2548100e+00   5.5544900e-01  -1.2090900e+05
   6.9091600e+00  -1.0678500e+00   6.0297400e+00   2.8778100e+00   5.2561000e+00   5.5564600e-01  -1.2090900e+05
   6.9094400e+00  -1.0686200e+00   6.0295500e+00   2.8772900e+00   5.2555700e+00   5.5560400e-01  -1.2091000e+05
   6.9099500e+00  -1.0686700e+00   6.0297800e+00   2.8772600e+00   5.2556200e+00   5.5544300e-01  -1.2090800e+05
   6.9097100e+00  -1.0683000e+00   6.0297300e+00   2.8776400e+00   5.2558500e+00   5.5552000e-01  -1.2090800e+05
   6.9095100e+00  -1.0682800e+00   6.0295900e+00   2.8774100e+00   5.2555700e+00   5.5576500e-01  -1.2090800e+05
   6.9090500e+00  -1.0684500e+00   6.0296700e+00   2.8772300e+00   5.2566900e+00   5.5593700e-01  -1.2090900e+05
   6.9092500e+00  -1.0686400e+00   6.0297300e+00   2.8773700e+00   5.2566400e+00   5.5622500e-01  -1.2090700e+05
   6.9095900e+00  -1.0692200e+00   6.0298800e+00   2.8779300e+00   5.2553700e+00   5.5611000e-01  -1.2091100e+05
   6.9095600e+00  -1.0693400e+00   6.0297300e+00   2.8772900e+00   5.2560700e+00   5.5629200e-01  -1.2090600e+05
   6.9089800e+00  -1.0684400e+00   6.0295600e+00   2.8773600e+00   5.2565600e+00   5.5612700e-01  -1.2091100e+05
   6.9094900e+00  -1.0677500e+00   6.0299500e+00   2.8769900e+00   5.2562000e+00   5.5624700e-01  -1.2090800e+05
   6.9095700e+00  -1.0671100e+00   6.0299300e+00   2.8766900e+00   5.2566900e+00   5.5658000e-01  -1.2091000e+05
   6.9089800e+00  -1.0674600e+00   6.0297900e+00   2.8764300e+00   5.2568500e+00   5.5686500e-01  -1.2090600e+05
   6.9091800e+00  -1.0673400e+00   6.0298700e+00   2.8765200e+00   5.2563300e+00   5.5717600e-01  -1.2090800e+05
   6.9088700e+00  -1.0670300e+00   6.0298000e+00   2.8769800e+00   5.2570500e+00   5.5741500e-01  -1.2090700e+05
   6.9087900e+00  -1.0659100e+00   6.0297600e+00   2.8769400e+00   5.2569300e+00   5.5704900e-01  -1.2090700e+05
   6.9091600e+00  -1.0663800e+00   6.0296900e+00   2.8770400e+00   5.2564200e+00   5.5717600e-01  -1.2090800e+05
   6.9089400e+00  -1.0668300e+00   6.0297100e+00   2.8773600e+00   5.2571000e+00   5.5703700e-01  -1.2090800e+05
   6.9088300e+00  -1.0673100e+00   6.0299000e+00   2.8771300e+00   5.2572400e+00   5.5692400e-01  -1.2090700e+05
   6.9091400e+00  -1.0668400e+00   6.0297300e+00   2.8775600e+00   5.2571200e+00   5.5680000e-01  -1.2091000e+05
   6.9090900e+00  -1.0673500e+00   6.0297700e+00   2.8769600e+00   5.2566100e+00   5.5715700e-01  -1.2090700e+05
   6.9088600e+00  -1.0676300e+00   6.0299200e+00   2.8762700e+00   5.2571800e+00   5.5706500e-01  -1.2090700e+05
   6.9088400e+00  -1.0677400e+00   6.0297500e+00   2.8770400e+00   5.2564900e+00   5.5705900e-01  -1.2090800e+05
   6.9089700e+00  -1.0672900e+00   6.0298800e+00   2.8769400e+00   5.2571100e+00   5.5712200e-01  -1.2090700e+05
   6.9087800e+00  -1.0673100e+00   6.0297900e+00   2.8779500e+00   5.2574500e+00   5.5696500e-01  -1.2090900e+05
   6.9091600e+00  -1.0669600e+00   6.0297000e+00   2.8782900e+00   5.2568400e+00   5.5712100e-01  -1.2090900e+05
   6.9091900e+00  -1.0671400e+00   6.0297300e+00   2.8788400e+00   5.2563200e+00   5.5688900e-01  -1.2090700e+05
   6.9092100e+00  -1.0669200e+00   6.0298900e+00   2.8784400e+00   5.2559700e+00   5.5684400e-01  -1.2091000e+05
   6.9088100e+00  -1.0663300e+00   6.0296900e+00   2.8783800e+00   5.2565100e+00   5.5688400e-01  -1.2090800e+05
   6.9090600e+00  -1.0663400e+00   6.0298300e+00   2.8784300e+00   5.2567300e+00   5.5676600e-01  -1.2090700e+05
   6.9091900e+00  -1.0663400e+00   6.0295900e+00   2.8785300e+00   5.2560400e+00   5.5687900e-01  -1.2090900e+05
   6.9094700e+00  -1.0662800e+00   6.0296600e+00   2.8784800e+00   5.2558900e+00   5.5657800e-01  -1.2090800e+05
   6.9093900e+00  -1.0666800e+00   6.0298700e+00   2.8779800e+00   5.2561000e+00   5.5649200e-01  -1.2090700e+05
   6.9097600e+00  -1.0669900e+00   6.0298300e+00   2.8774800e+00   5.2558100e+00   5.5606400e-01  -1.2090700e+05
   6.9093200e+00  -1.0667800e+00   6.0294700e+00   2.8777700e+00   5.2555300e+00   5.5624600e-01  -1.2091200e+05
   6.9089100e+00  -1.0661100e+00   6.0296600e+00   2.8783300e+00   5.2563600e+00   5.5621600e-01  -1.2090900e+05
   6.9095500e+00  -1.0659200e+00   6.0296900e+00   2.8777500e+00   5.2558500e+00   5.5614100e-01  -1.2090700e+05
   6.9093800e+00  -1.0655600e+00   6.0297500e+00   2.8776000e+00   5.2559700e+00   5.5588000e-01  -1.2090700e+05
   6.9091200e+00  -1.0660400e+00   6.0297200e+00   2.8776600e+00   5.2560800e+00   5.5609000e-01  -1.2090700e+05
   6.9101800e+00  -1.0663700e+00   6.0298400e+00   2.8781100e+00   5.2550400e+00   5.5596500e-01  -1.2091000e+05
   6.9101700e+00  -1.0660200e+00   6.0297700e+00   2.8779900e+00   5.2551900e+00   5.5605700e-01  -1.2091000e+05
   6.9091000e+00  -1.0660400e+00   6.0296900e+00   2.8782900e+00   5.2561100e+00   5.5642900e-01  -1.2090700e+05
   6.9091300e+00  -1.0662000e+00   6.0295400e+00   2.8784800e+00   5.2557300e+00   5.5652100e-01  -1.2091000e+05
   6.9086900e+00  -1.0667900e+00   6.0298200e+00   2.8783700e+00   5.2569300e+00   5.5649900e-01  -1.2090900e+05
   6.9092200e+00  -1.0667800e+00   6.0297300e+00   2.8785700e+00   5.2558300e+00   5.5662300e-01  -1.2090800e+05
   6.9096700e+00  -1.0667000e+00   6.0297200e+00   2.8778700e+00   5.2558000e+00   5.5657600e-01  -1.2090800e+05
   6.9091000e+00  -1.0675000e+00   6.0298100e+00   2.8779300e+00   5.2562500e+00   5.5650000e-01  -1.2090700e+05
   6.9094100e+00  -1.0675200e+00   6.0299800e+00   2.8776000e+00   5.2561400e+00   5.5679300e-01  -1.2091000e+05
   6.9090700e+00  -1.0681200e+00   6.0296700e+00   2.8776800e+00   5.2564000e+00   5.5679500e-01  -1.2090700e+05
   6.9090800e+00  -1.0686700e+00   6.0298400e+00   2.8774300e+00   5.2569300e+00   5.5664800e-01  -1.2090700e+05
   6.9091900e+00  -1.0685000e+00   6.0299000e+00   2.8773700e+00   5.2562400e+00   5.5666300e-01  -1.2090800e+05
   6.9095900e+00  -1.0693700e+00   6.0298500e+00   2.8773500e+00   5.2559300e+00   5.5678900e-01  -1.2090800e+05
   6.9086900e+00  -1.0699000e+00   6.0298300e+00   2.8772100e+00   5.2577500e+00   5.5676600e-01  -1.2091000e+05
   6.9088100e+00  -1.0701100e+00   6.0297500e+00   2.8768200e+00   5.2571900e+00   5.5693200e-01  -1.2090700e+05
   6.9091400e+00  -1.0688000e+00   6.0298800e+00   2.8765800e+00   5.2562800e+00   5.5672400e-01  -1.2090800e+05
   6.9092100e+00  -1.0687900e+00   6.0297200e+00   2.8766600e+00   5.2566300e+00   5.5671600e-01  -1.2090600e+05
   6.9089900e+00  -1.0693600e+00   6.0296300e+00   2.8765800e+00   5.2571500e+00   5.5674800e-01  -1.2091000e+05
   6.9091800e+00  -1.0690900e+00   6.0298300e+00   2.8761500e+00   5.2572100e+00   5.5695500e-01  -1.2090800e+05
   6.9088900e+00  -1.0684600e+00   6.0297200e+00   2.8763300e+00   5.2569800e+00   5.5727900e-01  -1.2090700e+05
   6.9089100e+00  -1.0684100e+00   6.0298400e+00   2.8761600e+00   5.2564900e+00   5.5712100e-01  -1.2090800e+05
   6.9092000e+00  -1.0689000e+00   6.0296600e+00   2.8760200e+00   5.2560900e+00   5.5724200e-01  -1.2090900e+05
   6.9085700e+00  -1.0690800e+00   6.0297300e+00   2.8758300e+00   5.2575500e+00   5.5747600e-01  -1.2090800e+05
   6.9087800e+00  -1.0692300e+00   6.0298500e+00   2.8758300e+00   5.2578100e+00   5.5741500e-01  -1.2090800e+05
   6.9090700e+00  -1.0688500e+00   6.0298000e+00   2.8759500e+00   5.2566500e+00   5.5752000e-01  -1.2090700e+05
   6.9092900e+00  -1.0688800e+00   6.0296500e+00   2.8757100e+00   5.2565000e+00   5.5735900e-01  -1.2091000e+05
   6.9086500e+00  -1.0694200e+00   6.0298800e+00   2.8758600e+00   5.2575300e+00   5.5748400e-01  -1.2090700e+05
   6.9091700e+00  -1.0693500e+00   6.0299500e+00   2.8756800e+00   5.2574400e+00   5.5740200e-01  -1.2091000e+05
   6.9091200e+00  -1.0695600e+00   6.0298200e+00   2.8758000e+00   5.2570200e+00   5.5747700e-01  -1.2090700e+05
   6.9087100e+00  -1.0699800e+00   6.0298300e+00   2.8758300e+00   5.2573500e+00   5.5742500e-01  -1.2090700e+05
   6.9094600e+00  -1.0701800e+00   6.0298000e+00   2.8762800e+00   5.2561400e+00   5.5714600e-01  -1.2090700e+05
   6.9089200e+00  -1.0704100e+00   6.0297900e+00   2.8764500e+00   5.2570600e+00   5.5712800e-01  -1.2090600e+05
   6.9090200e+00  -1.0693000e+00   6.0298400e+00   2.8756300e+00   5.2567000e+00   5.5715200e-01  -1.2090700e+05
   6.9093500e+00  -1.0697400e+00   6.0298100e+00   2.8758700e+00   5.2570400e+00   5.5705900e-01  -1.2090800e+05
   6.9093800e+00  -1.0702900e+00   6.0298100e+00   2.8755200e+00   5.2565600e+00   5.5719700e-01  -1.2090700e+05
   6.9094200e+00  -1.0701000e+00   6.0297500e+00   2.8759200e+00   5.2567600e+00   5.5717700e-01  -1.2090800e+05
   6.9089300e+00  -1.0700500e+00   6.0298000e+00   2.8758700e+00   5.2572100e+00   5.5716000e-01  -1.2090600e+05
   6.9090400e+00  -1.0705600e+00   6.0297800e+00   2.8759400e+00   5.2570800e+00   5.5719500e-01  -1.2090600e+05
   6.9088200e+00  -1.0705100e+00   6.0297500e+00   2.8758700e+00   5.2564900e+00   5.5724200e-01  -1.2091000e+05
   6.9084400e+00  -1.0707100e+00   6.0296600e+00   2.8754700e+00   5.2575200e+00   5.5730600e-01  -1.2091000e+05
   6.9090300e+00  -1.0709700e+00   6.0299700e+00   2.8748100e+00   5.2571300e+00   5.5723300e-01  -1.2090800e+05
   6.9084600e+00  -1.0703600e+00   6.0297200e+00   2.8751000e+00   5.2581500e+00   5.5737200e-01  -1.2091000e+05
   6.9084500e+00  -1.0704000e+00   6.0298100e+00   2.8751100e+00   5.2573000e+00   5.5724700e-01  -1.2091000e+05
   6.9094400e+00  -1.0707300e+00   6.0296900e+00   2.8754600e+00   5.2562400e+00   5.5709300e-01  -1.2090800e+05
   6.9085900e+00  -1.0708500e+00   6.0297700e+00   2.8755900e+00   5.2575100e+00   5.5725000e-01  -1.2090700e+05
   6.9091800e+00  -1.0721100e+00   6.0299300e+00   2.8755200e+00   5.2575100e+00   5.5745800e-01  -1.2090900e+05
   6.9089600e+00  -1.0715400e+00   6.0297300e+00   2.8752100e+00   5.2570100e+00   5.5744000e-01  -1.2090700e+05
   6.9093500e+00  -1.0715300e+00   6.0298500e+00   2.8752700e+00   5.2571800e+00   5.5718600e-01  -1.2090800e+05
   6.9089600e+00  -1.0708000e+00   6.0297100e+00   2.8755900e+00   5.2569400e+00   5.5722200e-01  -1.2090700e+05
   6.9084200e+00  -1.0706900e+00   6.0299000e+00   2.8752900e+00   5.2575200e+00   5.5742500e-01  -1.2091000e+05
   6.9089100e+00  -1.0712200e+00   6.0297300e+00   2.8753600e+00   5.2567900e+00   5.5775800e-01  -1.2090800e+05
   6.9088400e+00  -1.0715000e+00   6.0298000e+00   2.8755900e+00   5.2570500e+00   5.5722500e-01  -1.2090700e+05
   6.9090700e+00  -1.0715900e+00   6.0297700e+00   2.8755600e+00   5.2574400e+00   5.5739100e-01  -1.2090700e+05
   6.9086700e+00  -1.0707100e+00   6.0298900e+00   2.8755700e+00   5.2571800e+00   5.5734300e-01  -1.2090800e+05
   6.9093300e+00  -1.0708000e+00   6.0297900e+00   2.8751600e+00   5.2566100e+00   5.5734900e-01  -1.2090700e+05
   6.9089500e+00  -1.0707800e+00   6.0297800e+00   2.8752700e+00   5.2576800e+00   5.5745600e-01  -1.2090800e+05
   6.9094100e+00  -1.0714400e+00   6.0298000e+00   2.8751200e+00   5.2568600e+00   5.5747100e-01  -1.2090800e+05
   6.9088500e+00  -1.0720700e+00   6.0297000e+00   2.8754100e+00   5.2571400e+00   5.5719700e-01  -1.2090700e+05
   6.9087500e+00  -1.0725000e+00   6.0296600e+00   2.8760100e+00   5.2573800e+00   5.5720400e-01  -1.2090700e+05
   6.9091200e+00  -1.0720800e+00   6.0297300e+00   2.8764000e+00   5.2570500e+00   5.5715100e-01  -1.2090600e+05
   6.9091800e+00  -1.0725400e+00   6.0297100e+00   2.8770200e+00   5.2567200e+00   5.5685500e-01  -1.2090600e+05
   6.9088100e+00  -1.0724600e+00   6.0297700e+00   2.8773000e+00   5.2572600e+00   5.5697100e-01  -1.2090800e+05
   6.9094200e+00  -1.0721500e+00   6.0297600e+00   2.8771200e+00   5.2561500e+00   5.5705900e-01  -1.2090700e+05
   6.9091600e+00  -1.0719400e+00   6.0296000e+00   2.8772200e+00   5.2566400e+00   5.5723100e-01  -1.2090700e+05
   6.9090500e+00  -1.0719300e+00   6.0296200e+00   2.8775000e+00   5.2563400e+00   5.5723400e-01  -1.2090800e+05
   6.9091400e+00  -1.0720100e+00   6.0295900e+00   2.8776300e+00   5.2567700e+00   5.5728000e-01  -1.2090700e+05
   6.9090200e+00  -1.0719500e+00   6.0298600e+00   2.8778600e+00   5.2574200e+00   5.5719200e-01  -1.2090900e+05
   6.9091400e+00  -1.0723000e+00   6.0296500e+00   2.8781300e+00   5.2561200e+00   5.5707300e-01  -1.2090800e+05
   6.9090700e+00  -1.0727800e+00   6.0297300e+00   2.8786600e+00   5.2566200e+00   5.5727100e-01  -1.2090800e+05
   6.9088800e+00  -1.0734900e+00   6.0297100e+00   2.8780700e+00   5.2575900e+00   5.5721900e-01  -1.2090900e+05
   6.9093900e+00  -1.0737300e+00   6.0296300e+00   2.8783800e+00   5.2561900e+00   5.5711200e-01  -1.2090700e+05
   6.9092800e+00  -1.0730700e+00   6.0296300e+00   2.8783900e+00   5.2559000e+00   5.5722700e-01  -1.2090900e+05
   6.9094400e+00  -1.0731700e+00   6.0297400e+00   2.8783300e+00   5.2568500e+00   5.5725100e-01  -1.2090800e+05
   6.9084700e+00  -1.0727600e+00   6.0295100e+00   2.8791300e+00   5.2569800e+00   5.5719900e-01  -1.2091400e+05
   6.9086500e+00  -1.0725400e+00   6.0297000e+00   2.8791300e+00   5.2571600e+00   5.5724100e-01  -1.2091000e+05
   6.9092600e+00  -1.0728000e+00   6.0297000e+00   2.8791300e+00   5.2564200e+00   5.5728600e-01  -1.2090800e+05
   6.9091700e+00  -1.0726600e+00   6.0297000e+00   2.8792800e+00   5.2567000e+00   5.5733600e-01  -1.2090800e+05
   6.9087500e+00  -1.0728200e+00   6.0296500e+00   2.8798400e+00   5.2575600e+00   5.5753500e-01  -1.2091000e+05
   6.9089600e+00  -1.0734900e+00   6.0295500e+00   2.8798200e+00   5.2567400e+00   5.5775300e-01  -1.2090900e+05
   6.9090000e+00  -1.0741600e+00   6.0296500e+00   2.8801500e+00   5.2565500e+00   5.5798300e-01  -1.2091100e+05
   6.9091500e+00  -1.0732000e+00   6.0297200e+00   2.8802300e+00   5.2568600e+00   5.5790400e-01  -1.2091100e+05
   6.9093200e+00  -1.0733500e+00   6.0296000e+00   2.8802100e+00   5.2567500e+00   5.5788000e-01  -1.2091000e+05
   6.9089700e+00  -1.0724000e+00   6.0297000e+00   2.8798700e+00   5.2565800e+00   5.5800900e-01  -1.2091100e+05
   6.9083100e+00  -1.0722300e+00   6.0296400e+00   2.8797500e+00   5.2579100e+00   5.5835400e-01  -1.2091000e+05
   6.9086300e+00  -1.0721900e+00   6.0297300e+00   2.8795200e+00   5.2580500e+00   5.5854300e-01  -1.2091100e+05
   6.9088100e+00  -1.0721600e+00   6.0297200e+00   2.8792000e+00   5.2571700e+00   5.5851000e-01  -1.2090900e+05
   6.9088700e+00  -1.0716700e+00   6.0296100e+00   2.8790900e+00   5.2575100e+00   5.5846800e-01  -1.2091000e+05
   6.9081900e+00  -1.0715600e+00   6.0297200e+00   2.8792000e+00   5.2577900e+00   5.5857600e-01  -1.2091100e+05
   6.9084200e+00  -1.0715500e+00   6.0297900e+00   2.8791200e+00   5.2577700e+00   5.5868700e-01  -1.2091000e+05
   6.9081900e+00  -1.0705900e+00   6.0296300e+00   2.8787100e+00   5.2576800e+00   5.5878900e-01  -1.2091100e+05
   6.9091000e+00  -1.0707500e+00   6.0296700e+00   2.8786900e+00   5.2571200e+00   5.5885400e-01  -1.2091200e+05
   6.9084800e+00  -1.0694700e+00   6.0297300e+00   2.8791000e+00   5.2580700e+00   5.5859000e-01  -1.2091000e+05
   6.9080600e+00  -1.0695300e+00   6.0298200e+00   2.8789300e+00   5.2582300e+00   5.5854700e-01  -1.2091100e+05
   6.9083300e+00  -1.0691300e+00   6.0297800e+00   2.8789500e+00   5.2580500e+00   5.5840200e-01  -1.2091000e+05
   6.9083400e+00  -1.0692500e+00   6.0296500e+00   2.8788100e+00   5.2577100e+00   5.5846200e-01  -1.2090900e+05
   6.9088700e+00  -1.0689800e+00   6.0296800e+00   2.8784900e+00   5.2574300e+00   5.5867000e-01  -1.2091100e+05
   6.9087400e+00  -1.0693800e+00   6.0297100e+00   2.8780800e+00   5.2571800e+00   5.5850400e-01  -1.2090900e+05
   6.9089300e+00  -1.0696500e+00   6.0295400e+00   2.8780200e+00   5.2571400e+00   5.5848600e-01  -1.2091300e+05
   6.9092300e+00  -1.0679800e+00   6.0297400e+00   2.8783600e+00   5.2563600e+00   5.5847100e-01  -1.2091400e+05
   6.9086100e+00  -1.0683000e+00   6.0296500e+00   2.8787600e+00   5.2574000e+00   5.5825000e-01  -1.2090900e+05
   6.9081100e+00  -1.0676400e+00   6.0297800e+00   2.8790500e+00   5.2579600e+00   5.5823500e-01  -1.2091100e+05
   6.9089700e+00  -1.0673500e+00   6.0297300e+00   2.8789000e+00   5.2566800e+00   5.5827800e-01  -1.2091100e+05
   6.9085000e+00  -1.0680800e+00   6.0298400e+00   2.8782700e+00   5.2579600e+00   5.5824800e-01  -1.2090900e+05
   6.9086700e+00  -1.0684600e+00   6.0297400e+00   2.8783900e+00   5.2579400e+00   5.5837700e-01  -1.2091100e+05
   6.9089000e+00  -1.0693800e+00   6.0297900e+00   2.8779100e+00   5.2572300e+00   5.5854700e-01  -1.2091000e+05
   6.9082500e+00  -1.0690400e+00   6.0298300e+00   2.8772400e+00   5.2580200e+00   5.5852900e-01  -1.2090800e+05
   6.9085600e+00  -1.0684100e+00   6.0296900e+00   2.8775100e+00   5.2577000e+00   5.5876400e-01  -1.2091000e+05
   6.9083900e+00  -1.0690900e+00   6.0298500e+00   2.8774000e+00   5.2579000e+00   5.5887900e-01  -1.2091000e+05
   6.9087200e+00  -1.0695800e+00   6.0298000e+00   2.8772000e+00   5.2570800e+00   5.5891800e-01  -1.2091200e+05
   6.9083900e+00  -1.0697000e+00   6.0297900e+00   2.8770700e+00   5.2576600e+00   5.5847800e-01  -1.2090800e+05
   6.9086200e+00  -1.0699100e+00   6.0296800e+00   2.8770300e+00   5.2571400e+00   5.5816600e-01  -1.2090800e+05
   6.9083300e+00  -1.0695700e+00   6.0297900e+00   2.8769600e+00   5.2580200e+00   5.5811800e-01  -1.2090700e+05
   6.9088400e+00  -1.0697300e+00   6.0295900e+00   2.8776000e+00   5.2575900e+00   5.5812900e-01  -1.2091100e+05
   6.9086300e+00  -1.0690300e+00   6.0296300e+00   2.8775900e+00   5.2573300e+00   5.5820700e-01  -1.2090900e+05
   6.9085500e+00  -1.0690100e+00   6.0299800e+00   2.8772100e+00   5.2580400e+00   5.5807400e-01  -1.2091000e+05
   6.9082200e+00  -1.0687500e+00   6.0299000e+00   2.8765000e+00   5.2580800e+00   5.5809600e-01  -1.2090900e+05
   6.9081500e+00  -1.0687400e+00   6.0298300e+00   2.8767100e+00   5.2579300e+00   5.5817000e-01  -1.2090900e+05
   6.9084000e+00  -1.0686200e+00   6.0297700e+00   2.8767500e+00   5.2577000e+00   5.5822000e-01  -1.2090800e+05
   6.9081800e+00  -1.0686600e+00   6.0298000e+00   2.8763900e+00   5.2581000e+00   5.5817100e-01  -1.2090800e+05
   6.9084100e+00  -1.0692700e+00   6.0296300e+00   2.8762400e+00   5.2578100e+00   5.5800800e-01  -1.2091000e+05
   6.9085000e+00  -1.0700100e+00   6.0296700e+00   2.8762900e+00   5.2576100e+00   5.5791900e-01  -1.2090800e+05
   6.9086100e+00  -1.0708300e+00   6.0296500e+00   2.8758700e+00   5.2575100e+00   5.5763300e-01  -1.2090800e+05
   6.9085400e+00  -1.0700000e+00   6.0297800e+00   2.8754900e+00   5.2579800e+00   5.5772300e-01  -1.2090800e+05
   6.9093400e+00  -1.0700100e+00   6.0296200e+00   2.8752000e+00   5.2566200e+00   5.5788200e-01  -1.2091300e+05
   6.9082000e+00  -1.0700400e+00   6.0298900e+00   2.8754000e+00   5.2582100e+00   5.5777300e-01  -1.2090900e+05
   6.9091600e+00  -1.0700400e+00   6.0297600e+00   2.8754200e+00   5.2575000e+00   5.5760500e-01  -1.2091000e+05
   6.9088600e+00  -1.0697800e+00   6.0299000e+00   2.8749900e+00   5.2573400e+00   5.5750600e-01  -1.2090700e+05
   6.9091100e+00  -1.0705600e+00   6.0299400e+00   2.8749600e+00   5.2575600e+00   5.5777800e-01  -1.2090900e+05
   6.9090200e+00  -1.0714000e+00   6.0298300e+00   2.8747200e+00   5.2568100e+00   5.5763900e-01  -1.2090800e+05
   6.9090000e+00  -1.0710900e+00   6.0299800e+00   2.8745900e+00   5.2573100e+00   5.5757600e-01  -1.2090900e+05
   6.9087400e+00  -1.0716300e+00   6.0299200e+00   2.8744200e+00   5.2582600e+00   5.5756500e-01  -1.2091000e+05
   6.9077800e+00  -1.0712100e+00   6.0299300e+00   2.8740200e+00   5.2591400e+00   5.5755200e-01  -1.2091500e+05
   6.9086700e+00  -1.0721000e+00   6.0299700e+00   2.8737600e+00   5.2577600e+00   5.5794700e-01  -1.2090900e+05
   6.9087300e+00  -1.0726000e+00   6.0298600e+00   2.8738800e+00   5.2577200e+00   5.5810300e-01  -1.2090800e+05
   6.9089200e+00  -1.0722900e+00   6.0299000e+00   2.8738000e+00   5.2582200e+00   5.5818500e-01  -1.2091100e+05
   6.9083400e+00  -1.0715500e+00   6.0298200e+00   2.8739300e+00   5.2583000e+00   5.5807400e-01  -1.2090900e+05
   6.9092100e+00  -1.0723400e+00   6.0298400e+00   2.8736500e+00   5.2575300e+00   5.5789800e-01  -1.2091100e+05
   6.9085900e+00  -1.0719600e+00   6.0300400e+00   2.8737300e+00   5.2585300e+00   5.5830800e-01  -1.2091100e+05
   6.9082200e+00  -1.0716800e+00   6.0298500e+00   2.8736500e+00   5.2587600e+00   5.5859300e-01  -1.2091000e+05
   6.9082100e+00  -1.0724200e+00   6.0298300e+00   2.8742500e+00   5.2590100e+00   5.5858200e-01  -1.2091000e+05
   6.9089600e+00  -1.0718000e+00   6.0299200e+00   2.8738600e+00   5.2579400e+00   5.5811700e-01  -1.2091000e+05
   6.9087000e+00  -1.0725500e+00   6.0297500e+00   2.8739800e+00   5.2575800e+00   5.5808100e-01  -1.2090800e+05
   6.9084300e+00  -1.0726600e+00   6.0298800e+00   2.8743500e+00   5.2581800e+00   5.5811500e-01  -1.2090800e+05
   6.9093300e+00  -1.0732000e+00   6.0298900e+00   2.8741700e+00   5.2575900e+00   5.5808700e-01  -1.2091200e+05
   6.9085000e+00  -1.0734600e+00   6.0297100e+00   2.8741400e+00   5.2577800e+00   5.5830600e-01  -1.2090900e+05
   6.9087100e+00  -1.0736900e+00   6.0297900e+00   2.8742200e+00   5.2576300e+00   5.5809500e-01  -1.2090700e+05
   6.9089200e+00  -1.0731800e+00   6.0298200e+00   2.8745600e+00   5.2577500e+00   5.5812300e-01  -1.2090800e+05
   6.9086000e+00  -1.0733500e+00   6.0297800e+00   2.8747500e+00   5.2577300e+00   5.5813200e-01  -1.2090700e+05
   6.9085900e+00  -1.0734000e+00   6.0296900e+00   2.8743300e+00   5.2579800e+00   5.5794700e-01  -1.2090900e+05
   6.9086700e+00  -1.0744700e+00   6.0297400e+00   2.8744600e+00   5.2572100e+00   5.5765600e-01  -1.2090900e+05
   6.9086900e+00  -1.0749100e+00   6.0296700e+00   2.8751400e+00   5.2580700e+00   5.5755500e-01  -1.2090900e+05
   6.9087800e+00  -1.0752800e+00   6.0297400e+00   2.8741000e+00   5.2575500e+00   5.5746900e-01  -1.2090800e+05
   6.9086000e+00  -1.0739700e+00   6.0297500e+00   2.8743400e+00   5.2580300e+00   5.5765800e-01  -1.2090800e+05
   6.9089300e+00  -1.0737700e+00   6.0296500e+00   2.8742600e+00   5.2579000e+00   5.5761200e-01  -1.2091100e+05
   6.9093800e+00  -1.0742000e+00   6.0297800e+00   2.8742500e+00   5.2574600e+00   5.5771900e-01  -1.2091100e+05
   6.9092900e+00  -1.0741900e+00   6.0298000e+00   2.8745700e+00   5.2571000e+00   5.5803800e-01  -1.2090800e+05
   6.9084700e+00  -1.0739900e+00   6.0296900e+00   2.8750500e+00   5.2578500e+00   5.5809600e-01  -1.2090700e+05
   6.9083600e+00  -1.0743300e+00   6.0298100e+00   2.8756300e+00   5.2585000e+00   5.5819100e-01  -1.2090700e+05
   6.9086600e+00  -1.0744600e+00   6.0297800e+00   2.8756400e+00   5.2575700e+00   5.5815000e-01  -1.2090700e+05
   6.9087300e+00  -1.0735300e+00   6.0296800e+00   2.8753300e+00   5.2576900e+00   5.5823100e-01  -1.2090700e+05
   6.9085800e+00  -1.0732100e+00   6.0298300e+00   2.8754300e+00   5.2581800e+00   5.5818800e-01  -1.2090700e+05
   6.9084500e+00  -1.0742800e+00   6.0298500e+00   2.8760200e+00   5.2583000e+00   5.5818400e-01  -1.2090700e+05
   6.9085800e+00  -1.0743400e+00   6.0297200e+00   2.8755700e+00   5.2575000e+00   5.5822000e-01  -1.2090700e+05
   6.9087900e+00  -1.0739000e+00   6.0296900e+00   2.8759000e+00   5.2577200e+00   5.5836400e-01  -1.2090700e+05
   6.9084500e+00  -1.0744000e+00   6.0297200e+00   2.8759100e+00   5.2586400e+00   5.5838400e-01  -1.2090800e+05
   6.9087600e+00  -1.0749300e+00   6.0298700e+00   2.8758000e+00   5.2582900e+00   5.5842400e-01  -1.2090800e+05
   6.9087800e+00  -1.0750200e+00   6.0297200e+00   2.8756200e+00   5.2581300e+00   5.5823500e-01  -1.2090700e+05
   6.9090500e+00  -1.0755400e+00   6.0298000e+00   2.8754300e+00   5.2578000e+00   5.5808700e-01  -1.2090700e+05
   6.9087200e+00  -1.0765200e+00   6.0298600e+00   2.8755400e+00   5.2575400e+00   5.5829100e-01  -1.2090900e+05
   6.9089800e+00  -1.0763800e+00   6.0296800e+00   2.8756400e+00   5.2578000e+00   5.5819800e-01  -1.2090700e+05
   6.9085200e+00  -1.0764900e+00   6.0297200e+00   2.8765500e+00   5.2578300e+00   5.5845700e-01  -1.2090700e+05
   6.9091200e+00  -1.0761400e+00   6.0296300e+00   2.8762200e+00   5.2574900e+00   5.5845000e-01  -1.2090800e+05
   6.9086700e+00  -1.0764600e+00   6.0296600e+00   2.8761700e+00   5.2578500e+00   5.5829300e-01  -1.2090600e+05
   6.9088300e+00  -1.0757800e+00   6.0296800e+00   2.8763800e+00   5.2573200e+00   5.5820700e-01  -1.2090600e+05
   6.9083500e+00  -1.0763000e+00   6.0297900e+00   2.8764400e+00   5.2585200e+00   5.5804300e-01  -1.2090800e+05
   6.9092700e+00  -1.0763500e+00   6.0299000e+00   2.8764600e+00   5.2573000e+00   5.5776000e-01  -1.2090900e+05
   6.9082200e+00  -1.0767300e+00   6.0296300e+00   2.8763200e+00   5.2582600e+00   5.5797200e-01  -1.2091000e+05
   6.9084600e+00  -1.0768400e+00   6.0295800e+00   2.8766800e+00   5.2574500e+00   5.5803000e-01  -1.2091000e+05
   6.9090700e+00  -1.0769300e+00   6.0296400e+00   2.8766100e+00   5.2575500e+00   5.5806100e-01  -1.2090700e+05
   6.9093200e+00  -1.0761500e+00   6.0298300e+00   2.8763400e+00   5.2572200e+00   5.5788900e-01  -1.2090800e+05
   6.9090800e+00  -1.0756700e+00   6.0296800e+00   2.8769400e+00   5.2573400e+00   5.5788200e-01  -1.2090600e+05
   6.9084700e+00  -1.0762500e+00   6.0297300e+00   2.8769600e+00   5.2580000e+00   5.5770700e-01  -1.2090800e+05
   6.9089900e+00  -1.0760100e+00   6.0296100e+00   2.8766300e+00   5.2576200e+00   5.5755700e-01  -1.2090800e+05
   6.9094300e+00  -1.0751100e+00   6.0297900e+00   2.8764000e+00   5.2571900e+00   5.5750000e-01  -1.2090800e+05
   6.9085900e+00  -1.0748600e+00   6.0297900e+00   2.8766100e+00   5.2578400e+00   5.5758200e-01  -1.2090800e+05
   6.9090700e+00  -1.0760800e+00   6.0295800e+00   2.8770800e+00   5.2570200e+00   5.5728400e-01  -1.2090700e+05
   6.9091400e+00  -1.0754000e+00   6.0296800e+00   2.8763500e+00   5.2570100e+00   5.5735400e-01  -1.2090600e+05
   6.9093700e+00  -1.0752500e+00   6.0296400e+00   2.8760100e+00   5.2563900e+00   5.5730600e-01  -1.2090700e+05
   6.9088900e+00  -1.0755700e+00   6.0297500e+00   2.8758200e+00   5.2571200e+00   5.5717900e-01  -1.2090700e+05
   6.9090100e+00  -1.0749300e+00   6.0297000e+00   2.8759200e+00   5.2575500e+00   5.5734700e-01  -1.2090700e+05
   6.9084900e+00  -1.0746900e+00   6.0297600e+00   2.8759100e+00   5.2579900e+00   5.5742100e-01  -1.2090800e+05
   6.9089700e+00  -1.0754300e+00   6.0297400e+00   2.8762600e+00   5.2568400e+00   5.5786800e-01  -1.2090800e+05
   6.9086500e+00  -1.0747300e+00   6.0298300e+00   2.8759900e+00   5.2580300e+00   5.5771400e-01  -1.2090700e+05
   6.9087000e+00  -1.0745700e+00   6.0298000e+00   2.8759200e+00   5.2577900e+00   5.5778700e-01  -1.2090600e+05
   6.9087700e+00  -1.0746900e+00   6.0297100e+00   2.8757700e+00   5.2576400e+00   5.5749900e-01  -1.2090600e+05
   6.9093600e+00  -1.0739500e+00   6.0298500e+00   2.8756100e+00   5.2566900e+00   5.5761600e-01  -1.2090800e+05
   6.9093000e+00  -1.0735500e+00   6.0298000e+00   2.8758200e+00   5.2569800e+00   5.5751400e-01  -1.2090700e+05
   6.9093600e+00  -1.0732800e+00   6.0299000e+00   2.8761700e+00   5.2569500e+00   5.5732000e-01  -1.2090800e+05
   6.9090300e+00  -1.0735400e+00   6.0297100e+00   2.8760900e+00   5.2572500e+00   5.5719800e-01  -1.2090600e+05
   6.9093000e+00  -1.0739400e+00   6.0298400e+00   2.8761600e+00   5.2571100e+00   5.5720600e-01  -1.2090700e+05
   6.9090000e+00  -1.0738200e+00   6.0297500e+00   2.8771000e+00   5.2568900e+00   5.5719400e-01  -1.2090700e+05
   6.9092600e+00  -1.0735700e+00   6.0296000e+00   2.8767300e+00   5.2569100e+00   5.5714200e-01  -1.2090700e+05
   6.9096200e+00  -1.0741700e+00   6.0297000e+00   2.8770200e+00   5.2563000e+00   5.5710500e-01  -1.2090700e+05
   6.9096100e+00  -1.0745400e+00   6.0297300e+00   2.8767000e+00   5.2567300e+00   5.5710800e-01  -1.2090800e+05
   6.9097000e+00  -1.0749300e+00   6.0296000e+00   2.8768600e+00   5.2560200e+00   5.5717100e-01  -1.2090800e+05
   6.9092000e+00  -1.0754300e+00   6.0297100e+00   2.8767200e+00   5.2564800e+00   5.5730100e-01  -1.2090700e+05
   6.9092900e+00  -1.0762200e+00   6.0294900e+00   2.8769700e+00   5.2565700e+00   5.5729200e-01  -1.2090800e+05
   6.9092700e+00  -1.0770300e+00   6.0297000e+00   2.8769400e+00   5.2569600e+00   5.5739200e-01  -1.2090600e+05
   6.9091900e+00  -1.0761800e+00   6.0296200e+00   2.8768200e+00   5.2569300e+00   5.5709300e-01  -1.2090700e+05
   6.9096200e+00  -1.0758200e+00   6.0296200e+00   2.8767300e+00   5.2560100e+00   5.5702300e-01  -1.2090700e+05
   6.9094200e+00  -1.0757800e+00   6.0299200e+00   2.8768600e+00   5.2568400e+00   5.5703000e-01  -1.2091000e+05
   6.9097000e+00  -1.0756800e+00   6.0296000e+00   2.8770500e+00   5.2562200e+00   5.5699700e-01  -1.2090700e+05
   6.9089500e+00  -1.0754700e+00   6.0297200e+00   2.8766500e+00   5.2568300e+00   5.5728500e-01  -1.2090800e+05
   6.9091600e+00  -1.0753100e+00   6.0296400e+00   2.8769500e+00   5.2572500e+00   5.5729700e-01  -1.2090700e+05
   6.9089700e+00  -1.0760000e+00   6.0297900e+00   2.8770300e+00   5.2569000e+00   5.5763000e-01  -1.2090900e+05
   6.9092000e+00  -1.0767100e+00   6.0296700e+00   2.8772300e+00   5.2567200e+00   5.5772500e-01  -1.2090700e+05
   6.9090600e+00  -1.0761900e+00   6.0296900e+00   2.8776200e+00   5.2570400e+00   5.5738100e-01  -1.2090700e+05
   6.9092200e+00  -1.0758700e+00   6.0296800e+00   2.8768900e+00   5.2569400e+00   5.5754600e-01  -1.2090600e+05
   6.9088900e+00  -1.0761600e+00   6.0298400e+00   2.8757100e+00   5.2577200e+00   5.5769300e-01  -1.2090700e+05
   6.9092300e+00  -1.0763300e+00   6.0296700e+00   2.8761200e+00   5.2571600e+00   5.5780700e-01  -1.2090600e+05
   6.9091100e+00  -1.0759600e+00   6.0297900e+00   2.8757600e+00   5.2576600e+00   5.5776700e-01  -1.2090700e+05
   6.9094200e+00  -1.0757800e+00   6.0296700e+00   2.8760300e+00   5.2570800e+00   5.5774600e-01  -1.2090800e+05
   6.9085000e+00  -1.0753400e+00   6.0297600e+00   2.8760700e+00   5.2581500e+00   5.5765600e-01  -1.2090800e+05
   6.9089700e+00  -1.0761600e+00   6.0297100e+00   2.8757100e+00   5.2574700e+00   5.5789900e-01  -1.2090600e+05
   6.9086900e+00  -1.0757500e+00   6.0297100e+00   2.8754700e+00   5.2576600e+00   5.5797400e-01  -1.2090600e+05
   6.9091500e+00  -1.0759800e+00   6.0296800e+00   2.8758700e+00   5.2569100e+00   5.5774600e-01  -1.2090600e+05
   6.9086100e+00  -1.0760200e+00   6.0297500e+00   2.8755300e+00   5.2583300e+00   5.5785700e-01  -1.2090800e+05
   6.9088600e+00  -1.0755900e+00   6.0295600e+00   2.8764300e+00   5.2570200e+00   5.5758000e-01  -1.2090800e+05
   6.9095000e+00  -1.0754000e+00   6.0298600e+00   2.8767000e+00   5.2567900e+00   5.5778100e-01  -1.2090900e+05
   6.9092600e+00  -1.0754600e+00   6.0296700e+00   2.8764400e+00   5.2567800e+00   5.5735100e-01  -1.2090600e+05
   6.9092200e+00  -1.0745200e+00   6.0297500e+00   2.8767400e+00   5.2567400e+00   5.5720700e-01  -1.2090600e+05
   6.9088600e+00  -1.0749600e+00   6.0295500e+00   2.8771300e+00   5.2572200e+00   5.5749100e-01  -1.2090800e+05
   6.9093400e+00  -1.0756700e+00   6.0297200e+00   2.8772600e+00   5.2569100e+00   5.5743400e-01  -1.2090600e+05
   6.9098000e+00  -1.0757900e+00   6.0295800e+00   2.8771500e+00   5.2562600e+00   5.5746500e-01  -1.2090900e+05
   6.9091800e+00  -1.0766100e+00   6.0297200e+00   2.8764600e+00   5.2571900e+00   5.5754800e-01  -1.2090600e+05
   6.9090900e+00  -1.0766300e+00   6.0297400e+00   2.8768000e+00   5.2572700e+00   5.5757900e-01  -1.2090600e+05
   6.9090300e+00  -1.0763800e+00   6.0296500e+00   2.8773500e+00   5.2573700e+00   5.5737500e-01  -1.2090700e+05
   6.9097500e+00  -1.0776700e+00   6.0297200e+00   2.8767800e+00   5.2565300e+00   5.5724400e-01  -1.2090800e+05
   6.9088700e+00  -1.0786400e+00   6.0297600e+00   2.8765700e+00   5.2579000e+00   5.5709000e-01  -1.2091100e+05
   6.9096000e+00  -1.0793600e+00   6.0297000e+00   2.8761900e+00   5.2568900e+00   5.5699700e-01  -1.2090800e+05
   6.9091400e+00  -1.0791200e+00   6.0296500e+00   2.8762800e+00   5.2570800e+00   5.5705800e-01  -1.2090800e+05
   6.9092600e+00  -1.0781700e+00   6.0297300e+00   2.8764900e+00   5.2567300e+00   5.5711900e-01  -1.2090800e+05
   6.9096800e+00  -1.0783600e+00   6.0295600e+00   2.8766600e+00   5.2564700e+00   5.5714200e-01  -1.2090800e+05
   6.9092700e+00  -1.0788900e+00   6.0295300e+00   2.8766100e+00   5.2567700e+00   5.5719700e-01  -1.2090800e+05
   6.9094100e+00  -1.0788200e+00   6.0295800e+00   2.8761700e+00   5.2563600e+00   5.5767500e-01  -1.2090800e+05
   6.9090600e+00  -1.0788800e+00   6.0296600e+00   2.8762900e+00   5.2575700e+00   5.5769700e-01  -1.2090700e+05
   6.9093000e+00  -1.0784300e+00   6.0296300e+00   2.8760700e+00   5.2566200e+00   5.5745300e-01  -1.2090700e+05
   6.9095000e+00  -1.0779000e+00   6.0296100e+00   2.8762100e+00   5.2566000e+00   5.5743400e-01  -1.2090700e+05
   6.9090800e+00  -1.0776100e+00   6.0295700e+00   2.8758500e+00   5.2570500e+00   5.5744600e-01  -1.2090700e+05
   6.9094100e+00  -1.0773700e+00   6.0295800e+00   2.8759600e+00   5.2563000e+00   5.5735000e-01  -1.2090800e+05
   6.9092400e+00  -1.0775300e+00   6.0298800e+00   2.8757200e+00   5.2572700e+00   5.5709800e-01  -1.2090900e+05
   6.9092100e+00  -1.0777300e+00   6.0295600e+00   2.8759600e+00   5.2574000e+00   5.5745800e-01  -1.2090900e+05
   6.9094300e+00  -1.0780900e+00   6.0296700e+00   2.8759500e+00   5.2571700e+00   5.5730400e-01  -1.2090700e+05
   6.9090900e+00  -1.0781600e+00   6.0297700e+00   2.8757800e+00   5.2577100e+00   5.5754300e-01  -1.2090700e+05
   6.9091900e+00  -1.0785800e+00   6.0297600e+00   2.8760600e+00   5.2577000e+00   5.5787900e-01  -1.2090700e+05
   6.9090600e+00  -1.0789400e+00   6.0295100e+00   2.8763500e+00   5.2574600e+00   5.5793800e-01  -1.2090800e+05
   6.9091200e+00  -1.0786200e+00   6.0296800e+00   2.8763600e+00   5.2574700e+00   5.5768600e-01  -1.2090600e+05
   6.9090000e+00  -1.0779100e+00   6.0297500e+00   2.8769900e+00   5.2579500e+00   5.5756100e-01  -1.2090900e+05
   6.9091900e+00  -1.0772100e+00   6.0295000e+00   2.8771400e+00   5.2568700e+00   5.5783400e-01  -1.2090800e+05
   6.9091700e+00  -1.0778600e+00   6.0297700e+00   2.8771500e+00   5.2572600e+00   5.5779000e-01  -1.2090700e+05
   6.9089900e+00  -1.0777500e+00   6.0298300e+00   2.8769500e+00   5.2576300e+00   5.5797300e-01  -1.2090800e+05
   6.9092500e+00  -1.0771800e+00   6.0295400e+00   2.8767000e+00   5.2568300e+00   5.5825600e-01  -1.2090800e+05
   6.9092300e+00  -1.0769300e+00   6.0297200e+00   2.8766600e+00   5.2566400e+00   5.5829300e-01  -1.2090900e+05
   6.9089500e+00  -1.0774200e+00   6.0296300e+00   2.8763000e+00   5.2573700e+00   5.5856500e-01  -1.2090700e+05
   6.9085100e+00  -1.0773600e+00   6.0298000e+00   2.8765500e+00   5.2580700e+00   5.5860300e-01  -1.2090700e+05
   6.9085100e+00  -1.0776800e+00   6.0297900e+00   2.8762500e+00   5.2584600e+00   5.5850900e-01  -1.2090700e+05
   6.9087000e+00  -1.0775700e+00   6.0298500e+00   2.8764100e+00   5.2583500e+00   5.5850100e-01  -1.2090800e+05
   6.9087400e+00  -1.0773700e+00   6.0296400e+00   2.8767600e+00   5.2582000e+00   5.5862300e-01  -1.2090700e+05
   6.9088500e+00  -1.0775400e+00   6.0297000e+00   2.8764300e+00   5.2578900e+00   5.5861200e-01  -1.2090600e+05
   6.9083800e+00  -1.0781200e+00   6.0298400e+00   2.8766500e+00   5.2584900e+00   5.5852900e-01  -1.2090900e+05
   6.9093100e+00  -1.0788800e+00   6.0295700e+00   2.8763300e+00   5.2570600e+00   5.5823200e-01  -1.2090700e+05
   6.9088200e+00  -1.0783100e+00   6.0296200e+00   2.8762600e+00   5.2575100e+00   5.5816500e-01  -1.2090600e+05
   6.9091200e+00  -1.0767900e+00   6.0297000e+00   2.8767100e+00   5.2573100e+00   5.5793300e-01  -1.2090600e+05
   6.9089300e+00  -1.0757800e+00   6.0296900e+00   2.8765600e+00   5.2576000e+00   5.5798700e-01  -1.2090600e+05
   6.9086300e+00  -1.0764500e+00   6.0296600e+00   2.8765300e+00   5.2577500e+00   5.5828300e-01  -1.2090600e+05
   6.9089800e+00  -1.0770400e+00   6.0299100e+00   2.8766200e+00   5.2583000e+00   5.5837000e-01  -1.2091100e+05
   6.9090000e+00  -1.0775500e+00   6.0297300e+00   2.8763600e+00   5.2577200e+00   5.5833600e-01  -1.2090600e+05
   6.9089400e+00  -1.0774300e+00   6.0296300e+00   2.8761200e+00   5.2578500e+00   5.5814300e-01  -1.2090700e+05
   6.9085900e+00  -1.0781100e+00   6.0297600e+00   2.8758000e+00   5.2578400e+00   5.5823800e-01  -1.2090700e+05
   6.9089800e+00  -1.0776200e+00   6.0296400e+00   2.8764500e+00   5.2574500e+00   5.5822200e-01  -1.2090600e+05
   6.9093800e+00  -1.0784700e+00   6.0297700e+00   2.8766900e+00   5.2571500e+00   5.5827100e-01  -1.2090800e+05
   6.9092300e+00  -1.0797100e+00   6.0297600e+00   2.8773400e+00   5.2571300e+00   5.5826700e-01  -1.2090900e+05
   6.9089300e+00  -1.0793400e+00   6.0295600e+00   2.8773900e+00   5.2578700e+00   5.5834100e-01  -1.2090800e+05
   6.9091900e+00  -1.0797200e+00   6.0295700e+00   2.8779700e+00   5.2574700e+00   5.5852100e-01  -1.2090800e+05
   6.9089600e+00  -1.0799700e+00   6.0295600e+00   2.8783700e+00   5.2574400e+00   5.5841100e-01  -1.2090800e+05
   6.9091400e+00  -1.0800100e+00   6.0295400e+00   2.8781200e+00   5.2575800e+00   5.5839200e-01  -1.2090800e+05
   6.9088100e+00  -1.0810800e+00   6.0296500e+00   2.8778700e+00   5.2579600e+00   5.5818000e-01  -1.2090800e+05
   6.9092600e+00  -1.0810900e+00   6.0295300e+00   2.8786400e+00   5.2572200e+00   5.5823500e-01  -1.2090900e+05
   6.9097800e+00  -1.0803800e+00   6.0295600e+00   2.8777700e+00   5.2562600e+00   5.5818400e-01  -1.2091000e+05
   6.9091000e+00  -1.0798600e+00   6.0297800e+00   2.8769500e+00   5.2583200e+00   5.5805300e-01  -1.2091200e+05
   6.9091200e+00  -1.0798000e+00   6.0296200e+00   2.8766700e+00   5.2570400e+00   5.5765600e-01  -1.2090700e+05
   6.9090500e+00  -1.0801000e+00   6.0295100e+00   2.8770200e+00   5.2571700e+00   5.5783000e-01  -1.2090800e+05
   6.9095900e+00  -1.0808100e+00   6.0295000e+00   2.8773600e+00   5.2561200e+00   5.5736700e-01  -1.2090900e+05
   6.9095000e+00  -1.0802800e+00   6.0295500e+00   2.8769900e+00   5.2566000e+00   5.5743300e-01  -1.2090700e+05
   6.9096000e+00  -1.0805600e+00   6.0298400e+00   2.8769500e+00   5.2572700e+00   5.5736500e-01  -1.2091200e+05
   6.9093000e+00  -1.0808500e+00   6.0296400e+00   2.8768600e+00   5.2574600e+00   5.5738800e-01  -1.2090900e+05
   6.9096200e+00  -1.0824000e+00   6.0295600e+00   2.8776800e+00   5.2562100e+00   5.5750400e-01  -1.2091000e+05
   6.9096200e+00  -1.0821000e+00   6.0295300e+00   2.8776100e+00   5.2565900e+00   5.5745200e-01  -1.2090900e+05
   6.9089700e+00  -1.0830000e+00   6.0296100e+00   2.8776400e+00   5.2572800e+00   5.5744600e-01  -1.2091200e+05
   6.9087900e+00  -1.0844300e+00   6.0296500e+00   2.8776500e+00   5.2577300e+00   5.5749400e-01  -1.2091500e+05
   6.9096500e+00  -1.0847000e+00   6.0296100e+00   2.8778700e+00   5.2569900e+00   5.5752900e-01  -1.2091100e+05
   6.9091300e+00  -1.0845900e+00   6.0294900e+00   2.8778800e+00   5.2572800e+00   5.5754400e-01  -1.2091100e+05
   6.9096000e+00  -1.0840200e+00   6.0295200e+00   2.8771500e+00   5.2566500e+00   5.5765100e-01  -1.2090900e+05
   6.9092800e+00  -1.0846100e+00   6.0293600e+00   2.8774600e+00   5.2573500e+00   5.5795200e-01  -1.2091200e+05
   6.9085900e+00  -1.0848500e+00   6.0296900e+00   2.8771700e+00   5.2583800e+00   5.5823300e-01  -1.2091200e+05
   6.9088900e+00  -1.0850000e+00   6.0292900e+00   2.8770400e+00   5.2579800e+00   5.5849000e-01  -1.2091400e+05
   6.9086300e+00  -1.0851200e+00   6.0294800e+00   2.8768800e+00   5.2576200e+00   5.5859200e-01  -1.2091100e+05
   6.9087200e+00  -1.0846500e+00   6.0297000e+00   2.8767400e+00   5.2582900e+00   5.5870600e-01  -1.2090900e+05
   6.9087500e+00  -1.0845900e+00   6.0295800e+00   2.8763100e+00   5.2583800e+00   5.5852100e-01  -1.2090800e+05
   6.9089900e+00  -1.0836700e+00   6.0296800e+00   2.8765800e+00   5.2576400e+00   5.5862900e-01  -1.2090800e+05
   6.9093400e+00  -1.0836600e+00   6.0294800e+00   2.8766200e+00   5.2573600e+00   5.5879200e-01  -1.2090900e+05
   6.9085700e+00  -1.0832800e+00   6.0295500e+00   2.8764900e+00   5.2583600e+00   5.5882500e-01  -1.2090700e+05
   6.9080400e+00  -1.0832400e+00   6.0293400e+00   2.8763400e+00   5.2589400e+00   5.5910900e-01  -1.2091500e+05
   6.9082700e+00  -1.0834800e+00   6.0295600e+00   2.8761000e+00   5.2588300e+00   5.5917700e-01  -1.2090800e+05
   6.9089200e+00  -1.0838500e+00   6.0296000e+00   2.8763600e+00   5.2576900e+00   5.5930900e-01  -1.2090800e+05
   6.9086500e+00  -1.0843000e+00   6.0296200e+00   2.8764100e+00   5.2584100e+00   5.5911000e-01  -1.2090700e+05
   6.9089900e+00  -1.0847400e+00   6.0294200e+00   2.8765600e+00   5.2580600e+00   5.5899700e-01  -1.2091000e+05
   6.9088100e+00  -1.0844600e+00   6.0295600e+00   2.8767600e+00   5.2580500e+00   5.5906800e-01  -1.2090700e+05
   6.9089600e+00  -1.0841000e+00   6.0295100e+00   2.8768800e+00   5.2574300e+00   5.5890200e-01  -1.2090800e+05
   6.9087400e+00  -1.0837300e+00   6.0297000e+00   2.8770600e+00   5.2582600e+00   5.5901900e-01  -1.2090800e+05
   6.9086500e+00  -1.0838800e+00   6.0296700e+00   2.8769900e+00   5.2584100e+00   5.5902800e-01  -1.2090800e+05
   6.9085100e+00  -1.0833600e+00   6.0294500e+00   2.8770600e+00   5.2582100e+00   5.5880800e-01  -1.2090900e+05
   6.9086000e+00  -1.0839600e+00   6.0296200e+00   2.8766900e+00   5.2586600e+00   5.5877400e-01  -1.2090800e+05
   6.9087600e+00  -1.0837000e+00   6.0296200e+00   2.8767500e+00   5.2576400e+00   5.5882600e-01  -1.2090900e+05
   6.9083700e+00  -1.0831700e+00   6.0297500e+00   2.8767100e+00   5.2585000e+00   5.5872000e-01  -1.2091100e+05
   6.9085800e+00  -1.0839000e+00   6.0296000e+00   2.8764000e+00   5.2588200e+00   5.5900400e-01  -1.2090800e+05
   6.9088500e+00  -1.0844300e+00   6.0293800e+00   2.8767000e+00   5.2578700e+00   5.5899900e-01  -1.2091000e+05
   6.9088800e+00  -1.0843300e+00   6.0297300e+00   2.8771700e+00   5.2581700e+00   5.5868200e-01  -1.2090900e+05
   6.9087800e+00  -1.0844400e+00   6.0296000e+00   2.8774400e+00   5.2585600e+00   5.5869500e-01  -1.2091000e+05
   6.9092100e+00  -1.0845300e+00   6.0295600e+00   2.8771400e+00   5.2576400e+00   5.5905500e-01  -1.2090800e+05
   6.9094500e+00  -1.0839200e+00   6.0296700e+00   2.8775200e+00   5.2572700e+00   5.5902400e-01  -1.2091100e+05
   6.9088500e+00  -1.0835500e+00   6.0296200e+00   2.8772300e+00   5.2580000e+00   5.5922700e-01  -1.2090700e+05
   6.9090100e+00  -1.0835800e+00   6.0296400e+00   2.8772500e+00   5.2578200e+00   5.5928200e-01  -1.2090800e+05
   6.9087000e+00  -1.0828600e+00   6.0297200e+00   2.8776200e+00   5.2582500e+00   5.5953400e-01  -1.2090900e+05
   6.9087200e+00  -1.0834500e+00   6.0296400e+00   2.8772200e+00   5.2584300e+00   5.5973100e-01  -1.2090800e+05
   6.9087800e+00  -1.0828900e+00   6.0295300e+00   2.8769400e+00   5.2581700e+00   5.5956700e-01  -1.2090800e+05
   6.9087400e+00  -1.0835100e+00   6.0296100e+00   2.8769300e+00   5.2582800e+00   5.5962600e-01  -1.2090700e+05
   6.9086100e+00  -1.0836300e+00   6.0296400e+00   2.8772300e+00   5.2581900e+00   5.5968500e-01  -1.2090800e+05
   6.9092500e+00  -1.0836700e+00   6.0296100e+00   2.8772500e+00   5.2577300e+00   5.5950100e-01  -1.2091000e+05
   6.9090200e+00  -1.0852900e+00   6.0295300e+00   2.8774400e+00   5.2586300e+00   5.5949000e-01  -1.2091200e+05
   6.9085300e+00  -1.0848300e+00   6.0296200e+00   2.8773700e+00   5.2585700e+00   5.5958600e-01  -1.2090800e+05
   6.9091700e+00  -1.0844200e+00   6.0294000e+00   2.8773800e+00   5.2575200e+00   5.5928900e-01  -1.2091000e+05
   6.9089300e+00  -1.0840600e+00   6.0296300e+00   2.8767800e+00   5.2584700e+00   5.5911100e-01  -1.2090800e+05
   6.9089700e+00  -1.0845900e+00   6.0296000e+00   2.8770700e+00   5.2580400e+00   5.5906300e-01  -1.2090700e+05
   6.9087300e+00  -1.0838900e+00   6.0295700e+00   2.8773500e+00   5.2580500e+00   5.5865300e-01  -1.2090800e+05
   6.9093700e+00  -1.0849100e+00   6.0295000e+00   2.8760500e+00   5.2572500e+00   5.5861800e-01  -1.2090800e+05
   6.9088300e+00  -1.0854100e+00   6.0295300e+00   2.8758600e+00   5.2586200e+00   5.5888100e-01  -1.2090900e+05
   6.9092600e+00  -1.0845600e+00   6.0293700e+00   2.8761600e+00   5.2573900e+00   5.5906100e-01  -1.2091100e+05
   6.9091500e+00  -1.0847500e+00   6.0295500e+00   2.8763100e+00   5.2580400e+00   5.5876000e-01  -1.2090800e+05
   6.9090700e+00  -1.0855500e+00   6.0294900e+00   2.8760100e+00   5.2575600e+00   5.5868100e-01  -1.2090800e+05
   6.9092200e+00  -1.0861000e+00   6.0295300e+00   2.8762400e+00   5.2579000e+00   5.5870800e-01  -1.2090800e+05
   6.9092800e+00  -1.0865900e+00   6.0295700e+00   2.8761700e+00   5.2579100e+00   5.5870400e-01  -1.2090900e+05
   6.9091000e+00  -1.0872300e+00   6.0295400e+00   2.8757900e+00   5.2579700e+00   5.5848300e-01  -1.2090800e+05
   6.9090400e+00  -1.0866900e+00   6.0296200e+00   2.8760900e+00   5.2577200e+00   5.5850200e-01  -1.2090800e+05
   6.9095200e+00  -1.0862700e+00   6.0295500e+00   2.8753800e+00   5.2576700e+00   5.5858100e-01  -1.2091000e+05
   6.9084700e+00  -1.0860600e+00   6.0294900e+00   2.8753600e+00   5.2585300e+00   5.5864400e-01  -1.2091000e+05
   6.9085400e+00  -1.0866200e+00   6.0296500e+00   2.8752200e+00   5.2580200e+00   5.5863100e-01  -1.2091200e+05
   6.9091400e+00  -1.0867100e+00   6.0297800e+00   2.8747600e+00   5.2577200e+00   5.5875200e-01  -1.2091100e+05
   6.9090500e+00  -1.0871200e+00   6.0295800e+00   2.8748300e+00   5.2583900e+00   5.5893900e-01  -1.2090800e+05
   6.9087500e+00  -1.0867200e+00   6.0297300e+00   2.8746700e+00   5.2580900e+00   5.5892500e-01  -1.2091000e+05
   6.9090600e+00  -1.0857500e+00   6.0297900e+00   2.8744400e+00   5.2581300e+00   5.5899800e-01  -1.2090900e+05
   6.9088500e+00  -1.0863900e+00   6.0297300e+00   2.8743500e+00   5.2585300e+00   5.5894500e-01  -1.2090800e+05
   6.9090400e+00  -1.0859200e+00   6.0296500e+00   2.8744400e+00   5.2582000e+00   5.5883400e-01  -1.2090700e+05
   6.9091500e+00  -1.0854800e+00   6.0295900e+00   2.8743700e+00   5.2581900e+00   5.5870300e-01  -1.2090900e+05
   6.9086900e+00  -1.0853200e+00   6.0296200e+00   2.8746200e+00   5.2585600e+00   5.5845500e-01  -1.2090800e+05
   6.9087500e+00  -1.0861300e+00   6.0296600e+00   2.8753400e+00   5.2581900e+00   5.5835900e-01  -1.2090900e+05
   6.9095900e+00  -1.0861700e+00   6.0294100e+00   2.8757900e+00   5.2572700e+00   5.5827900e-01  -1.2091100e+05
