   6.9087200e+00  -1.0775600e+00   6.0297100e+00   2.8757100e+00   5.2578000e+00   5.5823900e-01  -9.6724700e+05
   6.9090400e+00  -1.0777000e+00   6.0297100e+00   2.8762400e+00   5.2575700e+00   5.5811000e-01  -9.6724800e+05
   6.9090200e+00  -1.0778200e+00   6.0296500e+00   2.8756200e+00   5.2575000e+00   5.5820400e-01  -9.6724900e+05
   6.9087400e+00  -1.0776700e+00   6.0296800e+00   2.8763500e+00   5.2579200e+00   5.5857900e-01  -9.6724700e+05
   6.9087700e+00  -1.0774600e+00   6.0297100e+00   2.8758200e+00   5.2579800e+00   5.5830600e-01  -9.6724700e+05
   6.9090500e+00  -1.0776300e+00   6.0296700e+00   2.8762600e+00   5.2574500e+00   5.5832800e-01  -9.6724900e+05
   6.9088500e+00  -1.0775300e+00   6.0297000e+00   2.8767900e+00   5.2576900e+00   5.5812600e-01  -9.6724800e+05
   6.9086700e+00  -1.0775100e+00   6.0296700e+00   2.8756700e+00   5.2580700e+00   5.5846200e-01  -9.6724900e+05
   6.9088100e+00  -1.0773100e+00   6.0296700e+00   2.8757200e+00   5.2578600e+00   5.5844900e-01  -9.6724900e+05
   6.9088100e+00  -1.0772600e+00   6.0297300e+00   2.8764600e+00   5.2578400e+00   5.5812100e-01  -9.6724800e+05
   6.9089400e+00  -1.0770200e+00   6.0297200e+00   2.8762500e+00   5.2577200e+00   5.5812100e-01  -9.6724700e+05
   6.9085000e+00  -1.0772000e+00   6.0297200e+00   2.8761000e+00   5.2582000e+00   5.5855600e-01  -9.6724900e+05
   6.9087700e+00  -1.0773900e+00   6.0297700e+00   2.8753400e+00   5.2578200e+00   5.5812800e-01  -9.6724800e+05
   6.9089600e+00  -1.0775600e+00   6.0297200e+00   2.8769200e+00   5.2575700e+00   5.5828800e-01  -9.6724900e+05
   6.9087900e+00  -1.0776900e+00   6.0297000e+00   2.8758200e+00   5.2578500e+00   5.5840700e-01  -9.6724600e+05
   6.9085100e+00  -1.0777600e+00   6.0297800e+00   2.8760000e+00   5.2582500e+00   5.5885100e-01  -9.6725200e+05
   6.9090400e+00  -1.0777300e+00   6.0296700e+00   2.8762500e+00   5.2573900e+00   5.5763800e-01  -9.6724900e+05
   6.9091700e+00  -1.0775900e+00   6.0296400e+00   2.8760500e+00   5.2572100e+00   5.5778900e-01  -9.6724800e+05
   6.9088400e+00  -1.0775300e+00   6.0297200e+00   2.8769800e+00   5.2577300e+00   5.5806700e-01  -9.6725100e+05
   6.9087800e+00  -1.0772400e+00   6.0297300e+00   2.8758000e+00   5.2579100e+00   5.5877300e-01  -9.6725000e+05
   6.9088200e+00  -1.0771300e+00   6.0297200e+00   2.8761300e+00   5.2577100e+00   5.5786100e-01  -9.6724800e+05
   6.9088500e+00  -1.0772400e+00   6.0296900e+00   2.8756400e+00   5.2576100e+00   5.5831800e-01  -9.6724700e+05
   6.9089500e+00  -1.0772500e+00   6.0296800e+00   2.8762800e+00   5.2575300e+00   5.5810600e-01  -9.6724600e+05
   6.9087000e+00  -1.0771900e+00   6.0297500e+00   2.8755600e+00   5.2581100e+00   5.5839700e-01  -9.6724800e+05
   6.9091000e+00  -1.0772700e+00   6.0297400e+00   2.8753600e+00   5.2574100e+00   5.5757300e-01  -9.6724900e+05
   6.9084800e+00  -1.0771700e+00   6.0297200e+00   2.8758300e+00   5.2582100e+00   5.5869800e-01  -9.6724900e+05
   6.9088800e+00  -1.0770800e+00   6.0297100e+00   2.8758000e+00   5.2575500e+00   5.5803500e-01  -9.6724600e+05
   6.9090000e+00  -1.0771300e+00   6.0297100e+00   2.8755900e+00   5.2574800e+00   5.5819200e-01  -9.6724700e+05
   6.9090300e+00  -1.0773400e+00   6.0296700e+00   2.8769400e+00   5.2571500e+00   5.5792400e-01  -9.6724900e+05
   6.9089200e+00  -1.0772000e+00   6.0297300e+00   2.8757900e+00   5.2578200e+00   5.5799200e-01  -9.6724900e+05
   6.9086600e+00  -1.0772600e+00   6.0296800e+00   2.8764000e+00   5.2579200e+00   5.5837400e-01  -9.6724700e+05
   6.9088300e+00  -1.0773300e+00   6.0297200e+00   2.8760500e+00   5.2577700e+00   5.5817900e-01  -9.6724600e+05
   6.9089200e+00  -1.0773600e+00   6.0296800e+00   2.8758000e+00   5.2575200e+00   5.5793500e-01  -9.6724600e+05
   6.9086200e+00  -1.0774800e+00   6.0296800e+00   2.8757700e+00   5.2580400e+00   5.5858500e-01  -9.6724800e+05
   6.9091000e+00  -1.0775200e+00   6.0296800e+00   2.8768300e+00   5.2573200e+00   5.5822400e-01  -9.6724900e+05
   6.9091800e+00  -1.0773200e+00   6.0297300e+00   2.8744400e+00   5.2573100e+00   5.5756900e-01  -9.6725400e+05
   6.9089800e+00  -1.0772900e+00   6.0297000e+00   2.8760800e+00   5.2574600e+00   5.5775100e-01  -9.6724700e+05
   6.9091500e+00  -1.0773800e+00   6.0296800e+00   2.8756500e+00   5.2571100e+00   5.5799700e-01  -9.6724900e+05
   6.9090000e+00  -1.0771300e+00   6.0297000e+00   2.8765600e+00   5.2575900e+00   5.5804700e-01  -9.6724800e+05
   6.9089500e+00  -1.0770200e+00   6.0296800e+00   2.8758400e+00   5.2576200e+00   5.5807000e-01  -9.6724700e+05
   6.9088300e+00  -1.0772200e+00   6.0296600e+00   2.8762800e+00   5.2576800e+00   5.5811200e-01  -9.6724700e+05
   6.9088100e+00  -1.0771700e+00   6.0297100e+00   2.8761700e+00   5.2577500e+00   5.5853100e-01  -9.6724700e+05
   6.9091100e+00  -1.0770800e+00   6.0297000e+00   2.8766500e+00   5.2571800e+00   5.5791700e-01  -9.6724700e+05
   6.9088400e+00  -1.0771000e+00   6.0296600e+00   2.8768700e+00   5.2577100e+00   5.5826600e-01  -9.6724800e+05
   6.9089400e+00  -1.0768200e+00   6.0297200e+00   2.8758100e+00   5.2576400e+00   5.5836200e-01  -9.6724800e+05
   6.9088600e+00  -1.0765800e+00   6.0297400e+00   2.8760100e+00   5.2576700e+00   5.5799000e-01  -9.6724600e+05
   6.9087300e+00  -1.0767700e+00   6.0296800e+00   2.8768300e+00   5.2576000e+00   5.5825600e-01  -9.6724900e+05
   6.9089500e+00  -1.0766100e+00   6.0297000e+00   2.8764400e+00   5.2575200e+00   5.5806900e-01  -9.6724600e+05
   6.9088500e+00  -1.0765900e+00   6.0297400e+00   2.8759000e+00   5.2576900e+00   5.5795500e-01  -9.6724600e+05
   6.9088700e+00  -1.0765800e+00   6.0296700e+00   2.8766700e+00   5.2575500e+00   5.5786800e-01  -9.6724800e+05
   6.9091200e+00  -1.0765700e+00   6.0296100e+00   2.8775400e+00   5.2570000e+00   5.5738400e-01  -9.6725300e+05
   6.9088900e+00  -1.0767800e+00   6.0296700e+00   2.8768100e+00   5.2575400e+00   5.5819500e-01  -9.6724700e+05
   6.9087200e+00  -1.0766900e+00   6.0297300e+00   2.8753900e+00   5.2578100e+00   5.5818600e-01  -9.6724700e+05
   6.9089400e+00  -1.0768000e+00   6.0297300e+00   2.8768600e+00   5.2575300e+00   5.5798800e-01  -9.6724900e+05
   6.9085500e+00  -1.0767800e+00   6.0297000e+00   2.8768700e+00   5.2580600e+00   5.5871500e-01  -9.6725000e+05
   6.9087600e+00  -1.0768600e+00   6.0297600e+00   2.8760100e+00   5.2578300e+00   5.5819900e-01  -9.6724700e+05
   6.9091400e+00  -1.0769100e+00   6.0296400e+00   2.8756500e+00   5.2571100e+00   5.5777200e-01  -9.6724900e+05
   6.9088300e+00  -1.0771100e+00   6.0296900e+00   2.8756900e+00   5.2577300e+00   5.5857300e-01  -9.6724900e+05
   6.9089900e+00  -1.0771700e+00   6.0296500e+00   2.8760900e+00   5.2574700e+00   5.5793000e-01  -9.6724700e+05
   6.9085300e+00  -1.0772300e+00   6.0297800e+00   2.8746000e+00   5.2580500e+00   5.5825000e-01  -9.6725500e+05
   6.9088500e+00  -1.0773200e+00   6.0296600e+00   2.8758600e+00   5.2575300e+00   5.5808800e-01  -9.6724700e+05
   6.9090200e+00  -1.0772900e+00   6.0296500e+00   2.8767800e+00   5.2573500e+00   5.5770400e-01  -9.6724900e+05
   6.9090600e+00  -1.0773600e+00   6.0297400e+00   2.8760300e+00   5.2571600e+00   5.5762800e-01  -9.6725000e+05
   6.9091900e+00  -1.0771500e+00   6.0296900e+00   2.8761900e+00   5.2572000e+00   5.5769000e-01  -9.6724700e+05
   6.9089400e+00  -1.0771900e+00   6.0297200e+00   2.8760700e+00   5.2575100e+00   5.5794600e-01  -9.6724600e+05
   6.9087000e+00  -1.0770000e+00   6.0297100e+00   2.8758300e+00   5.2578800e+00   5.5816300e-01  -9.6724700e+05
   6.9088500e+00  -1.0769900e+00   6.0297500e+00   2.8755200e+00   5.2576700e+00   5.5821700e-01  -9.6724700e+05
   6.9089300e+00  -1.0768000e+00   6.0296600e+00   2.8764400e+00   5.2575300e+00   5.5803900e-01  -9.6724700e+05
   6.9085600e+00  -1.0769400e+00   6.0297100e+00   2.8754800e+00   5.2579800e+00   5.5877600e-01  -9.6725100e+05
   6.9088500e+00  -1.0767000e+00   6.0296900e+00   2.8760100e+00   5.2576300e+00   5.5812900e-01  -9.6724600e+05
   6.9089600e+00  -1.0767100e+00   6.0296900e+00   2.8762100e+00   5.2573000e+00   5.5801300e-01  -9.6724700e+05
   6.9089400e+00  -1.0767800e+00   6.0297300e+00   2.8760600e+00   5.2575900e+00   5.5782100e-01  -9.6724700e+05
   6.9091700e+00  -1.0766600e+00   6.0296700e+00   2.8767800e+00   5.2570300e+00   5.5770300e-01  -9.6724700e+05
   6.9089500e+00  -1.0765000e+00   6.0296100e+00   2.8766900e+00   5.2572400e+00   5.5774800e-01  -9.6725000e+05
   6.9089600e+00  -1.0764600e+00   6.0296600e+00   2.8765000e+00   5.2573500e+00   5.5788400e-01  -9.6724600e+05
   6.9089100e+00  -1.0766200e+00   6.0296700e+00   2.8757500e+00   5.2574700e+00   5.5785700e-01  -9.6724700e+05
   6.9090200e+00  -1.0767000e+00   6.0296500e+00   2.8766600e+00   5.2572500e+00   5.5784900e-01  -9.6724700e+05
   6.9092500e+00  -1.0768800e+00   6.0296500e+00   2.8759400e+00   5.2570300e+00   5.5727300e-01  -9.6725100e+05
   6.9089600e+00  -1.0769300e+00   6.0296900e+00   2.8765800e+00   5.2573200e+00   5.5774300e-01  -9.6724700e+05
   6.9088900e+00  -1.0768800e+00   6.0296900e+00   2.8763000e+00   5.2575800e+00   5.5795200e-01  -9.6724600e+05
   6.9090300e+00  -1.0767900e+00   6.0296700e+00   2.8758300e+00   5.2571900e+00   5.5752700e-01  -9.6724800e+05
   6.9093000e+00  -1.0768400e+00   6.0297100e+00   2.8761100e+00   5.2570500e+00   5.5758800e-01  -9.6724900e+05
   6.9091800e+00  -1.0768900e+00   6.0296300e+00   2.8764900e+00   5.2569400e+00   5.5785400e-01  -9.6724900e+05
   6.9088900e+00  -1.0768300e+00   6.0297000e+00   2.8766300e+00   5.2574300e+00   5.5794800e-01  -9.6724700e+05
   6.9090200e+00  -1.0769200e+00   6.0297600e+00   2.8767700e+00   5.2575500e+00   5.5793900e-01  -9.6725100e+05
   6.9088000e+00  -1.0768100e+00   6.0297300e+00   2.8759300e+00   5.2578100e+00   5.5814800e-01  -9.6724600e+05
   6.9092800e+00  -1.0771600e+00   6.0297600e+00   2.8755600e+00   5.2571000e+00   5.5756900e-01  -9.6725000e+05
   6.9089100e+00  -1.0772700e+00   6.0297600e+00   2.8753700e+00   5.2574300e+00   5.5796000e-01  -9.6725100e+05
   6.9090700e+00  -1.0772700e+00   6.0297000e+00   2.8754100e+00   5.2574600e+00   5.5812500e-01  -9.6724900e+05
   6.9089400e+00  -1.0772600e+00   6.0297400e+00   2.8756000e+00   5.2575300e+00   5.5817400e-01  -9.6724700e+05
   6.9087700e+00  -1.0772200e+00   6.0297400e+00   2.8750600e+00   5.2578200e+00   5.5813500e-01  -9.6724800e+05
   6.9088300e+00  -1.0771000e+00   6.0296500e+00   2.8761000e+00   5.2576600e+00   5.5820700e-01  -9.6724700e+05
   6.9088900e+00  -1.0771400e+00   6.0297100e+00   2.8755000e+00   5.2577600e+00   5.5809000e-01  -9.6724700e+05
   6.9093300e+00  -1.0771000e+00   6.0296900e+00   2.8762500e+00   5.2569500e+00   5.5768500e-01  -9.6724900e+05
   6.9094000e+00  -1.0769300e+00   6.0296400e+00   2.8761500e+00   5.2568800e+00   5.5736300e-01  -9.6725200e+05
   6.9090300e+00  -1.0770300e+00   6.0297400e+00   2.8757900e+00   5.2575000e+00   5.5739300e-01  -9.6725200e+05
   6.9091600e+00  -1.0771500e+00   6.0295900e+00   2.8770200e+00   5.2569600e+00   5.5770900e-01  -9.6725000e+05
   6.9091500e+00  -1.0772000e+00   6.0296400e+00   2.8767800e+00   5.2571300e+00   5.5772400e-01  -9.6724800e+05
   6.9088900e+00  -1.0772500e+00   6.0297600e+00   2.8762600e+00   5.2575800e+00   5.5800500e-01  -9.6724900e+05
   6.9088800e+00  -1.0770900e+00   6.0297300e+00   2.8761100e+00   5.2575400e+00   5.5777500e-01  -9.6724800e+05
   6.9091700e+00  -1.0771100e+00   6.0296700e+00   2.8767800e+00   5.2570100e+00   5.5743100e-01  -9.6724900e+05
   6.9091200e+00  -1.0772000e+00   6.0297600e+00   2.8754900e+00   5.2573300e+00   5.5781300e-01  -9.6724800e+05
   6.9090000e+00  -1.0771900e+00   6.0297300e+00   2.8764400e+00   5.2573800e+00   5.5758400e-01  -9.6725000e+05
   6.9088000e+00  -1.0776900e+00   6.0297000e+00   2.8762600e+00   5.2576700e+00   5.5860800e-01  -9.6724900e+05
   6.9087800e+00  -1.0776000e+00   6.0297300e+00   2.8757200e+00   5.2577700e+00   5.5807700e-01  -9.6724700e+05
   6.9086200e+00  -1.0775800e+00   6.0297600e+00   2.8753300e+00   5.2580700e+00   5.5846200e-01  -9.6724800e+05
   6.9086300e+00  -1.0775400e+00   6.0297500e+00   2.8757700e+00   5.2582400e+00   5.5867700e-01  -9.6724900e+05
   6.9089400e+00  -1.0773200e+00   6.0297000e+00   2.8760600e+00   5.2574800e+00   5.5796200e-01  -9.6724600e+05
   6.9090900e+00  -1.0770700e+00   6.0296600e+00   2.8766900e+00   5.2573500e+00   5.5801300e-01  -9.6724800e+05
   6.9090200e+00  -1.0772700e+00   6.0296900e+00   2.8758800e+00   5.2574600e+00   5.5787400e-01  -9.6724600e+05
   6.9088800e+00  -1.0772400e+00   6.0296600e+00   2.8767900e+00   5.2573600e+00   5.5845200e-01  -9.6725100e+05
   6.9090500e+00  -1.0769300e+00   6.0297200e+00   2.8765400e+00   5.2573600e+00   5.5790100e-01  -9.6724700e+05
   6.9090200e+00  -1.0769300e+00   6.0297100e+00   2.8766800e+00   5.2574700e+00   5.5801000e-01  -9.6724700e+05
   6.9088900e+00  -1.0769300e+00   6.0296500e+00   2.8760200e+00   5.2574800e+00   5.5819800e-01  -9.6724800e+05
   6.9090300e+00  -1.0772400e+00   6.0296900e+00   2.8761600e+00   5.2575500e+00   5.5838300e-01  -9.6725000e+05
   6.9091000e+00  -1.0773100e+00   6.0296700e+00   2.8765400e+00   5.2571300e+00   5.5772800e-01  -9.6724700e+05
   6.9089100e+00  -1.0773700e+00   6.0297000e+00   2.8760600e+00   5.2572500e+00   5.5771100e-01  -9.6725200e+05
   6.9089000e+00  -1.0774100e+00   6.0297300e+00   2.8767100e+00   5.2577300e+00   5.5835700e-01  -9.6724900e+05
   6.9085600e+00  -1.0773700e+00   6.0297400e+00   2.8764500e+00   5.2580800e+00   5.5857500e-01  -9.6725000e+05
   6.9088700e+00  -1.0773200e+00   6.0296900e+00   2.8758400e+00   5.2576900e+00   5.5822100e-01  -9.6724600e+05
   6.9090000e+00  -1.0774300e+00   6.0296800e+00   2.8756600e+00   5.2571700e+00   5.5766700e-01  -9.6725000e+05
   6.9090100e+00  -1.0776300e+00   6.0296700e+00   2.8768600e+00   5.2573100e+00   5.5781700e-01  -9.6724800e+05
   6.9089000e+00  -1.0774900e+00   6.0296800e+00   2.8759700e+00   5.2578100e+00   5.5844700e-01  -9.6724900e+05
   6.9086000e+00  -1.0776000e+00   6.0297400e+00   2.8760000e+00   5.2582000e+00   5.5871500e-01  -9.6724800e+05
   6.9087900e+00  -1.0776000e+00   6.0297100e+00   2.8758600e+00   5.2579100e+00   5.5841000e-01  -9.6724600e+05
   6.9086300e+00  -1.0776700e+00   6.0297100e+00   2.8753800e+00   5.2580500e+00   5.5861600e-01  -9.6724800e+05
   6.9087000e+00  -1.0776700e+00   6.0296900e+00   2.8763800e+00   5.2578000e+00   5.5812700e-01  -9.6724900e+05
   6.9089000e+00  -1.0777400e+00   6.0297100e+00   2.8758300e+00   5.2575500e+00   5.5803700e-01  -9.6724600e+05
   6.9088400e+00  -1.0779100e+00   6.0296200e+00   2.8759100e+00   5.2574300e+00   5.5840200e-01  -9.6725200e+05
   6.9088800e+00  -1.0779200e+00   6.0296600e+00   2.8762100e+00   5.2576700e+00   5.5845100e-01  -9.6724700e+05
   6.9089200e+00  -1.0781000e+00   6.0297100e+00   2.8754000e+00   5.2575300e+00   5.5800000e-01  -9.6724700e+05
   6.9087900e+00  -1.0781300e+00   6.0296400e+00   2.8770000e+00   5.2574900e+00   5.5814100e-01  -9.6725200e+05
   6.9090500e+00  -1.0779600e+00   6.0297100e+00   2.8754700e+00   5.2573100e+00   5.5773400e-01  -9.6724800e+05
   6.9088300e+00  -1.0778700e+00   6.0297100e+00   2.8763400e+00   5.2576800e+00   5.5847300e-01  -9.6724800e+05
   6.9085800e+00  -1.0779400e+00   6.0297300e+00   2.8753900e+00   5.2582500e+00   5.5877400e-01  -9.6724800e+05
   6.9088100e+00  -1.0779300e+00   6.0296500e+00   2.8766300e+00   5.2577300e+00   5.5873300e-01  -9.6725000e+05
   6.9085800e+00  -1.0777100e+00   6.0297100e+00   2.8763200e+00   5.2580500e+00   5.5865700e-01  -9.6724900e+05
   6.9088400e+00  -1.0778300e+00   6.0297400e+00   2.8753700e+00   5.2578400e+00   5.5832400e-01  -9.6724700e+05
   6.9090000e+00  -1.0778200e+00   6.0297200e+00   2.8763500e+00   5.2574200e+00   5.5818700e-01  -9.6724800e+05
   6.9087900e+00  -1.0779300e+00   6.0296800e+00   2.8757600e+00   5.2579000e+00   5.5821500e-01  -9.6724700e+05
   6.9086900e+00  -1.0780100e+00   6.0297100e+00   2.8754600e+00   5.2580100e+00   5.5847500e-01  -9.6724700e+05
   6.9086000e+00  -1.0782700e+00   6.0297100e+00   2.8762300e+00   5.2581900e+00   5.5872000e-01  -9.6724800e+05
   6.9086300e+00  -1.0782900e+00   6.0297700e+00   2.8753000e+00   5.2582700e+00   5.5879900e-01  -9.6724900e+05
   6.9087000e+00  -1.0785200e+00   6.0297200e+00   2.8755600e+00   5.2581400e+00   5.5868600e-01  -9.6724700e+05
   6.9089700e+00  -1.0783500e+00   6.0296700e+00   2.8763200e+00   5.2576000e+00   5.5834100e-01  -9.6724700e+05
   6.9089200e+00  -1.0784100e+00   6.0296800e+00   2.8760000e+00   5.2575600e+00   5.5821300e-01  -9.6724600e+05
   6.9089300e+00  -1.0781700e+00   6.0297000e+00   2.8760100e+00   5.2578100e+00   5.5830000e-01  -9.6724800e+05
   6.9087900e+00  -1.0782400e+00   6.0297000e+00   2.8760600e+00   5.2578900e+00   5.5803200e-01  -9.6724900e+05
   6.9089000e+00  -1.0783100e+00   6.0296700e+00   2.8754000e+00   5.2575800e+00   5.5807900e-01  -9.6724800e+05
   6.9086200e+00  -1.0784200e+00   6.0296100e+00   2.8756800e+00   5.2580900e+00   5.5865800e-01  -9.6725300e+05
   6.9088400e+00  -1.0785100e+00   6.0296800e+00   2.8754000e+00   5.2577600e+00   5.5827200e-01  -9.6724700e+05
   6.9090300e+00  -1.0785500e+00   6.0296900e+00   2.8764200e+00   5.2574500e+00   5.5828300e-01  -9.6724800e+05
   6.9089900e+00  -1.0784400e+00   6.0296500e+00   2.8763900e+00   5.2575500e+00   5.5832100e-01  -9.6724700e+05
   6.9087600e+00  -1.0784700e+00   6.0297400e+00   2.8754100e+00   5.2580300e+00   5.5824500e-01  -9.6724800e+05
   6.9087400e+00  -1.0785600e+00   6.0297600e+00   2.8759700e+00   5.2580400e+00   5.5865800e-01  -9.6724900e+05
   6.9088600e+00  -1.0787400e+00   6.0297200e+00   2.8751100e+00   5.2577100e+00   5.5821400e-01  -9.6724800e+05
   6.9090000e+00  -1.0786600e+00   6.0296700e+00   2.8757700e+00   5.2576100e+00   5.5786900e-01  -9.6724900e+05
   6.9091700e+00  -1.0786000e+00   6.0297100e+00   2.8758800e+00   5.2573700e+00   5.5803900e-01  -9.6724900e+05
   6.9088000e+00  -1.0787100e+00   6.0296600e+00   2.8759100e+00   5.2579700e+00   5.5851300e-01  -9.6724800e+05
   6.9088500e+00  -1.0788100e+00   6.0296600e+00   2.8760200e+00   5.2577600e+00   5.5811400e-01  -9.6724800e+05
   6.9089800e+00  -1.0787700e+00   6.0296700e+00   2.8755800e+00   5.2574500e+00   5.5802700e-01  -9.6724800e+05
   6.9088900e+00  -1.0789000e+00   6.0296900e+00   2.8757900e+00   5.2577000e+00   5.5805400e-01  -9.6724700e+05
   6.9087100e+00  -1.0789200e+00   6.0296800e+00   2.8753100e+00   5.2580300e+00   5.5844400e-01  -9.6724800e+05
   6.9087300e+00  -1.0789800e+00   6.0297000e+00   2.8762600e+00   5.2578700e+00   5.5875600e-01  -9.6724900e+05
   6.9087800e+00  -1.0790200e+00   6.0297400e+00   2.8757400e+00   5.2580000e+00   5.5862100e-01  -9.6724800e+05
   6.9088100e+00  -1.0790600e+00   6.0296900e+00   2.8750900e+00   5.2576900e+00   5.5826400e-01  -9.6725000e+05
   6.9086000e+00  -1.0793300e+00   6.0296900e+00   2.8758700e+00   5.2581700e+00   5.5862700e-01  -9.6724800e+05
   6.9085300e+00  -1.0794100e+00   6.0297000e+00   2.8755000e+00   5.2583000e+00   5.5877700e-01  -9.6724800e+05
   6.9086800e+00  -1.0793800e+00   6.0296300e+00   2.8760200e+00   5.2578500e+00   5.5867400e-01  -9.6725000e+05
   6.9088600e+00  -1.0791800e+00   6.0296900e+00   2.8759300e+00   5.2580400e+00   5.5849900e-01  -9.6724900e+05
   6.9088200e+00  -1.0792700e+00   6.0296500e+00   2.8761100e+00   5.2577900e+00   5.5855400e-01  -9.6724700e+05
   6.9088400e+00  -1.0795000e+00   6.0296000e+00   2.8756700e+00   5.2577800e+00   5.5871200e-01  -9.6725100e+05
   6.9088600e+00  -1.0793400e+00   6.0296700e+00   2.8763200e+00   5.2576300e+00   5.5832300e-01  -9.6724800e+05
   6.9088000e+00  -1.0793500e+00   6.0297300e+00   2.8762200e+00   5.2579700e+00   5.5826800e-01  -9.6725100e+05
   6.9089100e+00  -1.0792600e+00   6.0296700e+00   2.8765000e+00   5.2575400e+00   5.5827100e-01  -9.6724900e+05
   6.9091700e+00  -1.0792000e+00   6.0296600e+00   2.8766700e+00   5.2571400e+00   5.5799200e-01  -9.6725000e+05
   6.9091300e+00  -1.0791300e+00   6.0296100e+00   2.8770700e+00   5.2572500e+00   5.5775800e-01  -9.6725200e+05
   6.9091100e+00  -1.0791600e+00   6.0296200e+00   2.8763400e+00   5.2572900e+00   5.5803500e-01  -9.6724900e+05
   6.9091000e+00  -1.0793900e+00   6.0297000e+00   2.8749100e+00   5.2575900e+00   5.5783500e-01  -9.6725100e+05
   6.9091400e+00  -1.0793800e+00   6.0297000e+00   2.8750200e+00   5.2575500e+00   5.5778600e-01  -9.6725200e+05
   6.9090100e+00  -1.0793400e+00   6.0297400e+00   2.8753200e+00   5.2573800e+00   5.5755100e-01  -9.6725700e+05
   6.9090600e+00  -1.0795000e+00   6.0297200e+00   2.8754400e+00   5.2574100e+00   5.5790300e-01  -9.6725000e+05
   6.9089700e+00  -1.0793500e+00   6.0297200e+00   2.8751900e+00   5.2574900e+00   5.5805000e-01  -9.6725000e+05
   6.9087500e+00  -1.0793800e+00   6.0296500e+00   2.8758500e+00   5.2579400e+00   5.5859000e-01  -9.6724700e+05
   6.9087900e+00  -1.0792400e+00   6.0296800e+00   2.8756200e+00   5.2578400e+00   5.5835200e-01  -9.6724700e+05
   6.9089000e+00  -1.0794000e+00   6.0296800e+00   2.8758000e+00   5.2576900e+00   5.5869600e-01  -9.6724900e+05
   6.9088300e+00  -1.0795700e+00   6.0296800e+00   2.8763100e+00   5.2577400e+00   5.5858000e-01  -9.6724800e+05
   6.9088300e+00  -1.0794000e+00   6.0297400e+00   2.8751100e+00   5.2581000e+00   5.5854000e-01  -9.6724900e+05
   6.9088800e+00  -1.0790500e+00   6.0296800e+00   2.8757700e+00   5.2577600e+00   5.5834600e-01  -9.6724600e+05
   6.9090600e+00  -1.0789600e+00   6.0296600e+00   2.8757900e+00   5.2574200e+00   5.5810600e-01  -9.6724700e+05
   6.9090000e+00  -1.0788400e+00   6.0296500e+00   2.8761200e+00   5.2575100e+00   5.5815300e-01  -9.6724700e+05
   6.9089600e+00  -1.0786400e+00   6.0296600e+00   2.8766000e+00   5.2579100e+00   5.5847100e-01  -9.6725300e+05
   6.9086900e+00  -1.0788100e+00   6.0296700e+00   2.8760400e+00   5.2579300e+00   5.5850300e-01  -9.6724700e+05
   6.9087500e+00  -1.0788900e+00   6.0296400e+00   2.8763200e+00   5.2578400e+00   5.5844700e-01  -9.6724800e+05
   6.9089500e+00  -1.0789800e+00   6.0296700e+00   2.8761900e+00   5.2577100e+00   5.5787400e-01  -9.6725100e+05
   6.9089400e+00  -1.0790800e+00   6.0297000e+00   2.8752100e+00   5.2577400e+00   5.5814700e-01  -9.6724800e+05
   6.9088100e+00  -1.0793200e+00   6.0296800e+00   2.8760100e+00   5.2578000e+00   5.5849000e-01  -9.6724700e+05
   6.9087100e+00  -1.0793500e+00   6.0296900e+00   2.8758000e+00   5.2580500e+00   5.5895800e-01  -9.6724900e+05
   6.9086900e+00  -1.0793000e+00   6.0296000e+00   2.8760200e+00   5.2581900e+00   5.5900400e-01  -9.6725400e+05
   6.9086200e+00  -1.0794300e+00   6.0297200e+00   2.8751400e+00   5.2584600e+00   5.5899800e-01  -9.6725000e+05
   6.9087000e+00  -1.0794200e+00   6.0297200e+00   2.8748800e+00   5.2580500e+00   5.5892000e-01  -9.6725100e+05
   6.9087000e+00  -1.0794400e+00   6.0296900e+00   2.8758900e+00   5.2581900e+00   5.5892100e-01  -9.6724800e+05
   6.9084700e+00  -1.0796700e+00   6.0297000e+00   2.8756500e+00   5.2583500e+00   5.5873300e-01  -9.6725000e+05
   6.9086400e+00  -1.0796800e+00   6.0296600e+00   2.8759500e+00   5.2582200e+00   5.5901700e-01  -9.6724800e+05
   6.9087500e+00  -1.0797100e+00   6.0297100e+00   2.8750400e+00   5.2580500e+00   5.5848300e-01  -9.6724800e+05
   6.9087500e+00  -1.0796000e+00   6.0296100e+00   2.8766700e+00   5.2576100e+00   5.5850900e-01  -9.6725300e+05
   6.9092500e+00  -1.0796300e+00   6.0296500e+00   2.8760500e+00   5.2574000e+00   5.5790500e-01  -9.6725200e+05
   6.9090000e+00  -1.0795100e+00   6.0296700e+00   2.8760100e+00   5.2576600e+00   5.5799400e-01  -9.6724900e+05
   6.9088100e+00  -1.0795600e+00   6.0297000e+00   2.8754200e+00   5.2579300e+00   5.5826600e-01  -9.6724800e+05
   6.9087300e+00  -1.0796900e+00   6.0296400e+00   2.8758900e+00   5.2580400e+00   5.5865100e-01  -9.6724800e+05
   6.9086800e+00  -1.0797400e+00   6.0296400e+00   2.8758300e+00   5.2579600e+00   5.5880700e-01  -9.6724900e+05
   6.9086700e+00  -1.0795600e+00   6.0297000e+00   2.8763000e+00   5.2581800e+00   5.5897800e-01  -9.6724900e+05
   6.9087800e+00  -1.0794900e+00   6.0296400e+00   2.8754500e+00   5.2580000e+00   5.5861900e-01  -9.6724900e+05
   6.9089400e+00  -1.0794600e+00   6.0296300e+00   2.8756000e+00   5.2577800e+00   5.5839900e-01  -9.6725000e+05
   6.9087800e+00  -1.0791200e+00   6.0296800e+00   2.8759200e+00   5.2579500e+00   5.5870800e-01  -9.6724700e+05
   6.9087800e+00  -1.0791600e+00   6.0296300e+00   2.8763600e+00   5.2575700e+00   5.5814000e-01  -9.6725200e+05
   6.9088600e+00  -1.0791800e+00   6.0296900e+00   2.8750600e+00   5.2577100e+00   5.5849700e-01  -9.6724900e+05
   6.9086700e+00  -1.0792300e+00   6.0296700e+00   2.8755800e+00   5.2581100e+00   5.5862100e-01  -9.6724800e+05
   6.9087700e+00  -1.0792900e+00   6.0297000e+00   2.8761400e+00   5.2579900e+00   5.5865500e-01  -9.6724700e+05
   6.9088600e+00  -1.0792500e+00   6.0296800e+00   2.8755500e+00   5.2581200e+00   5.5872600e-01  -9.6725200e+05
   6.9086800e+00  -1.0793500e+00   6.0296600e+00   2.8757500e+00   5.2579400e+00   5.5853600e-01  -9.6724800e+05
   6.9090000e+00  -1.0791900e+00   6.0296900e+00   2.8757100e+00   5.2578000e+00   5.5874300e-01  -9.6725200e+05
   6.9090600e+00  -1.0792500e+00   6.0296800e+00   2.8758500e+00   5.2574300e+00   5.5806800e-01  -9.6724700e+05
   6.9086000e+00  -1.0791800e+00   6.0296400e+00   2.8765000e+00   5.2581600e+00   5.5854800e-01  -9.6725000e+05
   6.9087400e+00  -1.0791500e+00   6.0297300e+00   2.8754800e+00   5.2580500e+00   5.5876400e-01  -9.6724800e+05
   6.9087700e+00  -1.0791800e+00   6.0297400e+00   2.8753400e+00   5.2581700e+00   5.5857200e-01  -9.6724900e+05
   6.9088100e+00  -1.0789500e+00   6.0297300e+00   2.8754600e+00   5.2580100e+00   5.5845000e-01  -9.6724700e+05
   6.9088500e+00  -1.0789900e+00   6.0296600e+00   2.8756800e+00   5.2578600e+00   5.5868700e-01  -9.6724900e+05
   6.9091000e+00  -1.0790700e+00   6.0297000e+00   2.8760400e+00   5.2576300e+00   5.5818300e-01  -9.6724900e+05
   6.9089300e+00  -1.0789400e+00   6.0296500e+00   2.8760500e+00   5.2577400e+00   5.5826100e-01  -9.6724800e+05
   6.9092000e+00  -1.0791700e+00   6.0296900e+00   2.8757400e+00   5.2573100e+00   5.5807900e-01  -9.6724900e+05
   6.9089900e+00  -1.0791600e+00   6.0297300e+00   2.8755500e+00   5.2576600e+00   5.5810800e-01  -9.6724800e+05
   6.9090000e+00  -1.0788700e+00   6.0296800e+00   2.8760400e+00   5.2576900e+00   5.5815500e-01  -9.6724800e+05
   6.9088600e+00  -1.0791300e+00   6.0296600e+00   2.8768300e+00   5.2575600e+00   5.5838200e-01  -9.6725000e+05
   6.9085400e+00  -1.0790700e+00   6.0296500e+00   2.8759500e+00   5.2582500e+00   5.5850700e-01  -9.6725100e+05
   6.9087900e+00  -1.0791600e+00   6.0297100e+00   2.8770200e+00   5.2580200e+00   5.5852000e-01  -9.6725300e+05
   6.9086900e+00  -1.0790600e+00   6.0297200e+00   2.8749000e+00   5.2582700e+00   5.5899000e-01  -9.6725100e+05
   6.9089100e+00  -1.0791100e+00   6.0296900e+00   2.8763500e+00   5.2577700e+00   5.5857500e-01  -9.6724800e+05
   6.9089200e+00  -1.0792900e+00   6.0297200e+00   2.8753400e+00   5.2577100e+00   5.5810300e-01  -9.6724800e+05
   6.9091000e+00  -1.0791600e+00   6.0296600e+00   2.8757100e+00   5.2576100e+00   5.5781700e-01  -9.6725200e+05
   6.9089600e+00  -1.0792100e+00   6.0296800e+00   2.8750600e+00   5.2576900e+00   5.5805600e-01  -9.6724900e+05
   6.9088900e+00  -1.0789300e+00   6.0296700e+00   2.8760500e+00   5.2575800e+00   5.5820000e-01  -9.6724700e+05
   6.9088000e+00  -1.0789600e+00   6.0297100e+00   2.8759100e+00   5.2577400e+00   5.5809600e-01  -9.6724900e+05
   6.9089400e+00  -1.0788800e+00   6.0296700e+00   2.8760900e+00   5.2578100e+00   5.5841700e-01  -9.6724800e+05
   6.9087800e+00  -1.0787900e+00   6.0296600e+00   2.8763700e+00   5.2577600e+00   5.5860700e-01  -9.6724800e+05
   6.9084800e+00  -1.0789700e+00   6.0297400e+00   2.8750000e+00   5.2583600e+00   5.5878700e-01  -9.6725000e+05
   6.9086100e+00  -1.0790500e+00   6.0296800e+00   2.8761300e+00   5.2579900e+00   5.5870900e-01  -9.6724900e+05
   6.9088900e+00  -1.0791500e+00   6.0296700e+00   2.8754600e+00   5.2578800e+00   5.5846900e-01  -9.6724800e+05
   6.9088400e+00  -1.0792000e+00   6.0296700e+00   2.8753100e+00   5.2577900e+00   5.5827600e-01  -9.6724800e+05
   6.9088000e+00  -1.0791000e+00   6.0296600e+00   2.8753700e+00   5.2578100e+00   5.5843200e-01  -9.6724800e+05
   6.9086500e+00  -1.0792800e+00   6.0297300e+00   2.8750300e+00   5.2583100e+00   5.5899600e-01  -9.6725000e+05
   6.9085700e+00  -1.0796100e+00   6.0296500e+00   2.8755400e+00   5.2583000e+00   5.5900100e-01  -9.6724900e+05
   6.9087000e+00  -1.0794400e+00   6.0296900e+00   2.8758400e+00   5.2580600e+00   5.5894700e-01  -9.6724800e+05
   6.9086600e+00  -1.0793600e+00   6.0296500e+00   2.8761600e+00   5.2578700e+00   5.5889400e-01  -9.6725100e+05
   6.9087300e+00  -1.0791800e+00   6.0296600e+00   2.8761300e+00   5.2579100e+00   5.5877400e-01  -9.6724800e+05
   6.9087800e+00  -1.0791300e+00   6.0297000e+00   2.8754300e+00   5.2580500e+00   5.5838200e-01  -9.6724800e+05
   6.9089100e+00  -1.0790400e+00   6.0296900e+00   2.8758100e+00   5.2577100e+00   5.5833500e-01  -9.6724600e+05
   6.9088300e+00  -1.0788100e+00   6.0297700e+00   2.8751100e+00   5.2578700e+00   5.5833700e-01  -9.6724900e+05
   6.9087400e+00  -1.0787500e+00   6.0297100e+00   2.8760600e+00   5.2580500e+00   5.5852000e-01  -9.6724700e+05
   6.9091300e+00  -1.0787400e+00   6.0296000e+00   2.8769700e+00   5.2574000e+00   5.5852300e-01  -9.6725500e+05
   6.9088000e+00  -1.0787700e+00   6.0296800e+00   2.8758700e+00   5.2577700e+00   5.5838500e-01  -9.6724700e+05
   6.9086800e+00  -1.0788700e+00   6.0297300e+00   2.8760700e+00   5.2579500e+00   5.5858900e-01  -9.6724900e+05
   6.9088600e+00  -1.0788600e+00   6.0297100e+00   2.8762300e+00   5.2578600e+00   5.5864400e-01  -9.6724800e+05
   6.9086100e+00  -1.0789000e+00   6.0297400e+00   2.8753300e+00   5.2582500e+00   5.5870400e-01  -9.6724800e+05
   6.9087000e+00  -1.0790900e+00   6.0296800e+00   2.8755500e+00   5.2581500e+00   5.5862300e-01  -9.6724800e+05
   6.9089700e+00  -1.0792000e+00   6.0296600e+00   2.8764300e+00   5.2576800e+00   5.5866300e-01  -9.6725000e+05
   6.9088600e+00  -1.0792800e+00   6.0296800e+00   2.8753400e+00   5.2578900e+00   5.5831400e-01  -9.6724800e+05
   6.9088700e+00  -1.0793700e+00   6.0296100e+00   2.8758300e+00   5.2577500e+00   5.5829000e-01  -9.6725000e+05
   6.9090100e+00  -1.0794300e+00   6.0296600e+00   2.8763900e+00   5.2576400e+00   5.5831800e-01  -9.6724800e+05
   6.9087700e+00  -1.0795900e+00   6.0297400e+00   2.8756800e+00   5.2579700e+00   5.5839700e-01  -9.6724900e+05
   6.9086400e+00  -1.0796000e+00   6.0296600e+00   2.8758000e+00   5.2582200e+00   5.5902300e-01  -9.6724800e+05
   6.9084900e+00  -1.0797700e+00   6.0297300e+00   2.8759000e+00   5.2585800e+00   5.5928100e-01  -9.6725100e+05
   6.9084300e+00  -1.0796400e+00   6.0297000e+00   2.8749300e+00   5.2586500e+00   5.5906500e-01  -9.6725100e+05
   6.9089300e+00  -1.0794500e+00   6.0296700e+00   2.8760100e+00   5.2577400e+00   5.5861200e-01  -9.6724800e+05
   6.9087100e+00  -1.0795800e+00   6.0296300e+00   2.8759200e+00   5.2581300e+00   5.5906600e-01  -9.6725100e+05
   6.9084400e+00  -1.0794800e+00   6.0297200e+00   2.8762500e+00   5.2585000e+00   5.5918500e-01  -9.6725100e+05
   6.9086400e+00  -1.0793700e+00   6.0297000e+00   2.8758700e+00   5.2581400e+00   5.5898000e-01  -9.6724800e+05
   6.9088400e+00  -1.0792400e+00   6.0296700e+00   2.8768700e+00   5.2577700e+00   5.5868200e-01  -9.6725000e+05
   6.9087600e+00  -1.0791900e+00   6.0297400e+00   2.8758100e+00   5.2581000e+00   5.5836000e-01  -9.6725000e+05
   6.9086100e+00  -1.0793400e+00   6.0297400e+00   2.8758900e+00   5.2582600e+00   5.5861000e-01  -9.6725000e+05
   6.9087100e+00  -1.0795300e+00   6.0296600e+00   2.8756400e+00   5.2580200e+00   5.5849800e-01  -9.6724800e+05
   6.9090200e+00  -1.0793400e+00   6.0295900e+00   2.8759000e+00   5.2575400e+00   5.5840100e-01  -9.6725300e+05
   6.9089100e+00  -1.0795900e+00   6.0297000e+00   2.8755700e+00   5.2577700e+00   5.5833400e-01  -9.6724700e+05
   6.9090600e+00  -1.0794000e+00   6.0297000e+00   2.8762900e+00   5.2576700e+00   5.5842400e-01  -9.6725000e+05
   6.9085700e+00  -1.0794100e+00   6.0297300e+00   2.8752000e+00   5.2582000e+00   5.5876900e-01  -9.6725000e+05
   6.9089300e+00  -1.0795100e+00   6.0296400e+00   2.8763300e+00   5.2577300e+00   5.5895200e-01  -9.6725300e+05
   6.9088900e+00  -1.0794800e+00   6.0297300e+00   2.8753700e+00   5.2577900e+00   5.5858600e-01  -9.6724900e+05
   6.9088700e+00  -1.0795700e+00   6.0296600e+00   2.8754000e+00   5.2575900e+00   5.5842300e-01  -9.6725000e+05
   6.9088600e+00  -1.0795600e+00   6.0296500e+00   2.8761600e+00   5.2579700e+00   5.5851400e-01  -9.6724900e+05
   6.9087500e+00  -1.0795100e+00   6.0297400e+00   2.8757900e+00   5.2581900e+00   5.5851100e-01  -9.6725000e+05
   6.9088400e+00  -1.0795700e+00   6.0296800e+00   2.8767900e+00   5.2579500e+00   5.5845800e-01  -9.6725000e+05
   6.9086800e+00  -1.0797000e+00   6.0297500e+00   2.8748900e+00   5.2583600e+00   5.5871600e-01  -9.6725000e+05
   6.9086700e+00  -1.0796400e+00   6.0297300e+00   2.8752700e+00   5.2580700e+00   5.5849800e-01  -9.6724900e+05
   6.9088500e+00  -1.0795800e+00   6.0296700e+00   2.8757300e+00   5.2578400e+00   5.5864700e-01  -9.6724700e+05
   6.9089300e+00  -1.0795800e+00   6.0296000e+00   2.8764700e+00   5.2576200e+00   5.5849100e-01  -9.6724900e+05
   6.9089500e+00  -1.0798500e+00   6.0296900e+00   2.8760000e+00   5.2576000e+00   5.5821500e-01  -9.6724800e+05
   6.9089500e+00  -1.0798400e+00   6.0296900e+00   2.8758100e+00   5.2576500e+00   5.5821000e-01  -9.6724800e+05
   6.9089400e+00  -1.0797400e+00   6.0296700e+00   2.8756200e+00   5.2579000e+00   5.5824500e-01  -9.6724900e+05
   6.9088500e+00  -1.0799900e+00   6.0296800e+00   2.8759300e+00   5.2580000e+00   5.5841600e-01  -9.6724800e+05
   6.9088500e+00  -1.0800800e+00   6.0296800e+00   2.8761600e+00   5.2578300e+00   5.5851500e-01  -9.6724800e+05
   6.9087600e+00  -1.0800200e+00   6.0296600e+00   2.8749500e+00   5.2582000e+00   5.5879700e-01  -9.6725100e+05
   6.9087200e+00  -1.0801600e+00   6.0296600e+00   2.8760300e+00   5.2581300e+00   5.5888200e-01  -9.6724800e+05
   6.9087800e+00  -1.0801900e+00   6.0296500e+00   2.8763500e+00   5.2581300e+00   5.5873500e-01  -9.6724900e+05
   6.9088900e+00  -1.0802600e+00   6.0296500e+00   2.8763700e+00   5.2578100e+00   5.5872700e-01  -9.6724900e+05
   6.9086600e+00  -1.0800800e+00   6.0296900e+00   2.8756100e+00   5.2581700e+00   5.5875100e-01  -9.6724700e+05
   6.9088600e+00  -1.0800200e+00   6.0296400e+00   2.8763500e+00   5.2577800e+00   5.5844900e-01  -9.6724800e+05
   6.9089000e+00  -1.0800100e+00   6.0296600e+00   2.8758800e+00   5.2578900e+00   5.5830000e-01  -9.6724900e+05
   6.9087400e+00  -1.0800200e+00   6.0297200e+00   2.8753500e+00   5.2580200e+00   5.5844200e-01  -9.6724900e+05
   6.9089600e+00  -1.0798600e+00   6.0296500e+00   2.8762100e+00   5.2574900e+00   5.5836600e-01  -9.6724900e+05
   6.9090300e+00  -1.0797600e+00   6.0297300e+00   2.8754800e+00   5.2576300e+00   5.5822700e-01  -9.6724900e+05
   6.9089300e+00  -1.0799600e+00   6.0296800e+00   2.8760300e+00   5.2577000e+00   5.5825900e-01  -9.6724800e+05
   6.9090000e+00  -1.0800300e+00   6.0296700e+00   2.8756700e+00   5.2575600e+00   5.5816700e-01  -9.6724800e+05
   6.9088700e+00  -1.0800800e+00   6.0296000e+00   2.8761600e+00   5.2576600e+00   5.5843200e-01  -9.6724900e+05
   6.9087000e+00  -1.0800200e+00   6.0296900e+00   2.8750200e+00   5.2583100e+00   5.5876200e-01  -9.6724900e+05
   6.9088500e+00  -1.0800800e+00   6.0297000e+00   2.8757100e+00   5.2578900e+00   5.5849600e-01  -9.6724700e+05
   6.9085000e+00  -1.0801900e+00   6.0296200e+00   2.8756600e+00   5.2583100e+00   5.5879800e-01  -9.6725200e+05
   6.9088600e+00  -1.0799900e+00   6.0296800e+00   2.8753000e+00   5.2580300e+00   5.5861100e-01  -9.6724900e+05
   6.9088500e+00  -1.0802100e+00   6.0296700e+00   2.8758400e+00   5.2576600e+00   5.5831700e-01  -9.6725000e+05
   6.9088900e+00  -1.0802200e+00   6.0296900e+00   2.8758300e+00   5.2577700e+00   5.5845700e-01  -9.6724800e+05
   6.9085400e+00  -1.0803200e+00   6.0296900e+00   2.8759500e+00   5.2581800e+00   5.5899100e-01  -9.6725100e+05
   6.9086000e+00  -1.0803700e+00   6.0296300e+00   2.8757300e+00   5.2583200e+00   5.5886800e-01  -9.6724900e+05
   6.9086300e+00  -1.0803900e+00   6.0296500e+00   2.8751900e+00   5.2580800e+00   5.5878200e-01  -9.6725000e+05
   6.9085800e+00  -1.0803900e+00   6.0297000e+00   2.8757800e+00   5.2581700e+00   5.5889100e-01  -9.6725000e+05
   6.9089300e+00  -1.0803000e+00   6.0296100e+00   2.8760700e+00   5.2577500e+00   5.5882100e-01  -9.6725100e+05
   6.9087700e+00  -1.0799400e+00   6.0296600e+00   2.8748200e+00   5.2580200e+00   5.5867100e-01  -9.6725000e+05
   6.9086400e+00  -1.0800400e+00   6.0296600e+00   2.8757700e+00   5.2582000e+00   5.5879100e-01  -9.6724800e+05
   6.9088200e+00  -1.0799500e+00   6.0296200e+00   2.8767000e+00   5.2580200e+00   5.5903300e-01  -9.6725300e+05
   6.9086500e+00  -1.0801500e+00   6.0297000e+00   2.8755200e+00   5.2583000e+00   5.5909000e-01  -9.6724900e+05
   6.9085200e+00  -1.0803700e+00   6.0297100e+00   2.8751400e+00   5.2586200e+00   5.5910900e-01  -9.6725000e+05
   6.9086600e+00  -1.0803900e+00   6.0296600e+00   2.8753900e+00   5.2582800e+00   5.5886900e-01  -9.6724900e+05
   6.9087200e+00  -1.0802500e+00   6.0296200e+00   2.8757100e+00   5.2579700e+00   5.5858000e-01  -9.6724900e+05
   6.9087100e+00  -1.0801600e+00   6.0296700e+00   2.8753900e+00   5.2580400e+00   5.5876000e-01  -9.6724800e+05
   6.9084700e+00  -1.0799800e+00   6.0297300e+00   2.8752000e+00   5.2585700e+00   5.5894100e-01  -9.6725000e+05
   6.9083700e+00  -1.0802800e+00   6.0296900e+00   2.8752600e+00   5.2587000e+00   5.5912300e-01  -9.6725100e+05
   6.9088200e+00  -1.0803000e+00   6.0296800e+00   2.8762200e+00   5.2578800e+00   5.5842900e-01  -9.6724800e+05
   6.9088700e+00  -1.0801900e+00   6.0296100e+00   2.8758000e+00   5.2577600e+00   5.5854600e-01  -9.6724900e+05
   6.9087600e+00  -1.0803900e+00   6.0297200e+00   2.8758500e+00   5.2583300e+00   5.5874900e-01  -9.6725100e+05
   6.9089100e+00  -1.0804900e+00   6.0297100e+00   2.8751200e+00   5.2577600e+00   5.5812900e-01  -9.6725000e+05
   6.9086500e+00  -1.0804500e+00   6.0296300e+00   2.8753100e+00   5.2581500e+00   5.5877400e-01  -9.6725000e+05
   6.9085300e+00  -1.0803800e+00   6.0297300e+00   2.8753800e+00   5.2583200e+00   5.5878800e-01  -9.6725100e+05
   6.9085600e+00  -1.0803400e+00   6.0296700e+00   2.8759400e+00   5.2584400e+00   5.5886400e-01  -9.6724900e+05
   6.9088400e+00  -1.0804200e+00   6.0296700e+00   2.8765100e+00   5.2580000e+00   5.5887300e-01  -9.6725000e+05
   6.9088100e+00  -1.0804700e+00   6.0296300e+00   2.8764600e+00   5.2578000e+00   5.5873100e-01  -9.6724900e+05
   6.9089000e+00  -1.0804500e+00   6.0296700e+00   2.8761600e+00   5.2577200e+00   5.5836700e-01  -9.6724800e+05
   6.9089600e+00  -1.0802300e+00   6.0296400e+00   2.8751800e+00   5.2576500e+00   5.5834100e-01  -9.6724900e+05
   6.9088100e+00  -1.0802300e+00   6.0297300e+00   2.8754100e+00   5.2578000e+00   5.5837600e-01  -9.6725100e+05
   6.9088200e+00  -1.0801300e+00   6.0297300e+00   2.8747800e+00   5.2580800e+00   5.5836900e-01  -9.6725000e+05
   6.9086200e+00  -1.0802700e+00   6.0296500e+00   2.8759200e+00   5.2582900e+00   5.5880400e-01  -9.6724800e+05
   6.9085600e+00  -1.0802600e+00   6.0297300e+00   2.8754600e+00   5.2584800e+00   5.5904200e-01  -9.6724900e+05
   6.9087200e+00  -1.0802100e+00   6.0296700e+00   2.8753900e+00   5.2579100e+00   5.5893800e-01  -9.6725100e+05
   6.9086900e+00  -1.0804600e+00   6.0296500e+00   2.8762000e+00   5.2582200e+00   5.5904600e-01  -9.6724900e+05
   6.9086300e+00  -1.0805700e+00   6.0296700e+00   2.8755600e+00   5.2583800e+00   5.5915600e-01  -9.6724900e+05
   6.9083800e+00  -1.0803900e+00   6.0297100e+00   2.8754200e+00   5.2586900e+00   5.5930400e-01  -9.6725000e+05
   6.9087100e+00  -1.0803900e+00   6.0297200e+00   2.8760900e+00   5.2583600e+00   5.5915600e-01  -9.6725200e+05
   6.9085300e+00  -1.0805000e+00   6.0296600e+00   2.8755600e+00   5.2583300e+00   5.5894400e-01  -9.6724900e+05
   6.9086500e+00  -1.0805100e+00   6.0296700e+00   2.8755800e+00   5.2584200e+00   5.5917800e-01  -9.6725000e+05
   6.9088000e+00  -1.0804200e+00   6.0296700e+00   2.8765300e+00   5.2581400e+00   5.5883100e-01  -9.6725000e+05
   6.9086700e+00  -1.0803900e+00   6.0296700e+00   2.8757600e+00   5.2581200e+00   5.5888800e-01  -9.6724800e+05
   6.9090600e+00  -1.0805800e+00   6.0296700e+00   2.8754300e+00   5.2574600e+00   5.5830100e-01  -9.6725000e+05
   6.9088000e+00  -1.0804200e+00   6.0297300e+00   2.8755900e+00   5.2580500e+00   5.5842000e-01  -9.6725000e+05
   6.9089500e+00  -1.0804100e+00   6.0296900e+00   2.8762900e+00   5.2578100e+00   5.5804300e-01  -9.6725200e+05
   6.9088200e+00  -1.0801800e+00   6.0297500e+00   2.8753100e+00   5.2580600e+00   5.5857900e-01  -9.6724900e+05
   6.9089000e+00  -1.0798600e+00   6.0296800e+00   2.8757400e+00   5.2578500e+00   5.5849500e-01  -9.6724700e+05
   6.9085500e+00  -1.0797900e+00   6.0297100e+00   2.8755500e+00   5.2582200e+00   5.5897000e-01  -9.6725000e+05
   6.9086400e+00  -1.0798700e+00   6.0296700e+00   2.8754200e+00   5.2580600e+00   5.5896400e-01  -9.6725000e+05
   6.9087100e+00  -1.0799800e+00   6.0296800e+00   2.8757600e+00   5.2578700e+00   5.5888700e-01  -9.6725100e+05
   6.9087300e+00  -1.0797900e+00   6.0296800e+00   2.8762700e+00   5.2580000e+00   5.5875800e-01  -9.6724800e+05
   6.9086500e+00  -1.0800300e+00   6.0297100e+00   2.8757400e+00   5.2582100e+00   5.5882700e-01  -9.6724800e+05
   6.9087300e+00  -1.0799400e+00   6.0297300e+00   2.8757100e+00   5.2582100e+00   5.5899900e-01  -9.6725000e+05
   6.9087900e+00  -1.0798100e+00   6.0295700e+00   2.8757100e+00   5.2578800e+00   5.5878900e-01  -9.6725400e+05
   6.9087900e+00  -1.0798000e+00   6.0297600e+00   2.8760300e+00   5.2582300e+00   5.5842000e-01  -9.6725400e+05
   6.9088100e+00  -1.0797700e+00   6.0296700e+00   2.8760600e+00   5.2576700e+00   5.5847100e-01  -9.6724900e+05
   6.9089200e+00  -1.0798000e+00   6.0297400e+00   2.8753600e+00   5.2578900e+00   5.5843400e-01  -9.6724900e+05
   6.9088700e+00  -1.0800200e+00   6.0297000e+00   2.8750600e+00   5.2579300e+00   5.5843100e-01  -9.6724800e+05
   6.9088700e+00  -1.0800000e+00   6.0296200e+00   2.8761000e+00   5.2578300e+00   5.5860100e-01  -9.6724800e+05
   6.9088400e+00  -1.0798700e+00   6.0296700e+00   2.8760700e+00   5.2578100e+00   5.5844300e-01  -9.6724700e+05
   6.9088700e+00  -1.0797900e+00   6.0296600e+00   2.8767700e+00   5.2576800e+00   5.5848500e-01  -9.6724900e+05
   6.9088000e+00  -1.0797600e+00   6.0296500e+00   2.8765600e+00   5.2580000e+00   5.5857300e-01  -9.6724900e+05
   6.9089100e+00  -1.0797500e+00   6.0296600e+00   2.8759600e+00   5.2577500e+00   5.5859400e-01  -9.6724800e+05
   6.9088200e+00  -1.0796900e+00   6.0297500e+00   2.8742100e+00   5.2581000e+00   5.5850500e-01  -9.6725200e+05
   6.9087900e+00  -1.0798300e+00   6.0296400e+00   2.8761500e+00   5.2580000e+00   5.5856700e-01  -9.6724800e+05
   6.9087700e+00  -1.0798600e+00   6.0296500e+00   2.8762400e+00   5.2581500e+00   5.5852800e-01  -9.6725000e+05
   6.9089600e+00  -1.0798200e+00   6.0296000e+00   2.8764700e+00   5.2575200e+00   5.5828300e-01  -9.6724900e+05
   6.9090700e+00  -1.0799300e+00   6.0296300e+00   2.8757700e+00   5.2576500e+00   5.5824900e-01  -9.6725000e+05
   6.9086100e+00  -1.0800300e+00   6.0296800e+00   2.8758500e+00   5.2581800e+00   5.5882300e-01  -9.6724800e+05
   6.9086800e+00  -1.0800900e+00   6.0297200e+00   2.8755100e+00   5.2584200e+00   5.5900900e-01  -9.6725000e+05
   6.9086600e+00  -1.0800000e+00   6.0296700e+00   2.8764600e+00   5.2583500e+00   5.5909000e-01  -9.6725100e+05
   6.9086200e+00  -1.0799200e+00   6.0297200e+00   2.8758300e+00   5.2583100e+00   5.5912200e-01  -9.6725000e+05
   6.9083900e+00  -1.0798500e+00   6.0296700e+00   2.8759300e+00   5.2585700e+00   5.5913800e-01  -9.6725000e+05
   6.9087600e+00  -1.0797600e+00   6.0296400e+00   2.8765400e+00   5.2578800e+00   5.5856100e-01  -9.6724800e+05
   6.9089600e+00  -1.0797300e+00   6.0296800e+00   2.8755100e+00   5.2575000e+00   5.5866100e-01  -9.6725300e+05
   6.9087100e+00  -1.0795900e+00   6.0297100e+00   2.8758800e+00   5.2581900e+00   5.5895300e-01  -9.6724900e+05
   6.9087100e+00  -1.0796600e+00   6.0296400e+00   2.8757800e+00   5.2580100e+00   5.5868700e-01  -9.6724800e+05
   6.9085800e+00  -1.0795500e+00   6.0297200e+00   2.8753700e+00   5.2584300e+00   5.5904100e-01  -9.6724900e+05
   6.9088400e+00  -1.0796400e+00   6.0297300e+00   2.8755900e+00   5.2579800e+00   5.5866100e-01  -9.6724800e+05
   6.9088500e+00  -1.0795900e+00   6.0296800e+00   2.8754500e+00   5.2581600e+00   5.5848100e-01  -9.6725200e+05
   6.9088400e+00  -1.0795500e+00   6.0296900e+00   2.8757000e+00   5.2579100e+00   5.5847800e-01  -9.6724700e+05
   6.9086800e+00  -1.0793800e+00   6.0297000e+00   2.8756800e+00   5.2579200e+00   5.5820500e-01  -9.6725100e+05
   6.9087100e+00  -1.0792700e+00   6.0296800e+00   2.8762900e+00   5.2580000e+00   5.5880100e-01  -9.6724800e+05
   6.9086800e+00  -1.0794500e+00   6.0297300e+00   2.8752900e+00   5.2581000e+00   5.5861300e-01  -9.6724800e+05
   6.9089200e+00  -1.0793400e+00   6.0297000e+00   2.8760800e+00   5.2576800e+00   5.5826000e-01  -9.6724700e+05
   6.9086800e+00  -1.0791000e+00   6.0297100e+00   2.8758700e+00   5.2580500e+00   5.5865300e-01  -9.6724700e+05
   6.9088300e+00  -1.0790200e+00   6.0297200e+00   2.8749500e+00   5.2579100e+00   5.5842900e-01  -9.6724800e+05
   6.9088600e+00  -1.0788500e+00   6.0297100e+00   2.8754100e+00   5.2578000e+00   5.5832300e-01  -9.6724700e+05
   6.9088800e+00  -1.0788900e+00   6.0297100e+00   2.8757000e+00   5.2576600e+00   5.5834000e-01  -9.6724700e+05
   6.9087700e+00  -1.0786700e+00   6.0297100e+00   2.8762700e+00   5.2577600e+00   5.5848100e-01  -9.6724800e+05
   6.9088100e+00  -1.0786900e+00   6.0296800e+00   2.8761200e+00   5.2577600e+00   5.5808100e-01  -9.6724800e+05
   6.9090000e+00  -1.0788000e+00   6.0296600e+00   2.8763900e+00   5.2577300e+00   5.5847300e-01  -9.6725000e+05
   6.9088900e+00  -1.0789100e+00   6.0296800e+00   2.8762100e+00   5.2577300e+00   5.5847700e-01  -9.6724700e+05
   6.9084800e+00  -1.0788800e+00   6.0296900e+00   2.8759300e+00   5.2582800e+00   5.5872200e-01  -9.6724900e+05
   6.9087300e+00  -1.0788300e+00   6.0296900e+00   2.8756400e+00   5.2579800e+00   5.5853900e-01  -9.6724700e+05
   6.9086200e+00  -1.0788500e+00   6.0297200e+00   2.8751100e+00   5.2580500e+00   5.5859200e-01  -9.6724900e+05
   6.9089000e+00  -1.0788300e+00   6.0296700e+00   2.8757900e+00   5.2577200e+00   5.5856100e-01  -9.6724800e+05
   6.9088600e+00  -1.0787000e+00   6.0297000e+00   2.8756600e+00   5.2579300e+00   5.5834400e-01  -9.6724700e+05
   6.9087600e+00  -1.0789600e+00   6.0297000e+00   2.8760000e+00   5.2578900e+00   5.5850400e-01  -9.6724700e+05
   6.9086500e+00  -1.0790100e+00   6.0297300e+00   2.8755500e+00   5.2582700e+00   5.5866100e-01  -9.6724800e+05
   6.9086600e+00  -1.0791700e+00   6.0296500e+00   2.8758600e+00   5.2581500e+00   5.5858900e-01  -9.6724800e+05
   6.9088700e+00  -1.0790200e+00   6.0296000e+00   2.8769900e+00   5.2578300e+00   5.5837900e-01  -9.6725200e+05
   6.9088700e+00  -1.0792500e+00   6.0296600e+00   2.8758200e+00   5.2577800e+00   5.5824100e-01  -9.6724700e+05
   6.9091400e+00  -1.0791700e+00   6.0296600e+00   2.8754000e+00   5.2575700e+00   5.5831000e-01  -9.6725200e+05
   6.9088700e+00  -1.0790600e+00   6.0297200e+00   2.8755300e+00   5.2578400e+00   5.5854000e-01  -9.6724700e+05
   6.9087200e+00  -1.0793200e+00   6.0297000e+00   2.8753100e+00   5.2580100e+00   5.5862200e-01  -9.6724700e+05
   6.9086900e+00  -1.0792900e+00   6.0297100e+00   2.8765300e+00   5.2582100e+00   5.5884400e-01  -9.6725000e+05
   6.9090200e+00  -1.0793700e+00   6.0296400e+00   2.8767000e+00   5.2576900e+00   5.5848900e-01  -9.6725100e+05
   6.9089000e+00  -1.0797800e+00   6.0297100e+00   2.8755400e+00   5.2578700e+00   5.5856100e-01  -9.6724800e+05
   6.9086500e+00  -1.0797700e+00   6.0297300e+00   2.8749000e+00   5.2583000e+00   5.5871700e-01  -9.6724900e+05
   6.9085200e+00  -1.0800900e+00   6.0296600e+00   2.8761000e+00   5.2583000e+00   5.5899500e-01  -9.6724900e+05
   6.9087400e+00  -1.0803100e+00   6.0296800e+00   2.8752300e+00   5.2582200e+00   5.5897600e-01  -9.6724900e+05
   6.9085500e+00  -1.0803400e+00   6.0296200e+00   2.8768700e+00   5.2581600e+00   5.5908900e-01  -9.6725200e+05
   6.9086500e+00  -1.0804700e+00   6.0296800e+00   2.8762000e+00   5.2583200e+00   5.5884200e-01  -9.6724900e+05
   6.9090700e+00  -1.0803000e+00   6.0296900e+00   2.8750600e+00   5.2577100e+00   5.5838500e-01  -9.6725100e+05
   6.9090300e+00  -1.0802100e+00   6.0297200e+00   2.8752100e+00   5.2576400e+00   5.5844000e-01  -9.6725000e+05
   6.9090900e+00  -1.0801700e+00   6.0296700e+00   2.8761900e+00   5.2575300e+00   5.5820200e-01  -9.6724900e+05
   6.9089200e+00  -1.0799200e+00   6.0296400e+00   2.8757000e+00   5.2577500e+00   5.5829300e-01  -9.6724800e+05
   6.9089100e+00  -1.0803300e+00   6.0296900e+00   2.8765200e+00   5.2579300e+00   5.5853800e-01  -9.6725000e+05
   6.9087800e+00  -1.0803300e+00   6.0295900e+00   2.8771600e+00   5.2578600e+00   5.5850000e-01  -9.6725300e+05
   6.9090200e+00  -1.0802700e+00   6.0296500e+00   2.8757700e+00   5.2576300e+00   5.5867700e-01  -9.6725000e+05
   6.9085600e+00  -1.0800000e+00   6.0297200e+00   2.8749500e+00   5.2583500e+00   5.5873800e-01  -9.6724900e+05
   6.9088900e+00  -1.0799500e+00   6.0296800e+00   2.8751600e+00   5.2580200e+00   5.5846300e-01  -9.6725000e+05
   6.9087400e+00  -1.0798600e+00   6.0297300e+00   2.8746700e+00   5.2580600e+00   5.5843800e-01  -9.6725000e+05
   6.9088600e+00  -1.0799000e+00   6.0296500e+00   2.8762700e+00   5.2579300e+00   5.5860500e-01  -9.6724800e+05
   6.9087900e+00  -1.0797800e+00   6.0296300e+00   2.8754900e+00   5.2578900e+00   5.5865700e-01  -9.6724900e+05
   6.9086100e+00  -1.0798100e+00   6.0297100e+00   2.8757700e+00   5.2582900e+00   5.5930200e-01  -9.6725200e+05
   6.9086100e+00  -1.0800800e+00   6.0296400e+00   2.8765000e+00   5.2581600e+00   5.5882400e-01  -9.6724900e+05
   6.9085900e+00  -1.0801400e+00   6.0296700e+00   2.8748400e+00   5.2583600e+00   5.5864100e-01  -9.6725100e+05
   6.9089200e+00  -1.0802200e+00   6.0296300e+00   2.8767400e+00   5.2576900e+00   5.5854000e-01  -9.6724900e+05
   6.9086300e+00  -1.0800600e+00   6.0297100e+00   2.8749000e+00   5.2583500e+00   5.5873900e-01  -9.6724900e+05
   6.9086500e+00  -1.0801900e+00   6.0296900e+00   2.8750700e+00   5.2583500e+00   5.5908900e-01  -9.6725000e+05
   6.9088100e+00  -1.0800100e+00   6.0296600e+00   2.8758900e+00   5.2581700e+00   5.5888900e-01  -9.6725100e+05
   6.9085900e+00  -1.0798800e+00   6.0296800e+00   2.8754700e+00   5.2584300e+00   5.5894300e-01  -9.6724900e+05
   6.9088000e+00  -1.0799400e+00   6.0296900e+00   2.8755000e+00   5.2578800e+00   5.5848900e-01  -9.6724700e+05
   6.9088700e+00  -1.0798600e+00   6.0297000e+00   2.8760300e+00   5.2577300e+00   5.5825700e-01  -9.6724900e+05
   6.9089500e+00  -1.0799000e+00   6.0296700e+00   2.8755300e+00   5.2577800e+00   5.5824100e-01  -9.6724800e+05
   6.9091000e+00  -1.0799000e+00   6.0296700e+00   2.8751500e+00   5.2577500e+00   5.5841800e-01  -9.6725300e+05
   6.9087600e+00  -1.0800500e+00   6.0297300e+00   2.8761900e+00   5.2580800e+00   5.5858300e-01  -9.6725000e+05
   6.9087600e+00  -1.0800200e+00   6.0296700e+00   2.8762700e+00   5.2579200e+00   5.5864800e-01  -9.6724800e+05
   6.9088300e+00  -1.0798800e+00   6.0296800e+00   2.8761200e+00   5.2580600e+00   5.5857800e-01  -9.6724900e+05
   6.9090500e+00  -1.0799300e+00   6.0296500e+00   2.8758900e+00   5.2575800e+00   5.5837300e-01  -9.6724800e+05
   6.9089000e+00  -1.0800100e+00   6.0297300e+00   2.8756600e+00   5.2580900e+00   5.5878300e-01  -9.6725200e+05
   6.9086800e+00  -1.0798100e+00   6.0296900e+00   2.8753600e+00   5.2582400e+00   5.5872900e-01  -9.6724800e+05
   6.9086900e+00  -1.0799200e+00   6.0296700e+00   2.8763000e+00   5.2579300e+00   5.5878000e-01  -9.6724900e+05
   6.9089800e+00  -1.0799500e+00   6.0296900e+00   2.8758900e+00   5.2577000e+00   5.5833300e-01  -9.6724700e+05
   6.9089900e+00  -1.0799400e+00   6.0296600e+00   2.8755200e+00   5.2577500e+00   5.5827600e-01  -9.6724900e+05
   6.9089500e+00  -1.0801100e+00   6.0296700e+00   2.8756700e+00   5.2577200e+00   5.5823800e-01  -9.6724800e+05
   6.9089400e+00  -1.0801800e+00   6.0296100e+00   2.8763200e+00   5.2574800e+00   5.5843400e-01  -9.6725000e+05
   6.9089700e+00  -1.0802700e+00   6.0296500e+00   2.8756000e+00   5.2576600e+00   5.5843700e-01  -9.6724800e+05
   6.9089900e+00  -1.0801000e+00   6.0296700e+00   2.8766900e+00   5.2576500e+00   5.5834000e-01  -9.6725000e+05
   6.9090300e+00  -1.0802000e+00   6.0297200e+00   2.8757600e+00   5.2576500e+00   5.5817400e-01  -9.6724900e+05
   6.9087800e+00  -1.0801800e+00   6.0296400e+00   2.8754300e+00   5.2580500e+00   5.5864300e-01  -9.6724900e+05
   6.9089000e+00  -1.0802900e+00   6.0297000e+00   2.8756500e+00   5.2580900e+00   5.5884300e-01  -9.6725100e+05
   6.9086700e+00  -1.0805000e+00   6.0297400e+00   2.8746900e+00   5.2585400e+00   5.5886300e-01  -9.6725200e+05
   6.9089400e+00  -1.0804200e+00   6.0295900e+00   2.8764600e+00   5.2576600e+00   5.5881900e-01  -9.6725200e+05
   6.9087300e+00  -1.0802300e+00   6.0296400e+00   2.8756200e+00   5.2579800e+00   5.5870600e-01  -9.6724800e+05
   6.9086400e+00  -1.0803600e+00   6.0297100e+00   2.8756200e+00   5.2584000e+00   5.5878700e-01  -9.6724900e+05
   6.9087400e+00  -1.0805500e+00   6.0297000e+00   2.8756000e+00   5.2582600e+00   5.5863600e-01  -9.6724900e+05
   6.9087500e+00  -1.0803700e+00   6.0296700e+00   2.8760400e+00   5.2578900e+00   5.5860500e-01  -9.6724800e+05
   6.9089700e+00  -1.0804200e+00   6.0296200e+00   2.8760500e+00   5.2575000e+00   5.5849500e-01  -9.6725000e+05
   6.9087400e+00  -1.0805600e+00   6.0296800e+00   2.8753800e+00   5.2580900e+00   5.5850900e-01  -9.6724800e+05
   6.9090100e+00  -1.0807100e+00   6.0297300e+00   2.8751800e+00   5.2576700e+00   5.5812300e-01  -9.6725100e+05
   6.9091300e+00  -1.0805400e+00   6.0296600e+00   2.8759500e+00   5.2574500e+00   5.5822500e-01  -9.6724900e+05
   6.9090300e+00  -1.0805600e+00   6.0296900e+00   2.8750500e+00   5.2575300e+00   5.5794400e-01  -9.6725100e+05
   6.9090800e+00  -1.0804700e+00   6.0296000e+00   2.8763500e+00   5.2576600e+00   5.5823200e-01  -9.6725300e+05
   6.9088200e+00  -1.0804700e+00   6.0296300e+00   2.8756500e+00   5.2578200e+00   5.5867500e-01  -9.6724900e+05
   6.9088200e+00  -1.0804800e+00   6.0296800e+00   2.8751600e+00   5.2579800e+00   5.5883000e-01  -9.6724900e+05
   6.9087300e+00  -1.0805200e+00   6.0296400e+00   2.8751400e+00   5.2580700e+00   5.5881400e-01  -9.6725000e+05
   6.9084700e+00  -1.0805100e+00   6.0296800e+00   2.8752700e+00   5.2582600e+00   5.5902900e-01  -9.6725200e+05
   6.9088400e+00  -1.0806800e+00   6.0296700e+00   2.8757000e+00   5.2577900e+00   5.5854200e-01  -9.6724800e+05
   6.9086400e+00  -1.0805900e+00   6.0297300e+00   2.8748000e+00   5.2584300e+00   5.5883400e-01  -9.6725000e+05
   6.9086500e+00  -1.0806800e+00   6.0296900e+00   2.8748900e+00   5.2580800e+00   5.5894800e-01  -9.6725200e+05
   6.9087800e+00  -1.0807400e+00   6.0296200e+00   2.8764700e+00   5.2579700e+00   5.5903400e-01  -9.6725000e+05
   6.9085200e+00  -1.0807600e+00   6.0297500e+00   2.8754500e+00   5.2584900e+00   5.5923400e-01  -9.6725200e+05
   6.9086400e+00  -1.0807600e+00   6.0296700e+00   2.8762300e+00   5.2583800e+00   5.5900000e-01  -9.6724900e+05
   6.9085300e+00  -1.0808000e+00   6.0297700e+00   2.8745400e+00   5.2585600e+00   5.5892200e-01  -9.6725200e+05
   6.9085700e+00  -1.0807600e+00   6.0297300e+00   2.8751200e+00   5.2585100e+00   5.5908700e-01  -9.6724900e+05
   6.9087600e+00  -1.0807300e+00   6.0296900e+00   2.8750700e+00   5.2582700e+00   5.5880400e-01  -9.6724900e+05
   6.9086200e+00  -1.0805600e+00   6.0297300e+00   2.8750900e+00   5.2584300e+00   5.5879300e-01  -9.6724900e+05
   6.9088100e+00  -1.0806700e+00   6.0297400e+00   2.8756300e+00   5.2580400e+00   5.5863200e-01  -9.6725000e+05
   6.9089900e+00  -1.0806600e+00   6.0297000e+00   2.8754500e+00   5.2576300e+00   5.5813000e-01  -9.6725000e+05
   6.9088900e+00  -1.0804700e+00   6.0296300e+00   2.8752200e+00   5.2577800e+00   5.5857700e-01  -9.6725000e+05
   6.9087000e+00  -1.0803700e+00   6.0296900e+00   2.8754200e+00   5.2581200e+00   5.5895000e-01  -9.6724800e+05
   6.9085200e+00  -1.0801100e+00   6.0297400e+00   2.8756500e+00   5.2582300e+00   5.5903900e-01  -9.6725300e+05
   6.9086600e+00  -1.0800200e+00   6.0296900e+00   2.8756100e+00   5.2580900e+00   5.5910400e-01  -9.6725100e+05
   6.9084000e+00  -1.0798500e+00   6.0296600e+00   2.8759200e+00   5.2586000e+00   5.5905300e-01  -9.6725100e+05
   6.9086700e+00  -1.0796700e+00   6.0296600e+00   2.8753500e+00   5.2581200e+00   5.5891000e-01  -9.6724900e+05
   6.9085600e+00  -1.0794900e+00   6.0296800e+00   2.8764500e+00   5.2582300e+00   5.5880700e-01  -9.6724900e+05
   6.9087500e+00  -1.0793600e+00   6.0296600e+00   2.8760500e+00   5.2578900e+00   5.5858400e-01  -9.6724700e+05
   6.9088000e+00  -1.0795300e+00   6.0296700e+00   2.8766600e+00   5.2580300e+00   5.5871300e-01  -9.6724900e+05
   6.9087400e+00  -1.0795700e+00   6.0296800e+00   2.8765200e+00   5.2578200e+00   5.5857600e-01  -9.6724900e+05
   6.9089000e+00  -1.0797300e+00   6.0297100e+00   2.8754400e+00   5.2578100e+00   5.5844000e-01  -9.6724700e+05
   6.9089400e+00  -1.0796800e+00   6.0295800e+00   2.8766800e+00   5.2575300e+00   5.5847400e-01  -9.6725100e+05
   6.9088100e+00  -1.0793500e+00   6.0296500e+00   2.8758300e+00   5.2579000e+00   5.5889800e-01  -9.6725000e+05
   6.9086300e+00  -1.0793500e+00   6.0297100e+00   2.8759800e+00   5.2583900e+00   5.5873100e-01  -9.6725000e+05
   6.9088100e+00  -1.0793400e+00   6.0296700e+00   2.8758100e+00   5.2577600e+00   5.5833100e-01  -9.6724700e+05
   6.9088600e+00  -1.0792900e+00   6.0296900e+00   2.8755100e+00   5.2578200e+00   5.5860100e-01  -9.6724700e+05
   6.9087100e+00  -1.0792500e+00   6.0297200e+00   2.8751600e+00   5.2583100e+00   5.5869500e-01  -9.6724900e+05
   6.9085400e+00  -1.0791700e+00   6.0296800e+00   2.8758300e+00   5.2581100e+00   5.5868800e-01  -9.6724900e+05
   6.9086300e+00  -1.0792000e+00   6.0297100e+00   2.8761700e+00   5.2580400e+00   5.5889100e-01  -9.6725000e+05
   6.9087400e+00  -1.0791700e+00   6.0297300e+00   2.8762500e+00   5.2580500e+00   5.5869000e-01  -9.6724900e+05
   6.9086400e+00  -1.0792500e+00   6.0297200e+00   2.8758800e+00   5.2582300e+00   5.5879400e-01  -9.6724800e+05
   6.9085300e+00  -1.0792900e+00   6.0297300e+00   2.8752000e+00   5.2583500e+00   5.5884900e-01  -9.6724900e+05
