   6.9086200e+00  -1.0867700e+00   6.0296500e+00   2.8740100e+00   5.2586100e+00   5.5966800e-01  -3.6272200e+05
   6.9082600e+00  -1.0868000e+00   6.0297400e+00   2.8734000e+00   5.2594700e+00   5.6013700e-01  -3.6272300e+05
   6.9082200e+00  -1.0868300e+00   6.0297200e+00   2.8735100e+00   5.2595400e+00   5.6074700e-01  -3.6272500e+05
   6.9086700e+00  -1.0868300e+00   6.0297200e+00   2.8732200e+00   5.2586900e+00   5.5907800e-01  -3.6272400e+05
   6.9081000e+00  -1.0868200e+00   6.0296900e+00   2.8730500e+00   5.2597600e+00   5.6058700e-01  -3.6272500e+05
   6.9087200e+00  -1.0867900e+00   6.0296900e+00   2.8740500e+00   5.2584300e+00   5.5919300e-01  -3.6272300e+05
   6.9083600e+00  -1.0868100e+00   6.0295700e+00   2.8743100e+00   5.2594300e+00   5.5989900e-01  -3.6272400e+05
   6.9084700e+00  -1.0868300e+00   6.0297000e+00   2.8736600e+00   5.2588700e+00   5.5958500e-01  -3.6272300e+05
   6.9081500e+00  -1.0868100e+00   6.0296700e+00   2.8732500e+00   5.2592100e+00   5.5997000e-01  -3.6272600e+05
   6.9085400e+00  -1.0868300e+00   6.0296300e+00   2.8733700e+00   5.2588800e+00   5.5941100e-01  -3.6272300e+05
   6.9081500e+00  -1.0867900e+00   6.0297000e+00   2.8736800e+00   5.2596300e+00   5.6009500e-01  -3.6272300e+05
   6.9089800e+00  -1.0867600e+00   6.0297300e+00   2.8741400e+00   5.2581800e+00   5.5880400e-01  -3.6272500e+05
   6.9080400e+00  -1.0868000e+00   6.0296600e+00   2.8740000e+00   5.2596400e+00   5.6082400e-01  -3.6272400e+05
   6.9082300e+00  -1.0868100e+00   6.0296000e+00   2.8742800e+00   5.2593400e+00   5.6000500e-01  -3.6272200e+05
   6.9088700e+00  -1.0868200e+00   6.0296500e+00   2.8746000e+00   5.2585100e+00   5.5945300e-01  -3.6272100e+05
   6.9089700e+00  -1.0868100e+00   6.0296800e+00   2.8749500e+00   5.2582100e+00   5.5896500e-01  -3.6272200e+05
   6.9084600e+00  -1.0868100e+00   6.0296300e+00   2.8745600e+00   5.2590700e+00   5.6036300e-01  -3.6272200e+05
   6.9086700e+00  -1.0867900e+00   6.0296900e+00   2.8747300e+00   5.2587100e+00   5.5926100e-01  -3.6272200e+05
   6.9088400e+00  -1.0867700e+00   6.0296900e+00   2.8745000e+00   5.2585500e+00   5.5882800e-01  -3.6272300e+05
   6.9085300e+00  -1.0867200e+00   6.0296800e+00   2.8748600e+00   5.2589800e+00   5.5966200e-01  -3.6272100e+05
   6.9084600e+00  -1.0867200e+00   6.0295700e+00   2.8748900e+00   5.2589800e+00   5.5929300e-01  -3.6272300e+05
   6.9090100e+00  -1.0866900e+00   6.0295200e+00   2.8751600e+00   5.2581100e+00   5.5914700e-01  -3.6272300e+05
   6.9087300e+00  -1.0866900e+00   6.0295800e+00   2.8748800e+00   5.2584700e+00   5.5904100e-01  -3.6272100e+05
   6.9087800e+00  -1.0866900e+00   6.0295600e+00   2.8753800e+00   5.2583300e+00   5.5918900e-01  -3.6272100e+05
   6.9086900e+00  -1.0866800e+00   6.0295900e+00   2.8753300e+00   5.2582900e+00   5.5890700e-01  -3.6272300e+05
   6.9092100e+00  -1.0866700e+00   6.0295900e+00   2.8751100e+00   5.2578400e+00   5.5895300e-01  -3.6272300e+05
   6.9087800e+00  -1.0866400e+00   6.0296200e+00   2.8744100e+00   5.2584000e+00   5.5930900e-01  -3.6272100e+05
   6.9080900e+00  -1.0866500e+00   6.0296600e+00   2.8748600e+00   5.2595000e+00   5.6017300e-01  -3.6272200e+05
   6.9090400e+00  -1.0866600e+00   6.0296900e+00   2.8742900e+00   5.2580800e+00   5.5920400e-01  -3.6272400e+05
   6.9088300e+00  -1.0867000e+00   6.0296500e+00   2.8750300e+00   5.2583300e+00   5.5930400e-01  -3.6272100e+05
   6.9081600e+00  -1.0867600e+00   6.0296300e+00   2.8745100e+00   5.2592600e+00   5.6030600e-01  -3.6272200e+05
   6.9087000e+00  -1.0867100e+00   6.0297100e+00   2.8739200e+00   5.2589200e+00   5.5985200e-01  -3.6272300e+05
   6.9084400e+00  -1.0867500e+00   6.0296400e+00   2.8741600e+00   5.2593600e+00   5.6011800e-01  -3.6272200e+05
   6.9090100e+00  -1.0867300e+00   6.0296200e+00   2.8744200e+00   5.2581000e+00   5.5908700e-01  -3.6272200e+05
   6.9082300e+00  -1.0867400e+00   6.0296500e+00   2.8742100e+00   5.2593900e+00   5.6008200e-01  -3.6272100e+05
   6.9079800e+00  -1.0867200e+00   6.0296900e+00   2.8746800e+00   5.2596700e+00   5.6031600e-01  -3.6272300e+05
   6.9084300e+00  -1.0867000e+00   6.0295600e+00   2.8743300e+00   5.2590700e+00   5.5952700e-01  -3.6272300e+05
   6.9087900e+00  -1.0866600e+00   6.0295500e+00   2.8747800e+00   5.2583600e+00   5.5916200e-01  -3.6272200e+05
   6.9083600e+00  -1.0866500e+00   6.0296600e+00   2.8753100e+00   5.2591200e+00   5.6003700e-01  -3.6272100e+05
   6.9090200e+00  -1.0866800e+00   6.0295000e+00   2.8755200e+00   5.2576400e+00   5.5871600e-01  -3.6272500e+05
   6.9086100e+00  -1.0866600e+00   6.0296600e+00   2.8752100e+00   5.2586800e+00   5.5962700e-01  -3.6272100e+05
   6.9080900e+00  -1.0866800e+00   6.0295800e+00   2.8753500e+00   5.2595300e+00   5.6066900e-01  -3.6272200e+05
   6.9085500e+00  -1.0866800e+00   6.0297400e+00   2.8751300e+00   5.2591100e+00   5.5946900e-01  -3.6272400e+05
   6.9088900e+00  -1.0867400e+00   6.0296600e+00   2.8753700e+00   5.2580900e+00   5.5940600e-01  -3.6272400e+05
   6.9086700e+00  -1.0867600e+00   6.0295800e+00   2.8750900e+00   5.2582100e+00   5.5926800e-01  -3.6272300e+05
   6.9083900e+00  -1.0867800e+00   6.0296700e+00   2.8747900e+00   5.2592000e+00   5.6023900e-01  -3.6272100e+05
   6.9087800e+00  -1.0867700e+00   6.0295500e+00   2.8744400e+00   5.2583400e+00   5.5892800e-01  -3.6272300e+05
   6.9080200e+00  -1.0868300e+00   6.0296600e+00   2.8745600e+00   5.2597000e+00   5.6053500e-01  -3.6272200e+05
   6.9085000e+00  -1.0868400e+00   6.0295900e+00   2.8739400e+00   5.2586600e+00   5.5953000e-01  -3.6272300e+05
   6.9092700e+00  -1.0868300e+00   6.0295900e+00   2.8751000e+00   5.2573800e+00   5.5859000e-01  -3.6272500e+05
   6.9083800e+00  -1.0868000e+00   6.0296400e+00   2.8746100e+00   5.2592400e+00   5.5983500e-01  -3.6272100e+05
   6.9087400e+00  -1.0867800e+00   6.0296400e+00   2.8740100e+00   5.2588700e+00   5.5941500e-01  -3.6272300e+05
   6.9090800e+00  -1.0867700e+00   6.0295600e+00   2.8734900e+00   5.2584800e+00   5.5922100e-01  -3.6273100e+05
   6.9082100e+00  -1.0867600e+00   6.0297400e+00   2.8744700e+00   5.2595000e+00   5.6019900e-01  -3.6272300e+05
   6.9084600e+00  -1.0867900e+00   6.0295900e+00   2.8739000e+00   5.2591200e+00   5.5991700e-01  -3.6272300e+05
   6.9088000e+00  -1.0868200e+00   6.0296800e+00   2.8733400e+00   5.2582000e+00   5.5917000e-01  -3.6272600e+05
   6.9082100e+00  -1.0868100e+00   6.0297400e+00   2.8735200e+00   5.2594700e+00   5.6043300e-01  -3.6272400e+05
   6.9080400e+00  -1.0867900e+00   6.0296800e+00   2.8732400e+00   5.2594500e+00   5.6028300e-01  -3.6272600e+05
   6.9086600e+00  -1.0868200e+00   6.0297000e+00   2.8743900e+00   5.2590000e+00   5.5962700e-01  -3.6272200e+05
   6.9084600e+00  -1.0867900e+00   6.0296900e+00   2.8744300e+00   5.2587000e+00   5.5993100e-01  -3.6272400e+05
   6.9083400e+00  -1.0867800e+00   6.0296800e+00   2.8735900e+00   5.2596300e+00   5.6009000e-01  -3.6272400e+05
   6.9086100e+00  -1.0867400e+00   6.0295900e+00   2.8741800e+00   5.2585100e+00   5.5960600e-01  -3.6272200e+05
   6.9093400e+00  -1.0867300e+00   6.0296100e+00   2.8745200e+00   5.2575300e+00   5.5806900e-01  -3.6272600e+05
   6.9083400e+00  -1.0867200e+00   6.0296000e+00   2.8747400e+00   5.2590800e+00   5.5954000e-01  -3.6272200e+05
   6.9086800e+00  -1.0867200e+00   6.0296300e+00   2.8747700e+00   5.2585800e+00   5.5981500e-01  -3.6272100e+05
   6.9083800e+00  -1.0867100e+00   6.0296500e+00   2.8744100e+00   5.2592000e+00   5.6008600e-01  -3.6272100e+05
   6.9085900e+00  -1.0867700e+00   6.0295800e+00   2.8746000e+00   5.2586600e+00   5.5979000e-01  -3.6272100e+05
   6.9086600e+00  -1.0867700e+00   6.0296300e+00   2.8745500e+00   5.2587700e+00   5.5979900e-01  -3.6272100e+05
   6.9085400e+00  -1.0868300e+00   6.0295900e+00   2.8741500e+00   5.2587600e+00   5.5977000e-01  -3.6272200e+05
   6.9090200e+00  -1.0868800e+00   6.0296900e+00   2.8746400e+00   5.2581700e+00   5.5877700e-01  -3.6272300e+05
   6.9087900e+00  -1.0869000e+00   6.0295000e+00   2.8746900e+00   5.2582400e+00   5.5941400e-01  -3.6272400e+05
   6.9090900e+00  -1.0869100e+00   6.0296200e+00   2.8746700e+00   5.2579800e+00   5.5918500e-01  -3.6272300e+05
   6.9084400e+00  -1.0869100e+00   6.0296300e+00   2.8750400e+00   5.2587200e+00   5.5977000e-01  -3.6272200e+05
   6.9085300e+00  -1.0869400e+00   6.0295900e+00   2.8751300e+00   5.2588600e+00   5.6027200e-01  -3.6272200e+05
   6.9086400e+00  -1.0869600e+00   6.0296600e+00   2.8751500e+00   5.2588600e+00   5.6068000e-01  -3.6272800e+05
   6.9085500e+00  -1.0869600e+00   6.0296300e+00   2.8750200e+00   5.2588700e+00   5.5958100e-01  -3.6272000e+05
   6.9081800e+00  -1.0869600e+00   6.0295800e+00   2.8753800e+00   5.2596300e+00   5.6058200e-01  -3.6272300e+05
   6.9085500e+00  -1.0869900e+00   6.0296400e+00   2.8751600e+00   5.2590100e+00   5.5984300e-01  -3.6272100e+05
   6.9093700e+00  -1.0870000e+00   6.0296100e+00   2.8750200e+00   5.2577000e+00   5.5858300e-01  -3.6272500e+05
   6.9082200e+00  -1.0870100e+00   6.0295800e+00   2.8752800e+00   5.2593700e+00   5.5995100e-01  -3.6272200e+05
   6.9089300e+00  -1.0869600e+00   6.0295200e+00   2.8753300e+00   5.2581300e+00   5.5877900e-01  -3.6272300e+05
   6.9088400e+00  -1.0869800e+00   6.0296100e+00   2.8754600e+00   5.2584800e+00   5.5897300e-01  -3.6272200e+05
   6.9088500e+00  -1.0869800e+00   6.0296100e+00   2.8753800e+00   5.2582700e+00   5.5956200e-01  -3.6272200e+05
   6.9085000e+00  -1.0870300e+00   6.0296400e+00   2.8760300e+00   5.2592100e+00   5.5999000e-01  -3.6272300e+05
   6.9084500e+00  -1.0869900e+00   6.0295300e+00   2.8759100e+00   5.2588800e+00   5.5942500e-01  -3.6272300e+05
   6.9083400e+00  -1.0869900e+00   6.0296300e+00   2.8758300e+00   5.2590300e+00   5.6004100e-01  -3.6272200e+05
   6.9087200e+00  -1.0869600e+00   6.0295800e+00   2.8761300e+00   5.2585100e+00   5.5943700e-01  -3.6272100e+05
   6.9084500e+00  -1.0868800e+00   6.0295800e+00   2.8759400e+00   5.2588300e+00   5.5976200e-01  -3.6272100e+05
   6.9087200e+00  -1.0868300e+00   6.0295700e+00   2.8758100e+00   5.2585800e+00   5.5945400e-01  -3.6272100e+05
   6.9089700e+00  -1.0868100e+00   6.0295700e+00   2.8754800e+00   5.2582900e+00   5.5941200e-01  -3.6272200e+05
   6.9080800e+00  -1.0868300e+00   6.0296600e+00   2.8758700e+00   5.2594500e+00   5.6031900e-01  -3.6272400e+05
   6.9086800e+00  -1.0868200e+00   6.0296400e+00   2.8761100e+00   5.2584100e+00   5.5914000e-01  -3.6272400e+05
   6.9092600e+00  -1.0868400e+00   6.0295500e+00   2.8754500e+00   5.2577800e+00   5.5883600e-01  -3.6272400e+05
   6.9087700e+00  -1.0868300e+00   6.0295300e+00   2.8750700e+00   5.2583100e+00   5.5959100e-01  -3.6272200e+05
   6.9087700e+00  -1.0868000e+00   6.0296600e+00   2.8751800e+00   5.2585000e+00   5.5945100e-01  -3.6272100e+05
   6.9086800e+00  -1.0867600e+00   6.0296300e+00   2.8747300e+00   5.2584100e+00   5.5964000e-01  -3.6272200e+05
   6.9081000e+00  -1.0867900e+00   6.0296800e+00   2.8744900e+00   5.2594200e+00   5.6064500e-01  -3.6272400e+05
   6.9080000e+00  -1.0867900e+00   6.0296100e+00   2.8743300e+00   5.2595300e+00   5.6024800e-01  -3.6272300e+05
   6.9084500e+00  -1.0867900e+00   6.0296200e+00   2.8741800e+00   5.2592600e+00   5.6025100e-01  -3.6272200e+05
   6.9086000e+00  -1.0867900e+00   6.0296400e+00   2.8741000e+00   5.2589500e+00   5.5963400e-01  -3.6272100e+05
   6.9081900e+00  -1.0868200e+00   6.0295600e+00   2.8746900e+00   5.2594000e+00   5.6017800e-01  -3.6272300e+05
   6.9081400e+00  -1.0867500e+00   6.0296200e+00   2.8750100e+00   5.2597600e+00   5.6068500e-01  -3.6272300e+05
   6.9083900e+00  -1.0867400e+00   6.0296300e+00   2.8745600e+00   5.2589600e+00   5.6011000e-01  -3.6272100e+05
   6.9086200e+00  -1.0867700e+00   6.0297100e+00   2.8748200e+00   5.2588200e+00   5.5974100e-01  -3.6272200e+05
   6.9086700e+00  -1.0867900e+00   6.0296400e+00   2.8757700e+00   5.2586600e+00   5.5999100e-01  -3.6272200e+05
   6.9083200e+00  -1.0867900e+00   6.0295600e+00   2.8752900e+00   5.2591000e+00   5.6076100e-01  -3.6272500e+05
   6.9081900e+00  -1.0868000e+00   6.0296200e+00   2.8747800e+00   5.2595100e+00   5.6055400e-01  -3.6272200e+05
   6.9086200e+00  -1.0868100e+00   6.0297200e+00   2.8747300e+00   5.2589700e+00   5.5964000e-01  -3.6272200e+05
   6.9084500e+00  -1.0868900e+00   6.0296400e+00   2.8742000e+00   5.2589300e+00   5.5954700e-01  -3.6272100e+05
   6.9086600e+00  -1.0868800e+00   6.0296200e+00   2.8742000e+00   5.2588400e+00   5.5933500e-01  -3.6272200e+05
   6.9087800e+00  -1.0868700e+00   6.0297200e+00   2.8741600e+00   5.2585800e+00   5.5931500e-01  -3.6272200e+05
   6.9088500e+00  -1.0868900e+00   6.0296100e+00   2.8745000e+00   5.2584200e+00   5.5907200e-01  -3.6272100e+05
   6.9087500e+00  -1.0868600e+00   6.0295800e+00   2.8747800e+00   5.2583200e+00   5.5942900e-01  -3.6272100e+05
   6.9087800e+00  -1.0868300e+00   6.0296000e+00   2.8746400e+00   5.2584000e+00   5.5895300e-01  -3.6272200e+05
   6.9079100e+00  -1.0868400e+00   6.0297000e+00   2.8748400e+00   5.2600700e+00   5.6100900e-01  -3.6272400e+05
   6.9086500e+00  -1.0868300e+00   6.0297000e+00   2.8746500e+00   5.2587900e+00   5.5886100e-01  -3.6272500e+05
   6.9084200e+00  -1.0868000e+00   6.0297200e+00   2.8744900e+00   5.2592300e+00   5.5984200e-01  -3.6272200e+05
   6.9088100e+00  -1.0868100e+00   6.0296400e+00   2.8740700e+00   5.2589200e+00   5.5952000e-01  -3.6272400e+05
   6.9084400e+00  -1.0868400e+00   6.0296500e+00   2.8742000e+00   5.2591700e+00   5.6014300e-01  -3.6272100e+05
   6.9081700e+00  -1.0869400e+00   6.0297400e+00   2.8740400e+00   5.2596200e+00   5.6025200e-01  -3.6272300e+05
   6.9088700e+00  -1.0870100e+00   6.0296000e+00   2.8747600e+00   5.2583700e+00   5.5916700e-01  -3.6272100e+05
   6.9088900e+00  -1.0870400e+00   6.0296300e+00   2.8748700e+00   5.2582100e+00   5.5954300e-01  -3.6272200e+05
   6.9085200e+00  -1.0870600e+00   6.0294900e+00   2.8752500e+00   5.2587100e+00   5.6024500e-01  -3.6272500e+05
   6.9085000e+00  -1.0870900e+00   6.0295600e+00   2.8759900e+00   5.2588900e+00   5.5991700e-01  -3.6272100e+05
   6.9091800e+00  -1.0870400e+00   6.0296000e+00   2.8760000e+00   5.2577200e+00   5.5899900e-01  -3.6272400e+05
   6.9085100e+00  -1.0870000e+00   6.0296200e+00   2.8762400e+00   5.2586100e+00   5.5960200e-01  -3.6272300e+05
   6.9086700e+00  -1.0870000e+00   6.0296300e+00   2.8764100e+00   5.2585300e+00   5.5990200e-01  -3.6272400e+05
   6.9087200e+00  -1.0870400e+00   6.0294200e+00   2.8764600e+00   5.2581700e+00   5.5949100e-01  -3.6272600e+05
   6.9081700e+00  -1.0870500e+00   6.0296500e+00   2.8762900e+00   5.2595400e+00   5.6044600e-01  -3.6272400e+05
   6.9085100e+00  -1.0870000e+00   6.0296700e+00   2.8768100e+00   5.2587500e+00   5.5970100e-01  -3.6272600e+05
   6.9081900e+00  -1.0869800e+00   6.0295500e+00   2.8772300e+00   5.2591500e+00   5.6019000e-01  -3.6272600e+05
   6.9086600e+00  -1.0869800e+00   6.0295800e+00   2.8772200e+00   5.2587500e+00   5.5994900e-01  -3.6272500e+05
   6.9084800e+00  -1.0869600e+00   6.0296200e+00   2.8773100e+00   5.2586500e+00   5.5968700e-01  -3.6272700e+05
   6.9086800e+00  -1.0869800e+00   6.0295000e+00   2.8768400e+00   5.2584800e+00   5.5949800e-01  -3.6272300e+05
   6.9084400e+00  -1.0869400e+00   6.0296000e+00   2.8766100e+00   5.2589100e+00   5.6002600e-01  -3.6272300e+05
   6.9085500e+00  -1.0869200e+00   6.0295700e+00   2.8763800e+00   5.2586900e+00   5.5958200e-01  -3.6272200e+05
   6.9085200e+00  -1.0869100e+00   6.0295800e+00   2.8767400e+00   5.2586200e+00   5.5994900e-01  -3.6272300e+05
   6.9090000e+00  -1.0869100e+00   6.0295800e+00   2.8764200e+00   5.2583200e+00   5.5922100e-01  -3.6272400e+05
   6.9084500e+00  -1.0868800e+00   6.0296200e+00   2.8758800e+00   5.2589600e+00   5.6000800e-01  -3.6272100e+05
   6.9082800e+00  -1.0868900e+00   6.0295300e+00   2.8765600e+00   5.2589400e+00   5.5999400e-01  -3.6272400e+05
   6.9079500e+00  -1.0869000e+00   6.0295900e+00   2.8763500e+00   5.2597200e+00   5.6089600e-01  -3.6272500e+05
   6.9086300e+00  -1.0868800e+00   6.0296800e+00   2.8766400e+00   5.2587800e+00   5.5987600e-01  -3.6272500e+05
   6.9090600e+00  -1.0869000e+00   6.0295800e+00   2.8767400e+00   5.2579000e+00   5.5901400e-01  -3.6272400e+05
   6.9081500e+00  -1.0868700e+00   6.0295700e+00   2.8767700e+00   5.2593300e+00   5.6048200e-01  -3.6272400e+05
   6.9087500e+00  -1.0868700e+00   6.0295200e+00   2.8762600e+00   5.2585900e+00   5.6020900e-01  -3.6272500e+05
   6.9085800e+00  -1.0868500e+00   6.0295300e+00   2.8764000e+00   5.2589400e+00   5.5990100e-01  -3.6272300e+05
   6.9083600e+00  -1.0868700e+00   6.0295900e+00   2.8760900e+00   5.2590000e+00   5.5988400e-01  -3.6272200e+05
   6.9083700e+00  -1.0869300e+00   6.0295800e+00   2.8767000e+00   5.2588300e+00   5.5997500e-01  -3.6272400e+05
   6.9084100e+00  -1.0869500e+00   6.0295300e+00   2.8763300e+00   5.2590100e+00   5.6020300e-01  -3.6272200e+05
   6.9087600e+00  -1.0869500e+00   6.0296600e+00   2.8762200e+00   5.2587700e+00   5.6011300e-01  -3.6272500e+05
   6.9084200e+00  -1.0869100e+00   6.0295600e+00   2.8760100e+00   5.2589200e+00   5.5934300e-01  -3.6272400e+05
   6.9088700e+00  -1.0868900e+00   6.0296000e+00   2.8753100e+00   5.2585300e+00   5.5935200e-01  -3.6272200e+05
   6.9082900e+00  -1.0869900e+00   6.0295300e+00   2.8758800e+00   5.2592000e+00   5.6035900e-01  -3.6272200e+05
   6.9085000e+00  -1.0869700e+00   6.0296400e+00   2.8757200e+00   5.2586600e+00   5.5945700e-01  -3.6272300e+05
   6.9083900e+00  -1.0869700e+00   6.0295900e+00   2.8756600e+00   5.2593500e+00   5.5989300e-01  -3.6272300e+05
   6.9080700e+00  -1.0870000e+00   6.0297300e+00   2.8757500e+00   5.2599500e+00   5.6098300e-01  -3.6272700e+05
   6.9085200e+00  -1.0869800e+00   6.0295600e+00   2.8750900e+00   5.2589300e+00   5.5953700e-01  -3.6272200e+05
   6.9084400e+00  -1.0869700e+00   6.0296000e+00   2.8759600e+00   5.2591400e+00   5.6027600e-01  -3.6272200e+05
   6.9084000e+00  -1.0869600e+00   6.0295900e+00   2.8760400e+00   5.2593600e+00   5.6082600e-01  -3.6272600e+05
   6.9087200e+00  -1.0869600e+00   6.0295600e+00   2.8760400e+00   5.2582700e+00   5.5927900e-01  -3.6272200e+05
   6.9086100e+00  -1.0869600e+00   6.0296400e+00   2.8763400e+00   5.2591000e+00   5.5966000e-01  -3.6272500e+05
   6.9083900e+00  -1.0869200e+00   6.0295600e+00   2.8760600e+00   5.2589700e+00   5.5976500e-01  -3.6272200e+05
   6.9087700e+00  -1.0869000e+00   6.0295800e+00   2.8754900e+00   5.2582200e+00   5.5932900e-01  -3.6272200e+05
   6.9089900e+00  -1.0869100e+00   6.0296800e+00   2.8751400e+00   5.2580600e+00   5.5921800e-01  -3.6272300e+05
   6.9083900e+00  -1.0869000e+00   6.0296500e+00   2.8750700e+00   5.2589900e+00   5.6031600e-01  -3.6272200e+05
   6.9085000e+00  -1.0869200e+00   6.0296000e+00   2.8752600e+00   5.2587200e+00   5.5988600e-01  -3.6272100e+05
   6.9085900e+00  -1.0868500e+00   6.0296900e+00   2.8750500e+00   5.2591500e+00   5.5980200e-01  -3.6272200e+05
   6.9087000e+00  -1.0868000e+00   6.0295800e+00   2.8755200e+00   5.2587700e+00   5.5924900e-01  -3.6272200e+05
   6.9087100e+00  -1.0868300e+00   6.0297400e+00   2.8749800e+00   5.2587200e+00   5.5955100e-01  -3.6272400e+05
   6.9089400e+00  -1.0868000e+00   6.0295600e+00   2.8747400e+00   5.2580600e+00   5.5976400e-01  -3.6272600e+05
   6.9080400e+00  -1.0868500e+00   6.0296300e+00   2.8751400e+00   5.2597300e+00   5.6080500e-01  -3.6272200e+05
   6.9085200e+00  -1.0868000e+00   6.0296800e+00   2.8751800e+00   5.2587900e+00   5.5946300e-01  -3.6272200e+05
   6.9087000e+00  -1.0867300e+00   6.0294800e+00   2.8759100e+00   5.2583700e+00   5.5936500e-01  -3.6272300e+05
   6.9086000e+00  -1.0867000e+00   6.0296500e+00   2.8755200e+00   5.2587800e+00   5.6001300e-01  -3.6272200e+05
   6.9077100e+00  -1.0867000e+00   6.0296600e+00   2.8754500e+00   5.2600800e+00   5.6087400e-01  -3.6272600e+05
   6.9084400e+00  -1.0867100e+00   6.0295400e+00   2.8751400e+00   5.2589300e+00   5.5981700e-01  -3.6272100e+05
   6.9081700e+00  -1.0867100e+00   6.0296600e+00   2.8754100e+00   5.2592900e+00   5.5981100e-01  -3.6272300e+05
   6.9087000e+00  -1.0867100e+00   6.0296000e+00   2.8751000e+00   5.2586000e+00   5.5990300e-01  -3.6272100e+05
   6.9084200e+00  -1.0866600e+00   6.0297300e+00   2.8741900e+00   5.2592400e+00   5.6013800e-01  -3.6272200e+05
   6.9081800e+00  -1.0865400e+00   6.0295700e+00   2.8745400e+00   5.2591600e+00   5.6024500e-01  -3.6272300e+05
   6.9083800e+00  -1.0864700e+00   6.0297000e+00   2.8743500e+00   5.2590100e+00   5.5980000e-01  -3.6272200e+05
   6.9083000e+00  -1.0865000e+00   6.0296800e+00   2.8737800e+00   5.2592700e+00   5.5975900e-01  -3.6272200e+05
   6.9078900e+00  -1.0865500e+00   6.0297200e+00   2.8736000e+00   5.2599100e+00   5.6036900e-01  -3.6272400e+05
   6.9086900e+00  -1.0865300e+00   6.0296400e+00   2.8740600e+00   5.2584900e+00   5.5979000e-01  -3.6272300e+05
   6.9090500e+00  -1.0864400e+00   6.0296400e+00   2.8742500e+00   5.2582900e+00   5.5907500e-01  -3.6272300e+05
   6.9088500e+00  -1.0864600e+00   6.0296400e+00   2.8748300e+00   5.2584500e+00   5.5929800e-01  -3.6272100e+05
   6.9085400e+00  -1.0864400e+00   6.0297000e+00   2.8741600e+00   5.2588300e+00   5.5950000e-01  -3.6272100e+05
   6.9087100e+00  -1.0864400e+00   6.0297000e+00   2.8745100e+00   5.2584100e+00   5.5923600e-01  -3.6272300e+05
   6.9084900e+00  -1.0865000e+00   6.0296700e+00   2.8747800e+00   5.2587000e+00   5.5941400e-01  -3.6272200e+05
   6.9087000e+00  -1.0865100e+00   6.0296900e+00   2.8747500e+00   5.2586400e+00   5.5963300e-01  -3.6272100e+05
   6.9088000e+00  -1.0865500e+00   6.0296600e+00   2.8745500e+00   5.2582800e+00   5.5890800e-01  -3.6272200e+05
   6.9084500e+00  -1.0865500e+00   6.0295700e+00   2.8744800e+00   5.2587100e+00   5.5964800e-01  -3.6272200e+05
   6.9083500e+00  -1.0865500e+00   6.0296800e+00   2.8744800e+00   5.2591800e+00   5.6002400e-01  -3.6272100e+05
   6.9086300e+00  -1.0865800e+00   6.0295600e+00   2.8748900e+00   5.2586700e+00   5.5983900e-01  -3.6272100e+05
   6.9086000e+00  -1.0865400e+00   6.0295800e+00   2.8748400e+00   5.2587200e+00   5.6023700e-01  -3.6272300e+05
   6.9085000e+00  -1.0864900e+00   6.0295200e+00   2.8751700e+00   5.2587200e+00   5.6002700e-01  -3.6272300e+05
   6.9090700e+00  -1.0864300e+00   6.0295400e+00   2.8752300e+00   5.2579000e+00   5.5953400e-01  -3.6272500e+05
   6.9081200e+00  -1.0865000e+00   6.0297000e+00   2.8752900e+00   5.2593300e+00   5.6048000e-01  -3.6272400e+05
   6.9089600e+00  -1.0864800e+00   6.0295900e+00   2.8754300e+00   5.2577200e+00   5.5891100e-01  -3.6272400e+05
   6.9084200e+00  -1.0865500e+00   6.0296400e+00   2.8753700e+00   5.2589100e+00   5.5974600e-01  -3.6272100e+05
   6.9083700e+00  -1.0865900e+00   6.0296400e+00   2.8752900e+00   5.2589900e+00   5.5965000e-01  -3.6272100e+05
   6.9082100e+00  -1.0865700e+00   6.0296100e+00   2.8753100e+00   5.2596100e+00   5.6006000e-01  -3.6272300e+05
   6.9087100e+00  -1.0865800e+00   6.0295900e+00   2.8756700e+00   5.2584800e+00   5.5984600e-01  -3.6272100e+05
   6.9082000e+00  -1.0866100e+00   6.0297200e+00   2.8749800e+00   5.2594200e+00   5.5977900e-01  -3.6272300e+05
   6.9083200e+00  -1.0865900e+00   6.0296100e+00   2.8750500e+00   5.2589700e+00   5.6003800e-01  -3.6272100e+05
   6.9082400e+00  -1.0866200e+00   6.0296000e+00   2.8747900e+00   5.2596400e+00   5.6007300e-01  -3.6272300e+05
   6.9087600e+00  -1.0866500e+00   6.0296500e+00   2.8743900e+00   5.2582100e+00   5.5959300e-01  -3.6272400e+05
   6.9088900e+00  -1.0866100e+00   6.0296200e+00   2.8739400e+00   5.2584400e+00   5.5911200e-01  -3.6272200e+05
   6.9085100e+00  -1.0865900e+00   6.0296800e+00   2.8739400e+00   5.2589800e+00   5.5979900e-01  -3.6272100e+05
   6.9086800e+00  -1.0866000e+00   6.0296800e+00   2.8729100e+00   5.2586500e+00   5.5959500e-01  -3.6272500e+05
   6.9081700e+00  -1.0866200e+00   6.0296500e+00   2.8732700e+00   5.2595100e+00   5.6040900e-01  -3.6272400e+05
   6.9088300e+00  -1.0866300e+00   6.0297200e+00   2.8739800e+00   5.2584900e+00   5.5939600e-01  -3.6272300e+05
   6.9085700e+00  -1.0866000e+00   6.0295800e+00   2.8741300e+00   5.2590600e+00   5.5983000e-01  -3.6272300e+05
   6.9087600e+00  -1.0866300e+00   6.0297400e+00   2.8740800e+00   5.2584500e+00   5.5946100e-01  -3.6272400e+05
   6.9079800e+00  -1.0866300e+00   6.0295900e+00   2.8743000e+00   5.2597900e+00   5.6042600e-01  -3.6272400e+05
   6.9078400e+00  -1.0866100e+00   6.0297000e+00   2.8742800e+00   5.2598500e+00   5.6071300e-01  -3.6272400e+05
   6.9085900e+00  -1.0866200e+00   6.0296400e+00   2.8745700e+00   5.2588500e+00   5.5959600e-01  -3.6272000e+05
   6.9089500e+00  -1.0865900e+00   6.0296900e+00   2.8741300e+00   5.2581300e+00   5.5927700e-01  -3.6272400e+05
   6.9082800e+00  -1.0866200e+00   6.0295800e+00   2.8743700e+00   5.2589300e+00   5.5995900e-01  -3.6272300e+05
   6.9084200e+00  -1.0866300e+00   6.0297200e+00   2.8742600e+00   5.2591400e+00   5.5984700e-01  -3.6272200e+05
   6.9083000e+00  -1.0866800e+00   6.0297200e+00   2.8746500e+00   5.2593600e+00   5.6023800e-01  -3.6272200e+05
   6.9085800e+00  -1.0867000e+00   6.0296900e+00   2.8739700e+00   5.2589400e+00   5.6027700e-01  -3.6272400e+05
   6.9086600e+00  -1.0866600e+00   6.0297000e+00   2.8734800e+00   5.2591100e+00   5.5964600e-01  -3.6272400e+05
   6.9078900e+00  -1.0866700e+00   6.0296700e+00   2.8731700e+00   5.2601800e+00   5.6090700e-01  -3.6272600e+05
   6.9083600e+00  -1.0866700e+00   6.0296700e+00   2.8738000e+00   5.2593800e+00   5.6002300e-01  -3.6272200e+05
   6.9087000e+00  -1.0867200e+00   6.0296600e+00   2.8734500e+00   5.2591700e+00   5.5970500e-01  -3.6272600e+05
   6.9081600e+00  -1.0867500e+00   6.0296200e+00   2.8726300e+00   5.2594900e+00   5.5998600e-01  -3.6272700e+05
   6.9085200e+00  -1.0867500e+00   6.0297300e+00   2.8727500e+00   5.2591400e+00   5.6002900e-01  -3.6272500e+05
   6.9085100e+00  -1.0867500e+00   6.0296800e+00   2.8726700e+00   5.2590000e+00   5.5972400e-01  -3.6272500e+05
   6.9077800e+00  -1.0867800e+00   6.0297600e+00   2.8725800e+00   5.2600700e+00   5.6024800e-01  -3.6272900e+05
   6.9085700e+00  -1.0868000e+00   6.0297600e+00   2.8724900e+00   5.2593500e+00   5.5968400e-01  -3.6272700e+05
   6.9082100e+00  -1.0867700e+00   6.0298300e+00   2.8727000e+00   5.2597600e+00   5.5998000e-01  -3.6272800e+05
   6.9081200e+00  -1.0868000e+00   6.0296100e+00   2.8730000e+00   5.2597900e+00   5.6057100e-01  -3.6272700e+05
   6.9083200e+00  -1.0867900e+00   6.0297900e+00   2.8732400e+00   5.2596600e+00   5.6033300e-01  -3.6272500e+05
   6.9080900e+00  -1.0868000e+00   6.0296700e+00   2.8737900e+00   5.2599500e+00   5.6033500e-01  -3.6272400e+05
   6.9087000e+00  -1.0867300e+00   6.0296700e+00   2.8734100e+00   5.2586400e+00   5.5932300e-01  -3.6272300e+05
   6.9079500e+00  -1.0867200e+00   6.0297300e+00   2.8736900e+00   5.2603000e+00   5.6019600e-01  -3.6272800e+05
   6.9082100e+00  -1.0867200e+00   6.0297400e+00   2.8737500e+00   5.2599400e+00   5.6033900e-01  -3.6272500e+05
   6.9083400e+00  -1.0867200e+00   6.0296200e+00   2.8741900e+00   5.2593100e+00   5.6002900e-01  -3.6272100e+05
   6.9087000e+00  -1.0867300e+00   6.0296700e+00   2.8746400e+00   5.2585900e+00   5.5927900e-01  -3.6272100e+05
   6.9087700e+00  -1.0867100e+00   6.0295700e+00   2.8752500e+00   5.2586100e+00   5.5961200e-01  -3.6272100e+05
   6.9086300e+00  -1.0867100e+00   6.0296800e+00   2.8752900e+00   5.2589500e+00   5.5981500e-01  -3.6272200e+05
   6.9085000e+00  -1.0866700e+00   6.0296100e+00   2.8757300e+00   5.2589400e+00   5.5962900e-01  -3.6272100e+05
   6.9085600e+00  -1.0867100e+00   6.0296300e+00   2.8757800e+00   5.2589800e+00   5.5932000e-01  -3.6272300e+05
   6.9090300e+00  -1.0867600e+00   6.0294800e+00   2.8761400e+00   5.2576500e+00   5.5869800e-01  -3.6272500e+05
   6.9087400e+00  -1.0867100e+00   6.0296200e+00   2.8767700e+00   5.2586500e+00   5.5910300e-01  -3.6272600e+05
   6.9085200e+00  -1.0866600e+00   6.0295900e+00   2.8765000e+00   5.2585300e+00   5.5969000e-01  -3.6272300e+05
   6.9089400e+00  -1.0866500e+00   6.0295200e+00   2.8762400e+00   5.2578000e+00   5.5857200e-01  -3.6272500e+05
   6.9083300e+00  -1.0867100e+00   6.0296200e+00   2.8762200e+00   5.2590400e+00   5.6012500e-01  -3.6272200e+05
   6.9087600e+00  -1.0866900e+00   6.0296200e+00   2.8772700e+00   5.2586400e+00   5.5998000e-01  -3.6272600e+05
   6.9086800e+00  -1.0866900e+00   6.0295200e+00   2.8772800e+00   5.2583700e+00   5.5944100e-01  -3.6272400e+05
   6.9090300e+00  -1.0866800e+00   6.0295500e+00   2.8772500e+00   5.2576200e+00   5.5900000e-01  -3.6272600e+05
   6.9085900e+00  -1.0866500e+00   6.0294900e+00   2.8769800e+00   5.2585900e+00   5.5966500e-01  -3.6272400e+05
   6.9090200e+00  -1.0866700e+00   6.0296700e+00   2.8764000e+00   5.2583700e+00   5.5908200e-01  -3.6272600e+05
   6.9084300e+00  -1.0866600e+00   6.0295600e+00   2.8767000e+00   5.2586200e+00   5.6047300e-01  -3.6272700e+05
   6.9086100e+00  -1.0866700e+00   6.0296300e+00   2.8763000e+00   5.2589700e+00   5.6006100e-01  -3.6272300e+05
   6.9087100e+00  -1.0866300e+00   6.0295300e+00   2.8757900e+00   5.2587800e+00   5.5933200e-01  -3.6272400e+05
   6.9089300e+00  -1.0866300e+00   6.0297000e+00   2.8758000e+00   5.2583000e+00   5.5889600e-01  -3.6272500e+05
   6.9088300e+00  -1.0866600e+00   6.0296500e+00   2.8761400e+00   5.2587100e+00   5.5978100e-01  -3.6272400e+05
   6.9085000e+00  -1.0866800e+00   6.0295100e+00   2.8761100e+00   5.2589200e+00   5.5981300e-01  -3.6272300e+05
   6.9088300e+00  -1.0867000e+00   6.0296400e+00   2.8758900e+00   5.2582900e+00   5.5948100e-01  -3.6272200e+05
   6.9088900e+00  -1.0867300e+00   6.0296000e+00   2.8761700e+00   5.2582300e+00   5.5921800e-01  -3.6272200e+05
   6.9088500e+00  -1.0867100e+00   6.0295100e+00   2.8759900e+00   5.2579800e+00   5.5932200e-01  -3.6272300e+05
   6.9085700e+00  -1.0867700e+00   6.0295600e+00   2.8764000e+00   5.2585600e+00   5.5949500e-01  -3.6272200e+05
   6.9088400e+00  -1.0867900e+00   6.0296000e+00   2.8766900e+00   5.2583100e+00   5.5953800e-01  -3.6272300e+05
   6.9086500e+00  -1.0868300e+00   6.0296200e+00   2.8765000e+00   5.2589300e+00   5.6062700e-01  -3.6272800e+05
   6.9084700e+00  -1.0868500e+00   6.0294900e+00   2.8766400e+00   5.2588300e+00   5.5994700e-01  -3.6272300e+05
   6.9087600e+00  -1.0868000e+00   6.0295400e+00   2.8765700e+00   5.2586800e+00   5.5961700e-01  -3.6272400e+05
   6.9089500e+00  -1.0868300e+00   6.0294800e+00   2.8762300e+00   5.2578700e+00   5.5905900e-01  -3.6272300e+05
   6.9087600e+00  -1.0868900e+00   6.0295800e+00   2.8766600e+00   5.2585700e+00   5.5950400e-01  -3.6272300e+05
   6.9085900e+00  -1.0867900e+00   6.0295900e+00   2.8765700e+00   5.2585000e+00   5.5972200e-01  -3.6272300e+05
   6.9087700e+00  -1.0867600e+00   6.0294800e+00   2.8767400e+00   5.2583700e+00   5.5954700e-01  -3.6272300e+05
   6.9088500e+00  -1.0866300e+00   6.0296000e+00   2.8768200e+00   5.2582900e+00   5.5923400e-01  -3.6272300e+05
   6.9086400e+00  -1.0865500e+00   6.0296500e+00   2.8770100e+00   5.2586000e+00   5.5969400e-01  -3.6272500e+05
   6.9085800e+00  -1.0865300e+00   6.0295800e+00   2.8763200e+00   5.2583500e+00   5.5940300e-01  -3.6272300e+05
   6.9085700e+00  -1.0865400e+00   6.0296200e+00   2.8757100e+00   5.2587100e+00   5.5945000e-01  -3.6272100e+05
   6.9086700e+00  -1.0865500e+00   6.0296800e+00   2.8749700e+00   5.2586700e+00   5.5907900e-01  -3.6272200e+05
   6.9085300e+00  -1.0866000e+00   6.0296600e+00   2.8747000e+00   5.2590500e+00   5.6008300e-01  -3.6272100e+05
   6.9086300e+00  -1.0865800e+00   6.0296100e+00   2.8745600e+00   5.2585100e+00   5.5923000e-01  -3.6272100e+05
   6.9084600e+00  -1.0866200e+00   6.0296200e+00   2.8746700e+00   5.2588000e+00   5.6000000e-01  -3.6272100e+05
   6.9085600e+00  -1.0866800e+00   6.0295600e+00   2.8749300e+00   5.2587200e+00   5.5951000e-01  -3.6272100e+05
   6.9086100e+00  -1.0866500e+00   6.0295800e+00   2.8746300e+00   5.2589000e+00   5.5965800e-01  -3.6272100e+05
   6.9086100e+00  -1.0866700e+00   6.0296000e+00   2.8748000e+00   5.2583700e+00   5.5931300e-01  -3.6272300e+05
   6.9082600e+00  -1.0867000e+00   6.0296300e+00   2.8750900e+00   5.2593300e+00   5.6004200e-01  -3.6272100e+05
   6.9085300e+00  -1.0867400e+00   6.0296100e+00   2.8749000e+00   5.2589400e+00   5.5960300e-01  -3.6272000e+05
   6.9085500e+00  -1.0867300e+00   6.0296600e+00   2.8744400e+00   5.2589600e+00   5.6014400e-01  -3.6272200e+05
   6.9093200e+00  -1.0867500e+00   6.0296100e+00   2.8746900e+00   5.2577100e+00   5.5852000e-01  -3.6272400e+05
   6.9083400e+00  -1.0867100e+00   6.0296400e+00   2.8745400e+00   5.2594100e+00   5.5949100e-01  -3.6272400e+05
   6.9082800e+00  -1.0866700e+00   6.0296600e+00   2.8748600e+00   5.2595100e+00   5.6025100e-01  -3.6272100e+05
   6.9084400e+00  -1.0866400e+00   6.0295900e+00   2.8756000e+00   5.2591900e+00   5.6031500e-01  -3.6272200e+05
   6.9087500e+00  -1.0866600e+00   6.0296300e+00   2.8755100e+00   5.2586100e+00   5.5924900e-01  -3.6272100e+05
   6.9087900e+00  -1.0866600e+00   6.0296300e+00   2.8752600e+00   5.2587800e+00   5.5936300e-01  -3.6272200e+05
   6.9083300e+00  -1.0866800e+00   6.0296600e+00   2.8751900e+00   5.2592400e+00   5.5989100e-01  -3.6272100e+05
   6.9087700e+00  -1.0866900e+00   6.0296200e+00   2.8749200e+00   5.2585600e+00   5.5916800e-01  -3.6272100e+05
   6.9081000e+00  -1.0866300e+00   6.0296600e+00   2.8747000e+00   5.2599000e+00   5.6026600e-01  -3.6272400e+05
   6.9081300e+00  -1.0866100e+00   6.0296500e+00   2.8742200e+00   5.2593400e+00   5.6011900e-01  -3.6272200e+05
   6.9085200e+00  -1.0866000e+00   6.0297000e+00   2.8747500e+00   5.2591300e+00   5.5993300e-01  -3.6272100e+05
   6.9084800e+00  -1.0866000e+00   6.0296600e+00   2.8748800e+00   5.2591800e+00   5.6061800e-01  -3.6272400e+05
   6.9091800e+00  -1.0865300e+00   6.0296200e+00   2.8749100e+00   5.2575500e+00   5.5842900e-01  -3.6272400e+05
   6.9083800e+00  -1.0865100e+00   6.0296500e+00   2.8743200e+00   5.2589000e+00   5.5896700e-01  -3.6272600e+05
   6.9082900e+00  -1.0865000e+00   6.0297000e+00   2.8737600e+00   5.2590600e+00   5.6004200e-01  -3.6272400e+05
   6.9087700e+00  -1.0865100e+00   6.0296200e+00   2.8742100e+00   5.2584500e+00   5.5912200e-01  -3.6272100e+05
   6.9088200e+00  -1.0865500e+00   6.0295400e+00   2.8749500e+00   5.2582900e+00   5.5932000e-01  -3.6272200e+05
   6.9086600e+00  -1.0865900e+00   6.0295700e+00   2.8748900e+00   5.2586800e+00   5.5969600e-01  -3.6272100e+05
   6.9088100e+00  -1.0865600e+00   6.0296300e+00   2.8748400e+00   5.2581900e+00   5.5890300e-01  -3.6272200e+05
   6.9087900e+00  -1.0865600e+00   6.0296900e+00   2.8745500e+00   5.2584900e+00   5.5935300e-01  -3.6272100e+05
   6.9089700e+00  -1.0865600e+00   6.0296200e+00   2.8748700e+00   5.2581100e+00   5.5904200e-01  -3.6272100e+05
   6.9080900e+00  -1.0865700e+00   6.0296300e+00   2.8745400e+00   5.2596000e+00   5.6007500e-01  -3.6272200e+05
   6.9082800e+00  -1.0865300e+00   6.0296000e+00   2.8749800e+00   5.2595300e+00   5.5950700e-01  -3.6272600e+05
   6.9089500e+00  -1.0865600e+00   6.0295900e+00   2.8752200e+00   5.2584200e+00   5.5924100e-01  -3.6272200e+05
   6.9085300e+00  -1.0865400e+00   6.0296200e+00   2.8753400e+00   5.2589300e+00   5.5947000e-01  -3.6272100e+05
   6.9088700e+00  -1.0865300e+00   6.0296000e+00   2.8755100e+00   5.2584100e+00   5.5940500e-01  -3.6272100e+05
   6.9084600e+00  -1.0865400e+00   6.0296600e+00   2.8748600e+00   5.2588900e+00   5.5969700e-01  -3.6272100e+05
   6.9085300e+00  -1.0865200e+00   6.0296400e+00   2.8750500e+00   5.2589800e+00   5.5986200e-01  -3.6272000e+05
   6.9089000e+00  -1.0865300e+00   6.0296200e+00   2.8739900e+00   5.2581500e+00   5.5881400e-01  -3.6272300e+05
   6.9089200e+00  -1.0864900e+00   6.0296200e+00   2.8738600e+00   5.2583300e+00   5.5886300e-01  -3.6272300e+05
   6.9084200e+00  -1.0865000e+00   6.0295300e+00   2.8748200e+00   5.2588300e+00   5.5967300e-01  -3.6272200e+05
   6.9084900e+00  -1.0864700e+00   6.0297000e+00   2.8746600e+00   5.2588800e+00   5.5959900e-01  -3.6272100e+05
   6.9085100e+00  -1.0864800e+00   6.0295700e+00   2.8742300e+00   5.2586800e+00   5.5938500e-01  -3.6272300e+05
   6.9079400e+00  -1.0864800e+00   6.0297900e+00   2.8741500e+00   5.2601700e+00   5.6107600e-01  -3.6272700e+05
   6.9088700e+00  -1.0864600e+00   6.0297000e+00   2.8746600e+00   5.2583900e+00   5.5888100e-01  -3.6272200e+05
   6.9087300e+00  -1.0864600e+00   6.0296600e+00   2.8750600e+00   5.2586600e+00   5.5958500e-01  -3.6272000e+05
   6.9084600e+00  -1.0864200e+00   6.0296300e+00   2.8748100e+00   5.2586300e+00   5.5942200e-01  -3.6272200e+05
   6.9086700e+00  -1.0864200e+00   6.0296300e+00   2.8748900e+00   5.2587200e+00   5.5989900e-01  -3.6272100e+05
   6.9087300e+00  -1.0864000e+00   6.0296000e+00   2.8742400e+00   5.2584200e+00   5.5925700e-01  -3.6272100e+05
   6.9085500e+00  -1.0864300e+00   6.0296900e+00   2.8745200e+00   5.2589200e+00   5.5996300e-01  -3.6272100e+05
   6.9085900e+00  -1.0864800e+00   6.0296200e+00   2.8744700e+00   5.2589700e+00   5.5975700e-01  -3.6272100e+05
   6.9084900e+00  -1.0865200e+00   6.0295500e+00   2.8749100e+00   5.2591100e+00   5.6067500e-01  -3.6272700e+05
   6.9088700e+00  -1.0865200e+00   6.0296000e+00   2.8748200e+00   5.2584800e+00   5.5955200e-01  -3.6272200e+05
   6.9090000e+00  -1.0865100e+00   6.0296900e+00   2.8752600e+00   5.2580800e+00   5.5879900e-01  -3.6272300e+05
   6.9083100e+00  -1.0864800e+00   6.0295600e+00   2.8754200e+00   5.2590200e+00   5.5957600e-01  -3.6272200e+05
   6.9082600e+00  -1.0864800e+00   6.0297200e+00   2.8746000e+00   5.2594400e+00   5.6037100e-01  -3.6272200e+05
   6.9086500e+00  -1.0864500e+00   6.0296000e+00   2.8751700e+00   5.2584200e+00   5.5949700e-01  -3.6272100e+05
   6.9091300e+00  -1.0865100e+00   6.0296000e+00   2.8756200e+00   5.2579600e+00   5.5850700e-01  -3.6272300e+05
   6.9083700e+00  -1.0864300e+00   6.0296200e+00   2.8752900e+00   5.2591400e+00   5.6024000e-01  -3.6272100e+05
   6.9079100e+00  -1.0864900e+00   6.0296200e+00   2.8753900e+00   5.2596600e+00   5.6089700e-01  -3.6272400e+05
   6.9087600e+00  -1.0865400e+00   6.0296600e+00   2.8755500e+00   5.2585800e+00   5.5894800e-01  -3.6272300e+05
   6.9083000e+00  -1.0865600e+00   6.0296000e+00   2.8754300e+00   5.2594300e+00   5.6046700e-01  -3.6272200e+05
   6.9084300e+00  -1.0865600e+00   6.0296300e+00   2.8750800e+00   5.2591000e+00   5.5931700e-01  -3.6272300e+05
   6.9091800e+00  -1.0865700e+00   6.0296100e+00   2.8753400e+00   5.2581300e+00   5.5909000e-01  -3.6272400e+05
   6.9079800e+00  -1.0865500e+00   6.0296000e+00   2.8753000e+00   5.2594300e+00   5.6046000e-01  -3.6272400e+05
   6.9085200e+00  -1.0864400e+00   6.0295900e+00   2.8747800e+00   5.2589100e+00   5.6009600e-01  -3.6272100e+05
   6.9088000e+00  -1.0864000e+00   6.0295400e+00   2.8755100e+00   5.2581700e+00   5.5904600e-01  -3.6272100e+05
   6.9085400e+00  -1.0863900e+00   6.0295900e+00   2.8745400e+00   5.2590200e+00   5.5984800e-01  -3.6272100e+05
   6.9082000e+00  -1.0863900e+00   6.0295800e+00   2.8748000e+00   5.2593800e+00   5.6061600e-01  -3.6272300e+05
   6.9088700e+00  -1.0864100e+00   6.0297100e+00   2.8753400e+00   5.2582100e+00   5.5926400e-01  -3.6272400e+05
   6.9087500e+00  -1.0863800e+00   6.0296500e+00   2.8755600e+00   5.2585700e+00   5.5950300e-01  -3.6272100e+05
   6.9085100e+00  -1.0863600e+00   6.0296000e+00   2.8750800e+00   5.2591100e+00   5.5994100e-01  -3.6272100e+05
   6.9088100e+00  -1.0863200e+00   6.0295300e+00   2.8754300e+00   5.2584100e+00   5.5950700e-01  -3.6272200e+05
   6.9085000e+00  -1.0863400e+00   6.0295700e+00   2.8747700e+00   5.2586800e+00   5.5948900e-01  -3.6272100e+05
   6.9083400e+00  -1.0863400e+00   6.0296800e+00   2.8744500e+00   5.2591300e+00   5.6035200e-01  -3.6272200e+05
   6.9087700e+00  -1.0863300e+00   6.0296500e+00   2.8747800e+00   5.2584600e+00   5.5967300e-01  -3.6272100e+05
   6.9082700e+00  -1.0862900e+00   6.0296600e+00   2.8741000e+00   5.2592600e+00   5.6000100e-01  -3.6272100e+05
   6.9086100e+00  -1.0863600e+00   6.0296800e+00   2.8737900e+00   5.2588800e+00   5.5905200e-01  -3.6272300e+05
   6.9087500e+00  -1.0864400e+00   6.0296000e+00   2.8741000e+00   5.2584600e+00   5.5919300e-01  -3.6272200e+05
   6.9084200e+00  -1.0864900e+00   6.0296200e+00   2.8742600e+00   5.2588200e+00   5.5939800e-01  -3.6272200e+05
   6.9084000e+00  -1.0865000e+00   6.0295400e+00   2.8748100e+00   5.2590700e+00   5.6054800e-01  -3.6272500e+05
   6.9083600e+00  -1.0864900e+00   6.0295700e+00   2.8750400e+00   5.2588800e+00   5.6005800e-01  -3.6272200e+05
   6.9085900e+00  -1.0865300e+00   6.0295500e+00   2.8747000e+00   5.2585500e+00   5.5955800e-01  -3.6272200e+05
   6.9084300e+00  -1.0865200e+00   6.0296900e+00   2.8743700e+00   5.2593000e+00   5.6026400e-01  -3.6272200e+05
   6.9080700e+00  -1.0864600e+00   6.0297200e+00   2.8740600e+00   5.2595500e+00   5.6007400e-01  -3.6272300e+05
   6.9084200e+00  -1.0864800e+00   6.0296400e+00   2.8736400e+00   5.2590300e+00   5.5982100e-01  -3.6272200e+05
   6.9083000e+00  -1.0865600e+00   6.0296700e+00   2.8742800e+00   5.2591100e+00   5.5966500e-01  -3.6272200e+05
   6.9089400e+00  -1.0866300e+00   6.0296500e+00   2.8744500e+00   5.2582600e+00   5.5902300e-01  -3.6272100e+05
   6.9090700e+00  -1.0866300e+00   6.0297100e+00   2.8740700e+00   5.2582800e+00   5.5915300e-01  -3.6272400e+05
   6.9084100e+00  -1.0865800e+00   6.0296600e+00   2.8747700e+00   5.2587600e+00   5.5976700e-01  -3.6272300e+05
   6.9089500e+00  -1.0866400e+00   6.0297000e+00   2.8742700e+00   5.2579700e+00   5.5917700e-01  -3.6272600e+05
   6.9086500e+00  -1.0866400e+00   6.0295900e+00   2.8748800e+00   5.2580700e+00   5.5936000e-01  -3.6272600e+05
   6.9082100e+00  -1.0865400e+00   6.0296600e+00   2.8742100e+00   5.2594400e+00   5.6057000e-01  -3.6272200e+05
   6.9085700e+00  -1.0865400e+00   6.0297100e+00   2.8744200e+00   5.2587700e+00   5.5978500e-01  -3.6272200e+05
   6.9083900e+00  -1.0865600e+00   6.0296000e+00   2.8745700e+00   5.2588500e+00   5.5944400e-01  -3.6272200e+05
   6.9082900e+00  -1.0866000e+00   6.0296400e+00   2.8751600e+00   5.2593000e+00   5.6016900e-01  -3.6272100e+05
   6.9089900e+00  -1.0865900e+00   6.0296200e+00   2.8753700e+00   5.2581400e+00   5.5860200e-01  -3.6272300e+05
   6.9087300e+00  -1.0865600e+00   6.0296100e+00   2.8754600e+00   5.2583600e+00   5.5966200e-01  -3.6272100e+05
   6.9089700e+00  -1.0865700e+00   6.0294600e+00   2.8755500e+00   5.2585200e+00   5.5918200e-01  -3.6273100e+05
   6.9083400e+00  -1.0865700e+00   6.0295500e+00   2.8756900e+00   5.2589200e+00   5.5999100e-01  -3.6272200e+05
   6.9090100e+00  -1.0865000e+00   6.0295700e+00   2.8751200e+00   5.2582700e+00   5.5947100e-01  -3.6272300e+05
   6.9085800e+00  -1.0865100e+00   6.0297400e+00   2.8748800e+00   5.2588500e+00   5.5989400e-01  -3.6272300e+05
   6.9086600e+00  -1.0865200e+00   6.0295400e+00   2.8747500e+00   5.2583200e+00   5.5908400e-01  -3.6272300e+05
   6.9085700e+00  -1.0865200e+00   6.0296800e+00   2.8743400e+00   5.2586500e+00   5.5907200e-01  -3.6272300e+05
   6.9088100e+00  -1.0865200e+00   6.0296300e+00   2.8744500e+00   5.2586800e+00   5.5950100e-01  -3.6272200e+05
   6.9079800e+00  -1.0865500e+00   6.0296400e+00   2.8749000e+00   5.2598200e+00   5.6064100e-01  -3.6272200e+05
   6.9091100e+00  -1.0865900e+00   6.0296800e+00   2.8742600e+00   5.2579500e+00   5.5896700e-01  -3.6272300e+05
   6.9086400e+00  -1.0865900e+00   6.0296100e+00   2.8751000e+00   5.2589600e+00   5.5941500e-01  -3.6272200e+05
   6.9090200e+00  -1.0866000e+00   6.0296700e+00   2.8752800e+00   5.2580600e+00   5.5845500e-01  -3.6272400e+05
   6.9088700e+00  -1.0866500e+00   6.0296500e+00   2.8752300e+00   5.2580800e+00   5.5913200e-01  -3.6272200e+05
   6.9085900e+00  -1.0866500e+00   6.0295400e+00   2.8756500e+00   5.2585100e+00   5.5948300e-01  -3.6272100e+05
   6.9090000e+00  -1.0866400e+00   6.0296000e+00   2.8755400e+00   5.2582800e+00   5.5926200e-01  -3.6272200e+05
   6.9088300e+00  -1.0866700e+00   6.0296500e+00   2.8759300e+00   5.2580800e+00   5.5963500e-01  -3.6272500e+05
   6.9087600e+00  -1.0866100e+00   6.0295600e+00   2.8760300e+00   5.2585000e+00   5.5945800e-01  -3.6272100e+05
   6.9082400e+00  -1.0866100e+00   6.0294900e+00   2.8762600e+00   5.2592300e+00   5.6038600e-01  -3.6272400e+05
   6.9084000e+00  -1.0865800e+00   6.0296300e+00   2.8760400e+00   5.2587700e+00   5.5955400e-01  -3.6272300e+05
   6.9087400e+00  -1.0866300e+00   6.0296800e+00   2.8758100e+00   5.2585100e+00   5.5928700e-01  -3.6272200e+05
   6.9089700e+00  -1.0866000e+00   6.0295400e+00   2.8754200e+00   5.2581200e+00   5.5913500e-01  -3.6272200e+05
   6.9086900e+00  -1.0865800e+00   6.0295500e+00   2.8762800e+00   5.2579700e+00   5.6005000e-01  -3.6273000e+05
   6.9087300e+00  -1.0865700e+00   6.0295900e+00   2.8759100e+00   5.2583700e+00   5.5955500e-01  -3.6272100e+05
   6.9090900e+00  -1.0866000e+00   6.0296100e+00   2.8759500e+00   5.2579800e+00   5.5908700e-01  -3.6272200e+05
   6.9082100e+00  -1.0866400e+00   6.0296700e+00   2.8757200e+00   5.2591100e+00   5.6004200e-01  -3.6272400e+05
   6.9085000e+00  -1.0866400e+00   6.0295900e+00   2.8755100e+00   5.2590800e+00   5.5963600e-01  -3.6272200e+05
   6.9086800e+00  -1.0866600e+00   6.0296400e+00   2.8751400e+00   5.2586300e+00   5.5973100e-01  -3.6272100e+05
   6.9084300e+00  -1.0867000e+00   6.0295500e+00   2.8748000e+00   5.2591700e+00   5.5916500e-01  -3.6272700e+05
   6.9084300e+00  -1.0866400e+00   6.0296400e+00   2.8745300e+00   5.2589800e+00   5.5953500e-01  -3.6272100e+05
   6.9086500e+00  -1.0865500e+00   6.0297700e+00   2.8744800e+00   5.2583900e+00   5.5911500e-01  -3.6272800e+05
   6.9083500e+00  -1.0865400e+00   6.0296100e+00   2.8744500e+00   5.2589300e+00   5.6024400e-01  -3.6272300e+05
   6.9088700e+00  -1.0865600e+00   6.0296800e+00   2.8742500e+00   5.2584800e+00   5.5927100e-01  -3.6272200e+05
   6.9085200e+00  -1.0864800e+00   6.0296300e+00   2.8744100e+00   5.2588700e+00   5.6014300e-01  -3.6272200e+05
   6.9084800e+00  -1.0865400e+00   6.0297100e+00   2.8742800e+00   5.2591200e+00   5.5990900e-01  -3.6272100e+05
   6.9085200e+00  -1.0864700e+00   6.0296700e+00   2.8745400e+00   5.2589600e+00   5.5955800e-01  -3.6272000e+05
   6.9089800e+00  -1.0864600e+00   6.0296200e+00   2.8744000e+00   5.2579300e+00   5.5881800e-01  -3.6272300e+05
   6.9084100e+00  -1.0864800e+00   6.0296000e+00   2.8755000e+00   5.2586800e+00   5.5993900e-01  -3.6272200e+05
   6.9082900e+00  -1.0864700e+00   6.0295800e+00   2.8752200e+00   5.2591800e+00   5.6023900e-01  -3.6272100e+05
   6.9084300e+00  -1.0863900e+00   6.0296200e+00   2.8747700e+00   5.2588400e+00   5.5985900e-01  -3.6272100e+05
   6.9090100e+00  -1.0863500e+00   6.0296600e+00   2.8747700e+00   5.2584200e+00   5.5895500e-01  -3.6272300e+05
   6.9081000e+00  -1.0864100e+00   6.0296100e+00   2.8744900e+00   5.2595600e+00   5.6031800e-01  -3.6272200e+05
   6.9082600e+00  -1.0864400e+00   6.0296500e+00   2.8744900e+00   5.2590100e+00   5.5961000e-01  -3.6272300e+05
   6.9089600e+00  -1.0865500e+00   6.0297000e+00   2.8745400e+00   5.2583200e+00   5.5895600e-01  -3.6272300e+05
   6.9083600e+00  -1.0866300e+00   6.0295600e+00   2.8749900e+00   5.2590100e+00   5.5998100e-01  -3.6272100e+05
   6.9088500e+00  -1.0865600e+00   6.0295500e+00   2.8754400e+00   5.2584200e+00   5.5917200e-01  -3.6272200e+05
   6.9083800e+00  -1.0865700e+00   6.0296700e+00   2.8755400e+00   5.2589900e+00   5.5986100e-01  -3.6272200e+05
   6.9087200e+00  -1.0865700e+00   6.0295700e+00   2.8758700e+00   5.2586300e+00   5.5917100e-01  -3.6272200e+05
   6.9083700e+00  -1.0865600e+00   6.0296400e+00   2.8756100e+00   5.2590200e+00   5.6009600e-01  -3.6272100e+05
   6.9084500e+00  -1.0866000e+00   6.0295500e+00   2.8758300e+00   5.2585600e+00   5.5990100e-01  -3.6272300e+05
   6.9083100e+00  -1.0865800e+00   6.0295200e+00   2.8758000e+00   5.2593300e+00   5.5973800e-01  -3.6272500e+05
   6.9088400e+00  -1.0866200e+00   6.0296000e+00   2.8762800e+00   5.2584400e+00   5.5967100e-01  -3.6272200e+05
   6.9080900e+00  -1.0866300e+00   6.0295900e+00   2.8756000e+00   5.2591000e+00   5.6005500e-01  -3.6272500e+05
   6.9081800e+00  -1.0866500e+00   6.0295800e+00   2.8749500e+00   5.2592300e+00   5.5991500e-01  -3.6272200e+05
   6.9087400e+00  -1.0865400e+00   6.0297000e+00   2.8744300e+00   5.2588700e+00   5.5947400e-01  -3.6272200e+05
   6.9083500e+00  -1.0866100e+00   6.0295700e+00   2.8747900e+00   5.2590600e+00   5.5993600e-01  -3.6272100e+05
   6.9086300e+00  -1.0865100e+00   6.0296800e+00   2.8747700e+00   5.2588700e+00   5.6026400e-01  -3.6272400e+05
   6.9083000e+00  -1.0863600e+00   6.0297200e+00   2.8749400e+00   5.2591100e+00   5.6034200e-01  -3.6272400e+05
   6.9085200e+00  -1.0863900e+00   6.0296100e+00   2.8743700e+00   5.2586100e+00   5.5946900e-01  -3.6272200e+05
   6.9084000e+00  -1.0863800e+00   6.0296500e+00   2.8747000e+00   5.2593400e+00   5.6077100e-01  -3.6272500e+05
   6.9084400e+00  -1.0864700e+00   6.0296200e+00   2.8749300e+00   5.2589500e+00   5.6022700e-01  -3.6272100e+05
   6.9090400e+00  -1.0864700e+00   6.0296200e+00   2.8749600e+00   5.2581900e+00   5.5911500e-01  -3.6272200e+05
   6.9090300e+00  -1.0865000e+00   6.0296400e+00   2.8750500e+00   5.2578800e+00   5.5838800e-01  -3.6272400e+05
   6.9084800e+00  -1.0865800e+00   6.0295100e+00   2.8751000e+00   5.2585900e+00   5.5966400e-01  -3.6272300e+05
   6.9084000e+00  -1.0865000e+00   6.0296100e+00   2.8750500e+00   5.2592400e+00   5.6057200e-01  -3.6272300e+05
   6.9081100e+00  -1.0865400e+00   6.0295600e+00   2.8749300e+00   5.2592800e+00   5.6039300e-01  -3.6272300e+05
   6.9083700e+00  -1.0865600e+00   6.0297000e+00   2.8749600e+00   5.2589400e+00   5.6006100e-01  -3.6272300e+05
   6.9086400e+00  -1.0864700e+00   6.0296400e+00   2.8750700e+00   5.2583700e+00   5.5937500e-01  -3.6272200e+05
   6.9088300e+00  -1.0865000e+00   6.0296800e+00   2.8746500e+00   5.2583200e+00   5.5896700e-01  -3.6272200e+05
   6.9085200e+00  -1.0864600e+00   6.0297200e+00   2.8736600e+00   5.2589800e+00   5.5918400e-01  -3.6272300e+05
   6.9080500e+00  -1.0863700e+00   6.0296600e+00   2.8736500e+00   5.2599000e+00   5.6002500e-01  -3.6272500e+05
   6.9085600e+00  -1.0863700e+00   6.0296900e+00   2.8737200e+00   5.2590000e+00   5.6003400e-01  -3.6272300e+05
   6.9084400e+00  -1.0863600e+00   6.0297100e+00   2.8736000e+00   5.2596700e+00   5.6062900e-01  -3.6272900e+05
   6.9081900e+00  -1.0863300e+00   6.0297300e+00   2.8742000e+00   5.2593500e+00   5.6009300e-01  -3.6272300e+05
   6.9085200e+00  -1.0862700e+00   6.0295900e+00   2.8746600e+00   5.2592500e+00   5.6003000e-01  -3.6272400e+05
   6.9085700e+00  -1.0862500e+00   6.0296100e+00   2.8747700e+00   5.2587400e+00   5.5971200e-01  -3.6272000e+05
   6.9089000e+00  -1.0862400e+00   6.0296800e+00   2.8750600e+00   5.2582600e+00   5.5892000e-01  -3.6272200e+05
   6.9088400e+00  -1.0862700e+00   6.0295700e+00   2.8749800e+00   5.2583700e+00   5.5959900e-01  -3.6272200e+05
   6.9087700e+00  -1.0862500e+00   6.0295700e+00   2.8747500e+00   5.2584500e+00   5.5917000e-01  -3.6272100e+05
   6.9090000e+00  -1.0863200e+00   6.0295900e+00   2.8753000e+00   5.2583300e+00   5.5920000e-01  -3.6272200e+05
   6.9088500e+00  -1.0863100e+00   6.0295600e+00   2.8761400e+00   5.2580300e+00   5.5893200e-01  -3.6272200e+05
   6.9084900e+00  -1.0863600e+00   6.0296200e+00   2.8755900e+00   5.2587700e+00   5.5903800e-01  -3.6272300e+05
   6.9087400e+00  -1.0864000e+00   6.0297100e+00   2.8749700e+00   5.2586800e+00   5.5931800e-01  -3.6272200e+05
   6.9088100e+00  -1.0864200e+00   6.0296300e+00   2.8752000e+00   5.2583200e+00   5.5875100e-01  -3.6272200e+05
   6.9090200e+00  -1.0864200e+00   6.0295400e+00   2.8754600e+00   5.2579900e+00   5.5912700e-01  -3.6272200e+05
   6.9086200e+00  -1.0864300e+00   6.0295600e+00   2.8759800e+00   5.2584300e+00   5.5905300e-01  -3.6272300e+05
   6.9084800e+00  -1.0864000e+00   6.0296300e+00   2.8759800e+00   5.2586200e+00   5.5976200e-01  -3.6272300e+05
   6.9083400e+00  -1.0863700e+00   6.0296000e+00   2.8762000e+00   5.2592100e+00   5.6040900e-01  -3.6272200e+05
   6.9086000e+00  -1.0863300e+00   6.0295800e+00   2.8763000e+00   5.2586400e+00   5.5935300e-01  -3.6272200e+05
   6.9084900e+00  -1.0863500e+00   6.0295500e+00   2.8767600e+00   5.2590800e+00   5.5989000e-01  -3.6272400e+05
   6.9084300e+00  -1.0863600e+00   6.0296600e+00   2.8759400e+00   5.2589200e+00   5.5970100e-01  -3.6272200e+05
   6.9085900e+00  -1.0863000e+00   6.0295300e+00   2.8762700e+00   5.2584400e+00   5.5948600e-01  -3.6272200e+05
   6.9090900e+00  -1.0863000e+00   6.0296400e+00   2.8756800e+00   5.2580300e+00   5.5921200e-01  -3.6272300e+05
   6.9085900e+00  -1.0862300e+00   6.0295300e+00   2.8762100e+00   5.2586800e+00   5.5974300e-01  -3.6272100e+05
   6.9085200e+00  -1.0862800e+00   6.0296400e+00   2.8760700e+00   5.2586800e+00   5.5944300e-01  -3.6272200e+05
   6.9088400e+00  -1.0862900e+00   6.0295400e+00   2.8763400e+00   5.2583300e+00   5.5945500e-01  -3.6272200e+05
   6.9083100e+00  -1.0862400e+00   6.0295300e+00   2.8767400e+00   5.2591900e+00   5.6008400e-01  -3.6272400e+05
   6.9086900e+00  -1.0862800e+00   6.0294600e+00   2.8769800e+00   5.2585500e+00   5.5949700e-01  -3.6272500e+05
   6.9088400e+00  -1.0862800e+00   6.0295600e+00   2.8769200e+00   5.2581300e+00   5.5902700e-01  -3.6272300e+05
   6.9086100e+00  -1.0865100e+00   6.0295500e+00   2.8770800e+00   5.2581100e+00   5.5934800e-01  -3.6272700e+05
   6.9082800e+00  -1.0864300e+00   6.0295500e+00   2.8761200e+00   5.2593200e+00   5.6027400e-01  -3.6272300e+05
   6.9086900e+00  -1.0865100e+00   6.0296300e+00   2.8755000e+00   5.2587000e+00   5.5961700e-01  -3.6272000e+05
   6.9085900e+00  -1.0866000e+00   6.0295800e+00   2.8757000e+00   5.2587200e+00   5.5986700e-01  -3.6272100e+05
   6.9085800e+00  -1.0866300e+00   6.0296100e+00   2.8748300e+00   5.2586000e+00   5.5912000e-01  -3.6272200e+05
   6.9086100e+00  -1.0866700e+00   6.0296100e+00   2.8752500e+00   5.2587900e+00   5.5989800e-01  -3.6272000e+05
   6.9083900e+00  -1.0866100e+00   6.0295300e+00   2.8756300e+00   5.2585500e+00   5.6014100e-01  -3.6272600e+05
   6.9086900e+00  -1.0865600e+00   6.0294800e+00   2.8758500e+00   5.2582100e+00   5.5929900e-01  -3.6272300e+05
   6.9084900e+00  -1.0865900e+00   6.0296600e+00   2.8756600e+00   5.2587800e+00   5.5983200e-01  -3.6272200e+05
