   6.9093700e+00  -1.0611700e+00   6.0299100e+00   2.8769100e+00   5.2558100e+00   5.5510700e-01  -2.4181500e+05
   6.9092500e+00  -1.0621500e+00   6.0297700e+00   2.8770700e+00   5.2558700e+00   5.5532000e-01  -2.4181600e+05
   6.9097600e+00  -1.0588800e+00   6.0298000e+00   2.8786000e+00   5.2547400e+00   5.5470000e-01  -2.4181500e+05
   6.9094200e+00  -1.0594200e+00   6.0299100e+00   2.8781100e+00   5.2553000e+00   5.5531700e-01  -2.4181600e+05
   6.9094300e+00  -1.0617600e+00   6.0297400e+00   2.8778200e+00   5.2555900e+00   5.5532700e-01  -2.4181500e+05
   6.9093800e+00  -1.0587900e+00   6.0296600e+00   2.8778700e+00   5.2553900e+00   5.5581100e-01  -2.4182200e+05
   6.9093700e+00  -1.0599800e+00   6.0298900e+00   2.8788300e+00   5.2552400e+00   5.5507500e-01  -2.4181800e+05
   6.9100900e+00  -1.0608600e+00   6.0298500e+00   2.8782600e+00   5.2543200e+00   5.5430300e-01  -2.4181600e+05
   6.9096500e+00  -1.0585200e+00   6.0297100e+00   2.8776500e+00   5.2550300e+00   5.5472800e-01  -2.4181900e+05
   6.9093000e+00  -1.0612800e+00   6.0297700e+00   2.8772200e+00   5.2559400e+00   5.5544800e-01  -2.4181600e+05
   6.9094800e+00  -1.0622300e+00   6.0297500e+00   2.8773600e+00   5.2553700e+00   5.5553600e-01  -2.4181500e+05
   6.9102500e+00  -1.0646600e+00   6.0298500e+00   2.8777600e+00   5.2546500e+00   5.5532700e-01  -2.4181800e+05
   6.9094800e+00  -1.0627000e+00   6.0298200e+00   2.8780200e+00   5.2554700e+00   5.5532400e-01  -2.4181400e+05
   6.9098200e+00  -1.0611800e+00   6.0297100e+00   2.8778200e+00   5.2547200e+00   5.5498400e-01  -2.4181600e+05
   6.9095800e+00  -1.0595300e+00   6.0298300e+00   2.8780400e+00   5.2550200e+00   5.5474500e-01  -2.4181500e+05
   6.9098200e+00  -1.0620200e+00   6.0298100e+00   2.8775100e+00   5.2553100e+00   5.5488100e-01  -2.4181600e+05
   6.9098300e+00  -1.0645900e+00   6.0297300e+00   2.8784800e+00   5.2551400e+00   5.5527500e-01  -2.4181400e+05
   6.9092000e+00  -1.0665700e+00   6.0298000e+00   2.8782500e+00   5.2560200e+00   5.5596800e-01  -2.4181500e+05
   6.9094400e+00  -1.0670300e+00   6.0297100e+00   2.8788400e+00   5.2553700e+00   5.5602700e-01  -2.4181600e+05
   6.9091300e+00  -1.0672900e+00   6.0297000e+00   2.8790700e+00   5.2558800e+00   5.5663200e-01  -2.4181700e+05
   6.9092800e+00  -1.0715200e+00   6.0297600e+00   2.8779100e+00   5.2568500e+00   5.5680400e-01  -2.4181500e+05
   6.9083100e+00  -1.0741200e+00   6.0296400e+00   2.8781100e+00   5.2583500e+00   5.5840200e-01  -2.4181700e+05
   6.9091900e+00  -1.0758400e+00   6.0296500e+00   2.8773100e+00   5.2566300e+00   5.5816800e-01  -2.4181600e+05
   6.9084900e+00  -1.0724000e+00   6.0297600e+00   2.8774700e+00   5.2579100e+00   5.5821800e-01  -2.4181400e+05
   6.9092600e+00  -1.0727300e+00   6.0297100e+00   2.8772800e+00   5.2564600e+00   5.5748700e-01  -2.4181300e+05
   6.9090600e+00  -1.0740300e+00   6.0296900e+00   2.8768800e+00   5.2565600e+00   5.5742600e-01  -2.4181400e+05
   6.9094800e+00  -1.0730400e+00   6.0296600e+00   2.8765900e+00   5.2562500e+00   5.5716000e-01  -2.4181300e+05
   6.9089500e+00  -1.0776100e+00   6.0298500e+00   2.8744900e+00   5.2573100e+00   5.5764600e-01  -2.4181700e+05
   6.9084600e+00  -1.0793700e+00   6.0296900e+00   2.8735700e+00   5.2588600e+00   5.5857400e-01  -2.4181800e+05
   6.9084700e+00  -1.0754600e+00   6.0298000e+00   2.8759100e+00   5.2582400e+00   5.5871500e-01  -2.4181300e+05
   6.9085500e+00  -1.0756700e+00   6.0296900e+00   2.8761800e+00   5.2579100e+00   5.5817800e-01  -2.4181300e+05
   6.9086900e+00  -1.0710400e+00   6.0297700e+00   2.8759000e+00   5.2576200e+00   5.5822000e-01  -2.4181400e+05
   6.9087200e+00  -1.0724400e+00   6.0298500e+00   2.8754600e+00   5.2576900e+00   5.5798900e-01  -2.4181300e+05
   6.9092200e+00  -1.0699600e+00   6.0297600e+00   2.8764200e+00   5.2568600e+00   5.5718000e-01  -2.4181300e+05
   6.9091300e+00  -1.0759300e+00   6.0297100e+00   2.8773000e+00   5.2572300e+00   5.5764100e-01  -2.4181300e+05
   6.9087300e+00  -1.0712300e+00   6.0296700e+00   2.8774900e+00   5.2569600e+00   5.5803400e-01  -2.4181600e+05
   6.9087800e+00  -1.0714800e+00   6.0296400e+00   2.8785300e+00   5.2570300e+00   5.5737800e-01  -2.4181500e+05
   6.9089100e+00  -1.0704400e+00   6.0295900e+00   2.8786200e+00   5.2570100e+00   5.5731900e-01  -2.4181600e+05
   6.9084700e+00  -1.0685200e+00   6.0297900e+00   2.8774300e+00   5.2576000e+00   5.5741400e-01  -2.4181500e+05
   6.9089700e+00  -1.0737000e+00   6.0297100e+00   2.8774400e+00   5.2572400e+00   5.5802500e-01  -2.4181200e+05
   6.9086500e+00  -1.0756700e+00   6.0296300e+00   2.8771400e+00   5.2578900e+00   5.5793900e-01  -2.4181400e+05
   6.9085100e+00  -1.0756100e+00   6.0295400e+00   2.8775100e+00   5.2580800e+00   5.5909600e-01  -2.4181800e+05
   6.9084500e+00  -1.0734500e+00   6.0298400e+00   2.8763600e+00   5.2581100e+00   5.5889200e-01  -2.4181500e+05
   6.9086600e+00  -1.0787800e+00   6.0296000e+00   2.8756900e+00   5.2581300e+00   5.5925300e-01  -2.4181500e+05
   6.9082900e+00  -1.0796000e+00   6.0297300e+00   2.8757700e+00   5.2589400e+00   5.5958600e-01  -2.4181400e+05
   6.9088800e+00  -1.0814300e+00   6.0296700e+00   2.8768000e+00   5.2580100e+00   5.5848300e-01  -2.4181300e+05
   6.9083000e+00  -1.0795400e+00   6.0295800e+00   2.8764700e+00   5.2584900e+00   5.5919800e-01  -2.4181500e+05
   6.9083300e+00  -1.0822300e+00   6.0297400e+00   2.8771700e+00   5.2591900e+00   5.5942100e-01  -2.4181900e+05
   6.9087600e+00  -1.0822900e+00   6.0295300e+00   2.8768400e+00   5.2580600e+00   5.5885200e-01  -2.4181400e+05
   6.9090600e+00  -1.0803500e+00   6.0296700e+00   2.8766400e+00   5.2574200e+00   5.5787300e-01  -2.4181300e+05
   6.9089700e+00  -1.0771500e+00   6.0296000e+00   2.8762700e+00   5.2572000e+00   5.5745700e-01  -2.4181400e+05
   6.9095400e+00  -1.0768600e+00   6.0296600e+00   2.8756000e+00   5.2563700e+00   5.5718500e-01  -2.4181400e+05
   6.9087400e+00  -1.0732900e+00   6.0297000e+00   2.8774000e+00   5.2578900e+00   5.5788400e-01  -2.4181500e+05
   6.9089100e+00  -1.0754800e+00   6.0297400e+00   2.8750200e+00   5.2570700e+00   5.5807100e-01  -2.4181600e+05
   6.9092800e+00  -1.0732200e+00   6.0298300e+00   2.8760000e+00   5.2568400e+00   5.5756500e-01  -2.4181400e+05
   6.9086300e+00  -1.0738300e+00   6.0297400e+00   2.8759700e+00   5.2574800e+00   5.5827100e-01  -2.4181400e+05
   6.9090300e+00  -1.0779400e+00   6.0297700e+00   2.8760500e+00   5.2575300e+00   5.5865500e-01  -2.4181400e+05
   6.9089600e+00  -1.0812500e+00   6.0296400e+00   2.8758300e+00   5.2577500e+00   5.5857600e-01  -2.4181200e+05
   6.9095300e+00  -1.0806000e+00   6.0295100e+00   2.8767000e+00   5.2567000e+00   5.5770600e-01  -2.4181600e+05
   6.9093600e+00  -1.0803000e+00   6.0296500e+00   2.8759100e+00   5.2569700e+00   5.5795500e-01  -2.4181300e+05
   6.9087200e+00  -1.0838700e+00   6.0295600e+00   2.8760200e+00   5.2582400e+00   5.5868300e-01  -2.4181400e+05
   6.9089300e+00  -1.0845600e+00   6.0295900e+00   2.8747500e+00   5.2580900e+00   5.5861700e-01  -2.4181400e+05
   6.9088400e+00  -1.0818300e+00   6.0296800e+00   2.8753000e+00   5.2578500e+00   5.5839800e-01  -2.4181300e+05
   6.9092800e+00  -1.0777100e+00   6.0296300e+00   2.8761600e+00   5.2571500e+00   5.5828200e-01  -2.4181400e+05
   6.9088300e+00  -1.0763600e+00   6.0297400e+00   2.8770200e+00   5.2575900e+00   5.5775600e-01  -2.4181300e+05
   6.9093200e+00  -1.0729200e+00   6.0297300e+00   2.8764300e+00   5.2562600e+00   5.5644000e-01  -2.4181400e+05
   6.9090200e+00  -1.0743600e+00   6.0297400e+00   2.8771600e+00   5.2571700e+00   5.5667600e-01  -2.4181600e+05
   6.9096900e+00  -1.0716400e+00   6.0298000e+00   2.8778200e+00   5.2556600e+00   5.5669500e-01  -2.4181700e+05
   6.9093800e+00  -1.0726700e+00   6.0297600e+00   2.8777000e+00   5.2563600e+00   5.5652300e-01  -2.4181400e+05
   6.9098400e+00  -1.0704400e+00   6.0298600e+00   2.8776700e+00   5.2558900e+00   5.5549400e-01  -2.4181900e+05
   6.9098200e+00  -1.0715200e+00   6.0298700e+00   2.8757900e+00   5.2558000e+00   5.5613600e-01  -2.4181600e+05
   6.9084400e+00  -1.0662000e+00   6.0297500e+00   2.8759900e+00   5.2574000e+00   5.5718600e-01  -2.4181800e+05
   6.9094600e+00  -1.0660900e+00   6.0297900e+00   2.8776600e+00   5.2557300e+00   5.5637500e-01  -2.4181300e+05
   6.9094600e+00  -1.0679400e+00   6.0297700e+00   2.8768100e+00   5.2563200e+00   5.5626700e-01  -2.4181300e+05
   6.9096600e+00  -1.0694400e+00   6.0297800e+00   2.8771600e+00   5.2560200e+00   5.5648700e-01  -2.4181300e+05
   6.9094500e+00  -1.0687900e+00   6.0298700e+00   2.8774300e+00   5.2561400e+00   5.5662000e-01  -2.4181400e+05
   6.9093200e+00  -1.0695100e+00   6.0297300e+00   2.8774500e+00   5.2566400e+00   5.5698600e-01  -2.4181300e+05
   6.9091500e+00  -1.0717400e+00   6.0297000e+00   2.8770700e+00   5.2568000e+00   5.5768500e-01  -2.4181300e+05
   6.9091100e+00  -1.0736700e+00   6.0297700e+00   2.8775900e+00   5.2569200e+00   5.5727600e-01  -2.4181300e+05
   6.9092100e+00  -1.0696500e+00   6.0297000e+00   2.8784500e+00   5.2565000e+00   5.5698500e-01  -2.4181300e+05
   6.9098500e+00  -1.0684900e+00   6.0297200e+00   2.8781000e+00   5.2553300e+00   5.5575900e-01  -2.4181400e+05
   6.9091100e+00  -1.0689600e+00   6.0297500e+00   2.8790400e+00   5.2565800e+00   5.5582000e-01  -2.4182100e+05
   6.9096700e+00  -1.0682400e+00   6.0296700e+00   2.8789200e+00   5.2556900e+00   5.5567700e-01  -2.4181600e+05
   6.9090300e+00  -1.0654700e+00   6.0297100e+00   2.8785100e+00   5.2561800e+00   5.5670800e-01  -2.4181500e+05
   6.9089600e+00  -1.0664700e+00   6.0296800e+00   2.8781000e+00   5.2563900e+00   5.5649500e-01  -2.4181500e+05
   6.9088600e+00  -1.0650900e+00   6.0297000e+00   2.8786700e+00   5.2567900e+00   5.5683000e-01  -2.4181600e+05
   6.9088400e+00  -1.0656800e+00   6.0298600e+00   2.8789800e+00   5.2568100e+00   5.5731000e-01  -2.4181800e+05
   6.9091800e+00  -1.0687400e+00   6.0296900e+00   2.8787000e+00   5.2564300e+00   5.5697000e-01  -2.4181400e+05
   6.9090100e+00  -1.0683100e+00   6.0296700e+00   2.8781100e+00   5.2571000e+00   5.5721300e-01  -2.4181700e+05
   6.9095000e+00  -1.0686000e+00   6.0298300e+00   2.8791000e+00   5.2558700e+00   5.5676400e-01  -2.4181900e+05
   6.9095200e+00  -1.0725200e+00   6.0294900e+00   2.8789200e+00   5.2559100e+00   5.5701100e-01  -2.4181800e+05
   6.9090200e+00  -1.0728700e+00   6.0296700e+00   2.8779100e+00   5.2570000e+00   5.5743000e-01  -2.4181300e+05
   6.9093400e+00  -1.0727100e+00   6.0298000e+00   2.8769400e+00   5.2565500e+00   5.5735200e-01  -2.4181300e+05
   6.9084300e+00  -1.0713300e+00   6.0297100e+00   2.8759700e+00   5.2579400e+00   5.5767700e-01  -2.4181500e+05
   6.9096300e+00  -1.0706000e+00   6.0297500e+00   2.8764500e+00   5.2565700e+00   5.5696300e-01  -2.4181700e+05
   6.9089200e+00  -1.0720600e+00   6.0297600e+00   2.8753900e+00   5.2573000e+00   5.5729800e-01  -2.4181200e+05
   6.9085600e+00  -1.0690000e+00   6.0298500e+00   2.8764900e+00   5.2577600e+00   5.5753800e-01  -2.4181400e+05
   6.9092000e+00  -1.0703000e+00   6.0297300e+00   2.8765600e+00   5.2567800e+00   5.5655500e-01  -2.4181300e+05
   6.9097300e+00  -1.0694600e+00   6.0297400e+00   2.8761300e+00   5.2556800e+00   5.5631800e-01  -2.4181400e+05
   6.9087200e+00  -1.0714800e+00   6.0297600e+00   2.8780100e+00   5.2578000e+00   5.5750300e-01  -2.4181700e+05
   6.9091700e+00  -1.0732100e+00   6.0297000e+00   2.8772100e+00   5.2567800e+00   5.5751800e-01  -2.4181200e+05
   6.9092700e+00  -1.0735200e+00   6.0297000e+00   2.8766700e+00   5.2565000e+00   5.5731100e-01  -2.4181200e+05
   6.9085600e+00  -1.0729500e+00   6.0296700e+00   2.8776900e+00   5.2577500e+00   5.5809700e-01  -2.4181400e+05
   6.9090800e+00  -1.0701600e+00   6.0297100e+00   2.8779600e+00   5.2570100e+00   5.5694500e-01  -2.4181400e+05
   6.9089700e+00  -1.0667200e+00   6.0298000e+00   2.8762500e+00   5.2565000e+00   5.5675200e-01  -2.4181400e+05
   6.9096100e+00  -1.0654400e+00   6.0298700e+00   2.8777500e+00   5.2555100e+00   5.5606100e-01  -2.4181500e+05
   6.9095400e+00  -1.0630700e+00   6.0297500e+00   2.8784100e+00   5.2552400e+00   5.5607800e-01  -2.4181600e+05
   6.9095200e+00  -1.0604000e+00   6.0298700e+00   2.8784500e+00   5.2556000e+00   5.5452600e-01  -2.4181900e+05
   6.9094600e+00  -1.0579400e+00   6.0298300e+00   2.8784200e+00   5.2553700e+00   5.5510900e-01  -2.4181600e+05
   6.9092800e+00  -1.0567800e+00   6.0299200e+00   2.8768100e+00   5.2558300e+00   5.5455200e-01  -2.4182000e+05
   6.9097300e+00  -1.0557900e+00   6.0299000e+00   2.8770700e+00   5.2551400e+00   5.5501100e-01  -2.4181900e+05
   6.9091800e+00  -1.0561000e+00   6.0298400e+00   2.8775600e+00   5.2555700e+00   5.5485700e-01  -2.4181900e+05
   6.9095900e+00  -1.0602200e+00   6.0297500e+00   2.8775700e+00   5.2547900e+00   5.5477000e-01  -2.4181700e+05
   6.9097900e+00  -1.0597500e+00   6.0298400e+00   2.8777700e+00   5.2548300e+00   5.5443200e-01  -2.4181500e+05
   6.9097000e+00  -1.0642500e+00   6.0297600e+00   2.8779600e+00   5.2549400e+00   5.5454500e-01  -2.4181700e+05
   6.9097100e+00  -1.0661900e+00   6.0296800e+00   2.8777100e+00   5.2553700e+00   5.5513000e-01  -2.4181500e+05
   6.9100400e+00  -1.0636700e+00   6.0299000e+00   2.8782900e+00   5.2548900e+00   5.5522600e-01  -2.4181700e+05
   6.9093700e+00  -1.0661100e+00   6.0297600e+00   2.8774000e+00   5.2558400e+00   5.5558100e-01  -2.4181400e+05
   6.9095500e+00  -1.0660700e+00   6.0298500e+00   2.8775700e+00   5.2557000e+00   5.5624700e-01  -2.4181400e+05
   6.9091100e+00  -1.0676400e+00   6.0297100e+00   2.8771300e+00   5.2566000e+00   5.5660600e-01  -2.4181300e+05
   6.9093900e+00  -1.0696200e+00   6.0299400e+00   2.8758400e+00   5.2568600e+00   5.5647300e-01  -2.4181700e+05
   6.9091800e+00  -1.0715800e+00   6.0296900e+00   2.8760000e+00   5.2567200e+00   5.5740600e-01  -2.4181300e+05
   6.9084100e+00  -1.0749000e+00   6.0297900e+00   2.8763800e+00   5.2581400e+00   5.5836000e-01  -2.4181400e+05
   6.9088300e+00  -1.0750600e+00   6.0298600e+00   2.8752100e+00   5.2578100e+00   5.5835200e-01  -2.4181400e+05
   6.9090400e+00  -1.0735000e+00   6.0298300e+00   2.8756800e+00   5.2569000e+00   5.5759400e-01  -2.4181400e+05
   6.9087500e+00  -1.0750500e+00   6.0296400e+00   2.8755300e+00   5.2571500e+00   5.5820800e-01  -2.4181700e+05
   6.9084800e+00  -1.0754500e+00   6.0296600e+00   2.8752700e+00   5.2578800e+00   5.5889700e-01  -2.4181600e+05
   6.9087800e+00  -1.0744000e+00   6.0298400e+00   2.8746500e+00   5.2581600e+00   5.5856800e-01  -2.4181600e+05
   6.9079000e+00  -1.0756200e+00   6.0297600e+00   2.8755500e+00   5.2586000e+00   5.5876200e-01  -2.4182000e+05
   6.9087000e+00  -1.0785500e+00   6.0295800e+00   2.8760900e+00   5.2578000e+00   5.5849800e-01  -2.4181300e+05
   6.9086700e+00  -1.0771200e+00   6.0296900e+00   2.8754500e+00   5.2579300e+00   5.5834700e-01  -2.4181200e+05
   6.9090200e+00  -1.0802700e+00   6.0298500e+00   2.8754700e+00   5.2575600e+00   5.5847300e-01  -2.4181800e+05
   6.9085000e+00  -1.0796200e+00   6.0297600e+00   2.8750300e+00   5.2587300e+00   5.5934700e-01  -2.4181300e+05
   6.9083400e+00  -1.0790400e+00   6.0296500e+00   2.8759300e+00   5.2581300e+00   5.5934800e-01  -2.4181600e+05
   6.9085200e+00  -1.0772600e+00   6.0296300e+00   2.8769200e+00   5.2583400e+00   5.5906900e-01  -2.4181400e+05
   6.9087800e+00  -1.0780800e+00   6.0296500e+00   2.8789900e+00   5.2577000e+00   5.5861800e-01  -2.4181700e+05
   6.9087700e+00  -1.0746800e+00   6.0295500e+00   2.8790100e+00   5.2574600e+00   5.5801700e-01  -2.4181700e+05
   6.9088100e+00  -1.0706100e+00   6.0298200e+00   2.8780000e+00   5.2572600e+00   5.5811700e-01  -2.4181600e+05
   6.9086500e+00  -1.0717600e+00   6.0297600e+00   2.8781100e+00   5.2574100e+00   5.5808200e-01  -2.4181500e+05
   6.9089300e+00  -1.0744100e+00   6.0295400e+00   2.8767900e+00   5.2573300e+00   5.5778900e-01  -2.4181600e+05
   6.9090200e+00  -1.0734000e+00   6.0297000e+00   2.8766800e+00   5.2571400e+00   5.5819800e-01  -2.4181300e+05
   6.9086700e+00  -1.0718900e+00   6.0298400e+00   2.8765400e+00   5.2576600e+00   5.5809800e-01  -2.4181300e+05
   6.9090000e+00  -1.0778600e+00   6.0298000e+00   2.8761400e+00   5.2577200e+00   5.5866800e-01  -2.4181500e+05
   6.9089700e+00  -1.0774200e+00   6.0297700e+00   2.8767100e+00   5.2575800e+00   5.5864200e-01  -2.4181400e+05
   6.9087300e+00  -1.0755000e+00   6.0298300e+00   2.8762600e+00   5.2583700e+00   5.5878100e-01  -2.4181600e+05
   6.9086500e+00  -1.0737500e+00   6.0297900e+00   2.8765600e+00   5.2573800e+00   5.5784500e-01  -2.4181500e+05
   6.9087500e+00  -1.0724600e+00   6.0297900e+00   2.8764300e+00   5.2576200e+00   5.5819500e-01  -2.4181300e+05
   6.9089400e+00  -1.0723700e+00   6.0297600e+00   2.8775900e+00   5.2569700e+00   5.5763600e-01  -2.4181300e+05
   6.9092000e+00  -1.0716300e+00   6.0295600e+00   2.8781600e+00   5.2565500e+00   5.5783300e-01  -2.4181700e+05
   6.9087900e+00  -1.0726500e+00   6.0296500e+00   2.8779800e+00   5.2573000e+00   5.5805000e-01  -2.4181300e+05
   6.9091600e+00  -1.0695900e+00   6.0298200e+00   2.8780700e+00   5.2567400e+00   5.5739400e-01  -2.4181500e+05
   6.9088200e+00  -1.0708500e+00   6.0297500e+00   2.8759200e+00   5.2570900e+00   5.5711300e-01  -2.4181300e+05
   6.9094800e+00  -1.0728800e+00   6.0296900e+00   2.8768100e+00   5.2561000e+00   5.5653800e-01  -2.4181300e+05
   6.9092000e+00  -1.0724500e+00   6.0298900e+00   2.8764200e+00   5.2567100e+00   5.5652400e-01  -2.4181600e+05
   6.9096500e+00  -1.0734300e+00   6.0298300e+00   2.8768800e+00   5.2558400e+00   5.5677800e-01  -2.4181800e+05
   6.9093700e+00  -1.0763800e+00   6.0296900e+00   2.8758400e+00   5.2571500e+00   5.5698600e-01  -2.4181500e+05
   6.9094100e+00  -1.0805200e+00   6.0297200e+00   2.8758500e+00   5.2568600e+00   5.5755900e-01  -2.4181500e+05
   6.9089200e+00  -1.0799300e+00   6.0295900e+00   2.8756800e+00   5.2576700e+00   5.5855100e-01  -2.4181300e+05
   6.9088300e+00  -1.0813100e+00   6.0297500e+00   2.8765400e+00   5.2579400e+00   5.5848300e-01  -2.4181500e+05
   6.9088700e+00  -1.0794200e+00   6.0297400e+00   2.8757600e+00   5.2579200e+00   5.5840600e-01  -2.4181200e+05
   6.9093600e+00  -1.0762100e+00   6.0297300e+00   2.8758200e+00   5.2566900e+00   5.5759800e-01  -2.4181300e+05
   6.9092400e+00  -1.0787800e+00   6.0295900e+00   2.8765000e+00   5.2573000e+00   5.5747700e-01  -2.4181500e+05
   6.9093900e+00  -1.0788300e+00   6.0295600e+00   2.8771800e+00   5.2572800e+00   5.5776700e-01  -2.4181700e+05
   6.9086700e+00  -1.0772500e+00   6.0296200e+00   2.8774400e+00   5.2580700e+00   5.5893400e-01  -2.4181400e+05
   6.9084300e+00  -1.0735600e+00   6.0297000e+00   2.8773000e+00   5.2579200e+00   5.5825900e-01  -2.4181400e+05
   6.9094000e+00  -1.0727700e+00   6.0297200e+00   2.8779900e+00   5.2564500e+00   5.5701100e-01  -2.4181300e+05
   6.9089600e+00  -1.0766200e+00   6.0295500e+00   2.8781000e+00   5.2569300e+00   5.5741700e-01  -2.4181600e+05
   6.9090500e+00  -1.0775300e+00   6.0297100e+00   2.8763700e+00   5.2574400e+00   5.5774600e-01  -2.4181200e+05
   6.9091900e+00  -1.0744300e+00   6.0297900e+00   2.8760600e+00   5.2571900e+00   5.5710300e-01  -2.4181300e+05
   6.9095700e+00  -1.0727000e+00   6.0297100e+00   2.8772400e+00   5.2563500e+00   5.5657900e-01  -2.4181300e+05
   6.9090600e+00  -1.0737700e+00   6.0297000e+00   2.8766500e+00   5.2569000e+00   5.5735900e-01  -2.4181200e+05
   6.9095900e+00  -1.0732700e+00   6.0297200e+00   2.8777900e+00   5.2562000e+00   5.5713900e-01  -2.4181400e+05
   6.9088500e+00  -1.0718800e+00   6.0298000e+00   2.8782400e+00   5.2576100e+00   5.5779200e-01  -2.4181600e+05
   6.9089200e+00  -1.0734000e+00   6.0296000e+00   2.8794500e+00   5.2568900e+00   5.5796100e-01  -2.4181700e+05
   6.9091400e+00  -1.0688800e+00   6.0296700e+00   2.8786700e+00   5.2566700e+00   5.5746600e-01  -2.4181500e+05
   6.9090300e+00  -1.0699300e+00   6.0297000e+00   2.8774400e+00   5.2568600e+00   5.5747300e-01  -2.4181300e+05
   6.9086200e+00  -1.0695500e+00   6.0297500e+00   2.8777800e+00   5.2576300e+00   5.5736500e-01  -2.4181500e+05
   6.9091200e+00  -1.0712500e+00   6.0298500e+00   2.8764800e+00   5.2571500e+00   5.5782200e-01  -2.4181500e+05
   6.9091500e+00  -1.0747900e+00   6.0297300e+00   2.8780200e+00   5.2571200e+00   5.5737600e-01  -2.4181400e+05
   6.9091300e+00  -1.0769000e+00   6.0296500e+00   2.8769600e+00   5.2571300e+00   5.5764800e-01  -2.4181200e+05
   6.9088700e+00  -1.0782600e+00   6.0296700e+00   2.8755200e+00   5.2579900e+00   5.5794000e-01  -2.4181400e+05
   6.9089200e+00  -1.0781900e+00   6.0297300e+00   2.8763600e+00   5.2579100e+00   5.5874600e-01  -2.4181300e+05
   6.9087100e+00  -1.0822800e+00   6.0296000e+00   2.8765700e+00   5.2582300e+00   5.5864300e-01  -2.4181400e+05
   6.9086600e+00  -1.0827000e+00   6.0295800e+00   2.8766500e+00   5.2580900e+00   5.5925900e-01  -2.4181300e+05
   6.9081900e+00  -1.0808700e+00   6.0295400e+00   2.8760100e+00   5.2588100e+00   5.5975100e-01  -2.4181600e+05
   6.9077400e+00  -1.0789900e+00   6.0297300e+00   2.8757000e+00   5.2596900e+00   5.6010800e-01  -2.4181700e+05
   6.9087900e+00  -1.0814800e+00   6.0296000e+00   2.8750700e+00   5.2579400e+00   5.5919700e-01  -2.4181400e+05
   6.9088700e+00  -1.0839500e+00   6.0297200e+00   2.8756900e+00   5.2580200e+00   5.5906700e-01  -2.4181500e+05
   6.9085600e+00  -1.0855900e+00   6.0296800e+00   2.8770700e+00   5.2586100e+00   5.5917200e-01  -2.4181800e+05
   6.9084000e+00  -1.0853500e+00   6.0296600e+00   2.8765500e+00   5.2590500e+00   5.5976700e-01  -2.4181500e+05
   6.9087900e+00  -1.0826900e+00   6.0295200e+00   2.8775800e+00   5.2581000e+00   5.5921500e-01  -2.4181500e+05
   6.9082300e+00  -1.0837300e+00   6.0296700e+00   2.8774600e+00   5.2589000e+00   5.5982800e-01  -2.4181800e+05
   6.9089500e+00  -1.0805100e+00   6.0296100e+00   2.8763100e+00   5.2578400e+00   5.5894500e-01  -2.4181300e+05
   6.9092200e+00  -1.0763000e+00   6.0296100e+00   2.8754400e+00   5.2570200e+00   5.5795200e-01  -2.4181500e+05
   6.9088900e+00  -1.0781300e+00   6.0297200e+00   2.8750600e+00   5.2576800e+00   5.5813300e-01  -2.4181200e+05
   6.9083800e+00  -1.0755600e+00   6.0298100e+00   2.8739900e+00   5.2582900e+00   5.5826200e-01  -2.4181500e+05
   6.9085400e+00  -1.0769200e+00   6.0299300e+00   2.8739500e+00   5.2585200e+00   5.5898500e-01  -2.4181700e+05
   6.9084500e+00  -1.0767800e+00   6.0298900e+00   2.8737700e+00   5.2584700e+00   5.5927700e-01  -2.4181800e+05
   6.9087400e+00  -1.0745600e+00   6.0298800e+00   2.8742000e+00   5.2580100e+00   5.5873100e-01  -2.4181700e+05
   6.9088000e+00  -1.0755400e+00   6.0297000e+00   2.8754200e+00   5.2578600e+00   5.5847900e-01  -2.4181300e+05
   6.9092200e+00  -1.0748700e+00   6.0297900e+00   2.8762700e+00   5.2569400e+00   5.5760600e-01  -2.4181300e+05
   6.9092100e+00  -1.0754500e+00   6.0296700e+00   2.8774300e+00   5.2566600e+00   5.5758700e-01  -2.4181300e+05
   6.9092700e+00  -1.0786100e+00   6.0295600e+00   2.8781500e+00   5.2570100e+00   5.5811100e-01  -2.4181500e+05
   6.9087700e+00  -1.0768800e+00   6.0295500e+00   2.8774700e+00   5.2576900e+00   5.5817600e-01  -2.4181500e+05
   6.9090300e+00  -1.0779300e+00   6.0296100e+00   2.8769900e+00   5.2576100e+00   5.5840100e-01  -2.4181300e+05
   6.9088400e+00  -1.0781600e+00   6.0298500e+00   2.8769500e+00   5.2584300e+00   5.5881400e-01  -2.4182000e+05
   6.9084600e+00  -1.0775400e+00   6.0296700e+00   2.8760400e+00   5.2583600e+00   5.5858000e-01  -2.4181300e+05
   6.9084600e+00  -1.0763400e+00   6.0297000e+00   2.8765100e+00   5.2583400e+00   5.5843500e-01  -2.4181300e+05
   6.9094200e+00  -1.0756200e+00   6.0296700e+00   2.8763400e+00   5.2567600e+00   5.5744100e-01  -2.4181300e+05
   6.9097300e+00  -1.0776500e+00   6.0297100e+00   2.8765600e+00   5.2564400e+00   5.5736700e-01  -2.4181500e+05
   6.9093600e+00  -1.0732900e+00   6.0297400e+00   2.8766500e+00   5.2564700e+00   5.5728200e-01  -2.4181200e+05
   6.9089700e+00  -1.0726000e+00   6.0299000e+00   2.8748700e+00   5.2574700e+00   5.5809100e-01  -2.4181600e+05
   6.9087900e+00  -1.0747000e+00   6.0297500e+00   2.8765700e+00   5.2575500e+00   5.5794900e-01  -2.4181200e+05
   6.9085600e+00  -1.0753600e+00   6.0297800e+00   2.8761900e+00   5.2581300e+00   5.5817500e-01  -2.4181300e+05
   6.9083800e+00  -1.0746900e+00   6.0297500e+00   2.8746500e+00   5.2584200e+00   5.5868500e-01  -2.4181500e+05
   6.9087700e+00  -1.0764900e+00   6.0297600e+00   2.8748800e+00   5.2580600e+00   5.5873300e-01  -2.4181400e+05
   6.9090000e+00  -1.0739200e+00   6.0297300e+00   2.8757900e+00   5.2572900e+00   5.5821800e-01  -2.4181300e+05
   6.9088300e+00  -1.0751300e+00   6.0298000e+00   2.8758300e+00   5.2577100e+00   5.5805700e-01  -2.4181200e+05
   6.9084300e+00  -1.0767500e+00   6.0297700e+00   2.8765400e+00   5.2583000e+00   5.5847800e-01  -2.4181400e+05
   6.9088100e+00  -1.0779200e+00   6.0297900e+00   2.8750100e+00   5.2578600e+00   5.5845400e-01  -2.4181300e+05
   6.9089500e+00  -1.0817200e+00   6.0297600e+00   2.8742400e+00   5.2583800e+00   5.5903100e-01  -2.4181600e+05
   6.9085200e+00  -1.0797000e+00   6.0298300e+00   2.8751500e+00   5.2583600e+00   5.5916400e-01  -2.4181500e+05
   6.9084700e+00  -1.0803500e+00   6.0297700e+00   2.8757000e+00   5.2584500e+00   5.5892800e-01  -2.4181400e+05
   6.9083100e+00  -1.0770900e+00   6.0297200e+00   2.8764400e+00   5.2583900e+00   5.5867500e-01  -2.4181400e+05
   6.9088300e+00  -1.0755600e+00   6.0296800e+00   2.8750800e+00   5.2574300e+00   5.5801900e-01  -2.4181300e+05
   6.9089600e+00  -1.0765300e+00   6.0298400e+00   2.8758800e+00   5.2579200e+00   5.5826900e-01  -2.4181500e+05
   6.9085300e+00  -1.0762600e+00   6.0296400e+00   2.8763300e+00   5.2577800e+00   5.5852500e-01  -2.4181300e+05
   6.9083300e+00  -1.0739300e+00   6.0297200e+00   2.8764400e+00   5.2580700e+00   5.5874000e-01  -2.4181400e+05
   6.9085300e+00  -1.0755000e+00   6.0297100e+00   2.8769000e+00   5.2582400e+00   5.5851700e-01  -2.4181300e+05
   6.9084300e+00  -1.0772200e+00   6.0298200e+00   2.8765800e+00   5.2587900e+00   5.5885100e-01  -2.4181600e+05
   6.9090600e+00  -1.0758300e+00   6.0297700e+00   2.8765100e+00   5.2574100e+00   5.5849700e-01  -2.4181400e+05
   6.9092400e+00  -1.0743000e+00   6.0297800e+00   2.8765700e+00   5.2569900e+00   5.5747000e-01  -2.4181200e+05
   6.9081800e+00  -1.0741300e+00   6.0298700e+00   2.8762900e+00   5.2587700e+00   5.5879700e-01  -2.4181600e+05
   6.9089900e+00  -1.0734200e+00   6.0297400e+00   2.8760800e+00   5.2572800e+00   5.5795600e-01  -2.4181200e+05
   6.9089000e+00  -1.0728800e+00   6.0296800e+00   2.8766700e+00   5.2570200e+00   5.5737800e-01  -2.4181200e+05
   6.9090600e+00  -1.0733200e+00   6.0297100e+00   2.8757200e+00   5.2570400e+00   5.5737700e-01  -2.4181200e+05
   6.9094200e+00  -1.0749100e+00   6.0297100e+00   2.8746800e+00   5.2570800e+00   5.5742300e-01  -2.4181700e+05
   6.9087600e+00  -1.0757600e+00   6.0298200e+00   2.8748900e+00   5.2576800e+00   5.5796400e-01  -2.4181300e+05
   6.9087600e+00  -1.0747300e+00   6.0297900e+00   2.8758200e+00   5.2575400e+00   5.5748700e-01  -2.4181300e+05
   6.9089600e+00  -1.0740200e+00   6.0298500e+00   2.8756500e+00   5.2573500e+00   5.5780500e-01  -2.4181300e+05
   6.9083000e+00  -1.0738100e+00   6.0296700e+00   2.8753100e+00   5.2580200e+00   5.5862700e-01  -2.4181600e+05
   6.9084000e+00  -1.0718800e+00   6.0296700e+00   2.8756100e+00   5.2583900e+00   5.5857600e-01  -2.4181900e+05
   6.9087800e+00  -1.0719600e+00   6.0297000e+00   2.8760400e+00   5.2572400e+00   5.5719000e-01  -2.4181300e+05
   6.9092800e+00  -1.0745600e+00   6.0297000e+00   2.8765600e+00   5.2565800e+00   5.5720500e-01  -2.4181200e+05
   6.9091900e+00  -1.0771400e+00   6.0296500e+00   2.8761400e+00   5.2571900e+00   5.5801400e-01  -2.4181200e+05
   6.9093600e+00  -1.0801000e+00   6.0296400e+00   2.8752200e+00   5.2570700e+00   5.5787100e-01  -2.4181400e+05
   6.9087200e+00  -1.0781100e+00   6.0296800e+00   2.8747700e+00   5.2576700e+00   5.5833000e-01  -2.4181400e+05
   6.9084700e+00  -1.0778500e+00   6.0296700e+00   2.8755800e+00   5.2584100e+00   5.5859200e-01  -2.4181300e+05
   6.9090800e+00  -1.0762300e+00   6.0297100e+00   2.8760000e+00   5.2574500e+00   5.5852800e-01  -2.4181400e+05
   6.9088900e+00  -1.0773600e+00   6.0297200e+00   2.8762100e+00   5.2580100e+00   5.5864000e-01  -2.4181300e+05
   6.9091600e+00  -1.0751900e+00   6.0298100e+00   2.8750600e+00   5.2570500e+00   5.5766200e-01  -2.4181300e+05
   6.9091100e+00  -1.0743300e+00   6.0296700e+00   2.8755900e+00   5.2570700e+00   5.5693400e-01  -2.4181400e+05
   6.9088900e+00  -1.0746000e+00   6.0296800e+00   2.8756100e+00   5.2573800e+00   5.5742700e-01  -2.4181300e+05
   6.9091700e+00  -1.0748000e+00   6.0296500e+00   2.8767600e+00   5.2565800e+00   5.5739900e-01  -2.4181300e+05
   6.9089800e+00  -1.0748500e+00   6.0296800e+00   2.8772900e+00   5.2572500e+00   5.5764100e-01  -2.4181200e+05
   6.9091100e+00  -1.0737800e+00   6.0297000e+00   2.8779500e+00   5.2570600e+00   5.5759400e-01  -2.4181300e+05
   6.9092900e+00  -1.0745100e+00   6.0297300e+00   2.8770600e+00   5.2570200e+00   5.5737100e-01  -2.4181300e+05
   6.9092800e+00  -1.0752100e+00   6.0297400e+00   2.8760300e+00   5.2570400e+00   5.5728300e-01  -2.4181200e+05
   6.9086200e+00  -1.0750400e+00   6.0297700e+00   2.8757100e+00   5.2577700e+00   5.5752700e-01  -2.4181400e+05
   6.9091800e+00  -1.0771900e+00   6.0296600e+00   2.8757200e+00   5.2568600e+00   5.5751300e-01  -2.4181300e+05
   6.9092300e+00  -1.0794200e+00   6.0296800e+00   2.8759400e+00   5.2570300e+00   5.5805700e-01  -2.4181300e+05
   6.9088200e+00  -1.0780600e+00   6.0296900e+00   2.8771000e+00   5.2576900e+00   5.5850400e-01  -2.4181200e+05
   6.9087500e+00  -1.0805400e+00   6.0295200e+00   2.8765300e+00   5.2576900e+00   5.5859400e-01  -2.4181400e+05
   6.9088000e+00  -1.0824900e+00   6.0294600e+00   2.8764800e+00   5.2580100e+00   5.5872000e-01  -2.4181600e+05
   6.9084900e+00  -1.0822100e+00   6.0295700e+00   2.8758100e+00   5.2587000e+00   5.5951500e-01  -2.4181400e+05
   6.9083600e+00  -1.0838200e+00   6.0296400e+00   2.8754300e+00   5.2587700e+00   5.5980100e-01  -2.4181300e+05
   6.9084200e+00  -1.0827800e+00   6.0296300e+00   2.8753500e+00   5.2582800e+00   5.5978500e-01  -2.4181700e+05
   6.9080400e+00  -1.0827800e+00   6.0296400e+00   2.8751000e+00   5.2589200e+00   5.5909700e-01  -2.4181800e+05
   6.9081900e+00  -1.0828600e+00   6.0295800e+00   2.8754100e+00   5.2588700e+00   5.5918300e-01  -2.4181600e+05
   6.9084300e+00  -1.0827100e+00   6.0295600e+00   2.8756100e+00   5.2585900e+00   5.5905900e-01  -2.4181400e+05
   6.9088200e+00  -1.0811800e+00   6.0295900e+00   2.8761800e+00   5.2579700e+00   5.5926300e-01  -2.4181400e+05
   6.9086700e+00  -1.0826900e+00   6.0296500e+00   2.8756200e+00   5.2582600e+00   5.5899800e-01  -2.4181200e+05
   6.9083200e+00  -1.0804300e+00   6.0295100e+00   2.8758600e+00   5.2587600e+00   5.5935800e-01  -2.4181700e+05
   6.9082100e+00  -1.0806000e+00   6.0296900e+00   2.8754600e+00   5.2592000e+00   5.5922200e-01  -2.4181500e+05
   6.9091000e+00  -1.0803500e+00   6.0297200e+00   2.8755500e+00   5.2574200e+00   5.5785400e-01  -2.4181300e+05
   6.9089600e+00  -1.0785400e+00   6.0297300e+00   2.8754500e+00   5.2579300e+00   5.5757000e-01  -2.4181500e+05
   6.9091100e+00  -1.0788600e+00   6.0297200e+00   2.8759000e+00   5.2576500e+00   5.5811600e-01  -2.4181300e+05
   6.9088100e+00  -1.0779400e+00   6.0297000e+00   2.8759100e+00   5.2579200e+00   5.5841700e-01  -2.4181200e+05
   6.9089900e+00  -1.0757300e+00   6.0297800e+00   2.8745300e+00   5.2577800e+00   5.5782600e-01  -2.4181400e+05
   6.9095700e+00  -1.0788800e+00   6.0297600e+00   2.8751600e+00   5.2565200e+00   5.5745000e-01  -2.4181600e+05
   6.9093900e+00  -1.0775700e+00   6.0297100e+00   2.8742000e+00   5.2570100e+00   5.5736900e-01  -2.4181500e+05
   6.9089900e+00  -1.0793700e+00   6.0297000e+00   2.8757000e+00   5.2576800e+00   5.5813200e-01  -2.4181200e+05
   6.9089300e+00  -1.0782900e+00   6.0297200e+00   2.8759200e+00   5.2578200e+00   5.5833200e-01  -2.4181200e+05
   6.9087200e+00  -1.0782600e+00   6.0298200e+00   2.8760700e+00   5.2582100e+00   5.5909600e-01  -2.4181500e+05
   6.9080200e+00  -1.0782700e+00   6.0295500e+00   2.8756900e+00   5.2588300e+00   5.5950200e-01  -2.4181900e+05
   6.9084400e+00  -1.0788000e+00   6.0296700e+00   2.8755100e+00   5.2585200e+00   5.5942300e-01  -2.4181300e+05
   6.9089500e+00  -1.0819000e+00   6.0295100e+00   2.8767800e+00   5.2577200e+00   5.5890600e-01  -2.4181400e+05
   6.9089800e+00  -1.0814700e+00   6.0296300e+00   2.8765500e+00   5.2574600e+00   5.5779700e-01  -2.4181500e+05
   6.9089800e+00  -1.0790400e+00   6.0296500e+00   2.8763600e+00   5.2576500e+00   5.5827300e-01  -2.4181200e+05
   6.9095500e+00  -1.0793300e+00   6.0295300e+00   2.8773600e+00   5.2566400e+00   5.5729600e-01  -2.4181600e+05
   6.9092300e+00  -1.0792000e+00   6.0296900e+00   2.8762900e+00   5.2571900e+00   5.5739000e-01  -2.4181400e+05
   6.9088300e+00  -1.0779500e+00   6.0297300e+00   2.8769100e+00   5.2580500e+00   5.5842500e-01  -2.4181400e+05
   6.9091600e+00  -1.0765500e+00   6.0297500e+00   2.8774500e+00   5.2569800e+00   5.5801600e-01  -2.4181500e+05
   6.9090000e+00  -1.0773400e+00   6.0295700e+00   2.8769800e+00   5.2574000e+00   5.5769000e-01  -2.4181400e+05
   6.9088800e+00  -1.0758500e+00   6.0297100e+00   2.8760000e+00   5.2575800e+00   5.5791300e-01  -2.4181100e+05
   6.9092700e+00  -1.0725900e+00   6.0296800e+00   2.8772200e+00   5.2563300e+00   5.5733800e-01  -2.4181300e+05
   6.9089900e+00  -1.0728500e+00   6.0298700e+00   2.8760700e+00   5.2572100e+00   5.5732500e-01  -2.4181300e+05
   6.9092500e+00  -1.0757800e+00   6.0297900e+00   2.8767300e+00   5.2573000e+00   5.5720700e-01  -2.4181500e+05
   6.9092100e+00  -1.0758800e+00   6.0296300e+00   2.8760300e+00   5.2569700e+00   5.5745300e-01  -2.4181200e+05
   6.9097400e+00  -1.0730900e+00   6.0297400e+00   2.8766500e+00   5.2559400e+00   5.5661100e-01  -2.4181400e+05
   6.9088300e+00  -1.0724200e+00   6.0296600e+00   2.8773300e+00   5.2570100e+00   5.5826900e-01  -2.4181500e+05
   6.9083100e+00  -1.0729000e+00   6.0297500e+00   2.8769300e+00   5.2580200e+00   5.5887500e-01  -2.4181500e+05
   6.9086000e+00  -1.0750200e+00   6.0298400e+00   2.8752400e+00   5.2579500e+00   5.5834500e-01  -2.4181300e+05
   6.9085100e+00  -1.0752600e+00   6.0297400e+00   2.8749400e+00   5.2584000e+00   5.5885900e-01  -2.4181400e+05
   6.9088800e+00  -1.0748600e+00   6.0297400e+00   2.8760400e+00   5.2578300e+00   5.5784900e-01  -2.4181300e+05
   6.9092500e+00  -1.0747300e+00   6.0296500e+00   2.8756000e+00   5.2570000e+00   5.5712000e-01  -2.4181400e+05
   6.9095300e+00  -1.0745300e+00   6.0298100e+00   2.8756600e+00   5.2567600e+00   5.5765200e-01  -2.4181600e+05
   6.9089000e+00  -1.0740000e+00   6.0297400e+00   2.8756400e+00   5.2573200e+00   5.5743100e-01  -2.4181200e+05
   6.9088800e+00  -1.0722800e+00   6.0298400e+00   2.8745500e+00   5.2575000e+00   5.5794200e-01  -2.4181400e+05
   6.9087600e+00  -1.0758300e+00   6.0299500e+00   2.8729300e+00   5.2580700e+00   5.5775500e-01  -2.4181900e+05
   6.9090200e+00  -1.0748500e+00   6.0297900e+00   2.8740300e+00   5.2573400e+00   5.5780400e-01  -2.4181400e+05
   6.9091800e+00  -1.0761500e+00   6.0297500e+00   2.8742400e+00   5.2579700e+00   5.5766400e-01  -2.4182100e+05
   6.9086900e+00  -1.0756300e+00   6.0298000e+00   2.8735400e+00   5.2577600e+00   5.5801500e-01  -2.4181600e+05
   6.9084500e+00  -1.0758100e+00   6.0298200e+00   2.8735900e+00   5.2584600e+00   5.5823000e-01  -2.4181600e+05
   6.9087400e+00  -1.0779000e+00   6.0296800e+00   2.8743900e+00   5.2579300e+00   5.5791200e-01  -2.4181400e+05
   6.9094700e+00  -1.0772300e+00   6.0296700e+00   2.8739400e+00   5.2568200e+00   5.5783700e-01  -2.4181900e+05
   6.9084600e+00  -1.0796100e+00   6.0297800e+00   2.8755600e+00   5.2579400e+00   5.5818600e-01  -2.4181900e+05
   6.9089300e+00  -1.0789600e+00   6.0296700e+00   2.8759200e+00   5.2578500e+00   5.5836800e-01  -2.4181200e+05
   6.9087700e+00  -1.0793200e+00   6.0297300e+00   2.8749700e+00   5.2579900e+00   5.5774400e-01  -2.4181400e+05
   6.9090900e+00  -1.0775700e+00   6.0297400e+00   2.8756100e+00   5.2571900e+00   5.5809000e-01  -2.4181300e+05
   6.9086700e+00  -1.0777500e+00   6.0297100e+00   2.8763200e+00   5.2581100e+00   5.5836600e-01  -2.4181200e+05
   6.9093200e+00  -1.0784000e+00   6.0297400e+00   2.8759700e+00   5.2572300e+00   5.5775900e-01  -2.4181300e+05
   6.9092100e+00  -1.0794800e+00   6.0296300e+00   2.8752700e+00   5.2571000e+00   5.5779200e-01  -2.4181300e+05
   6.9087900e+00  -1.0786100e+00   6.0297000e+00   2.8754900e+00   5.2582300e+00   5.5836200e-01  -2.4181300e+05
   6.9086200e+00  -1.0767400e+00   6.0297500e+00   2.8760300e+00   5.2579400e+00   5.5872800e-01  -2.4181300e+05
   6.9088600e+00  -1.0777100e+00   6.0297300e+00   2.8755500e+00   5.2576300e+00   5.5799400e-01  -2.4181200e+05
   6.9082900e+00  -1.0775800e+00   6.0298800e+00   2.8744100e+00   5.2588000e+00   5.5874700e-01  -2.4181600e+05
   6.9086700e+00  -1.0786600e+00   6.0297500e+00   2.8744100e+00   5.2580000e+00   5.5859800e-01  -2.4181300e+05
   6.9086200e+00  -1.0788400e+00   6.0297300e+00   2.8743600e+00   5.2578900e+00   5.5848700e-01  -2.4181400e+05
   6.9090400e+00  -1.0787700e+00   6.0297000e+00   2.8753700e+00   5.2575300e+00   5.5827400e-01  -2.4181200e+05
   6.9088700e+00  -1.0776800e+00   6.0296300e+00   2.8752400e+00   5.2578500e+00   5.5825900e-01  -2.4181400e+05
   6.9088800e+00  -1.0800800e+00   6.0296200e+00   2.8749700e+00   5.2578400e+00   5.5861400e-01  -2.4181300e+05
   6.9088500e+00  -1.0791900e+00   6.0297300e+00   2.8741300e+00   5.2576500e+00   5.5803300e-01  -2.4181400e+05
   6.9087100e+00  -1.0797800e+00   6.0296500e+00   2.8738700e+00   5.2580900e+00   5.5839500e-01  -2.4181500e+05
   6.9092400e+00  -1.0792800e+00   6.0298400e+00   2.8741600e+00   5.2574000e+00   5.5802900e-01  -2.4181600e+05
   6.9090900e+00  -1.0809000e+00   6.0296800e+00   2.8741800e+00   5.2573100e+00   5.5799300e-01  -2.4181500e+05
   6.9088600e+00  -1.0777100e+00   6.0297200e+00   2.8748900e+00   5.2578700e+00   5.5808300e-01  -2.4181200e+05
   6.9086200e+00  -1.0787000e+00   6.0297500e+00   2.8741100e+00   5.2581800e+00   5.5872800e-01  -2.4181300e+05
   6.9089400e+00  -1.0784500e+00   6.0297900e+00   2.8751000e+00   5.2574200e+00   5.5842200e-01  -2.4181500e+05
   6.9088100e+00  -1.0783200e+00   6.0297400e+00   2.8741700e+00   5.2577500e+00   5.5848400e-01  -2.4181400e+05
   6.9090300e+00  -1.0779700e+00   6.0296900e+00   2.8749300e+00   5.2574300e+00   5.5769700e-01  -2.4181300e+05
   6.9095100e+00  -1.0787500e+00   6.0295200e+00   2.8757700e+00   5.2568700e+00   5.5772400e-01  -2.4181800e+05
   6.9092500e+00  -1.0793700e+00   6.0296900e+00   2.8755700e+00   5.2571000e+00   5.5799500e-01  -2.4181300e+05
   6.9086900e+00  -1.0790100e+00   6.0296500e+00   2.8767200e+00   5.2579100e+00   5.5812000e-01  -2.4181300e+05
   6.9088200e+00  -1.0791100e+00   6.0296700e+00   2.8771100e+00   5.2577800e+00   5.5870900e-01  -2.4181300e+05
   6.9088200e+00  -1.0802700e+00   6.0297000e+00   2.8766500e+00   5.2578400e+00   5.5854400e-01  -2.4181300e+05
   6.9087400e+00  -1.0795100e+00   6.0296900e+00   2.8754200e+00   5.2582700e+00   5.5874400e-01  -2.4181200e+05
   6.9087300e+00  -1.0803600e+00   6.0297800e+00   2.8740500e+00   5.2585000e+00   5.5900300e-01  -2.4181400e+05
   6.9088100e+00  -1.0811300e+00   6.0296800e+00   2.8742300e+00   5.2579600e+00   5.5863800e-01  -2.4181300e+05
   6.9085200e+00  -1.0835600e+00   6.0297600e+00   2.8740200e+00   5.2587200e+00   5.5921400e-01  -2.4181400e+05
   6.9089200e+00  -1.0834600e+00   6.0295500e+00   2.8747200e+00   5.2577700e+00   5.5898900e-01  -2.4181600e+05
   6.9083700e+00  -1.0835500e+00   6.0296400e+00   2.8756400e+00   5.2586300e+00   5.5888500e-01  -2.4181500e+05
   6.9083400e+00  -1.0811900e+00   6.0296700e+00   2.8750800e+00   5.2588300e+00   5.5915500e-01  -2.4181300e+05
   6.9083400e+00  -1.0799800e+00   6.0296200e+00   2.8759200e+00   5.2584900e+00   5.5933200e-01  -2.4181400e+05
   6.9084500e+00  -1.0795300e+00   6.0297600e+00   2.8752800e+00   5.2583200e+00   5.5934100e-01  -2.4181500e+05
   6.9084300e+00  -1.0782200e+00   6.0297200e+00   2.8766800e+00   5.2584100e+00   5.5914500e-01  -2.4181300e+05
   6.9089800e+00  -1.0763900e+00   6.0296400e+00   2.8748400e+00   5.2573900e+00   5.5781400e-01  -2.4181400e+05
   6.9094100e+00  -1.0757500e+00   6.0298300e+00   2.8748800e+00   5.2570500e+00   5.5736700e-01  -2.4181500e+05
   6.9088000e+00  -1.0751400e+00   6.0298000e+00   2.8773600e+00   5.2576800e+00   5.5867800e-01  -2.4181500e+05
   6.9082700e+00  -1.0801000e+00   6.0296700e+00   2.8761800e+00   5.2589500e+00   5.5920300e-01  -2.4181400e+05
   6.9085400e+00  -1.0798400e+00   6.0297600e+00   2.8767500e+00   5.2584600e+00   5.5940100e-01  -2.4181500e+05
   6.9082000e+00  -1.0823200e+00   6.0295300e+00   2.8776300e+00   5.2590700e+00   5.5985000e-01  -2.4181700e+05
   6.9086400e+00  -1.0815500e+00   6.0297600e+00   2.8755200e+00   5.2584200e+00   5.5907600e-01  -2.4181300e+05
   6.9087400e+00  -1.0815900e+00   6.0297800e+00   2.8769300e+00   5.2580600e+00   5.5872300e-01  -2.4181800e+05
   6.9091700e+00  -1.0830500e+00   6.0295300e+00   2.8776000e+00   5.2573600e+00   5.5833300e-01  -2.4181500e+05
   6.9090500e+00  -1.0820300e+00   6.0294800e+00   2.8766300e+00   5.2572800e+00   5.5838700e-01  -2.4181600e+05
   6.9083500e+00  -1.0798100e+00   6.0297100e+00   2.8755100e+00   5.2588800e+00   5.5953900e-01  -2.4181300e+05
   6.9084300e+00  -1.0812200e+00   6.0297200e+00   2.8752800e+00   5.2583100e+00   5.5929500e-01  -2.4181500e+05
   6.9089400e+00  -1.0814000e+00   6.0295200e+00   2.8763300e+00   5.2575500e+00   5.5854900e-01  -2.4181400e+05
   6.9084600e+00  -1.0822800e+00   6.0297400e+00   2.8757900e+00   5.2583400e+00   5.5869700e-01  -2.4181600e+05
   6.9092300e+00  -1.0821400e+00   6.0296600e+00   2.8753100e+00   5.2577500e+00   5.5878100e-01  -2.4181500e+05
   6.9088000e+00  -1.0817400e+00   6.0296700e+00   2.8758000e+00   5.2581500e+00   5.5887500e-01  -2.4181200e+05
   6.9084900e+00  -1.0812000e+00   6.0296500e+00   2.8752700e+00   5.2587100e+00   5.5890200e-01  -2.4181400e+05
   6.9085800e+00  -1.0811600e+00   6.0296900e+00   2.8753000e+00   5.2583300e+00   5.5934800e-01  -2.4181300e+05
   6.9079800e+00  -1.0806800e+00   6.0295600e+00   2.8756900e+00   5.2588700e+00   5.5962300e-01  -2.4181800e+05
   6.9085700e+00  -1.0811100e+00   6.0296400e+00   2.8757300e+00   5.2582200e+00   5.5900400e-01  -2.4181200e+05
   6.9089700e+00  -1.0809200e+00   6.0296700e+00   2.8759600e+00   5.2578900e+00   5.5840100e-01  -2.4181200e+05
   6.9091300e+00  -1.0790700e+00   6.0297700e+00   2.8761400e+00   5.2576400e+00   5.5831000e-01  -2.4181400e+05
   6.9087800e+00  -1.0830200e+00   6.0297900e+00   2.8749500e+00   5.2583900e+00   5.5878300e-01  -2.4181500e+05
   6.9084900e+00  -1.0834800e+00   6.0296600e+00   2.8747600e+00   5.2588300e+00   5.5903700e-01  -2.4181400e+05
   6.9082600e+00  -1.0838400e+00   6.0297300e+00   2.8743100e+00   5.2594100e+00   5.5939100e-01  -2.4181500e+05
   6.9084000e+00  -1.0835500e+00   6.0297800e+00   2.8744300e+00   5.2592800e+00   5.5946100e-01  -2.4181500e+05
   6.9082700e+00  -1.0836300e+00   6.0296600e+00   2.8751000e+00   5.2590900e+00   5.5998200e-01  -2.4181300e+05
   6.9082300e+00  -1.0814400e+00   6.0297500e+00   2.8755200e+00   5.2590700e+00   5.5973600e-01  -2.4181400e+05
   6.9084200e+00  -1.0793800e+00   6.0297200e+00   2.8746500e+00   5.2587900e+00   5.5975800e-01  -2.4181500e+05
   6.9081800e+00  -1.0786600e+00   6.0295900e+00   2.8751800e+00   5.2587500e+00   5.5973900e-01  -2.4181700e+05
   6.9085100e+00  -1.0777700e+00   6.0296200e+00   2.8750000e+00   5.2580700e+00   5.5850500e-01  -2.4181500e+05
   6.9086700e+00  -1.0785800e+00   6.0296900e+00   2.8746700e+00   5.2583400e+00   5.5883200e-01  -2.4181400e+05
   6.9081900e+00  -1.0803000e+00   6.0297200e+00   2.8748000e+00   5.2590000e+00   5.5942400e-01  -2.4181400e+05
   6.9087300e+00  -1.0831400e+00   6.0295500e+00   2.8737700e+00   5.2582400e+00   5.5916700e-01  -2.4181800e+05
   6.9079500e+00  -1.0824400e+00   6.0296100e+00   2.8750900e+00   5.2596300e+00   5.5990500e-01  -2.4181700e+05
   6.9085400e+00  -1.0819000e+00   6.0297400e+00   2.8748900e+00   5.2587800e+00   5.5901100e-01  -2.4181300e+05
   6.9089400e+00  -1.0799300e+00   6.0297200e+00   2.8746100e+00   5.2576200e+00   5.5815800e-01  -2.4181300e+05
   6.9084700e+00  -1.0774600e+00   6.0296600e+00   2.8767000e+00   5.2580200e+00   5.5856600e-01  -2.4181300e+05
   6.9099800e+00  -1.0806600e+00   6.0295100e+00   2.8771200e+00   5.2557000e+00   5.5742200e-01  -2.4182100e+05
   6.9087100e+00  -1.0801800e+00   6.0296100e+00   2.8761200e+00   5.2580900e+00   5.5950400e-01  -2.4181500e+05
   6.9084300e+00  -1.0802100e+00   6.0296800e+00   2.8761800e+00   5.2584400e+00   5.5958100e-01  -2.4181400e+05
   6.9087300e+00  -1.0807400e+00   6.0296000e+00   2.8781400e+00   5.2579200e+00   5.5927700e-01  -2.4181600e+05
   6.9091300e+00  -1.0768900e+00   6.0297100e+00   2.8781000e+00   5.2572200e+00   5.5806300e-01  -2.4181500e+05
   6.9090600e+00  -1.0768900e+00   6.0297600e+00   2.8775400e+00   5.2572300e+00   5.5769900e-01  -2.4181500e+05
   6.9095400e+00  -1.0806700e+00   6.0296600e+00   2.8777300e+00   5.2565900e+00   5.5780400e-01  -2.4181700e+05
   6.9093000e+00  -1.0840500e+00   6.0296200e+00   2.8759100e+00   5.2574500e+00   5.5835000e-01  -2.4181400e+05
   6.9091600e+00  -1.0837900e+00   6.0297000e+00   2.8751200e+00   5.2574800e+00   5.5854000e-01  -2.4181500e+05
   6.9091000e+00  -1.0824800e+00   6.0296200e+00   2.8758000e+00   5.2577300e+00   5.5823100e-01  -2.4181300e+05
   6.9088300e+00  -1.0822000e+00   6.0295600e+00   2.8752300e+00   5.2582900e+00   5.5900200e-01  -2.4181500e+05
   6.9090400e+00  -1.0854600e+00   6.0295800e+00   2.8747800e+00   5.2576600e+00   5.5854400e-01  -2.4181500e+05
   6.9089900e+00  -1.0852300e+00   6.0296300e+00   2.8752600e+00   5.2578000e+00   5.5844300e-01  -2.4181500e+05
   6.9095700e+00  -1.0814900e+00   6.0296000e+00   2.8742000e+00   5.2569300e+00   5.5738400e-01  -2.4181800e+05
   6.9090100e+00  -1.0838800e+00   6.0296800e+00   2.8745900e+00   5.2576600e+00   5.5811000e-01  -2.4181500e+05
   6.9091900e+00  -1.0833800e+00   6.0295700e+00   2.8755000e+00   5.2575500e+00   5.5802000e-01  -2.4181500e+05
   6.9091100e+00  -1.0849900e+00   6.0296200e+00   2.8759200e+00   5.2578200e+00   5.5825600e-01  -2.4181500e+05
   6.9083000e+00  -1.0845800e+00   6.0297600e+00   2.8744500e+00   5.2594400e+00   5.5926700e-01  -2.4181700e+05
   6.9083900e+00  -1.0841600e+00   6.0296500e+00   2.8744500e+00   5.2585500e+00   5.5958500e-01  -2.4181500e+05
   6.9084900e+00  -1.0843500e+00   6.0295700e+00   2.8744500e+00   5.2584300e+00   5.5946600e-01  -2.4181500e+05
   6.9085500e+00  -1.0827500e+00   6.0297800e+00   2.8753600e+00   5.2588600e+00   5.5950000e-01  -2.4181400e+05
   6.9083000e+00  -1.0797800e+00   6.0297000e+00   2.8744200e+00   5.2584000e+00   5.5915800e-01  -2.4181600e+05
   6.9091300e+00  -1.0806500e+00   6.0296900e+00   2.8737300e+00   5.2576100e+00   5.5801000e-01  -2.4181500e+05
   6.9085100e+00  -1.0770800e+00   6.0296900e+00   2.8757200e+00   5.2577500e+00   5.5831200e-01  -2.4181400e+05
   6.9090500e+00  -1.0758500e+00   6.0296900e+00   2.8765600e+00   5.2571600e+00   5.5823100e-01  -2.4181300e+05
   6.9085300e+00  -1.0747500e+00   6.0297900e+00   2.8760900e+00   5.2579200e+00   5.5789200e-01  -2.4181400e+05
   6.9083200e+00  -1.0737600e+00   6.0299400e+00   2.8760100e+00   5.2583200e+00   5.5862800e-01  -2.4181800e+05
   6.9085900e+00  -1.0813500e+00   6.0296100e+00   2.8754400e+00   5.2581300e+00   5.5875300e-01  -2.4181300e+05
   6.9086400e+00  -1.0824700e+00   6.0295600e+00   2.8773000e+00   5.2577300e+00   5.5845600e-01  -2.4181800e+05
   6.9088700e+00  -1.0857700e+00   6.0295100e+00   2.8769500e+00   5.2577500e+00   5.5912600e-01  -2.4181600e+05
   6.9079700e+00  -1.0836900e+00   6.0298100e+00   2.8755800e+00   5.2597000e+00   5.6053100e-01  -2.4181800e+05
   6.9085300e+00  -1.0819400e+00   6.0295500e+00   2.8762500e+00   5.2583000e+00   5.5933000e-01  -2.4181400e+05
   6.9089600e+00  -1.0851100e+00   6.0295900e+00   2.8772300e+00   5.2582700e+00   5.5896400e-01  -2.4181700e+05
   6.9085800e+00  -1.0871600e+00   6.0295500e+00   2.8770600e+00   5.2587500e+00   5.5966100e-01  -2.4181600e+05
   6.9085700e+00  -1.0860100e+00   6.0296500e+00   2.8756800e+00   5.2585000e+00   5.6009600e-01  -2.4181600e+05
   6.9084400e+00  -1.0853300e+00   6.0296800e+00   2.8753700e+00   5.2587300e+00   5.5954000e-01  -2.4181400e+05
   6.9083900e+00  -1.0836400e+00   6.0295200e+00   2.8752300e+00   5.2586800e+00   5.5931700e-01  -2.4181600e+05
   6.9085800e+00  -1.0837800e+00   6.0296100e+00   2.8764600e+00   5.2584500e+00   5.5966100e-01  -2.4181400e+05
   6.9088200e+00  -1.0825400e+00   6.0297300e+00   2.8750600e+00   5.2584400e+00   5.5887900e-01  -2.4181300e+05
   6.9081800e+00  -1.0834500e+00   6.0297400e+00   2.8750100e+00   5.2593300e+00   5.6022200e-01  -2.4181400e+05
   6.9083800e+00  -1.0819900e+00   6.0296900e+00   2.8757700e+00   5.2589200e+00   5.5976400e-01  -2.4181300e+05
   6.9084600e+00  -1.0764300e+00   6.0297100e+00   2.8760300e+00   5.2579300e+00   5.5837500e-01  -2.4181300e+05
   6.9087900e+00  -1.0798200e+00   6.0297900e+00   2.8755100e+00   5.2579800e+00   5.5836900e-01  -2.4181300e+05
   6.9087700e+00  -1.0789100e+00   6.0297100e+00   2.8763000e+00   5.2576700e+00   5.5837000e-01  -2.4181300e+05
   6.9091600e+00  -1.0779400e+00   6.0295600e+00   2.8766700e+00   5.2570900e+00   5.5837000e-01  -2.4181500e+05
   6.9088400e+00  -1.0768800e+00   6.0296600e+00   2.8753800e+00   5.2574500e+00   5.5798700e-01  -2.4181300e+05
   6.9093100e+00  -1.0778200e+00   6.0297900e+00   2.8761600e+00   5.2570400e+00   5.5782600e-01  -2.4181400e+05
   6.9093500e+00  -1.0801000e+00   6.0296400e+00   2.8765600e+00   5.2572100e+00   5.5808000e-01  -2.4181400e+05
   6.9092300e+00  -1.0789700e+00   6.0297500e+00   2.8752600e+00   5.2571300e+00   5.5816400e-01  -2.4181400e+05
   6.9089000e+00  -1.0795500e+00   6.0297600e+00   2.8758400e+00   5.2578400e+00   5.5762000e-01  -2.4181500e+05
   6.9092100e+00  -1.0787500e+00   6.0297800e+00   2.8760700e+00   5.2572800e+00   5.5729400e-01  -2.4181500e+05
   6.9097000e+00  -1.0771100e+00   6.0295800e+00   2.8761100e+00   5.2559800e+00   5.5636100e-01  -2.4181600e+05
   6.9092900e+00  -1.0736400e+00   6.0297800e+00   2.8752900e+00   5.2565600e+00   5.5647800e-01  -2.4181400e+05
   6.9098100e+00  -1.0727200e+00   6.0297600e+00   2.8758300e+00   5.2559400e+00   5.5606700e-01  -2.4181400e+05
   6.9091200e+00  -1.0758700e+00   6.0297800e+00   2.8761600e+00   5.2571100e+00   5.5703200e-01  -2.4181400e+05
   6.9089300e+00  -1.0748400e+00   6.0297300e+00   2.8756500e+00   5.2575000e+00   5.5726600e-01  -2.4181300e+05
   6.9092300e+00  -1.0729500e+00   6.0298300e+00   2.8752400e+00   5.2569100e+00   5.5711900e-01  -2.4181300e+05
   6.9091600e+00  -1.0726500e+00   6.0297700e+00   2.8751400e+00   5.2569300e+00   5.5715900e-01  -2.4181200e+05
   6.9089100e+00  -1.0737900e+00   6.0298300e+00   2.8758100e+00   5.2571900e+00   5.5800900e-01  -2.4181400e+05
   6.9087100e+00  -1.0730100e+00   6.0298300e+00   2.8753600e+00   5.2572500e+00   5.5698500e-01  -2.4181700e+05
   6.9091300e+00  -1.0733400e+00   6.0297700e+00   2.8764000e+00   5.2570500e+00   5.5740200e-01  -2.4181200e+05
   6.9092200e+00  -1.0758200e+00   6.0296700e+00   2.8757000e+00   5.2569900e+00   5.5744400e-01  -2.4181200e+05
   6.9085100e+00  -1.0757400e+00   6.0297400e+00   2.8760400e+00   5.2581500e+00   5.5845700e-01  -2.4181200e+05
   6.9086600e+00  -1.0765400e+00   6.0296700e+00   2.8758000e+00   5.2581000e+00   5.5878100e-01  -2.4181300e+05
   6.9092200e+00  -1.0778200e+00   6.0296800e+00   2.8753700e+00   5.2571700e+00   5.5772100e-01  -2.4181200e+05
   6.9091000e+00  -1.0770200e+00   6.0296200e+00   2.8756600e+00   5.2568900e+00   5.5696000e-01  -2.4181500e+05
   6.9094200e+00  -1.0780700e+00   6.0297200e+00   2.8774800e+00   5.2565600e+00   5.5676600e-01  -2.4181700e+05
   6.9089200e+00  -1.0734800e+00   6.0296200e+00   2.8756600e+00   5.2569200e+00   5.5761200e-01  -2.4181500e+05
   6.9088200e+00  -1.0759300e+00   6.0296600e+00   2.8762100e+00   5.2575800e+00   5.5774400e-01  -2.4181200e+05
   6.9095300e+00  -1.0783400e+00   6.0297700e+00   2.8758400e+00   5.2568900e+00   5.5725900e-01  -2.4181500e+05
   6.9093600e+00  -1.0781800e+00   6.0297400e+00   2.8765100e+00   5.2571400e+00   5.5755900e-01  -2.4181400e+05
   6.9090200e+00  -1.0754200e+00   6.0297300e+00   2.8762700e+00   5.2572600e+00   5.5817500e-01  -2.4181200e+05
   6.9086400e+00  -1.0747200e+00   6.0297000e+00   2.8761900e+00   5.2579300e+00   5.5845300e-01  -2.4181200e+05
   6.9089700e+00  -1.0720800e+00   6.0296500e+00   2.8770200e+00   5.2568900e+00   5.5759200e-01  -2.4181300e+05
   6.9089600e+00  -1.0745100e+00   6.0296700e+00   2.8772200e+00   5.2569900e+00   5.5735300e-01  -2.4181300e+05
   6.9085200e+00  -1.0744200e+00   6.0296400e+00   2.8777200e+00   5.2577800e+00   5.5807600e-01  -2.4181400e+05
   6.9087900e+00  -1.0730100e+00   6.0297000e+00   2.8776900e+00   5.2576500e+00   5.5775100e-01  -2.4181400e+05
   6.9090200e+00  -1.0726000e+00   6.0297900e+00   2.8778000e+00   5.2571400e+00   5.5789100e-01  -2.4181400e+05
   6.9091300e+00  -1.0731700e+00   6.0297100e+00   2.8771000e+00   5.2568700e+00   5.5742100e-01  -2.4181200e+05
   6.9090500e+00  -1.0733600e+00   6.0296900e+00   2.8780800e+00   5.2569500e+00   5.5806300e-01  -2.4181400e+05
   6.9089600e+00  -1.0734700e+00   6.0298100e+00   2.8771600e+00   5.2570900e+00   5.5785000e-01  -2.4181400e+05
   6.9095200e+00  -1.0743100e+00   6.0297500e+00   2.8768200e+00   5.2560400e+00   5.5673500e-01  -2.4181500e+05
   6.9091100e+00  -1.0750000e+00   6.0296800e+00   2.8767400e+00   5.2568700e+00   5.5733300e-01  -2.4181200e+05
   6.9091300e+00  -1.0741300e+00   6.0296600e+00   2.8772200e+00   5.2567000e+00   5.5738500e-01  -2.4181200e+05
   6.9092100e+00  -1.0729400e+00   6.0296700e+00   2.8773400e+00   5.2568200e+00   5.5743600e-01  -2.4181200e+05
   6.9093100e+00  -1.0715400e+00   6.0297200e+00   2.8763800e+00   5.2567000e+00   5.5723900e-01  -2.4181300e+05
   6.9090600e+00  -1.0699400e+00   6.0296500e+00   2.8767200e+00   5.2563300e+00   5.5729400e-01  -2.4181600e+05
   6.9091500e+00  -1.0729200e+00   6.0297900e+00   2.8764500e+00   5.2568800e+00   5.5720600e-01  -2.4181200e+05
   6.9090500e+00  -1.0738300e+00   6.0297800e+00   2.8763200e+00   5.2571700e+00   5.5750000e-01  -2.4181200e+05
   6.9089500e+00  -1.0719600e+00   6.0297800e+00   2.8760300e+00   5.2573500e+00   5.5699200e-01  -2.4181300e+05
   6.9097800e+00  -1.0683000e+00   6.0297600e+00   2.8758400e+00   5.2557500e+00   5.5631700e-01  -2.4181600e+05
   6.9094400e+00  -1.0684900e+00   6.0298100e+00   2.8762800e+00   5.2563400e+00   5.5596100e-01  -2.4181400e+05
   6.9093100e+00  -1.0678700e+00   6.0298100e+00   2.8773100e+00   5.2563700e+00   5.5646500e-01  -2.4181200e+05
   6.9093900e+00  -1.0669200e+00   6.0297800e+00   2.8765900e+00   5.2562000e+00   5.5656900e-01  -2.4181300e+05
   6.9093400e+00  -1.0696400e+00   6.0299000e+00   2.8745900e+00   5.2568600e+00   5.5618000e-01  -2.4181700e+05
   6.9095100e+00  -1.0707400e+00   6.0298000e+00   2.8751600e+00   5.2562200e+00   5.5660800e-01  -2.4181400e+05
   6.9094800e+00  -1.0697100e+00   6.0296600e+00   2.8769000e+00   5.2560300e+00   5.5613200e-01  -2.4181400e+05
   6.9096100e+00  -1.0682500e+00   6.0298300e+00   2.8772200e+00   5.2557500e+00   5.5634100e-01  -2.4181400e+05
   6.9091300e+00  -1.0722400e+00   6.0295700e+00   2.8779100e+00   5.2567500e+00   5.5709400e-01  -2.4181500e+05
   6.9093900e+00  -1.0701900e+00   6.0298500e+00   2.8766400e+00   5.2565600e+00   5.5716600e-01  -2.4181400e+05
   6.9095500e+00  -1.0735500e+00   6.0296600e+00   2.8772500e+00   5.2563100e+00   5.5689600e-01  -2.4181300e+05
   6.9091300e+00  -1.0770500e+00   6.0296400e+00   2.8765200e+00   5.2567000e+00   5.5746100e-01  -2.4181400e+05
   6.9090600e+00  -1.0767900e+00   6.0297100e+00   2.8753800e+00   5.2574500e+00   5.5754700e-01  -2.4181200e+05
   6.9088300e+00  -1.0736400e+00   6.0298100e+00   2.8759100e+00   5.2572600e+00   5.5778800e-01  -2.4181300e+05
   6.9086400e+00  -1.0752200e+00   6.0297000e+00   2.8754700e+00   5.2580300e+00   5.5832200e-01  -2.4181300e+05
   6.9088700e+00  -1.0799900e+00   6.0296000e+00   2.8760400e+00   5.2579300e+00   5.5839400e-01  -2.4181300e+05
   6.9089200e+00  -1.0767200e+00   6.0296200e+00   2.8755300e+00   5.2575600e+00   5.5825000e-01  -2.4181300e+05
   6.9091700e+00  -1.0776300e+00   6.0297600e+00   2.8754800e+00   5.2570100e+00   5.5784100e-01  -2.4181400e+05
   6.9091100e+00  -1.0750900e+00   6.0297200e+00   2.8758400e+00   5.2568200e+00   5.5694200e-01  -2.4181300e+05
   6.9088800e+00  -1.0710600e+00   6.0296400e+00   2.8771500e+00   5.2571100e+00   5.5724000e-01  -2.4181400e+05
   6.9083500e+00  -1.0674000e+00   6.0297100e+00   2.8776000e+00   5.2576200e+00   5.5827100e-01  -2.4181800e+05
   6.9095200e+00  -1.0691400e+00   6.0297000e+00   2.8786200e+00   5.2558400e+00   5.5716200e-01  -2.4181600e+05
   6.9089400e+00  -1.0683800e+00   6.0297800e+00   2.8783300e+00   5.2567900e+00   5.5750400e-01  -2.4181400e+05
   6.9086900e+00  -1.0699100e+00   6.0295700e+00   2.8778700e+00   5.2571900e+00   5.5759200e-01  -2.4181800e+05
   6.9087200e+00  -1.0685700e+00   6.0297300e+00   2.8782400e+00   5.2574200e+00   5.5775300e-01  -2.4181500e+05
   6.9091900e+00  -1.0661000e+00   6.0297200e+00   2.8776800e+00   5.2562500e+00   5.5728000e-01  -2.4181600e+05
   6.9092800e+00  -1.0662200e+00   6.0298100e+00   2.8777900e+00   5.2562200e+00   5.5661300e-01  -2.4181300e+05
   6.9096500e+00  -1.0668900e+00   6.0296800e+00   2.8777700e+00   5.2556100e+00   5.5627500e-01  -2.4181400e+05
   6.9088200e+00  -1.0672600e+00   6.0297900e+00   2.8774900e+00   5.2565100e+00   5.5604900e-01  -2.4181900e+05
   6.9092900e+00  -1.0678500e+00   6.0297400e+00   2.8782400e+00   5.2561900e+00   5.5623700e-01  -2.4181300e+05
