   6.9122300e+00  -1.0511800e+00   6.0294100e+00   2.8825200e+00   5.2519200e+00   5.5145700e-01  -1.2095900e+04
   6.9080100e+00  -1.0491900e+00   6.0296200e+00   2.8823600e+00   5.2557100e+00   5.5447000e-01  -1.2093500e+04
   6.9127800e+00  -1.0492900e+00   6.0298000e+00   2.8820300e+00   5.2477300e+00   5.4776700e-01  -1.2094200e+04
   6.9136600e+00  -1.0506900e+00   6.0297800e+00   2.8820600e+00   5.2483000e+00   5.4836100e-01  -1.2094000e+04
   6.9103700e+00  -1.0502300e+00   6.0299700e+00   2.8818000e+00   5.2545200e+00   5.5252900e-01  -1.2092700e+04
   6.9113700e+00  -1.0520200e+00   6.0302500e+00   2.8818800e+00   5.2509000e+00   5.5167700e-01  -1.2094400e+04
   6.9095300e+00  -1.0555700e+00   6.0299200e+00   2.8816400e+00   5.2534600e+00   5.5321000e-01  -1.2092800e+04
   6.9110300e+00  -1.0548000e+00   6.0294800e+00   2.8817200e+00   5.2529900e+00   5.5091200e-01  -1.2093600e+04
   6.9097200e+00  -1.0580300e+00   6.0296400e+00   2.8812200e+00   5.2544800e+00   5.5794200e-01  -1.2093200e+04
   6.9088000e+00  -1.0581000e+00   6.0298200e+00   2.8811200e+00   5.2540400e+00   5.5811100e-01  -1.2096200e+04
   6.9103800e+00  -1.0572900e+00   6.0294800e+00   2.8805200e+00   5.2534100e+00   5.5299800e-01  -1.2091700e+04
   6.9070300e+00  -1.0588100e+00   6.0301600e+00   2.8804600e+00   5.2594700e+00   5.5778600e-01  -1.2093500e+04
   6.9068200e+00  -1.0608400e+00   6.0301900e+00   2.8806100e+00   5.2591400e+00   5.5626200e-01  -1.2095900e+04
   6.9096500e+00  -1.0622800e+00   6.0298400e+00   2.8804700e+00   5.2551100e+00   5.5552700e-01  -1.2091000e+04
   6.9119100e+00  -1.0596900e+00   6.0298400e+00   2.8805200e+00   5.2516900e+00   5.5346400e-01  -1.2092600e+04
   6.9093200e+00  -1.0617800e+00   6.0297600e+00   2.8805800e+00   5.2552500e+00   5.5357900e-01  -1.2092000e+04
   6.9101400e+00  -1.0622200e+00   6.0296100e+00   2.8807400e+00   5.2535800e+00   5.5571400e-01  -1.2091600e+04
   6.9089200e+00  -1.0629100e+00   6.0297000e+00   2.8801800e+00   5.2572200e+00   5.5618500e-01  -1.2091700e+04
   6.9055300e+00  -1.0631600e+00   6.0300800e+00   2.8801900e+00   5.2622900e+00   5.6054400e-01  -1.2095200e+04
   6.9080700e+00  -1.0637300e+00   6.0294200e+00   2.8799100e+00   5.2571700e+00   5.5850000e-01  -1.2092200e+04
   6.9082500e+00  -1.0651000e+00   6.0296900e+00   2.8801200e+00   5.2563200e+00   5.5633700e-01  -1.2092100e+04
   6.9079800e+00  -1.0638900e+00   6.0294300e+00   2.8799700e+00   5.2602400e+00   5.5957700e-01  -1.2096600e+04
   6.9104900e+00  -1.0653000e+00   6.0292900e+00   2.8805100e+00   5.2552400e+00   5.5598500e-01  -1.2093900e+04
   6.9111800e+00  -1.0658700e+00   6.0297600e+00   2.8804600e+00   5.2538900e+00   5.5420300e-01  -1.2092000e+04
   6.9075800e+00  -1.0653500e+00   6.0302700e+00   2.8806600e+00   5.2584400e+00   5.5874300e-01  -1.2094200e+04
   6.9101000e+00  -1.0652300e+00   6.0302000e+00   2.8803700e+00   5.2547500e+00   5.5466400e-01  -1.2093100e+04
   6.9085500e+00  -1.0649800e+00   6.0300600e+00   2.8800100e+00   5.2568400e+00   5.5632500e-01  -1.2092200e+04
   6.9091900e+00  -1.0648500e+00   6.0299000e+00   2.8805300e+00   5.2567500e+00   5.5650500e-01  -1.2091400e+04
   6.9078400e+00  -1.0638900e+00   6.0296500e+00   2.8803700e+00   5.2599300e+00   5.5644700e-01  -1.2095900e+04
   6.9092800e+00  -1.0640600e+00   6.0294800e+00   2.8795200e+00   5.2541400e+00   5.5435300e-01  -1.2092500e+04
   6.9094800e+00  -1.0655600e+00   6.0301600e+00   2.8788700e+00   5.2569900e+00   5.5920100e-01  -1.2093800e+04
   6.9097500e+00  -1.0623400e+00   6.0296700e+00   2.8790200e+00   5.2542600e+00   5.5799600e-01  -1.2093300e+04
   6.9073800e+00  -1.0628600e+00   6.0298300e+00   2.8796800e+00   5.2597200e+00   5.6050000e-01  -1.2092500e+04
   6.9103800e+00  -1.0649700e+00   6.0297600e+00   2.8796700e+00   5.2550800e+00   5.5439700e-01  -1.2091500e+04
   6.9102100e+00  -1.0640000e+00   6.0295200e+00   2.8791000e+00   5.2547400e+00   5.5671000e-01  -1.2091900e+04
   6.9103600e+00  -1.0650200e+00   6.0294600e+00   2.8794400e+00   5.2535200e+00   5.5398500e-01  -1.2091400e+04
   6.9079300e+00  -1.0671100e+00   6.0300800e+00   2.8787500e+00   5.2578200e+00   5.6035100e-01  -1.2093500e+04
   6.9103800e+00  -1.0647700e+00   6.0297100e+00   2.8784000e+00   5.2563100e+00   5.5685000e-01  -1.2093700e+04
   6.9117700e+00  -1.0657700e+00   6.0296800e+00   2.8786700e+00   5.2527000e+00   5.5402600e-01  -1.2092300e+04
   6.9112900e+00  -1.0659600e+00   6.0299000e+00   2.8785200e+00   5.2533000e+00   5.5390900e-01  -1.2091700e+04
   6.9100400e+00  -1.0654100e+00   6.0299500e+00   2.8783500e+00   5.2560100e+00   5.5658800e-01  -1.2091700e+04
   6.9070200e+00  -1.0650600e+00   6.0296100e+00   2.8782900e+00   5.2599900e+00   5.6243000e-01  -1.2093900e+04
   6.9072200e+00  -1.0654100e+00   6.0294600e+00   2.8782500e+00   5.2587500e+00   5.6073200e-01  -1.2093200e+04
   6.9053000e+00  -1.0668700e+00   6.0302100e+00   2.8781100e+00   5.2637600e+00   5.6164400e-01  -1.2095700e+04
   6.9098300e+00  -1.0657200e+00   6.0292300e+00   2.8781900e+00   5.2543800e+00   5.5715500e-01  -1.2093400e+04
   6.9084600e+00  -1.0668900e+00   6.0302300e+00   2.8778500e+00   5.2569100e+00   5.5883300e-01  -1.2093700e+04
   6.9092900e+00  -1.0674000e+00   6.0296600e+00   2.8782500e+00   5.2572100e+00   5.5705500e-01  -1.2091500e+04
   6.9086200e+00  -1.0664500e+00   6.0298100e+00   2.8775400e+00   5.2580700e+00   5.5911200e-01  -1.2091500e+04
   6.9085900e+00  -1.0689800e+00   6.0300000e+00   2.8779000e+00   5.2563900e+00   5.5587200e-01  -1.2092500e+04
   6.9088100e+00  -1.0682500e+00   6.0293000e+00   2.8780500e+00   5.2561400e+00   5.5718700e-01  -1.2092100e+04
   6.9110300e+00  -1.0692300e+00   6.0293900e+00   2.8780800e+00   5.2528300e+00   5.5533400e-01  -1.2092300e+04
   6.9082600e+00  -1.0707900e+00   6.0296200e+00   2.8781000e+00   5.2574000e+00   5.5726000e-01  -1.2091200e+04
   6.9093000e+00  -1.0699500e+00   6.0294900e+00   2.8782100e+00   5.2558800e+00   5.5589400e-01  -1.2091100e+04
   6.9088000e+00  -1.0718400e+00   6.0295500e+00   2.8785300e+00   5.2563200e+00   5.5630500e-01  -1.2091300e+04
   6.9108100e+00  -1.0713400e+00   6.0297500e+00   2.8784200e+00   5.2539200e+00   5.5384100e-01  -1.2091400e+04
   6.9106900e+00  -1.0704400e+00   6.0299500e+00   2.8789600e+00   5.2547200e+00   5.5608500e-01  -1.2092100e+04
   6.9121500e+00  -1.0692700e+00   6.0294100e+00   2.8789500e+00   5.2517400e+00   5.5318900e-01  -1.2092700e+04
   6.9104800e+00  -1.0685200e+00   6.0299800e+00   2.8782300e+00   5.2553600e+00   5.5658900e-01  -1.2092100e+04
   6.9134600e+00  -1.0660200e+00   6.0300400e+00   2.8783600e+00   5.2505300e+00   5.5172000e-01  -1.2095700e+04
   6.9112200e+00  -1.0649800e+00   6.0292700e+00   2.8782600e+00   5.2522200e+00   5.5418300e-01  -1.2092900e+04
   6.9084100e+00  -1.0620300e+00   6.0299400e+00   2.8779100e+00   5.2558600e+00   5.5392000e-01  -1.2093600e+04
   6.9102400e+00  -1.0637200e+00   6.0296000e+00   2.8775800e+00   5.2546400e+00   5.5305700e-01  -1.2091900e+04
   6.9105400e+00  -1.0636300e+00   6.0297400e+00   2.8772300e+00   5.2534200e+00   5.5259400e-01  -1.2091500e+04
   6.9110600e+00  -1.0626200e+00   6.0296700e+00   2.8778700e+00   5.2541400e+00   5.5497900e-01  -1.2092300e+04
   6.9116600e+00  -1.0665400e+00   6.0293700e+00   2.8773100e+00   5.2512500e+00   5.4979800e-01  -1.2094400e+04
   6.9087800e+00  -1.0642200e+00   6.0299700e+00   2.8774500e+00   5.2571300e+00   5.5662900e-01  -1.2090900e+04
   6.9113300e+00  -1.0653900e+00   6.0297600e+00   2.8772300e+00   5.2520300e+00   5.4995500e-01  -1.2093600e+04
   6.9117500e+00  -1.0659400e+00   6.0295500e+00   2.8774300e+00   5.2499700e+00   5.5004300e-01  -1.2094800e+04
   6.9088600e+00  -1.0676400e+00   6.0299700e+00   2.8773900e+00   5.2560900e+00   5.5090200e-01  -1.2098700e+04
   6.9087800e+00  -1.0653100e+00   6.0300300e+00   2.8776600e+00   5.2583700e+00   5.5811000e-01  -1.2091900e+04
   6.9094300e+00  -1.0643900e+00   6.0301000e+00   2.8780200e+00   5.2559300e+00   5.5466300e-01  -1.2091700e+04
   6.9116400e+00  -1.0648900e+00   6.0300400e+00   2.8775300e+00   5.2514100e+00   5.5105700e-01  -1.2093600e+04
   6.9104900e+00  -1.0636200e+00   6.0298200e+00   2.8764800e+00   5.2514900e+00   5.5163600e-01  -1.2095300e+04
   6.9117600e+00  -1.0649100e+00   6.0304300e+00   2.8761300e+00   5.2515100e+00   5.5326500e-01  -1.2096800e+04
   6.9076700e+00  -1.0658600e+00   6.0301800e+00   2.8759800e+00   5.2598500e+00   5.5939600e-01  -1.2092000e+04
   6.9105600e+00  -1.0636900e+00   6.0298100e+00   2.8763600e+00   5.2545300e+00   5.5669600e-01  -1.2092300e+04
   6.9114000e+00  -1.0645600e+00   6.0296700e+00   2.8767200e+00   5.2542000e+00   5.5525100e-01  -1.2093500e+04
   6.9103300e+00  -1.0620400e+00   6.0298000e+00   2.8767500e+00   5.2541600e+00   5.5494300e-01  -1.2091000e+04
   6.9102700e+00  -1.0630700e+00   6.0297500e+00   2.8773100e+00   5.2551600e+00   5.5446300e-01  -1.2091300e+04
   6.9068000e+00  -1.0639000e+00   6.0296400e+00   2.8774800e+00   5.2593100e+00   5.6115000e-01  -1.2093200e+04
   6.9069000e+00  -1.0635400e+00   6.0300700e+00   2.8771500e+00   5.2616200e+00   5.5933400e-01  -1.2093900e+04
   6.9085300e+00  -1.0620300e+00   6.0294900e+00   2.8779700e+00   5.2548200e+00   5.5518900e-01  -1.2093600e+04
   6.9101500e+00  -1.0632400e+00   6.0297100e+00   2.8776600e+00   5.2526500e+00   5.5391500e-01  -1.2092800e+04
   6.9134700e+00  -1.0638000e+00   6.0294700e+00   2.8772300e+00   5.2498700e+00   5.5068100e-01  -1.2095000e+04
   6.9094600e+00  -1.0642500e+00   6.0299000e+00   2.8774300e+00   5.2540300e+00   5.5603700e-01  -1.2093100e+04
   6.9072600e+00  -1.0646900e+00   6.0299600e+00   2.8774500e+00   5.2601400e+00   5.5916100e-01  -1.2092000e+04
   6.9072300e+00  -1.0665900e+00   6.0300900e+00   2.8767600e+00   5.2590800e+00   5.5934300e-01  -1.2092200e+04
   6.9119000e+00  -1.0665300e+00   6.0296600e+00   2.8769600e+00   5.2516700e+00   5.5444700e-01  -1.2093100e+04
   6.9096000e+00  -1.0673000e+00   6.0297700e+00   2.8770400e+00   5.2558400e+00   5.5672100e-01  -1.2090700e+04
   6.9086000e+00  -1.0632500e+00   6.0299500e+00   2.8776200e+00   5.2564400e+00   5.5721600e-01  -1.2091300e+04
   6.9094500e+00  -1.0643600e+00   6.0296000e+00   2.8771000e+00   5.2562600e+00   5.5579800e-01  -1.2091400e+04
   6.9100000e+00  -1.0639900e+00   6.0300100e+00   2.8772200e+00   5.2568200e+00   5.5440700e-01  -1.2093200e+04
   6.9099200e+00  -1.0647800e+00   6.0301700e+00   2.8772700e+00   5.2546600e+00   5.5383900e-01  -1.2092400e+04
   6.9089700e+00  -1.0664500e+00   6.0300000e+00   2.8769400e+00   5.2575600e+00   5.5564200e-01  -1.2091600e+04
   6.9096400e+00  -1.0650000e+00   6.0300400e+00   2.8762200e+00   5.2553500e+00   5.5334800e-01  -1.2092000e+04
   6.9088400e+00  -1.0646700e+00   6.0297100e+00   2.8761000e+00   5.2578100e+00   5.5863800e-01  -1.2092000e+04
   6.9092300e+00  -1.0647300e+00   6.0298900e+00   2.8760200e+00   5.2566700e+00   5.5856800e-01  -1.2091900e+04
   6.9079700e+00  -1.0645900e+00   6.0298200e+00   2.8760100e+00   5.2573300e+00   5.5704200e-01  -1.2091600e+04
   6.9070100e+00  -1.0679800e+00   6.0303100e+00   2.8760900e+00   5.2606900e+00   5.6008600e-01  -1.2093000e+04
   6.9084300e+00  -1.0665000e+00   6.0299100e+00   2.8760700e+00   5.2574700e+00   5.5747200e-01  -1.2090800e+04
   6.9085300e+00  -1.0666400e+00   6.0292500e+00   2.8757200e+00   5.2563700e+00   5.5395100e-01  -1.2095500e+04
   6.9117400e+00  -1.0674700e+00   6.0299600e+00   2.8758800e+00   5.2538700e+00   5.5069600e-01  -1.2094900e+04
   6.9115200e+00  -1.0658800e+00   6.0295800e+00   2.8754300e+00   5.2522800e+00   5.5088900e-01  -1.2092900e+04
   6.9105900e+00  -1.0651000e+00   6.0301700e+00   2.8754400e+00   5.2549400e+00   5.5630200e-01  -1.2092700e+04
   6.9121800e+00  -1.0650500e+00   6.0298100e+00   2.8750000e+00   5.2519300e+00   5.5085500e-01  -1.2092900e+04
   6.9102800e+00  -1.0634000e+00   6.0297000e+00   2.8741200e+00   5.2546200e+00   5.5763700e-01  -1.2093800e+04
   6.9093900e+00  -1.0613800e+00   6.0296500e+00   2.8741200e+00   5.2557300e+00   5.5584500e-01  -1.2091800e+04
   6.9103500e+00  -1.0613600e+00   6.0298800e+00   2.8740500e+00   5.2543000e+00   5.5762800e-01  -1.2094300e+04
   6.9104800e+00  -1.0618700e+00   6.0295300e+00   2.8741600e+00   5.2538400e+00   5.5487500e-01  -1.2092600e+04
   6.9105900e+00  -1.0621600e+00   6.0294600e+00   2.8740100e+00   5.2526300e+00   5.5170400e-01  -1.2093700e+04
   6.9108600e+00  -1.0642700e+00   6.0298700e+00   2.8734000e+00   5.2545700e+00   5.5344100e-01  -1.2092100e+04
   6.9118100e+00  -1.0618000e+00   6.0297900e+00   2.8734800e+00   5.2530700e+00   5.5144500e-01  -1.2093600e+04
   6.9095000e+00  -1.0620400e+00   6.0290200e+00   2.8738200e+00   5.2542400e+00   5.5485000e-01  -1.2097200e+04
   6.9101000e+00  -1.0627900e+00   6.0298700e+00   2.8737000e+00   5.2580300e+00   5.5624900e-01  -1.2097300e+04
   6.9092400e+00  -1.0605900e+00   6.0303300e+00   2.8741500e+00   5.2566200e+00   5.5658000e-01  -1.2092000e+04
   6.9097600e+00  -1.0590600e+00   6.0306100e+00   2.8736800e+00   5.2564600e+00   5.5513800e-01  -1.2093800e+04
   6.9103700e+00  -1.0597700e+00   6.0305400e+00   2.8732100e+00   5.2557600e+00   5.5748500e-01  -1.2096100e+04
   6.9096300e+00  -1.0604100e+00   6.0297300e+00   2.8735200e+00   5.2546300e+00   5.5541600e-01  -1.2092000e+04
   6.9109100e+00  -1.0634200e+00   6.0300100e+00   2.8733200e+00   5.2526300e+00   5.5412300e-01  -1.2093000e+04
   6.9099500e+00  -1.0614800e+00   6.0297600e+00   2.8729900e+00   5.2532600e+00   5.5343000e-01  -1.2093100e+04
   6.9077700e+00  -1.0604000e+00   6.0305900e+00   2.8732900e+00   5.2604200e+00   5.5901100e-01  -1.2094500e+04
   6.9085100e+00  -1.0582800e+00   6.0297000e+00   2.8738400e+00   5.2568200e+00   5.5574100e-01  -1.2092200e+04
   6.9081800e+00  -1.0589800e+00   6.0302800e+00   2.8732200e+00   5.2565600e+00   5.5494700e-01  -1.2093500e+04
   6.9081900e+00  -1.0615200e+00   6.0298400e+00   2.8726500e+00   5.2583800e+00   5.5764500e-01  -1.2092100e+04
   6.9127400e+00  -1.0600600e+00   6.0304100e+00   2.8724700e+00   5.2510400e+00   5.4914800e-01  -1.2095700e+04
   6.9115700e+00  -1.0614600e+00   6.0302700e+00   2.8733200e+00   5.2527000e+00   5.5167300e-01  -1.2093100e+04
   6.9094100e+00  -1.0632900e+00   6.0304200e+00   2.8736900e+00   5.2549200e+00   5.5389700e-01  -1.2094500e+04
   6.9093100e+00  -1.0642800e+00   6.0297200e+00   2.8731800e+00   5.2566100e+00   5.5417900e-01  -1.2092600e+04
   6.9088000e+00  -1.0667400e+00   6.0299600e+00   2.8727700e+00   5.2561100e+00   5.5543100e-01  -1.2092000e+04
   6.9076400e+00  -1.0657300e+00   6.0298000e+00   2.8734400e+00   5.2599900e+00   5.5859800e-01  -1.2092600e+04
   6.9101800e+00  -1.0638300e+00   6.0296400e+00   2.8737500e+00   5.2549500e+00   5.5895500e-01  -1.2095900e+04
   6.9093200e+00  -1.0625000e+00   6.0298800e+00   2.8737300e+00   5.2559200e+00   5.5598800e-01  -1.2091100e+04
   6.9066500e+00  -1.0634300e+00   6.0298000e+00   2.8737000e+00   5.2584300e+00   5.5848900e-01  -1.2094500e+04
   6.9105800e+00  -1.0639200e+00   6.0299000e+00   2.8736200e+00   5.2540800e+00   5.5271300e-01  -1.2091700e+04
   6.9103300e+00  -1.0608100e+00   6.0295900e+00   2.8741600e+00   5.2537000e+00   5.5122900e-01  -1.2093600e+04
   6.9104300e+00  -1.0631400e+00   6.0300200e+00   2.8736100e+00   5.2543000e+00   5.5358600e-01  -1.2091500e+04
   6.9072100e+00  -1.0626900e+00   6.0302600e+00   2.8735800e+00   5.2593000e+00   5.6109700e-01  -1.2094000e+04
   6.9100900e+00  -1.0633400e+00   6.0298900e+00   2.8737900e+00   5.2558700e+00   5.5488000e-01  -1.2091700e+04
   6.9110200e+00  -1.0613200e+00   6.0296200e+00   2.8740100e+00   5.2531700e+00   5.5448800e-01  -1.2092800e+04
   6.9120700e+00  -1.0631900e+00   6.0304400e+00   2.8740000e+00   5.2547100e+00   5.5284200e-01  -1.2097600e+04
   6.9123300e+00  -1.0644800e+00   6.0294200e+00   2.8738100e+00   5.2517000e+00   5.5150800e-01  -1.2094800e+04
   6.9110400e+00  -1.0652300e+00   6.0304300e+00   2.8740200e+00   5.2540100e+00   5.5385000e-01  -1.2093800e+04
   6.9112400e+00  -1.0637800e+00   6.0302800e+00   2.8741400e+00   5.2534900e+00   5.5328600e-01  -1.2092900e+04
   6.9085500e+00  -1.0617900e+00   6.0300200e+00   2.8742400e+00   5.2565600e+00   5.5676900e-01  -1.2091500e+04
   6.9107800e+00  -1.0616200e+00   6.0303000e+00   2.8747500e+00   5.2551300e+00   5.5227600e-01  -1.2093600e+04
   6.9105400e+00  -1.0638400e+00   6.0296100e+00   2.8749400e+00   5.2540200e+00   5.5296600e-01  -1.2092000e+04
   6.9095500e+00  -1.0631300e+00   6.0298100e+00   2.8753700e+00   5.2549200e+00   5.5660500e-01  -1.2091600e+04
   6.9118800e+00  -1.0625200e+00   6.0300100e+00   2.8751100e+00   5.2528700e+00   5.5316800e-01  -1.2092800e+04
   6.9116900e+00  -1.0611300e+00   6.0298600e+00   2.8752300e+00   5.2516100e+00   5.5129800e-01  -1.2092200e+04
   6.9086100e+00  -1.0597200e+00   6.0304100e+00   2.8755900e+00   5.2568100e+00   5.5524300e-01  -1.2092900e+04
   6.9111400e+00  -1.0596700e+00   6.0295800e+00   2.8756500e+00   5.2508100e+00   5.5052400e-01  -1.2094000e+04
   6.9115100e+00  -1.0594700e+00   6.0295800e+00   2.8747900e+00   5.2525200e+00   5.5352100e-01  -1.2093100e+04
   6.9083100e+00  -1.0614700e+00   6.0298100e+00   2.8742200e+00   5.2566600e+00   5.5409300e-01  -1.2093100e+04
   6.9075600e+00  -1.0628100e+00   6.0299100e+00   2.8741800e+00   5.2577500e+00   5.5825700e-01  -1.2092400e+04
   6.9082800e+00  -1.0608100e+00   6.0299600e+00   2.8741900e+00   5.2570300e+00   5.5549800e-01  -1.2091700e+04
   6.9072100e+00  -1.0611200e+00   6.0300000e+00   2.8745500e+00   5.2592400e+00   5.5814000e-01  -1.2091900e+04
   6.9102400e+00  -1.0599700e+00   6.0301800e+00   2.8751000e+00   5.2545200e+00   5.5577700e-01  -1.2092300e+04
   6.9105400e+00  -1.0604000e+00   6.0301500e+00   2.8749500e+00   5.2538600e+00   5.5433100e-01  -1.2091800e+04
   6.9112300e+00  -1.0580100e+00   6.0303200e+00   2.8758800e+00   5.2548900e+00   5.5293100e-01  -1.2094500e+04
   6.9102500e+00  -1.0587700e+00   6.0300900e+00   2.8762600e+00   5.2550700e+00   5.5368200e-01  -1.2091500e+04
   6.9104900e+00  -1.0570200e+00   6.0296900e+00   2.8761600e+00   5.2546200e+00   5.5338700e-01  -1.2092400e+04
   6.9106700e+00  -1.0553000e+00   6.0298300e+00   2.8766700e+00   5.2542700e+00   5.5200300e-01  -1.2092400e+04
   6.9085000e+00  -1.0518300e+00   6.0301000e+00   2.8765300e+00   5.2594700e+00   5.5790600e-01  -1.2096100e+04
   6.9099300e+00  -1.0537900e+00   6.0301600e+00   2.8768300e+00   5.2559800e+00   5.5137900e-01  -1.2094800e+04
   6.9096200e+00  -1.0521700e+00   6.0300400e+00   2.8765100e+00   5.2561000e+00   5.5433600e-01  -1.2092000e+04
   6.9103900e+00  -1.0528200e+00   6.0295200e+00   2.8769700e+00   5.2515000e+00   5.5523100e-01  -1.2095800e+04
   6.9090400e+00  -1.0507800e+00   6.0299900e+00   2.8775200e+00   5.2535800e+00   5.5329000e-01  -1.2093400e+04
   6.9107400e+00  -1.0487600e+00   6.0301700e+00   2.8775100e+00   5.2525400e+00   5.5267100e-01  -1.2091700e+04
   6.9138900e+00  -1.0475700e+00   6.0302900e+00   2.8776600e+00   5.2473100e+00   5.4720600e-01  -1.2095800e+04
   6.9125300e+00  -1.0478000e+00   6.0302700e+00   2.8771900e+00   5.2499900e+00   5.4739100e-01  -1.2094300e+04
   6.9115800e+00  -1.0479700e+00   6.0303000e+00   2.8775000e+00   5.2519500e+00   5.5095000e-01  -1.2092500e+04
   6.9110600e+00  -1.0477300e+00   6.0304100e+00   2.8774900e+00   5.2558300e+00   5.5340900e-01  -1.2098300e+04
   6.9099900e+00  -1.0464000e+00   6.0301400e+00   2.8774700e+00   5.2519400e+00   5.5204200e-01  -1.2093600e+04
   6.9118900e+00  -1.0446700e+00   6.0307500e+00   2.8774500e+00   5.2507400e+00   5.5065600e-01  -1.2096600e+04
   6.9099900e+00  -1.0459200e+00   6.0303600e+00   2.8771700e+00   5.2553800e+00   5.5417400e-01  -1.2092800e+04
   6.9116300e+00  -1.0471100e+00   6.0300600e+00   2.8767100e+00   5.2532800e+00   5.5150200e-01  -1.2094100e+04
   6.9114800e+00  -1.0446300e+00   6.0299600e+00   2.8768600e+00   5.2515400e+00   5.5385400e-01  -1.2094100e+04
   6.9134400e+00  -1.0457200e+00   6.0303000e+00   2.8769900e+00   5.2487900e+00   5.4918400e-01  -1.2094900e+04
   6.9066600e+00  -1.0445300e+00   6.0306300e+00   2.8764400e+00   5.2578800e+00   5.5767700e-01  -1.2097200e+04
   6.9095300e+00  -1.0472100e+00   6.0298900e+00   2.8762800e+00   5.2549600e+00   5.5528000e-01  -1.2092100e+04
   6.9108700e+00  -1.0492900e+00   6.0300900e+00   2.8762700e+00   5.2521900e+00   5.5311600e-01  -1.2092100e+04
   6.9116600e+00  -1.0505000e+00   6.0299100e+00   2.8760500e+00   5.2502700e+00   5.5127100e-01  -1.2092900e+04
   6.9098300e+00  -1.0500800e+00   6.0298100e+00   2.8760800e+00   5.2554000e+00   5.5432600e-01  -1.2092500e+04
   6.9084400e+00  -1.0486900e+00   6.0299400e+00   2.8763700e+00   5.2574900e+00   5.5636600e-01  -1.2092600e+04
   6.9074900e+00  -1.0487500e+00   6.0296800e+00   2.8764700e+00   5.2592600e+00   5.5610900e-01  -1.2096200e+04
   6.9095800e+00  -1.0475500e+00   6.0301800e+00   2.8755000e+00   5.2554400e+00   5.5376300e-01  -1.2091700e+04
   6.9111200e+00  -1.0498200e+00   6.0304100e+00   2.8756700e+00   5.2505800e+00   5.5126600e-01  -1.2095900e+04
   6.9116600e+00  -1.0484900e+00   6.0296100e+00   2.8756700e+00   5.2509500e+00   5.5060700e-01  -1.2093100e+04
   6.9125400e+00  -1.0469200e+00   6.0301300e+00   2.8757000e+00   5.2499500e+00   5.5180500e-01  -1.2094500e+04
   6.9127500e+00  -1.0464100e+00   6.0301600e+00   2.8750200e+00   5.2512100e+00   5.4946700e-01  -1.2094800e+04
   6.9108000e+00  -1.0486500e+00   6.0297600e+00   2.8749500e+00   5.2528400e+00   5.5070200e-01  -1.2092900e+04
   6.9107000e+00  -1.0469900e+00   6.0301400e+00   2.8746200e+00   5.2524200e+00   5.5127700e-01  -1.2092000e+04
   6.9083600e+00  -1.0448500e+00   6.0295900e+00   2.8745100e+00   5.2564400e+00   5.5567900e-01  -1.2095000e+04
   6.9093500e+00  -1.0452800e+00   6.0299700e+00   2.8746100e+00   5.2559600e+00   5.5373900e-01  -1.2093000e+04
   6.9077600e+00  -1.0467300e+00   6.0304400e+00   2.8746500e+00   5.2576800e+00   5.5710800e-01  -1.2093200e+04
   6.9120000e+00  -1.0503900e+00   6.0299400e+00   2.8749400e+00   5.2509200e+00   5.5082600e-01  -1.2092500e+04
   6.9114600e+00  -1.0493800e+00   6.0303200e+00   2.8749100e+00   5.2525600e+00   5.5281300e-01  -1.2093100e+04
   6.9142100e+00  -1.0480400e+00   6.0298800e+00   2.8756000e+00   5.2484300e+00   5.4634300e-01  -1.2096800e+04
   6.9100500e+00  -1.0477200e+00   6.0295200e+00   2.8752200e+00   5.2541500e+00   5.5364600e-01  -1.2094200e+04
   6.9060500e+00  -1.0501100e+00   6.0303900e+00   2.8750300e+00   5.2594100e+00   5.5693600e-01  -1.2096000e+04
   6.9110900e+00  -1.0519300e+00   6.0298000e+00   2.8751900e+00   5.2529100e+00   5.5360600e-01  -1.2092600e+04
   6.9090800e+00  -1.0520900e+00   6.0300500e+00   2.8750600e+00   5.2542300e+00   5.5441500e-01  -1.2092700e+04
   6.9124900e+00  -1.0505500e+00   6.0301200e+00   2.8747400e+00   5.2492100e+00   5.4932700e-01  -1.2094000e+04
   6.9108700e+00  -1.0504100e+00   6.0300400e+00   2.8748300e+00   5.2522300e+00   5.4785200e-01  -1.2095200e+04
   6.9114200e+00  -1.0508700e+00   6.0299700e+00   2.8754600e+00   5.2509900e+00   5.5070000e-01  -1.2092300e+04
   6.9093300e+00  -1.0518200e+00   6.0299500e+00   2.8750200e+00   5.2555200e+00   5.5454200e-01  -1.2091400e+04
   6.9105900e+00  -1.0501200e+00   6.0300300e+00   2.8752500e+00   5.2514300e+00   5.5124900e-01  -1.2093300e+04
   6.9121200e+00  -1.0495100e+00   6.0295900e+00   2.8747700e+00   5.2506000e+00   5.5049300e-01  -1.2094000e+04
   6.9086600e+00  -1.0493700e+00   6.0300500e+00   2.8756000e+00   5.2548300e+00   5.5470900e-01  -1.2092600e+04
   6.9099600e+00  -1.0508700e+00   6.0300900e+00   2.8755700e+00   5.2542000e+00   5.5552700e-01  -1.2092300e+04
   6.9124000e+00  -1.0505500e+00   6.0300700e+00   2.8756800e+00   5.2519900e+00   5.5098400e-01  -1.2094200e+04
   6.9099200e+00  -1.0502700e+00   6.0299000e+00   2.8757100e+00   5.2530100e+00   5.5177900e-01  -1.2092200e+04
   6.9110200e+00  -1.0504100e+00   6.0304400e+00   2.8758400e+00   5.2555800e+00   5.5366600e-01  -1.2096400e+04
   6.9110700e+00  -1.0537000e+00   6.0299800e+00   2.8758600e+00   5.2530500e+00   5.5134300e-01  -1.2091800e+04
   6.9084600e+00  -1.0515300e+00   6.0304500e+00   2.8757500e+00   5.2576400e+00   5.5425100e-01  -1.2093400e+04
   6.9090300e+00  -1.0534000e+00   6.0299100e+00   2.8758000e+00   5.2553000e+00   5.5533600e-01  -1.2091400e+04
   6.9082000e+00  -1.0565800e+00   6.0303000e+00   2.8758400e+00   5.2578300e+00   5.5643700e-01  -1.2091900e+04
   6.9094400e+00  -1.0560100e+00   6.0302900e+00   2.8763400e+00   5.2560000e+00   5.5768900e-01  -1.2093300e+04
   6.9101300e+00  -1.0560700e+00   6.0301400e+00   2.8764000e+00   5.2553800e+00   5.5526500e-01  -1.2091800e+04
   6.9067300e+00  -1.0555900e+00   6.0302000e+00   2.8765400e+00   5.2582200e+00   5.5716400e-01  -1.2094500e+04
   6.9079100e+00  -1.0562200e+00   6.0300600e+00   2.8766000e+00   5.2559300e+00   5.5426800e-01  -1.2094400e+04
   6.9092100e+00  -1.0570600e+00   6.0294700e+00   2.8764700e+00   5.2560200e+00   5.5517400e-01  -1.2092900e+04
   6.9079600e+00  -1.0597500e+00   6.0299000e+00   2.8766300e+00   5.2572500e+00   5.5737200e-01  -1.2091500e+04
   6.9091700e+00  -1.0603600e+00   6.0296400e+00   2.8765400e+00   5.2577300e+00   5.5771500e-01  -1.2093800e+04
   6.9091800e+00  -1.0617000e+00   6.0304100e+00   2.8768300e+00   5.2559900e+00   5.5820500e-01  -1.2094700e+04
   6.9081900e+00  -1.0629200e+00   6.0298700e+00   2.8767200e+00   5.2581400e+00   5.5661800e-01  -1.2091400e+04
   6.9075900e+00  -1.0650800e+00   6.0293300e+00   2.8764000e+00   5.2588800e+00   5.5832200e-01  -1.2093800e+04
   6.9085800e+00  -1.0649000e+00   6.0298400e+00   2.8764200e+00   5.2563700e+00   5.5785100e-01  -1.2091600e+04
   6.9078900e+00  -1.0636600e+00   6.0299600e+00   2.8764800e+00   5.2567800e+00   5.5676200e-01  -1.2092700e+04
   6.9107700e+00  -1.0631800e+00   6.0292400e+00   2.8766400e+00   5.2528200e+00   5.5291600e-01  -1.2093400e+04
   6.9124200e+00  -1.0636300e+00   6.0300600e+00   2.8766600e+00   5.2515900e+00   5.5346100e-01  -1.2094000e+04
   6.9120200e+00  -1.0643100e+00   6.0301300e+00   2.8765100e+00   5.2538000e+00   5.5185500e-01  -1.2094900e+04
   6.9112000e+00  -1.0616900e+00   6.0297700e+00   2.8767900e+00   5.2537800e+00   5.5379600e-01  -1.2091900e+04
   6.9105400e+00  -1.0612900e+00   6.0300200e+00   2.8762300e+00   5.2550200e+00   5.5302200e-01  -1.2092100e+04
   6.9095800e+00  -1.0614600e+00   6.0300900e+00   2.8761000e+00   5.2565300e+00   5.5412900e-01  -1.2092000e+04
   6.9103700e+00  -1.0595700e+00   6.0297100e+00   2.8757600e+00   5.2541900e+00   5.5233400e-01  -1.2092000e+04
   6.9111100e+00  -1.0604700e+00   6.0297400e+00   2.8762100e+00   5.2528200e+00   5.5446900e-01  -1.2092000e+04
   6.9087700e+00  -1.0619500e+00   6.0300500e+00   2.8763700e+00   5.2571300e+00   5.5774100e-01  -1.2091200e+04
   6.9081200e+00  -1.0607500e+00   6.0298800e+00   2.8762000e+00   5.2572900e+00   5.5442500e-01  -1.2092800e+04
   6.9078900e+00  -1.0598200e+00   6.0303300e+00   2.8764200e+00   5.2595500e+00   5.5825200e-01  -1.2092800e+04
   6.9089200e+00  -1.0587900e+00   6.0297400e+00   2.8765800e+00   5.2559900e+00   5.5556000e-01  -1.2091100e+04
   6.9111200e+00  -1.0562200e+00   6.0298400e+00   2.8770800e+00   5.2521800e+00   5.5388100e-01  -1.2092000e+04
   6.9100700e+00  -1.0564200e+00   6.0296900e+00   2.8768500e+00   5.2539700e+00   5.5304300e-01  -1.2091400e+04
   6.9091500e+00  -1.0551100e+00   6.0302000e+00   2.8777500e+00   5.2554000e+00   5.5531200e-01  -1.2091700e+04
   6.9108500e+00  -1.0537300e+00   6.0300200e+00   2.8774900e+00   5.2513100e+00   5.5181700e-01  -1.2093000e+04
   6.9112500e+00  -1.0563700e+00   6.0298800e+00   2.8774300e+00   5.2539600e+00   5.5492100e-01  -1.2093400e+04
   6.9105400e+00  -1.0569100e+00   6.0302300e+00   2.8775400e+00   5.2540700e+00   5.5286600e-01  -1.2092000e+04
   6.9103700e+00  -1.0557900e+00   6.0297400e+00   2.8772600e+00   5.2526000e+00   5.5185400e-01  -1.2091900e+04
   6.9106000e+00  -1.0525300e+00   6.0300000e+00   2.8774800e+00   5.2524400e+00   5.5246700e-01  -1.2091500e+04
   6.9101800e+00  -1.0517800e+00   6.0297600e+00   2.8774500e+00   5.2540000e+00   5.5238500e-01  -1.2091600e+04
   6.9091600e+00  -1.0506000e+00   6.0304400e+00   2.8773500e+00   5.2573800e+00   5.5500400e-01  -1.2093700e+04
   6.9082600e+00  -1.0505500e+00   6.0299600e+00   2.8767900e+00   5.2571500e+00   5.5565700e-01  -1.2091800e+04
   6.9098700e+00  -1.0528400e+00   6.0301800e+00   2.8762100e+00   5.2541000e+00   5.5187800e-01  -1.2092100e+04
   6.9087000e+00  -1.0522100e+00   6.0297000e+00   2.8762300e+00   5.2554400e+00   5.5431200e-01  -1.2092200e+04
   6.9099300e+00  -1.0556800e+00   6.0295000e+00   2.8759600e+00   5.2543200e+00   5.5434300e-01  -1.2092500e+04
   6.9091600e+00  -1.0562800e+00   6.0302800e+00   2.8759100e+00   5.2559700e+00   5.5819400e-01  -1.2093700e+04
   6.9080500e+00  -1.0579500e+00   6.0300100e+00   2.8762500e+00   5.2579000e+00   5.5718600e-01  -1.2091300e+04
   6.9098200e+00  -1.0573200e+00   6.0301200e+00   2.8766100e+00   5.2553900e+00   5.5593400e-01  -1.2091500e+04
   6.9104500e+00  -1.0618000e+00   6.0299500e+00   2.8770700e+00   5.2535600e+00   5.5354000e-01  -1.2091300e+04
   6.9092700e+00  -1.0640100e+00   6.0299300e+00   2.8772300e+00   5.2573700e+00   5.5875400e-01  -1.2092400e+04
   6.9083400e+00  -1.0645600e+00   6.0300100e+00   2.8773000e+00   5.2570800e+00   5.5783400e-01  -1.2091500e+04
   6.9108100e+00  -1.0633000e+00   6.0298700e+00   2.8772400e+00   5.2530600e+00   5.5246600e-01  -1.2091500e+04
   6.9072200e+00  -1.0615700e+00   6.0299300e+00   2.8775400e+00   5.2597600e+00   5.5881700e-01  -1.2092000e+04
   6.9100600e+00  -1.0636200e+00   6.0292700e+00   2.8776500e+00   5.2545400e+00   5.5482200e-01  -1.2092700e+04
   6.9113200e+00  -1.0617000e+00   6.0300200e+00   2.8773400e+00   5.2530900e+00   5.5355400e-01  -1.2091800e+04
   6.9091900e+00  -1.0626800e+00   6.0298400e+00   2.8774300e+00   5.2568600e+00   5.5784100e-01  -1.2091400e+04
   6.9099100e+00  -1.0608100e+00   6.0299400e+00   2.8781600e+00   5.2567000e+00   5.5634400e-01  -1.2092700e+04
   6.9086600e+00  -1.0588300e+00   6.0297100e+00   2.8785000e+00   5.2567300e+00   5.5606300e-01  -1.2091200e+04
   6.9098700e+00  -1.0584400e+00   6.0299600e+00   2.8787900e+00   5.2558800e+00   5.5613000e-01  -1.2091700e+04
   6.9079600e+00  -1.0598500e+00   6.0296400e+00   2.8788800e+00   5.2581100e+00   5.6069800e-01  -1.2093600e+04
   6.9072800e+00  -1.0593100e+00   6.0295600e+00   2.8785400e+00   5.2586000e+00   5.5660500e-01  -1.2093500e+04
   6.9109700e+00  -1.0606000e+00   6.0290600e+00   2.8782300e+00   5.2529000e+00   5.5264800e-01  -1.2095300e+04
   6.9075500e+00  -1.0628600e+00   6.0298500e+00   2.8779700e+00   5.2598100e+00   5.6032500e-01  -1.2092500e+04
   6.9083300e+00  -1.0621400e+00   6.0299900e+00   2.8782800e+00   5.2571700e+00   5.5928600e-01  -1.2092400e+04
   6.9101700e+00  -1.0610200e+00   6.0297000e+00   2.8782300e+00   5.2532700e+00   5.5388100e-01  -1.2091400e+04
   6.9061800e+00  -1.0593400e+00   6.0299200e+00   2.8782300e+00   5.2596900e+00   5.6169800e-01  -1.2094700e+04
   6.9079600e+00  -1.0602300e+00   6.0297700e+00   2.8782500e+00   5.2591300e+00   5.6079300e-01  -1.2093800e+04
   6.9063100e+00  -1.0615600e+00   6.0301000e+00   2.8777500e+00   5.2591500e+00   5.5902900e-01  -1.2094800e+04
   6.9073000e+00  -1.0625100e+00   6.0300100e+00   2.8777400e+00   5.2586200e+00   5.6001700e-01  -1.2092600e+04
   6.9101700e+00  -1.0615100e+00   6.0297800e+00   2.8777300e+00   5.2529500e+00   5.5378200e-01  -1.2092000e+04
   6.9103900e+00  -1.0619500e+00   6.0301900e+00   2.8777700e+00   5.2551000e+00   5.5524100e-01  -1.2092100e+04
   6.9098100e+00  -1.0626000e+00   6.0297800e+00   2.8777100e+00   5.2558500e+00   5.5472100e-01  -1.2091300e+04
   6.9117400e+00  -1.0636000e+00   6.0297300e+00   2.8773200e+00   5.2532200e+00   5.5537600e-01  -1.2093800e+04
   6.9124600e+00  -1.0647000e+00   6.0298600e+00   2.8770900e+00   5.2509600e+00   5.5114200e-01  -1.2092800e+04
   6.9075800e+00  -1.0660300e+00   6.0300600e+00   2.8769300e+00   5.2593000e+00   5.6004600e-01  -1.2091900e+04
   6.9141500e+00  -1.0651300e+00   6.0294900e+00   2.8767200e+00   5.2489700e+00   5.4984300e-01  -1.2096200e+04
   6.9108600e+00  -1.0641500e+00   6.0295200e+00   2.8764900e+00   5.2550100e+00   5.5178200e-01  -1.2095600e+04
   6.9093300e+00  -1.0661100e+00   6.0294000e+00   2.8764600e+00   5.2545400e+00   5.5528800e-01  -1.2092500e+04
   6.9078800e+00  -1.0660100e+00   6.0295800e+00   2.8762100e+00   5.2556800e+00   5.6003600e-01  -1.2097500e+04
   6.9068400e+00  -1.0661600e+00   6.0299400e+00   2.8763200e+00   5.2617900e+00   5.6211500e-01  -1.2093800e+04
   6.9114800e+00  -1.0671100e+00   6.0299300e+00   2.8767800e+00   5.2536100e+00   5.5450100e-01  -1.2092300e+04
   6.9075100e+00  -1.0646100e+00   6.0296200e+00   2.8764900e+00   5.2586600e+00   5.5843800e-01  -1.2091900e+04
   6.9117300e+00  -1.0628000e+00   6.0297000e+00   2.8761400e+00   5.2508800e+00   5.5343900e-01  -1.2093400e+04
   6.9107400e+00  -1.0635000e+00   6.0294500e+00   2.8763500e+00   5.2536500e+00   5.5369200e-01  -1.2092100e+04
   6.9090300e+00  -1.0615400e+00   6.0296900e+00   2.8760900e+00   5.2561100e+00   5.5665600e-01  -1.2091200e+04
   6.9080700e+00  -1.0621900e+00   6.0295300e+00   2.8761500e+00   5.2566200e+00   5.5470300e-01  -1.2093700e+04
   6.9093300e+00  -1.0618500e+00   6.0301800e+00   2.8760800e+00   5.2572300e+00   5.5823800e-01  -1.2092700e+04
   6.9086900e+00  -1.0631800e+00   6.0299100e+00   2.8758200e+00   5.2570500e+00   5.5652600e-01  -1.2090800e+04
   6.9084100e+00  -1.0642400e+00   6.0294400e+00   2.8753800e+00   5.2571600e+00   5.5777900e-01  -1.2092500e+04
   6.9085300e+00  -1.0621900e+00   6.0304800e+00   2.8744300e+00   5.2584600e+00   5.5888300e-01  -1.2093600e+04
   6.9098300e+00  -1.0629400e+00   6.0294700e+00   2.8746500e+00   5.2540100e+00   5.5537700e-01  -1.2092700e+04
   6.9070900e+00  -1.0622100e+00   6.0296800e+00   2.8741500e+00   5.2600100e+00   5.5869400e-01  -1.2093200e+04
   6.9106600e+00  -1.0639900e+00   6.0297700e+00   2.8742500e+00   5.2514700e+00   5.5304900e-01  -1.2095000e+04
   6.9115800e+00  -1.0634200e+00   6.0299400e+00   2.8744800e+00   5.2545500e+00   5.5255800e-01  -1.2094500e+04
   6.9080000e+00  -1.0639900e+00   6.0300700e+00   2.8739500e+00   5.2581300e+00   5.5687900e-01  -1.2091500e+04
   6.9074400e+00  -1.0639400e+00   6.0305900e+00   2.8736000e+00   5.2604000e+00   5.5911100e-01  -1.2094000e+04
   6.9106900e+00  -1.0631700e+00   6.0297700e+00   2.8739600e+00   5.2540400e+00   5.5218400e-01  -1.2092200e+04
   6.9108300e+00  -1.0596500e+00   6.0300600e+00   2.8741800e+00   5.2528700e+00   5.5208500e-01  -1.2092000e+04
   6.9094000e+00  -1.0575500e+00   6.0300900e+00   2.8739100e+00   5.2549400e+00   5.5431200e-01  -1.2091600e+04
   6.9108300e+00  -1.0568000e+00   6.0306500e+00   2.8743800e+00   5.2556600e+00   5.5575700e-01  -1.2096600e+04
   6.9108100e+00  -1.0556700e+00   6.0300400e+00   2.8740100e+00   5.2529300e+00   5.5439500e-01  -1.2092600e+04
   6.9077900e+00  -1.0568500e+00   6.0305900e+00   2.8741300e+00   5.2593100e+00   5.5584300e-01  -1.2094400e+04
   6.9088300e+00  -1.0547800e+00   6.0301500e+00   2.8737600e+00   5.2561200e+00   5.5698000e-01  -1.2092300e+04
   6.9052700e+00  -1.0520600e+00   6.0299300e+00   2.8732700e+00   5.2590900e+00   5.5905700e-01  -1.2099700e+04
   6.9077700e+00  -1.0555200e+00   6.0296200e+00   2.8737200e+00   5.2572400e+00   5.5885700e-01  -1.2094600e+04
   6.9088800e+00  -1.0533800e+00   6.0300400e+00   2.8742500e+00   5.2571300e+00   5.5699300e-01  -1.2092300e+04
   6.9103400e+00  -1.0510600e+00   6.0299600e+00   2.8742000e+00   5.2532700e+00   5.5861700e-01  -1.2100000e+04
   6.9091700e+00  -1.0505000e+00   6.0300800e+00   2.8747600e+00   5.2567400e+00   5.5650900e-01  -1.2092600e+04
   6.9100700e+00  -1.0508100e+00   6.0302000e+00   2.8749700e+00   5.2536100e+00   5.5195200e-01  -1.2092000e+04
   6.9098300e+00  -1.0459300e+00   6.0302900e+00   2.8749800e+00   5.2532300e+00   5.5316900e-01  -1.2092700e+04
   6.9113400e+00  -1.0414800e+00   6.0296700e+00   2.8752300e+00   5.2505700e+00   5.4877000e-01  -1.2094100e+04
   6.9079200e+00  -1.0418800e+00   6.0301700e+00   2.8746900e+00   5.2566700e+00   5.5385000e-01  -1.2093200e+04
   6.9102000e+00  -1.0422800e+00   6.0297400e+00   2.8739200e+00   5.2520800e+00   5.5209100e-01  -1.2094000e+04
   6.9119300e+00  -1.0425800e+00   6.0300400e+00   2.8737700e+00   5.2529800e+00   5.5004200e-01  -1.2096700e+04
   6.9082400e+00  -1.0445400e+00   6.0297900e+00   2.8733800e+00   5.2548300e+00   5.5513200e-01  -1.2095200e+04
   6.9125900e+00  -1.0427400e+00   6.0304300e+00   2.8735100e+00   5.2508200e+00   5.5036700e-01  -1.2095000e+04
   6.9115300e+00  -1.0457600e+00   6.0299700e+00   2.8740000e+00   5.2525900e+00   5.5140600e-01  -1.2093500e+04
   6.9096800e+00  -1.0473600e+00   6.0298000e+00   2.8739000e+00   5.2548200e+00   5.5246600e-01  -1.2093200e+04
   6.9124600e+00  -1.0479100e+00   6.0300000e+00   2.8737600e+00   5.2490500e+00   5.4785700e-01  -1.2094200e+04
   6.9106400e+00  -1.0455800e+00   6.0298900e+00   2.8735600e+00   5.2521900e+00   5.5308900e-01  -1.2093400e+04
   6.9093300e+00  -1.0482000e+00   6.0300500e+00   2.8734900e+00   5.2550400e+00   5.5256100e-01  -1.2092300e+04
   6.9122300e+00  -1.0483300e+00   6.0303700e+00   2.8731900e+00   5.2520800e+00   5.5114900e-01  -1.2094600e+04
   6.9093900e+00  -1.0460400e+00   6.0304400e+00   2.8727700e+00   5.2557200e+00   5.5216500e-01  -1.2093200e+04
   6.9101400e+00  -1.0451100e+00   6.0302800e+00   2.8724400e+00   5.2522000e+00   5.4944200e-01  -1.2094900e+04
   6.9107300e+00  -1.0455300e+00   6.0303800e+00   2.8718400e+00   5.2529800e+00   5.5330000e-01  -1.2093800e+04
   6.9080800e+00  -1.0454700e+00   6.0299100e+00   2.8723200e+00   5.2563600e+00   5.5549000e-01  -1.2093900e+04
   6.9109800e+00  -1.0459300e+00   6.0305900e+00   2.8725500e+00   5.2530000e+00   5.5101100e-01  -1.2093800e+04
   6.9097300e+00  -1.0439500e+00   6.0300400e+00   2.8730900e+00   5.2540000e+00   5.5130900e-01  -1.2092900e+04
   6.9096000e+00  -1.0451700e+00   6.0297500e+00   2.8733500e+00   5.2545900e+00   5.5319800e-01  -1.2093700e+04
   6.9093300e+00  -1.0464400e+00   6.0298900e+00   2.8736100e+00   5.2540800e+00   5.5428100e-01  -1.2093000e+04
   6.9071700e+00  -1.0496200e+00   6.0299100e+00   2.8742300e+00   5.2579300e+00   5.5825500e-01  -1.2093800e+04
   6.9072900e+00  -1.0507500e+00   6.0299000e+00   2.8742600e+00   5.2585100e+00   5.5589500e-01  -1.2093600e+04
   6.9106500e+00  -1.0492200e+00   6.0302600e+00   2.8743500e+00   5.2546800e+00   5.5391400e-01  -1.2093100e+04
   6.9101100e+00  -1.0488600e+00   6.0302600e+00   2.8745000e+00   5.2549600e+00   5.5350200e-01  -1.2092100e+04
   6.9113000e+00  -1.0487900e+00   6.0296400e+00   2.8744200e+00   5.2517800e+00   5.4907500e-01  -1.2094500e+04
   6.9120000e+00  -1.0484300e+00   6.0302700e+00   2.8745500e+00   5.2510300e+00   5.4873700e-01  -1.2093400e+04
   6.9075200e+00  -1.0468100e+00   6.0300300e+00   2.8748200e+00   5.2568300e+00   5.5611400e-01  -1.2093300e+04
   6.9117900e+00  -1.0467000e+00   6.0303300e+00   2.8748900e+00   5.2525300e+00   5.5119000e-01  -1.2093500e+04
   6.9115500e+00  -1.0452800e+00   6.0302500e+00   2.8744800e+00   5.2518300e+00   5.4792000e-01  -1.2094200e+04
   6.9106700e+00  -1.0447500e+00   6.0300300e+00   2.8746000e+00   5.2518900e+00   5.5109600e-01  -1.2092300e+04
   6.9115400e+00  -1.0443000e+00   6.0299400e+00   2.8750300e+00   5.2522300e+00   5.5263700e-01  -1.2093800e+04
   6.9100400e+00  -1.0447300e+00   6.0305500e+00   2.8749300e+00   5.2552200e+00   5.5412300e-01  -1.2093500e+04
   6.9082200e+00  -1.0444200e+00   6.0303500e+00   2.8749100e+00   5.2572900e+00   5.5403300e-01  -1.2093000e+04
   6.9093500e+00  -1.0465400e+00   6.0298600e+00   2.8748800e+00   5.2537900e+00   5.5421900e-01  -1.2092700e+04
   6.9090400e+00  -1.0474400e+00   6.0300800e+00   2.8745000e+00   5.2543600e+00   5.5116500e-01  -1.2093900e+04
   6.9101700e+00  -1.0471100e+00   6.0301400e+00   2.8747600e+00   5.2531400e+00   5.5298800e-01  -1.2091900e+04
   6.9094100e+00  -1.0474800e+00   6.0304000e+00   2.8749400e+00   5.2573000e+00   5.5362200e-01  -1.2094700e+04
   6.9093200e+00  -1.0483900e+00   6.0300800e+00   2.8748700e+00   5.2555500e+00   5.5526600e-01  -1.2091800e+04
   6.9087500e+00  -1.0473600e+00   6.0301600e+00   2.8748300e+00   5.2542400e+00   5.5306500e-01  -1.2093700e+04
   6.9084100e+00  -1.0451000e+00   6.0305200e+00   2.8742700e+00   5.2569100e+00   5.5530900e-01  -1.2092900e+04
   6.9106500e+00  -1.0465000e+00   6.0304800e+00   2.8740800e+00   5.2521200e+00   5.5180100e-01  -1.2093900e+04
   6.9114700e+00  -1.0478700e+00   6.0303400e+00   2.8745200e+00   5.2542800e+00   5.5298500e-01  -1.2095600e+04
   6.9096200e+00  -1.0480100e+00   6.0301200e+00   2.8744900e+00   5.2540700e+00   5.5446800e-01  -1.2092200e+04
   6.9101100e+00  -1.0483700e+00   6.0301200e+00   2.8742600e+00   5.2541200e+00   5.5378400e-01  -1.2091800e+04
   6.9091600e+00  -1.0532500e+00   6.0304400e+00   2.8745300e+00   5.2559500e+00   5.5414200e-01  -1.2092400e+04
   6.9089300e+00  -1.0556600e+00   6.0299000e+00   2.8742600e+00   5.2572000e+00   5.5754100e-01  -1.2092600e+04
   6.9083500e+00  -1.0554300e+00   6.0299200e+00   2.8741400e+00   5.2574700e+00   5.5571000e-01  -1.2091900e+04
   6.9097400e+00  -1.0568700e+00   6.0305100e+00   2.8735100e+00   5.2547600e+00   5.5561900e-01  -1.2094200e+04
   6.9117300e+00  -1.0575800e+00   6.0302200e+00   2.8732700e+00   5.2531300e+00   5.5148100e-01  -1.2093300e+04
   6.9086500e+00  -1.0584400e+00   6.0300300e+00   2.8738500e+00   5.2565700e+00   5.5572200e-01  -1.2091400e+04
   6.9109100e+00  -1.0592300e+00   6.0301100e+00   2.8739900e+00   5.2548900e+00   5.5484100e-01  -1.2093000e+04
   6.9083900e+00  -1.0579400e+00   6.0302700e+00   2.8736800e+00   5.2593900e+00   5.5696100e-01  -1.2093600e+04
   6.9090300e+00  -1.0588600e+00   6.0303500e+00   2.8738300e+00   5.2544500e+00   5.5478700e-01  -1.2095300e+04
   6.9078500e+00  -1.0625500e+00   6.0297400e+00   2.8746400e+00   5.2581900e+00   5.5880200e-01  -1.2091900e+04
   6.9086700e+00  -1.0631100e+00   6.0299400e+00   2.8747200e+00   5.2576200e+00   5.5751600e-01  -1.2091100e+04
   6.9070300e+00  -1.0649100e+00   6.0298200e+00   2.8744800e+00   5.2584700e+00   5.6102700e-01  -1.2094300e+04
   6.9074900e+00  -1.0671300e+00   6.0297200e+00   2.8737500e+00   5.2596300e+00   5.5759200e-01  -1.2092600e+04
   6.9094300e+00  -1.0684900e+00   6.0298600e+00   2.8734000e+00   5.2545100e+00   5.5346200e-01  -1.2093500e+04
   6.9090000e+00  -1.0684600e+00   6.0293700e+00   2.8737700e+00   5.2539900e+00   5.5409200e-01  -1.2096200e+04
   6.9097300e+00  -1.0719900e+00   6.0295300e+00   2.8738100e+00   5.2562100e+00   5.5398200e-01  -1.2093000e+04
   6.9098300e+00  -1.0707700e+00   6.0301600e+00   2.8740700e+00   5.2547300e+00   5.5832800e-01  -1.2095500e+04
   6.9056300e+00  -1.0730800e+00   6.0299100e+00   2.8735600e+00   5.2637000e+00   5.6287500e-01  -1.2093700e+04
   6.9101600e+00  -1.0716200e+00   6.0297300e+00   2.8736800e+00   5.2558800e+00   5.5810100e-01  -1.2092600e+04
   6.9097300e+00  -1.0723300e+00   6.0301700e+00   2.8735800e+00   5.2582800e+00   5.6050000e-01  -1.2095700e+04
   6.9094600e+00  -1.0717300e+00   6.0298200e+00   2.8733500e+00   5.2562900e+00   5.5699400e-01  -1.2091000e+04
   6.9090300e+00  -1.0700100e+00   6.0298400e+00   2.8738000e+00   5.2566600e+00   5.5770800e-01  -1.2091100e+04
   6.9095400e+00  -1.0723000e+00   6.0295600e+00   2.8740300e+00   5.2557400e+00   5.5769300e-01  -1.2091800e+04
   6.9106700e+00  -1.0739800e+00   6.0297900e+00   2.8735600e+00   5.2530900e+00   5.5339100e-01  -1.2093100e+04
   6.9101000e+00  -1.0746100e+00   6.0295100e+00   2.8737200e+00   5.2545700e+00   5.5516400e-01  -1.2091900e+04
   6.9104300e+00  -1.0718600e+00   6.0297500e+00   2.8740200e+00   5.2555600e+00   5.5437900e-01  -1.2091800e+04
   6.9086800e+00  -1.0709800e+00   6.0296800e+00   2.8742000e+00   5.2572700e+00   5.5799500e-01  -1.2091100e+04
   6.9076200e+00  -1.0738000e+00   6.0300400e+00   2.8735700e+00   5.2590900e+00   5.5764300e-01  -1.2092100e+04
   6.9075400e+00  -1.0765400e+00   6.0297200e+00   2.8745400e+00   5.2594700e+00   5.6050500e-01  -1.2091200e+04
   6.9081400e+00  -1.0754600e+00   6.0295400e+00   2.8744700e+00   5.2584000e+00   5.5743200e-01  -1.2091700e+04
   6.9045700e+00  -1.0744400e+00   6.0302900e+00   2.8749600e+00   5.2658700e+00   5.6164800e-01  -1.2098400e+04
   6.9081500e+00  -1.0748200e+00   6.0301100e+00   2.8745200e+00   5.2573800e+00   5.5852400e-01  -1.2093300e+04
   6.9112000e+00  -1.0755300e+00   6.0297900e+00   2.8744200e+00   5.2541200e+00   5.5471600e-01  -1.2091800e+04
   6.9081400e+00  -1.0769000e+00   6.0299600e+00   2.8745000e+00   5.2596700e+00   5.6021200e-01  -1.2091200e+04
   6.9072700e+00  -1.0754500e+00   6.0299500e+00   2.8744600e+00   5.2602500e+00   5.6149100e-01  -1.2091700e+04
   6.9117100e+00  -1.0741900e+00   6.0297400e+00   2.8741600e+00   5.2555900e+00   5.5392300e-01  -1.2096400e+04
   6.9092900e+00  -1.0750600e+00   6.0296100e+00   2.8735400e+00   5.2564900e+00   5.5651100e-01  -1.2091100e+04
   6.9104000e+00  -1.0742900e+00   6.0296800e+00   2.8727900e+00   5.2547100e+00   5.5351400e-01  -1.2092200e+04
   6.9071100e+00  -1.0725400e+00   6.0300900e+00   2.8722400e+00   5.2589400e+00   5.5861100e-01  -1.2093500e+04
   6.9084900e+00  -1.0744000e+00   6.0295600e+00   2.8729500e+00   5.2557100e+00   5.5540100e-01  -1.2094700e+04
   6.9113400e+00  -1.0747700e+00   6.0299300e+00   2.8724900e+00   5.2557100e+00   5.5575400e-01  -1.2094300e+04
   6.9084300e+00  -1.0761500e+00   6.0297200e+00   2.8723900e+00   5.2573400e+00   5.5888000e-01  -1.2092000e+04
   6.9081400e+00  -1.0760100e+00   6.0295100e+00   2.8726900e+00   5.2584400e+00   5.5547500e-01  -1.2094200e+04
   6.9067700e+00  -1.0752400e+00   6.0298400e+00   2.8723100e+00   5.2608400e+00   5.5714900e-01  -1.2094700e+04
   6.9089800e+00  -1.0768700e+00   6.0297000e+00   2.8718100e+00   5.2579500e+00   5.5647800e-01  -1.2091800e+04
   6.9074500e+00  -1.0736800e+00   6.0301300e+00   2.8717100e+00   5.2613200e+00   5.5894800e-01  -1.2092800e+04
   6.9084500e+00  -1.0744900e+00   6.0299600e+00   2.8720300e+00   5.2579400e+00   5.5962400e-01  -1.2092000e+04
   6.9099700e+00  -1.0757300e+00   6.0300600e+00   2.8719000e+00   5.2562800e+00   5.5600000e-01  -1.2091700e+04
   6.9096800e+00  -1.0758900e+00   6.0299600e+00   2.8716900e+00   5.2573900e+00   5.5589800e-01  -1.2091900e+04
   6.9068700e+00  -1.0766200e+00   6.0301000e+00   2.8711200e+00   5.2615400e+00   5.6214500e-01  -1.2092400e+04
   6.9066100e+00  -1.0742000e+00   6.0302400e+00   2.8709600e+00   5.2620600e+00   5.6214200e-01  -1.2093000e+04
   6.9071800e+00  -1.0754400e+00   6.0298400e+00   2.8713200e+00   5.2593500e+00   5.6072700e-01  -1.2092800e+04
   6.9081200e+00  -1.0752000e+00   6.0293700e+00   2.8716500e+00   5.2568300e+00   5.5968200e-01  -1.2095300e+04
   6.9093600e+00  -1.0742200e+00   6.0306800e+00   2.8713400e+00   5.2560600e+00   5.5743600e-01  -1.2098400e+04
   6.9085500e+00  -1.0743800e+00   6.0298500e+00   2.8710600e+00   5.2560300e+00   5.5440200e-01  -1.2095300e+04
   6.9089100e+00  -1.0725300e+00   6.0296800e+00   2.8711600e+00   5.2563300e+00   5.5715400e-01  -1.2092400e+04
   6.9092900e+00  -1.0746000e+00   6.0298900e+00   2.8712700e+00   5.2577800e+00   5.5626800e-01  -1.2091800e+04
   6.9070800e+00  -1.0721000e+00   6.0301400e+00   2.8715400e+00   5.2599800e+00   5.5939700e-01  -1.2092300e+04
   6.9099500e+00  -1.0732400e+00   6.0304400e+00   2.8711100e+00   5.2571700e+00   5.5638800e-01  -1.2093600e+04
   6.9090300e+00  -1.0734800e+00   6.0301600e+00   2.8711400e+00   5.2568900e+00   5.5638700e-01  -1.2092200e+04
   6.9110200e+00  -1.0741100e+00   6.0300700e+00   2.8707700e+00   5.2541600e+00   5.5292000e-01  -1.2093200e+04
   6.9103200e+00  -1.0727100e+00   6.0298600e+00   2.8708100e+00   5.2559300e+00   5.5653000e-01  -1.2092300e+04
   6.9079300e+00  -1.0716700e+00   6.0297300e+00   2.8706200e+00   5.2596500e+00   5.5844300e-01  -1.2092600e+04
   6.9083600e+00  -1.0736800e+00   6.0298800e+00   2.8701500e+00   5.2582200e+00   5.5699800e-01  -1.2091900e+04
   6.9067900e+00  -1.0742800e+00   6.0303700e+00   2.8694600e+00   5.2608800e+00   5.5941900e-01  -1.2093800e+04
   6.9084400e+00  -1.0741500e+00   6.0298600e+00   2.8691900e+00   5.2599000e+00   5.5647400e-01  -1.2094600e+04
   6.9076900e+00  -1.0759800e+00   6.0301800e+00   2.8692000e+00   5.2589200e+00   5.5743600e-01  -1.2093500e+04
   6.9075100e+00  -1.0791900e+00   6.0299300e+00   2.8693900e+00   5.2607900e+00   5.5849800e-01  -1.2092600e+04
   6.9094900e+00  -1.0780600e+00   6.0302400e+00   2.8694200e+00   5.2580700e+00   5.5784400e-01  -1.2092700e+04
   6.9120100e+00  -1.0777200e+00   6.0295600e+00   2.8691900e+00   5.2539500e+00   5.5192600e-01  -1.2096700e+04
   6.9104700e+00  -1.0805100e+00   6.0300600e+00   2.8692000e+00   5.2565200e+00   5.5479400e-01  -1.2093300e+04
   6.9072000e+00  -1.0817400e+00   6.0297900e+00   2.8688400e+00   5.2602400e+00   5.6111000e-01  -1.2092600e+04
   6.9070200e+00  -1.0832400e+00   6.0300000e+00   2.8691100e+00   5.2621900e+00   5.6180900e-01  -1.2092200e+04
   6.9086300e+00  -1.0846000e+00   6.0303600e+00   2.8688200e+00   5.2584700e+00   5.6071300e-01  -1.2095500e+04
   6.9086800e+00  -1.0840700e+00   6.0301300e+00   2.8688900e+00   5.2588200e+00   5.5655000e-01  -1.2093300e+04
   6.9068600e+00  -1.0834900e+00   6.0297900e+00   2.8695700e+00   5.2619400e+00   5.6129200e-01  -1.2092200e+04
   6.9109800e+00  -1.0842200e+00   6.0301900e+00   2.8695800e+00   5.2577800e+00   5.5899600e-01  -1.2097500e+04
   6.9082600e+00  -1.0832600e+00   6.0296000e+00   2.8695500e+00   5.2594500e+00   5.5938000e-01  -1.2092100e+04
   6.9107100e+00  -1.0830100e+00   6.0295100e+00   2.8693700e+00   5.2555400e+00   5.5457800e-01  -1.2093900e+04
   6.9095000e+00  -1.0835200e+00   6.0301300e+00   2.8695100e+00   5.2564800e+00   5.5587400e-01  -1.2093800e+04
   6.9074700e+00  -1.0828200e+00   6.0301300e+00   2.8694000e+00   5.2606500e+00   5.5910000e-01  -1.2092500e+04
   6.9099500e+00  -1.0811800e+00   6.0299900e+00   2.8687800e+00   5.2550300e+00   5.5344900e-01  -1.2095400e+04
   6.9092100e+00  -1.0822300e+00   6.0293900e+00   2.8686800e+00   5.2588100e+00   5.5981600e-01  -1.2095500e+04
   6.9095500e+00  -1.0792500e+00   6.0298300e+00   2.8689400e+00   5.2577400e+00   5.5501900e-01  -1.2093600e+04
   6.9082700e+00  -1.0797300e+00   6.0301700e+00   2.8685100e+00   5.2592700e+00   5.6047600e-01  -1.2093000e+04
   6.9096700e+00  -1.0799600e+00   6.0297400e+00   2.8681200e+00   5.2567700e+00   5.6004000e-01  -1.2095100e+04
   6.9105800e+00  -1.0781400e+00   6.0304300e+00   2.8681000e+00   5.2568200e+00   5.5661500e-01  -1.2095100e+04
   6.9099900e+00  -1.0762800e+00   6.0296400e+00   2.8682200e+00   5.2560700e+00   5.5318700e-01  -1.2095200e+04
   6.9091700e+00  -1.0780000e+00   6.0297900e+00   2.8683400e+00   5.2555900e+00   5.5557600e-01  -1.2094700e+04
   6.9063700e+00  -1.0795700e+00   6.0297000e+00   2.8687600e+00   5.2611900e+00   5.6186300e-01  -1.2093800e+04
   6.9079500e+00  -1.0788800e+00   6.0297600e+00   2.8685100e+00   5.2578800e+00   5.5893900e-01  -1.2094000e+04
   6.9069400e+00  -1.0797000e+00   6.0301500e+00   2.8690700e+00   5.2632200e+00   5.6035100e-01  -1.2094400e+04
   6.9098100e+00  -1.0817400e+00   6.0301500e+00   2.8691200e+00   5.2559100e+00   5.5761300e-01  -1.2094300e+04
   6.9088100e+00  -1.0810500e+00   6.0299500e+00   2.8695400e+00   5.2592900e+00   5.5734700e-01  -1.2092400e+04
   6.9077600e+00  -1.0806100e+00   6.0294200e+00   2.8688900e+00   5.2617000e+00   5.6037700e-01  -1.2096900e+04
   6.9084400e+00  -1.0840800e+00   6.0302600e+00   2.8689200e+00   5.2585100e+00   5.5879500e-01  -1.2093700e+04
   6.9106000e+00  -1.0839900e+00   6.0298700e+00   2.8692900e+00   5.2546400e+00   5.5380900e-01  -1.2094100e+04
   6.9097700e+00  -1.0836600e+00   6.0300700e+00   2.8693700e+00   5.2560800e+00   5.5574900e-01  -1.2093600e+04
   6.9075100e+00  -1.0827800e+00   6.0303000e+00   2.8688000e+00   5.2601100e+00   5.6212700e-01  -1.2094700e+04
   6.9069300e+00  -1.0825300e+00   6.0298600e+00   2.8690500e+00   5.2598700e+00   5.5787100e-01  -1.2095000e+04
   6.9095500e+00  -1.0825000e+00   6.0294900e+00   2.8686500e+00   5.2567800e+00   5.6017900e-01  -1.2095200e+04
   6.9132400e+00  -1.0822500e+00   6.0299800e+00   2.8685700e+00   5.2511500e+00   5.5148100e-01  -1.2097400e+04
   6.9083400e+00  -1.0824400e+00   6.0296700e+00   2.8691500e+00   5.2589700e+00   5.6079900e-01  -1.2092700e+04
   6.9084200e+00  -1.0825100e+00   6.0297300e+00   2.8688700e+00   5.2564900e+00   5.5651400e-01  -1.2095900e+04
   6.9086400e+00  -1.0807500e+00   6.0302200e+00   2.8690700e+00   5.2604900e+00   5.5688200e-01  -1.2094800e+04
   6.9101100e+00  -1.0787400e+00   6.0294900e+00   2.8698500e+00   5.2551800e+00   5.5434900e-01  -1.2093700e+04
   6.9099600e+00  -1.0783400e+00   6.0295700e+00   2.8699200e+00   5.2567600e+00   5.5372300e-01  -1.2095000e+04
   6.9089100e+00  -1.0779800e+00   6.0302200e+00   2.8702500e+00   5.2588000e+00   5.5782800e-01  -1.2092200e+04
   6.9091000e+00  -1.0767800e+00   6.0299400e+00   2.8706100e+00   5.2585000e+00   5.5872000e-01  -1.2091900e+04
   6.9081800e+00  -1.0747600e+00   6.0301800e+00   2.8707800e+00   5.2595200e+00   5.5982200e-01  -1.2092000e+04
   6.9082100e+00  -1.0754000e+00   6.0298200e+00   2.8705300e+00   5.2570200e+00   5.5672200e-01  -1.2093600e+04
   6.9088600e+00  -1.0741700e+00   6.0297000e+00   2.8703800e+00   5.2584300e+00   5.5910300e-01  -1.2092700e+04
   6.9088900e+00  -1.0755800e+00   6.0301300e+00   2.8710300e+00   5.2588900e+00   5.5838200e-01  -1.2091900e+04
   6.9107000e+00  -1.0748000e+00   6.0299400e+00   2.8712700e+00   5.2554600e+00   5.5707000e-01  -1.2093000e+04
   6.9099100e+00  -1.0749600e+00   6.0298700e+00   2.8713300e+00   5.2555700e+00   5.5525500e-01  -1.2091800e+04
   6.9097500e+00  -1.0741500e+00   6.0292500e+00   2.8716700e+00   5.2558300e+00   5.5520000e-01  -1.2094400e+04
   6.9068100e+00  -1.0733400e+00   6.0304700e+00   2.8718000e+00   5.2603300e+00   5.5996900e-01  -1.2094800e+04
   6.9071900e+00  -1.0729100e+00   6.0299900e+00   2.8721000e+00   5.2599800e+00   5.6108600e-01  -1.2092200e+04
   6.9063400e+00  -1.0740800e+00   6.0299000e+00   2.8715600e+00   5.2602500e+00   5.6109500e-01  -1.2093800e+04
   6.9097200e+00  -1.0745600e+00   6.0298500e+00   2.8711000e+00   5.2571900e+00   5.5482400e-01  -1.2092700e+04
   6.9089000e+00  -1.0751600e+00   6.0301300e+00   2.8718300e+00   5.2597900e+00   5.5855200e-01  -1.2093100e+04
   6.9063200e+00  -1.0757700e+00   6.0295400e+00   2.8712500e+00   5.2611100e+00   5.6236900e-01  -1.2094000e+04
   6.9094600e+00  -1.0737000e+00   6.0301400e+00   2.8714600e+00   5.2577600e+00   5.5906200e-01  -1.2092800e+04
   6.9073500e+00  -1.0746100e+00   6.0299100e+00   2.8719500e+00   5.2592100e+00   5.6033000e-01  -1.2092300e+04
   6.9070200e+00  -1.0751600e+00   6.0298700e+00   2.8719900e+00   5.2605200e+00   5.6201200e-01  -1.2092400e+04
   6.9098000e+00  -1.0772800e+00   6.0302500e+00   2.8719000e+00   5.2575800e+00   5.5800100e-01  -1.2092900e+04
   6.9100200e+00  -1.0757200e+00   6.0301200e+00   2.8721800e+00   5.2565300e+00   5.5747700e-01  -1.2092200e+04
   6.9104700e+00  -1.0751200e+00   6.0298200e+00   2.8719700e+00   5.2558800e+00   5.5400500e-01  -1.2092600e+04
   6.9087600e+00  -1.0734800e+00   6.0297800e+00   2.8719900e+00   5.2576800e+00   5.5724800e-01  -1.2091200e+04
   6.9110900e+00  -1.0740500e+00   6.0297900e+00   2.8717200e+00   5.2547100e+00   5.5820000e-01  -1.2095400e+04
   6.9097900e+00  -1.0737400e+00   6.0301400e+00   2.8719100e+00   5.2551000e+00   5.5471700e-01  -1.2093200e+04
   6.9119000e+00  -1.0754500e+00   6.0300100e+00   2.8720700e+00   5.2520300e+00   5.5351100e-01  -1.2094600e+04
   6.9095000e+00  -1.0773400e+00   6.0296600e+00   2.8725300e+00   5.2562300e+00   5.5863300e-01  -1.2092100e+04
   6.9093300e+00  -1.0789400e+00   6.0300700e+00   2.8726200e+00   5.2568900e+00   5.6002000e-01  -1.2093700e+04
   6.9099500e+00  -1.0778000e+00   6.0299700e+00   2.8725600e+00   5.2576100e+00   5.5661900e-01  -1.2092300e+04
   6.9086700e+00  -1.0778100e+00   6.0297100e+00   2.8729600e+00   5.2575200e+00   5.5995300e-01  -1.2091900e+04
   6.9054400e+00  -1.0774200e+00   6.0296200e+00   2.8729400e+00   5.2624600e+00   5.6561500e-01  -1.2095800e+04
   6.9089100e+00  -1.0760300e+00   6.0299200e+00   2.8722600e+00   5.2594800e+00   5.5966700e-01  -1.2092700e+04
   6.9109500e+00  -1.0782600e+00   6.0294400e+00   2.8718400e+00   5.2544100e+00   5.5425400e-01  -1.2093100e+04
   6.9108900e+00  -1.0781400e+00   6.0301600e+00   2.8721200e+00   5.2558900e+00   5.5382400e-01  -1.2093900e+04
   6.9094900e+00  -1.0765900e+00   6.0297100e+00   2.8722800e+00   5.2556800e+00   5.5787700e-01  -1.2092400e+04
   6.9078800e+00  -1.0794900e+00   6.0298200e+00   2.8726000e+00   5.2607200e+00   5.5904800e-01  -1.2092100e+04
   6.9070400e+00  -1.0791800e+00   6.0294700e+00   2.8727500e+00   5.2597300e+00   5.5884200e-01  -1.2093200e+04
   6.9118700e+00  -1.0826000e+00   6.0292800e+00   2.8727100e+00   5.2531900e+00   5.5675200e-01  -1.2095600e+04
   6.9079200e+00  -1.0823200e+00   6.0296200e+00   2.8727300e+00   5.2576400e+00   5.5998500e-01  -1.2093400e+04
   6.9097600e+00  -1.0823400e+00   6.0299600e+00   2.8728000e+00   5.2568300e+00   5.5523800e-01  -1.2092400e+04
   6.9083800e+00  -1.0824300e+00   6.0299700e+00   2.8729900e+00   5.2578500e+00   5.5891400e-01  -1.2092400e+04
   6.9071500e+00  -1.0824300e+00   6.0299900e+00   2.8737900e+00   5.2623300e+00   5.6285300e-01  -1.2092400e+04
   6.9098000e+00  -1.0803900e+00   6.0299500e+00   2.8737900e+00   5.2579600e+00   5.5602500e-01  -1.2092800e+04
   6.9079200e+00  -1.0832300e+00   6.0291400e+00   2.8733300e+00   5.2592400e+00   5.5973400e-01  -1.2093500e+04
   6.9108700e+00  -1.0825300e+00   6.0295000e+00   2.8736600e+00   5.2562500e+00   5.5841900e-01  -1.2094100e+04
   6.9065900e+00  -1.0825400e+00   6.0298600e+00   2.8739400e+00   5.2609200e+00   5.6211400e-01  -1.2092300e+04
   6.9050700e+00  -1.0785100e+00   6.0296100e+00   2.8741500e+00   5.2645100e+00   5.6547100e-01  -1.2094800e+04
   6.9081300e+00  -1.0809100e+00   6.0300200e+00   2.8733200e+00   5.2611300e+00   5.6134500e-01  -1.2092700e+04
   6.9111100e+00  -1.0796100e+00   6.0300900e+00   2.8735600e+00   5.2543900e+00   5.5165900e-01  -1.2095400e+04
   6.9088000e+00  -1.0776200e+00   6.0298600e+00   2.8740000e+00   5.2589400e+00   5.5863900e-01  -1.2091200e+04
   6.9066900e+00  -1.0748000e+00   6.0297500e+00   2.8733200e+00   5.2617200e+00   5.6089400e-01  -1.2092300e+04
   6.9075000e+00  -1.0740000e+00   6.0299300e+00   2.8741600e+00   5.2600600e+00   5.6119200e-01  -1.2091600e+04
