   6.9093300e+00  -1.0755700e+00   6.0296700e+00   2.8767900e+00   5.2566600e+00   5.5723800e-01  -1.2090600e+06
   6.9093100e+00  -1.0744100e+00   6.0297300e+00   2.8767700e+00   5.2567800e+00   5.5728200e-01  -1.2090600e+06
   6.9091500e+00  -1.0728800e+00   6.0297300e+00   2.8769000e+00   5.2567300e+00   5.5737000e-01  -1.2090600e+06
   6.9090800e+00  -1.0736900e+00   6.0297500e+00   2.8768000e+00   5.2571400e+00   5.5753700e-01  -1.2090600e+06
   6.9089100e+00  -1.0734800e+00   6.0297300e+00   2.8770000e+00   5.2572000e+00   5.5749200e-01  -1.2090600e+06
   6.9089500e+00  -1.0712700e+00   6.0297600e+00   2.8769100e+00   5.2570300e+00   5.5737700e-01  -1.2090600e+06
   6.9091800e+00  -1.0723000e+00   6.0297000e+00   2.8770500e+00   5.2567500e+00   5.5737300e-01  -1.2090600e+06
   6.9090300e+00  -1.0720200e+00   6.0296800e+00   2.8771000e+00   5.2568700e+00   5.5726500e-01  -1.2090600e+06
   6.9089500e+00  -1.0718300e+00   6.0297600e+00   2.8770600e+00   5.2571900e+00   5.5743200e-01  -1.2090600e+06
   6.9092100e+00  -1.0729400e+00   6.0296900e+00   2.8768200e+00   5.2565400e+00   5.5714700e-01  -1.2090600e+06
   6.9091500e+00  -1.0735300e+00   6.0297200e+00   2.8768500e+00   5.2569400e+00   5.5722900e-01  -1.2090600e+06
   6.9092200e+00  -1.0727900e+00   6.0297500e+00   2.8769000e+00   5.2566500e+00   5.5694200e-01  -1.2090600e+06
   6.9093300e+00  -1.0712600e+00   6.0297100e+00   2.8767000e+00   5.2564500e+00   5.5708700e-01  -1.2090600e+06
   6.9090700e+00  -1.0703300e+00   6.0297900e+00   2.8766200e+00   5.2569500e+00   5.5706000e-01  -1.2090600e+06
   6.9090500e+00  -1.0716300e+00   6.0297100e+00   2.8765100e+00   5.2570000e+00   5.5708000e-01  -1.2090600e+06
   6.9091700e+00  -1.0725000e+00   6.0297400e+00   2.8764300e+00   5.2568400e+00   5.5727800e-01  -1.2090600e+06
   6.9089200e+00  -1.0714700e+00   6.0297200e+00   2.8765600e+00   5.2570100e+00   5.5734600e-01  -1.2090600e+06
   6.9091000e+00  -1.0738500e+00   6.0296900e+00   2.8765500e+00   5.2567300e+00   5.5715700e-01  -1.2090600e+06
   6.9089600e+00  -1.0724100e+00   6.0297200e+00   2.8766000e+00   5.2571800e+00   5.5708900e-01  -1.2090600e+06
   6.9090100e+00  -1.0722500e+00   6.0297400e+00   2.8764800e+00   5.2569200e+00   5.5733400e-01  -1.2090600e+06
   6.9091500e+00  -1.0752900e+00   6.0296800e+00   2.8763500e+00   5.2572100e+00   5.5771700e-01  -1.2090600e+06
   6.9089700e+00  -1.0752400e+00   6.0297100e+00   2.8763400e+00   5.2572200e+00   5.5774100e-01  -1.2090600e+06
   6.9087900e+00  -1.0752300e+00   6.0297400e+00   2.8763800e+00   5.2576500e+00   5.5779900e-01  -1.2090600e+06
   6.9090800e+00  -1.0769400e+00   6.0296600e+00   2.8763300e+00   5.2573500e+00   5.5783600e-01  -1.2090600e+06
   6.9088600e+00  -1.0725600e+00   6.0297100e+00   2.8763200e+00   5.2574100e+00   5.5767100e-01  -1.2090600e+06
   6.9090800e+00  -1.0727900e+00   6.0297500e+00   2.8764500e+00   5.2569700e+00   5.5733700e-01  -1.2090600e+06
   6.9090800e+00  -1.0747200e+00   6.0297300e+00   2.8765800e+00   5.2568900e+00   5.5739100e-01  -1.2090600e+06
   6.9090400e+00  -1.0724000e+00   6.0297800e+00   2.8765100e+00   5.2569900e+00   5.5748100e-01  -1.2090600e+06
   6.9093500e+00  -1.0738000e+00   6.0297300e+00   2.8765200e+00   5.2567700e+00   5.5725700e-01  -1.2090600e+06
   6.9092100e+00  -1.0752000e+00   6.0297500e+00   2.8765000e+00   5.2569700e+00   5.5758600e-01  -1.2090600e+06
   6.9091300e+00  -1.0733200e+00   6.0297700e+00   2.8766500e+00   5.2570300e+00   5.5740000e-01  -1.2090600e+06
   6.9090400e+00  -1.0737400e+00   6.0297300e+00   2.8767700e+00   5.2571400e+00   5.5759900e-01  -1.2090600e+06
   6.9091500e+00  -1.0741000e+00   6.0296900e+00   2.8768300e+00   5.2569000e+00   5.5770500e-01  -1.2090600e+06
   6.9088300e+00  -1.0733900e+00   6.0297400e+00   2.8769300e+00   5.2575000e+00   5.5766400e-01  -1.2090600e+06
   6.9091500e+00  -1.0720900e+00   6.0297200e+00   2.8768900e+00   5.2567500e+00   5.5745400e-01  -1.2090600e+06
   6.9091100e+00  -1.0728400e+00   6.0297300e+00   2.8768700e+00   5.2570400e+00   5.5769100e-01  -1.2090600e+06
   6.9091300e+00  -1.0715700e+00   6.0297000e+00   2.8768700e+00   5.2567800e+00   5.5726800e-01  -1.2090600e+06
   6.9091700e+00  -1.0715900e+00   6.0297300e+00   2.8768700e+00   5.2566800e+00   5.5700500e-01  -1.2090600e+06
   6.9090500e+00  -1.0718100e+00   6.0297400e+00   2.8769100e+00   5.2569200e+00   5.5716100e-01  -1.2090600e+06
   6.9090300e+00  -1.0706800e+00   6.0297300e+00   2.8767900e+00   5.2566500e+00   5.5707500e-01  -1.2090600e+06
   6.9092700e+00  -1.0724600e+00   6.0297800e+00   2.8767700e+00   5.2567100e+00   5.5727200e-01  -1.2090600e+06
   6.9092100e+00  -1.0738900e+00   6.0296800e+00   2.8769500e+00   5.2566900e+00   5.5740500e-01  -1.2090600e+06
   6.9091100e+00  -1.0735200e+00   6.0296600e+00   2.8771700e+00   5.2568500e+00   5.5739500e-01  -1.2090600e+06
   6.9090000e+00  -1.0726700e+00   6.0297400e+00   2.8772600e+00   5.2571600e+00   5.5751800e-01  -1.2090600e+06
   6.9089800e+00  -1.0739800e+00   6.0297400e+00   2.8772900e+00   5.2571600e+00   5.5781600e-01  -1.2090600e+06
   6.9089900e+00  -1.0762900e+00   6.0296500e+00   2.8771300e+00   5.2573700e+00   5.5780400e-01  -1.2090600e+06
   6.9090300e+00  -1.0746400e+00   6.0296800e+00   2.8771500e+00   5.2572800e+00   5.5774000e-01  -1.2090600e+06
   6.9090600e+00  -1.0714100e+00   6.0297400e+00   2.8771700e+00   5.2570400e+00   5.5758900e-01  -1.2090600e+06
   6.9088800e+00  -1.0729000e+00   6.0297100e+00   2.8771200e+00   5.2573200e+00   5.5779400e-01  -1.2090600e+06
   6.9090000e+00  -1.0729500e+00   6.0297300e+00   2.8771800e+00   5.2571200e+00   5.5780100e-01  -1.2090600e+06
   6.9090400e+00  -1.0752200e+00   6.0297000e+00   2.8770300e+00   5.2570900e+00   5.5751500e-01  -1.2090600e+06
   6.9090600e+00  -1.0729100e+00   6.0297400e+00   2.8768300e+00   5.2571100e+00   5.5763500e-01  -1.2090600e+06
   6.9090400e+00  -1.0716800e+00   6.0297500e+00   2.8768900e+00   5.2569600e+00   5.5746800e-01  -1.2090600e+06
   6.9089700e+00  -1.0722700e+00   6.0297300e+00   2.8768100e+00   5.2572200e+00   5.5757200e-01  -1.2090600e+06
   6.9089700e+00  -1.0740800e+00   6.0297100e+00   2.8770300e+00   5.2571400e+00   5.5760400e-01  -1.2090600e+06
   6.9092100e+00  -1.0739800e+00   6.0297300e+00   2.8769600e+00   5.2569200e+00   5.5741100e-01  -1.2090600e+06
   6.9091400e+00  -1.0743100e+00   6.0296400e+00   2.8767000e+00   5.2569000e+00   5.5756800e-01  -1.2090600e+06
   6.9091400e+00  -1.0770600e+00   6.0297100e+00   2.8766000e+00   5.2572000e+00   5.5763700e-01  -1.2090600e+06
   6.9089500e+00  -1.0758200e+00   6.0297500e+00   2.8766600e+00   5.2572600e+00   5.5776600e-01  -1.2090600e+06
   6.9089700e+00  -1.0748100e+00   6.0296500e+00   2.8766900e+00   5.2571200e+00   5.5783700e-01  -1.2090600e+06
   6.9089900e+00  -1.0761500e+00   6.0297100e+00   2.8765100e+00   5.2574700e+00   5.5796200e-01  -1.2090600e+06
   6.9091200e+00  -1.0769000e+00   6.0296700e+00   2.8766000e+00   5.2572400e+00   5.5771600e-01  -1.2090600e+06
   6.9092600e+00  -1.0751200e+00   6.0297100e+00   2.8767600e+00   5.2568600e+00   5.5760500e-01  -1.2090600e+06
   6.9092800e+00  -1.0741600e+00   6.0297200e+00   2.8767600e+00   5.2568100e+00   5.5727000e-01  -1.2090600e+06
   6.9090500e+00  -1.0739400e+00   6.0297300e+00   2.8770200e+00   5.2571900e+00   5.5772200e-01  -1.2090600e+06
   6.9088500e+00  -1.0726600e+00   6.0297400e+00   2.8766900e+00   5.2573800e+00   5.5773700e-01  -1.2090600e+06
   6.9088800e+00  -1.0743000e+00   6.0296800e+00   2.8767900e+00   5.2572100e+00   5.5776400e-01  -1.2090600e+06
   6.9090800e+00  -1.0752800e+00   6.0297100e+00   2.8767700e+00   5.2570500e+00   5.5767100e-01  -1.2090600e+06
   6.9090400e+00  -1.0748000e+00   6.0296900e+00   2.8766400e+00   5.2572800e+00   5.5746700e-01  -1.2090600e+06
   6.9091600e+00  -1.0744200e+00   6.0297800e+00   2.8763800e+00   5.2571500e+00   5.5742000e-01  -1.2090600e+06
   6.9089900e+00  -1.0752000e+00   6.0297200e+00   2.8763800e+00   5.2572100e+00   5.5747900e-01  -1.2090600e+06
   6.9088900e+00  -1.0731700e+00   6.0297500e+00   2.8762700e+00   5.2573400e+00   5.5766500e-01  -1.2090600e+06
   6.9094100e+00  -1.0759500e+00   6.0297000e+00   2.8763700e+00   5.2567600e+00   5.5753200e-01  -1.2090600e+06
   6.9090800e+00  -1.0728200e+00   6.0297700e+00   2.8764200e+00   5.2569300e+00   5.5742000e-01  -1.2090600e+06
   6.9088200e+00  -1.0717600e+00   6.0297900e+00   2.8765800e+00   5.2574300e+00   5.5751900e-01  -1.2090600e+06
   6.9092200e+00  -1.0735200e+00   6.0297500e+00   2.8766600e+00   5.2567100e+00   5.5722000e-01  -1.2090600e+06
   6.9091400e+00  -1.0731000e+00   6.0297300e+00   2.8765000e+00   5.2568200e+00   5.5714800e-01  -1.2090600e+06
   6.9091000e+00  -1.0699200e+00   6.0298000e+00   2.8762700e+00   5.2567400e+00   5.5720200e-01  -1.2090600e+06
   6.9093200e+00  -1.0733600e+00   6.0298000e+00   2.8763000e+00   5.2567500e+00   5.5725000e-01  -1.2090600e+06
   6.9092100e+00  -1.0746800e+00   6.0296800e+00   2.8764800e+00   5.2567400e+00   5.5726300e-01  -1.2090600e+06
   6.9092500e+00  -1.0726800e+00   6.0297200e+00   2.8765800e+00   5.2566600e+00   5.5709800e-01  -1.2090600e+06
   6.9091200e+00  -1.0713800e+00   6.0297700e+00   2.8765800e+00   5.2570100e+00   5.5716700e-01  -1.2090600e+06
   6.9091600e+00  -1.0721000e+00   6.0297600e+00   2.8763700e+00   5.2570300e+00   5.5727000e-01  -1.2090600e+06
   6.9090200e+00  -1.0729900e+00   6.0297100e+00   2.8761100e+00   5.2570400e+00   5.5746300e-01  -1.2090600e+06
   6.9091800e+00  -1.0729300e+00   6.0297400e+00   2.8761900e+00   5.2569100e+00   5.5714500e-01  -1.2090600e+06
   6.9090700e+00  -1.0745600e+00   6.0297300e+00   2.8761900e+00   5.2568400e+00   5.5715600e-01  -1.2090600e+06
   6.9089100e+00  -1.0727000e+00   6.0297300e+00   2.8762200e+00   5.2572800e+00   5.5735800e-01  -1.2090600e+06
   6.9092000e+00  -1.0739600e+00   6.0297400e+00   2.8763300e+00   5.2568300e+00   5.5731600e-01  -1.2090600e+06
   6.9090700e+00  -1.0752600e+00   6.0297200e+00   2.8762900e+00   5.2570100e+00   5.5743700e-01  -1.2090600e+06
   6.9091400e+00  -1.0723800e+00   6.0297000e+00   2.8762800e+00   5.2568700e+00   5.5712800e-01  -1.2090600e+06
   6.9092400e+00  -1.0736600e+00   6.0297400e+00   2.8764200e+00   5.2566800e+00   5.5690700e-01  -1.2090600e+06
   6.9091500e+00  -1.0740600e+00   6.0297000e+00   2.8762900e+00   5.2567100e+00   5.5714500e-01  -1.2090600e+06
   6.9091100e+00  -1.0741900e+00   6.0297100e+00   2.8764000e+00   5.2570100e+00   5.5734300e-01  -1.2090600e+06
   6.9091200e+00  -1.0720800e+00   6.0297700e+00   2.8762300e+00   5.2570600e+00   5.5753300e-01  -1.2090600e+06
   6.9090600e+00  -1.0750400e+00   6.0297500e+00   2.8762700e+00   5.2571600e+00   5.5742600e-01  -1.2090600e+06
   6.9088300e+00  -1.0711400e+00   6.0297500e+00   2.8763700e+00   5.2572600e+00   5.5744800e-01  -1.2090600e+06
   6.9091900e+00  -1.0719000e+00   6.0297900e+00   2.8764100e+00   5.2567300e+00   5.5724100e-01  -1.2090600e+06
   6.9091200e+00  -1.0710200e+00   6.0297400e+00   2.8763900e+00   5.2569000e+00   5.5717900e-01  -1.2090600e+06
   6.9090100e+00  -1.0702600e+00   6.0297000e+00   2.8765900e+00   5.2569500e+00   5.5713900e-01  -1.2090600e+06
   6.9091700e+00  -1.0722800e+00   6.0297600e+00   2.8765900e+00   5.2568300e+00   5.5750900e-01  -1.2090600e+06
   6.9092300e+00  -1.0745100e+00   6.0297200e+00   2.8766100e+00   5.2568800e+00   5.5737000e-01  -1.2090600e+06
   6.9090300e+00  -1.0727600e+00   6.0297400e+00   2.8765000e+00   5.2569000e+00   5.5723700e-01  -1.2090600e+06
   6.9091000e+00  -1.0750300e+00   6.0297300e+00   2.8765900e+00   5.2571300e+00   5.5750400e-01  -1.2090600e+06
   6.9090700e+00  -1.0747100e+00   6.0297200e+00   2.8765500e+00   5.2570700e+00   5.5744500e-01  -1.2090600e+06
   6.9092200e+00  -1.0745200e+00   6.0297200e+00   2.8764400e+00   5.2568500e+00   5.5764800e-01  -1.2090600e+06
   6.9091400e+00  -1.0755900e+00   6.0297100e+00   2.8763000e+00   5.2571800e+00   5.5750500e-01  -1.2090600e+06
   6.9090200e+00  -1.0728100e+00   6.0297400e+00   2.8763400e+00   5.2570100e+00   5.5740700e-01  -1.2090600e+06
   6.9089600e+00  -1.0743700e+00   6.0297400e+00   2.8763800e+00   5.2573000e+00   5.5732800e-01  -1.2090600e+06
   6.9092100e+00  -1.0755200e+00   6.0296800e+00   2.8762300e+00   5.2569500e+00   5.5742900e-01  -1.2090600e+06
   6.9090100e+00  -1.0732200e+00   6.0297600e+00   2.8761700e+00   5.2572700e+00   5.5743700e-01  -1.2090600e+06
   6.9091000e+00  -1.0740500e+00   6.0296800e+00   2.8761800e+00   5.2571000e+00   5.5755600e-01  -1.2090600e+06
   6.9091800e+00  -1.0780000e+00   6.0296700e+00   2.8760200e+00   5.2572300e+00   5.5782900e-01  -1.2090600e+06
   6.9088700e+00  -1.0769300e+00   6.0296700e+00   2.8760600e+00   5.2574800e+00   5.5786200e-01  -1.2090600e+06
   6.9089600e+00  -1.0751900e+00   6.0297400e+00   2.8759800e+00   5.2575300e+00   5.5778600e-01  -1.2090600e+06
   6.9090900e+00  -1.0764900e+00   6.0296900e+00   2.8758100e+00   5.2572900e+00   5.5782400e-01  -1.2090600e+06
   6.9088200e+00  -1.0750800e+00   6.0297100e+00   2.8757000e+00   5.2576800e+00   5.5801000e-01  -1.2090600e+06
   6.9088100e+00  -1.0749400e+00   6.0297300e+00   2.8757400e+00   5.2577000e+00   5.5804100e-01  -1.2090600e+06
   6.9088100e+00  -1.0763800e+00   6.0297300e+00   2.8759900e+00   5.2575700e+00   5.5809200e-01  -1.2090600e+06
   6.9089300e+00  -1.0770000e+00   6.0296800e+00   2.8760300e+00   5.2576800e+00   5.5819600e-01  -1.2090600e+06
   6.9087800e+00  -1.0793300e+00   6.0296800e+00   2.8759900e+00   5.2578000e+00   5.5832600e-01  -1.2090600e+06
   6.9086800e+00  -1.0758700e+00   6.0297500e+00   2.8763300e+00   5.2577900e+00   5.5836800e-01  -1.2090600e+06
   6.9087400e+00  -1.0760900e+00   6.0297000e+00   2.8764200e+00   5.2577600e+00   5.5850300e-01  -1.2090600e+06
   6.9087000e+00  -1.0764400e+00   6.0297300e+00   2.8763400e+00   5.2578600e+00   5.5836800e-01  -1.2090600e+06
   6.9088400e+00  -1.0784200e+00   6.0296700e+00   2.8763100e+00   5.2577400e+00   5.5849800e-01  -1.2090600e+06
   6.9088700e+00  -1.0779100e+00   6.0296800e+00   2.8762800e+00   5.2576900e+00   5.5832300e-01  -1.2090600e+06
   6.9086400e+00  -1.0750300e+00   6.0296900e+00   2.8762900e+00   5.2578600e+00   5.5819300e-01  -1.2090600e+06
   6.9088400e+00  -1.0741500e+00   6.0297100e+00   2.8764700e+00   5.2575900e+00   5.5788400e-01  -1.2090600e+06
   6.9088800e+00  -1.0779600e+00   6.0296700e+00   2.8765100e+00   5.2575300e+00   5.5791900e-01  -1.2090600e+06
   6.9089500e+00  -1.0777300e+00   6.0296800e+00   2.8764800e+00   5.2576300e+00   5.5811700e-01  -1.2090600e+06
   6.9091000e+00  -1.0778100e+00   6.0296300e+00   2.8765200e+00   5.2572300e+00   5.5803400e-01  -1.2090600e+06
   6.9087900e+00  -1.0732400e+00   6.0297300e+00   2.8764600e+00   5.2573400e+00   5.5788200e-01  -1.2090600e+06
   6.9090400e+00  -1.0720000e+00   6.0297500e+00   2.8764300e+00   5.2571000e+00   5.5764000e-01  -1.2090600e+06
   6.9089300e+00  -1.0751900e+00   6.0297600e+00   2.8765200e+00   5.2574800e+00   5.5790800e-01  -1.2090600e+06
   6.9090700e+00  -1.0760700e+00   6.0297500e+00   2.8764900e+00   5.2572800e+00   5.5796400e-01  -1.2090600e+06
   6.9090100e+00  -1.0752700e+00   6.0296800e+00   2.8764200e+00   5.2573800e+00   5.5789400e-01  -1.2090600e+06
   6.9089400e+00  -1.0786500e+00   6.0296900e+00   2.8763000e+00   5.2575500e+00   5.5806800e-01  -1.2090600e+06
   6.9089800e+00  -1.0749500e+00   6.0297500e+00   2.8762000e+00   5.2573300e+00   5.5794900e-01  -1.2090600e+06
   6.9087700e+00  -1.0765100e+00   6.0297700e+00   2.8763100e+00   5.2577400e+00   5.5815100e-01  -1.2090600e+06
   6.9086300e+00  -1.0746900e+00   6.0297000e+00   2.8764000e+00   5.2577500e+00   5.5810600e-01  -1.2090600e+06
   6.9089100e+00  -1.0757000e+00   6.0296900e+00   2.8762300e+00   5.2573700e+00   5.5787000e-01  -1.2090600e+06
   6.9088900e+00  -1.0778400e+00   6.0297000e+00   2.8763200e+00   5.2577600e+00   5.5797400e-01  -1.2090600e+06
   6.9089000e+00  -1.0785800e+00   6.0296800e+00   2.8760900e+00   5.2576300e+00   5.5814100e-01  -1.2090600e+06
   6.9085200e+00  -1.0759500e+00   6.0296800e+00   2.8761200e+00   5.2579000e+00   5.5845800e-01  -1.2090600e+06
   6.9090200e+00  -1.0811300e+00   6.0296200e+00   2.8761800e+00   5.2577100e+00   5.5846600e-01  -1.2090600e+06
   6.9088300e+00  -1.0760500e+00   6.0297300e+00   2.8762700e+00   5.2575200e+00   5.5822000e-01  -1.2090600e+06
   6.9088400e+00  -1.0762600e+00   6.0297200e+00   2.8763700e+00   5.2575500e+00   5.5826800e-01  -1.2090600e+06
   6.9086600e+00  -1.0763100e+00   6.0297000e+00   2.8764800e+00   5.2577100e+00   5.5813000e-01  -1.2090600e+06
   6.9090300e+00  -1.0768700e+00   6.0297100e+00   2.8765100e+00   5.2573900e+00   5.5792700e-01  -1.2090600e+06
   6.9088500e+00  -1.0775000e+00   6.0297200e+00   2.8766500e+00   5.2578400e+00   5.5780200e-01  -1.2090700e+06
   6.9090200e+00  -1.0750600e+00   6.0296900e+00   2.8765700e+00   5.2572100e+00   5.5756300e-01  -1.2090600e+06
   6.9091300e+00  -1.0737100e+00   6.0296600e+00   2.8767500e+00   5.2568900e+00   5.5746400e-01  -1.2090600e+06
   6.9091100e+00  -1.0759000e+00   6.0297200e+00   2.8765900e+00   5.2573600e+00   5.5767300e-01  -1.2090600e+06
   6.9090100e+00  -1.0757900e+00   6.0296900e+00   2.8766000e+00   5.2574200e+00   5.5778900e-01  -1.2090600e+06
   6.9091100e+00  -1.0728600e+00   6.0297300e+00   2.8766700e+00   5.2570100e+00   5.5750900e-01  -1.2090600e+06
   6.9091000e+00  -1.0706800e+00   6.0297300e+00   2.8765400e+00   5.2568500e+00   5.5731400e-01  -1.2090600e+06
   6.9091300e+00  -1.0727200e+00   6.0297800e+00   2.8766000e+00   5.2570300e+00   5.5735000e-01  -1.2090600e+06
   6.9091700e+00  -1.0739800e+00   6.0297000e+00   2.8766100e+00   5.2568400e+00   5.5735600e-01  -1.2090600e+06
   6.9092000e+00  -1.0751400e+00   6.0297300e+00   2.8766400e+00   5.2570200e+00   5.5751100e-01  -1.2090600e+06
   6.9090400e+00  -1.0745100e+00   6.0297400e+00   2.8766400e+00   5.2570500e+00   5.5752000e-01  -1.2090600e+06
   6.9088700e+00  -1.0726800e+00   6.0297200e+00   2.8766700e+00   5.2573700e+00   5.5781600e-01  -1.2090600e+06
   6.9090000e+00  -1.0757200e+00   6.0297200e+00   2.8766500e+00   5.2572700e+00   5.5779900e-01  -1.2090600e+06
   6.9089700e+00  -1.0730700e+00   6.0297400e+00   2.8766700e+00   5.2573300e+00   5.5769600e-01  -1.2090600e+06
   6.9091000e+00  -1.0743300e+00   6.0297500e+00   2.8767700e+00   5.2570700e+00   5.5772700e-01  -1.2090600e+06
   6.9090600e+00  -1.0753400e+00   6.0296900e+00   2.8767300e+00   5.2571600e+00   5.5781700e-01  -1.2090600e+06
   6.9087600e+00  -1.0730600e+00   6.0297500e+00   2.8766200e+00   5.2575700e+00   5.5772500e-01  -1.2090600e+06
   6.9089700e+00  -1.0768900e+00   6.0296200e+00   2.8768100e+00   5.2574100e+00   5.5806200e-01  -1.2090600e+06
   6.9090000e+00  -1.0760000e+00   6.0296300e+00   2.8767300e+00   5.2571700e+00   5.5797200e-01  -1.2090600e+06
   6.9089800e+00  -1.0731000e+00   6.0297400e+00   2.8766500e+00   5.2572600e+00   5.5777500e-01  -1.2090600e+06
   6.9090200e+00  -1.0748400e+00   6.0297200e+00   2.8766300e+00   5.2571200e+00   5.5774700e-01  -1.2090600e+06
   6.9088100e+00  -1.0722500e+00   6.0297700e+00   2.8766400e+00   5.2573200e+00   5.5764500e-01  -1.2090600e+06
   6.9090300e+00  -1.0746100e+00   6.0297300e+00   2.8767200e+00   5.2571800e+00   5.5775800e-01  -1.2090600e+06
   6.9089400e+00  -1.0724700e+00   6.0297600e+00   2.8768600e+00   5.2572400e+00   5.5766800e-01  -1.2090600e+06
   6.9091300e+00  -1.0735800e+00   6.0296900e+00   2.8769800e+00   5.2569200e+00   5.5747100e-01  -1.2090600e+06
   6.9088800e+00  -1.0714700e+00   6.0297200e+00   2.8769200e+00   5.2571400e+00   5.5760100e-01  -1.2090600e+06
   6.9088900e+00  -1.0741900e+00   6.0296700e+00   2.8770200e+00   5.2573000e+00   5.5759500e-01  -1.2090600e+06
   6.9090100e+00  -1.0746700e+00   6.0296500e+00   2.8772700e+00   5.2570300e+00   5.5758200e-01  -1.2090600e+06
   6.9092300e+00  -1.0743900e+00   6.0297400e+00   2.8773200e+00   5.2567600e+00   5.5728200e-01  -1.2090600e+06
   6.9090500e+00  -1.0729900e+00   6.0296800e+00   2.8772600e+00   5.2570600e+00   5.5755700e-01  -1.2090600e+06
   6.9090500e+00  -1.0731000e+00   6.0297100e+00   2.8773000e+00   5.2571300e+00   5.5747800e-01  -1.2090600e+06
   6.9091900e+00  -1.0745500e+00   6.0296800e+00   2.8775300e+00   5.2569100e+00   5.5758000e-01  -1.2090600e+06
   6.9092300e+00  -1.0738100e+00   6.0296900e+00   2.8775000e+00   5.2568600e+00   5.5768100e-01  -1.2090600e+06
   6.9089100e+00  -1.0754200e+00   6.0297000e+00   2.8775700e+00   5.2572100e+00   5.5772500e-01  -1.2090600e+06
   6.9091200e+00  -1.0758600e+00   6.0296800e+00   2.8773700e+00   5.2570000e+00   5.5772200e-01  -1.2090600e+06
   6.9089900e+00  -1.0737500e+00   6.0296500e+00   2.8774200e+00   5.2571300e+00   5.5777800e-01  -1.2090600e+06
   6.9090900e+00  -1.0741400e+00   6.0296500e+00   2.8775600e+00   5.2570200e+00   5.5760800e-01  -1.2090600e+06
   6.9090100e+00  -1.0729900e+00   6.0296600e+00   2.8774300e+00   5.2570000e+00   5.5770000e-01  -1.2090600e+06
   6.9091100e+00  -1.0750200e+00   6.0297400e+00   2.8772700e+00   5.2571100e+00   5.5759200e-01  -1.2090600e+06
   6.9090400e+00  -1.0706400e+00   6.0297400e+00   2.8772800e+00   5.2568700e+00   5.5759600e-01  -1.2090600e+06
   6.9088400e+00  -1.0709600e+00   6.0297800e+00   2.8771400e+00   5.2573800e+00   5.5789400e-01  -1.2090600e+06
   6.9089700e+00  -1.0724000e+00   6.0296900e+00   2.8772600e+00   5.2572000e+00   5.5792600e-01  -1.2090600e+06
   6.9086600e+00  -1.0741100e+00   6.0297200e+00   2.8773100e+00   5.2575900e+00   5.5789400e-01  -1.2090600e+06
   6.9090100e+00  -1.0749700e+00   6.0296800e+00   2.8774700e+00   5.2572800e+00   5.5791700e-01  -1.2090600e+06
   6.9089100e+00  -1.0741000e+00   6.0296900e+00   2.8774700e+00   5.2573200e+00   5.5790800e-01  -1.2090600e+06
   6.9090300e+00  -1.0738500e+00   6.0296800e+00   2.8773900e+00   5.2569900e+00   5.5789000e-01  -1.2090600e+06
   6.9089200e+00  -1.0734000e+00   6.0297400e+00   2.8772300e+00   5.2572100e+00   5.5780800e-01  -1.2090600e+06
   6.9089400e+00  -1.0754100e+00   6.0296500e+00   2.8771200e+00   5.2574100e+00   5.5779400e-01  -1.2090600e+06
   6.9090500e+00  -1.0749100e+00   6.0296800e+00   2.8768900e+00   5.2569900e+00   5.5766200e-01  -1.2090600e+06
   6.9089600e+00  -1.0747200e+00   6.0297200e+00   2.8767400e+00   5.2571800e+00   5.5773800e-01  -1.2090600e+06
   6.9091400e+00  -1.0745600e+00   6.0296500e+00   2.8766100e+00   5.2568500e+00   5.5757800e-01  -1.2090600e+06
   6.9089700e+00  -1.0731900e+00   6.0296800e+00   2.8765500e+00   5.2571900e+00   5.5754200e-01  -1.2090600e+06
   6.9089600e+00  -1.0743900e+00   6.0296900e+00   2.8763300e+00   5.2572500e+00   5.5763400e-01  -1.2090600e+06
   6.9091300e+00  -1.0726300e+00   6.0297600e+00   2.8765400e+00   5.2570400e+00   5.5729400e-01  -1.2090600e+06
   6.9090700e+00  -1.0735800e+00   6.0297300e+00   2.8764100e+00   5.2568600e+00   5.5742000e-01  -1.2090600e+06
   6.9092400e+00  -1.0751100e+00   6.0296700e+00   2.8762200e+00   5.2568700e+00   5.5752700e-01  -1.2090600e+06
   6.9088000e+00  -1.0730600e+00   6.0297300e+00   2.8761200e+00   5.2574100e+00   5.5776800e-01  -1.2090600e+06
   6.9090600e+00  -1.0773900e+00   6.0297000e+00   2.8761000e+00   5.2572600e+00   5.5771200e-01  -1.2090600e+06
   6.9090500e+00  -1.0745000e+00   6.0297200e+00   2.8761600e+00   5.2572200e+00   5.5773900e-01  -1.2090600e+06
   6.9090100e+00  -1.0748500e+00   6.0296800e+00   2.8761600e+00   5.2571100e+00   5.5745100e-01  -1.2090600e+06
   6.9093100e+00  -1.0732200e+00   6.0297600e+00   2.8764100e+00   5.2568900e+00   5.5718100e-01  -1.2090600e+06
   6.9090400e+00  -1.0722400e+00   6.0297500e+00   2.8765300e+00   5.2569600e+00   5.5708300e-01  -1.2090600e+06
   6.9091400e+00  -1.0722000e+00   6.0297300e+00   2.8765400e+00   5.2567400e+00   5.5709200e-01  -1.2090600e+06
   6.9090300e+00  -1.0718700e+00   6.0297600e+00   2.8765800e+00   5.2569300e+00   5.5719600e-01  -1.2090600e+06
   6.9090300e+00  -1.0725900e+00   6.0296900e+00   2.8768200e+00   5.2568900e+00   5.5721800e-01  -1.2090600e+06
   6.9091100e+00  -1.0713500e+00   6.0297000e+00   2.8768100e+00   5.2568800e+00   5.5735000e-01  -1.2090600e+06
   6.9092000e+00  -1.0716400e+00   6.0297100e+00   2.8767500e+00   5.2567100e+00   5.5724200e-01  -1.2090600e+06
   6.9092400e+00  -1.0730500e+00   6.0297300e+00   2.8767000e+00   5.2568700e+00   5.5736800e-01  -1.2090600e+06
   6.9092400e+00  -1.0735700e+00   6.0297600e+00   2.8768700e+00   5.2568900e+00   5.5723700e-01  -1.2090600e+06
   6.9091300e+00  -1.0727000e+00   6.0297800e+00   2.8766800e+00   5.2569200e+00   5.5723200e-01  -1.2090600e+06
   6.9092500e+00  -1.0730200e+00   6.0297000e+00   2.8765600e+00   5.2566800e+00   5.5719300e-01  -1.2090600e+06
   6.9092200e+00  -1.0709200e+00   6.0297400e+00   2.8765400e+00   5.2566200e+00   5.5711700e-01  -1.2090600e+06
   6.9090400e+00  -1.0701900e+00   6.0297700e+00   2.8765600e+00   5.2569400e+00   5.5708000e-01  -1.2090600e+06
   6.9090700e+00  -1.0709900e+00   6.0297500e+00   2.8767000e+00   5.2568400e+00   5.5722000e-01  -1.2090600e+06
   6.9091300e+00  -1.0719400e+00   6.0297300e+00   2.8766000e+00   5.2569000e+00   5.5726700e-01  -1.2090600e+06
   6.9090400e+00  -1.0714900e+00   6.0297600e+00   2.8766800e+00   5.2567900e+00   5.5725600e-01  -1.2090600e+06
   6.9091400e+00  -1.0747000e+00   6.0296800e+00   2.8768600e+00   5.2569800e+00   5.5744800e-01  -1.2090600e+06
   6.9090700e+00  -1.0750900e+00   6.0297100e+00   2.8767200e+00   5.2570300e+00   5.5759200e-01  -1.2090600e+06
   6.9091300e+00  -1.0763300e+00   6.0296400e+00   2.8768400e+00   5.2571500e+00   5.5754600e-01  -1.2090600e+06
   6.9091500e+00  -1.0752600e+00   6.0297100e+00   2.8767000e+00   5.2569700e+00   5.5750500e-01  -1.2090600e+06
   6.9089700e+00  -1.0750700e+00   6.0296900e+00   2.8767100e+00   5.2571000e+00   5.5774200e-01  -1.2090600e+06
   6.9088900e+00  -1.0759600e+00   6.0296400e+00   2.8766300e+00   5.2574300e+00   5.5794400e-01  -1.2090600e+06
   6.9090500e+00  -1.0755800e+00   6.0297100e+00   2.8765500e+00   5.2574400e+00   5.5791800e-01  -1.2090600e+06
   6.9090300e+00  -1.0766600e+00   6.0296800e+00   2.8765600e+00   5.2573900e+00   5.5802400e-01  -1.2090600e+06
   6.9090500e+00  -1.0762400e+00   6.0297000e+00   2.8764900e+00   5.2573400e+00   5.5810000e-01  -1.2090600e+06
   6.9090700e+00  -1.0747800e+00   6.0297000e+00   2.8765500e+00   5.2572500e+00   5.5764100e-01  -1.2090600e+06
   6.9089900e+00  -1.0774300e+00   6.0297400e+00   2.8762500e+00   5.2575800e+00   5.5778600e-01  -1.2090600e+06
   6.9087200e+00  -1.0738100e+00   6.0297000e+00   2.8761900e+00   5.2576800e+00   5.5793900e-01  -1.2090600e+06
   6.9088000e+00  -1.0748800e+00   6.0296600e+00   2.8765200e+00   5.2574800e+00   5.5806600e-01  -1.2090600e+06
   6.9090100e+00  -1.0764100e+00   6.0296700e+00   2.8764000e+00   5.2574000e+00   5.5778200e-01  -1.2090600e+06
   6.9087100e+00  -1.0739700e+00   6.0297700e+00   2.8764100e+00   5.2576900e+00   5.5783800e-01  -1.2090600e+06
   6.9088300e+00  -1.0763000e+00   6.0296700e+00   2.8764600e+00   5.2575300e+00   5.5799200e-01  -1.2090600e+06
   6.9088100e+00  -1.0727500e+00   6.0297500e+00   2.8764900e+00   5.2576100e+00   5.5779400e-01  -1.2090600e+06
   6.9088800e+00  -1.0750600e+00   6.0297400e+00   2.8764600e+00   5.2574200e+00   5.5792500e-01  -1.2090600e+06
   6.9090200e+00  -1.0755900e+00   6.0297000e+00   2.8764600e+00   5.2574000e+00   5.5802800e-01  -1.2090600e+06
   6.9089600e+00  -1.0788700e+00   6.0296400e+00   2.8762800e+00   5.2576000e+00   5.5807900e-01  -1.2090600e+06
   6.9088700e+00  -1.0768100e+00   6.0296500e+00   2.8762200e+00   5.2574100e+00   5.5815000e-01  -1.2090600e+06
   6.9088500e+00  -1.0754100e+00   6.0297400e+00   2.8764500e+00   5.2575200e+00   5.5788200e-01  -1.2090600e+06
   6.9091000e+00  -1.0740500e+00   6.0297400e+00   2.8765500e+00   5.2571800e+00   5.5747500e-01  -1.2090600e+06
   6.9091000e+00  -1.0714400e+00   6.0296700e+00   2.8768300e+00   5.2568000e+00   5.5718700e-01  -1.2090600e+06
   6.9090300e+00  -1.0727000e+00   6.0297500e+00   2.8768100e+00   5.2570200e+00   5.5725500e-01  -1.2090600e+06
   6.9090200e+00  -1.0729800e+00   6.0296900e+00   2.8765500e+00   5.2570200e+00   5.5737500e-01  -1.2090600e+06
   6.9092100e+00  -1.0719500e+00   6.0297200e+00   2.8766100e+00   5.2567600e+00   5.5705900e-01  -1.2090600e+06
   6.9090100e+00  -1.0720000e+00   6.0297400e+00   2.8764500e+00   5.2569600e+00   5.5724200e-01  -1.2090600e+06
   6.9093000e+00  -1.0757900e+00   6.0297500e+00   2.8764000e+00   5.2569200e+00   5.5722400e-01  -1.2090600e+06
   6.9091900e+00  -1.0731400e+00   6.0297500e+00   2.8764700e+00   5.2568300e+00   5.5714500e-01  -1.2090600e+06
   6.9090400e+00  -1.0751700e+00   6.0297300e+00   2.8764700e+00   5.2570900e+00   5.5737200e-01  -1.2090600e+06
   6.9091700e+00  -1.0746600e+00   6.0296600e+00   2.8765500e+00   5.2569800e+00   5.5740900e-01  -1.2090600e+06
   6.9089600e+00  -1.0726000e+00   6.0297300e+00   2.8763600e+00   5.2571600e+00   5.5743800e-01  -1.2090600e+06
   6.9093000e+00  -1.0729100e+00   6.0297400e+00   2.8764000e+00   5.2567500e+00   5.5719300e-01  -1.2090600e+06
   6.9092300e+00  -1.0726800e+00   6.0297500e+00   2.8764100e+00   5.2568600e+00   5.5712500e-01  -1.2090600e+06
   6.9092800e+00  -1.0716700e+00   6.0297100e+00   2.8765700e+00   5.2565700e+00   5.5667900e-01  -1.2090600e+06
   6.9094300e+00  -1.0707200e+00   6.0297500e+00   2.8766600e+00   5.2562300e+00   5.5673000e-01  -1.2090600e+06
   6.9093900e+00  -1.0693700e+00   6.0297400e+00   2.8767400e+00   5.2561700e+00   5.5659300e-01  -1.2090600e+06
   6.9090500e+00  -1.0711800e+00   6.0297000e+00   2.8768100e+00   5.2569300e+00   5.5696100e-01  -1.2090600e+06
   6.9093300e+00  -1.0735700e+00   6.0297300e+00   2.8766500e+00   5.2565900e+00   5.5695800e-01  -1.2090600e+06
   6.9092200e+00  -1.0685100e+00   6.0298100e+00   2.8764500e+00   5.2565700e+00   5.5680600e-01  -1.2090600e+06
   6.9093300e+00  -1.0725400e+00   6.0297600e+00   2.8765100e+00   5.2565600e+00   5.5687700e-01  -1.2090600e+06
   6.9092600e+00  -1.0747600e+00   6.0297000e+00   2.8763200e+00   5.2567200e+00   5.5716500e-01  -1.2090600e+06
   6.9092300e+00  -1.0706800e+00   6.0297200e+00   2.8765100e+00   5.2564100e+00   5.5701100e-01  -1.2090600e+06
   6.9092100e+00  -1.0710100e+00   6.0297600e+00   2.8764700e+00   5.2567200e+00   5.5697200e-01  -1.2090600e+06
   6.9089400e+00  -1.0673500e+00   6.0298100e+00   2.8765900e+00   5.2566200e+00   5.5689200e-01  -1.2090700e+06
   6.9095200e+00  -1.0732300e+00   6.0296500e+00   2.8766600e+00   5.2561900e+00   5.5671100e-01  -1.2090600e+06
   6.9090700e+00  -1.0711000e+00   6.0297300e+00   2.8765800e+00   5.2567600e+00   5.5710600e-01  -1.2090600e+06
   6.9093100e+00  -1.0736300e+00   6.0297500e+00   2.8765900e+00   5.2566300e+00   5.5710400e-01  -1.2090600e+06
   6.9093300e+00  -1.0732000e+00   6.0296900e+00   2.8765800e+00   5.2567800e+00   5.5690900e-01  -1.2090600e+06
   6.9089400e+00  -1.0718200e+00   6.0296900e+00   2.8763900e+00   5.2570700e+00   5.5724300e-01  -1.2090600e+06
   6.9090600e+00  -1.0730500e+00   6.0297400e+00   2.8763900e+00   5.2571200e+00   5.5735200e-01  -1.2090600e+06
   6.9093800e+00  -1.0735600e+00   6.0297200e+00   2.8763200e+00   5.2566700e+00   5.5695900e-01  -1.2090600e+06
   6.9092600e+00  -1.0726900e+00   6.0297500e+00   2.8764500e+00   5.2567500e+00   5.5682700e-01  -1.2090600e+06
   6.9091800e+00  -1.0712700e+00   6.0297100e+00   2.8762800e+00   5.2566200e+00   5.5698200e-01  -1.2090600e+06
   6.9093300e+00  -1.0719500e+00   6.0297200e+00   2.8762800e+00   5.2565000e+00   5.5698200e-01  -1.2090600e+06
   6.9093300e+00  -1.0723400e+00   6.0297500e+00   2.8762600e+00   5.2566500e+00   5.5682300e-01  -1.2090600e+06
   6.9092700e+00  -1.0730200e+00   6.0297900e+00   2.8763200e+00   5.2566200e+00   5.5690200e-01  -1.2090600e+06
   6.9089700e+00  -1.0718300e+00   6.0297600e+00   2.8763000e+00   5.2570700e+00   5.5704700e-01  -1.2090600e+06
   6.9093300e+00  -1.0728300e+00   6.0297300e+00   2.8762800e+00   5.2566300e+00   5.5712900e-01  -1.2090600e+06
   6.9090000e+00  -1.0746200e+00   6.0297200e+00   2.8762600e+00   5.2572500e+00   5.5750500e-01  -1.2090600e+06
   6.9091000e+00  -1.0731700e+00   6.0297400e+00   2.8762900e+00   5.2571100e+00   5.5744600e-01  -1.2090600e+06
   6.9090400e+00  -1.0719600e+00   6.0297800e+00   2.8763000e+00   5.2571300e+00   5.5744800e-01  -1.2090600e+06
   6.9090200e+00  -1.0734600e+00   6.0297200e+00   2.8761500e+00   5.2571300e+00   5.5736800e-01  -1.2090600e+06
   6.9087700e+00  -1.0738100e+00   6.0297100e+00   2.8765100e+00   5.2573600e+00   5.5746600e-01  -1.2090600e+06
   6.9090900e+00  -1.0726400e+00   6.0297500e+00   2.8764200e+00   5.2569100e+00   5.5737400e-01  -1.2090600e+06
   6.9089500e+00  -1.0735200e+00   6.0297500e+00   2.8762500e+00   5.2570500e+00   5.5757100e-01  -1.2090600e+06
   6.9087900e+00  -1.0725100e+00   6.0297800e+00   2.8762100e+00   5.2576500e+00   5.5783100e-01  -1.2090600e+06
   6.9089500e+00  -1.0733000e+00   6.0297200e+00   2.8763900e+00   5.2573000e+00   5.5766000e-01  -1.2090600e+06
   6.9089100e+00  -1.0740700e+00   6.0296400e+00   2.8764600e+00   5.2572600e+00   5.5765100e-01  -1.2090600e+06
   6.9088800e+00  -1.0735900e+00   6.0297200e+00   2.8765400e+00   5.2574400e+00   5.5772800e-01  -1.2090600e+06
   6.9090900e+00  -1.0776000e+00   6.0296600e+00   2.8762300e+00   5.2572100e+00   5.5769600e-01  -1.2090600e+06
   6.9091500e+00  -1.0756900e+00   6.0296400e+00   2.8762500e+00   5.2571000e+00   5.5781600e-01  -1.2090600e+06
   6.9090600e+00  -1.0784700e+00   6.0296800e+00   2.8764000e+00   5.2574100e+00   5.5785100e-01  -1.2090600e+06
   6.9090500e+00  -1.0771000e+00   6.0296900e+00   2.8764600e+00   5.2573800e+00   5.5787000e-01  -1.2090600e+06
   6.9090500e+00  -1.0753800e+00   6.0296900e+00   2.8763300e+00   5.2573000e+00   5.5775900e-01  -1.2090600e+06
   6.9089800e+00  -1.0743200e+00   6.0297600e+00   2.8763100e+00   5.2574000e+00   5.5771800e-01  -1.2090600e+06
   6.9090600e+00  -1.0763700e+00   6.0297000e+00   2.8764000e+00   5.2572800e+00   5.5769500e-01  -1.2090600e+06
   6.9089800e+00  -1.0742300e+00   6.0297800e+00   2.8762500e+00   5.2572000e+00   5.5765400e-01  -1.2090600e+06
   6.9089100e+00  -1.0750600e+00   6.0297000e+00   2.8760500e+00   5.2573700e+00   5.5776400e-01  -1.2090600e+06
   6.9092500e+00  -1.0778300e+00   6.0297100e+00   2.8760000e+00   5.2570200e+00   5.5742500e-01  -1.2090600e+06
   6.9090400e+00  -1.0732700e+00   6.0297000e+00   2.8761300e+00   5.2569900e+00   5.5750900e-01  -1.2090600e+06
   6.9087900e+00  -1.0708500e+00   6.0297900e+00   2.8760900e+00   5.2573500e+00   5.5740200e-01  -1.2090600e+06
   6.9091800e+00  -1.0738400e+00   6.0297700e+00   2.8759800e+00   5.2570000e+00   5.5735200e-01  -1.2090600e+06
   6.9092200e+00  -1.0745700e+00   6.0296900e+00   2.8759200e+00   5.2568800e+00   5.5731800e-01  -1.2090600e+06
   6.9090600e+00  -1.0714600e+00   6.0297500e+00   2.8759000e+00   5.2570200e+00   5.5721300e-01  -1.2090600e+06
   6.9090500e+00  -1.0722000e+00   6.0297200e+00   2.8760400e+00   5.2570700e+00   5.5725400e-01  -1.2090600e+06
   6.9091800e+00  -1.0746100e+00   6.0297500e+00   2.8760900e+00   5.2570300e+00   5.5759400e-01  -1.2090600e+06
   6.9089900e+00  -1.0754500e+00   6.0296900e+00   2.8760500e+00   5.2573500e+00   5.5757900e-01  -1.2090600e+06
   6.9090600e+00  -1.0746700e+00   6.0297400e+00   2.8758700e+00   5.2571600e+00   5.5759500e-01  -1.2090600e+06
   6.9088200e+00  -1.0738600e+00   6.0298000e+00   2.8757900e+00   5.2575100e+00   5.5757700e-01  -1.2090600e+06
   6.9090200e+00  -1.0748700e+00   6.0297500e+00   2.8760200e+00   5.2572500e+00   5.5755300e-01  -1.2090600e+06
   6.9093400e+00  -1.0754800e+00   6.0297300e+00   2.8760900e+00   5.2568900e+00   5.5743200e-01  -1.2090600e+06
   6.9090400e+00  -1.0761600e+00   6.0296900e+00   2.8761100e+00   5.2571700e+00   5.5750200e-01  -1.2090600e+06
   6.9093500e+00  -1.0744200e+00   6.0297300e+00   2.8759300e+00   5.2566800e+00   5.5728600e-01  -1.2090600e+06
   6.9092400e+00  -1.0721600e+00   6.0298300e+00   2.8759900e+00   5.2570200e+00   5.5726100e-01  -1.2090600e+06
   6.9090700e+00  -1.0739900e+00   6.0297400e+00   2.8759700e+00   5.2571600e+00   5.5717000e-01  -1.2090600e+06
   6.9090000e+00  -1.0739800e+00   6.0297100e+00   2.8758700e+00   5.2570900e+00   5.5749500e-01  -1.2090600e+06
   6.9090800e+00  -1.0734900e+00   6.0297300e+00   2.8758900e+00   5.2571200e+00   5.5753000e-01  -1.2090600e+06
   6.9088500e+00  -1.0722600e+00   6.0297600e+00   2.8759500e+00   5.2573200e+00   5.5748500e-01  -1.2090600e+06
   6.9090300e+00  -1.0743900e+00   6.0297800e+00   2.8760900e+00   5.2573400e+00   5.5765600e-01  -1.2090600e+06
   6.9090000e+00  -1.0730900e+00   6.0297800e+00   2.8760000e+00   5.2572100e+00   5.5740800e-01  -1.2090600e+06
   6.9089300e+00  -1.0741600e+00   6.0297700e+00   2.8759400e+00   5.2573400e+00   5.5758500e-01  -1.2090600e+06
   6.9091400e+00  -1.0755800e+00   6.0297300e+00   2.8757800e+00   5.2571900e+00   5.5773400e-01  -1.2090600e+06
   6.9090500e+00  -1.0762500e+00   6.0297100e+00   2.8759400e+00   5.2573500e+00   5.5776700e-01  -1.2090600e+06
   6.9090700e+00  -1.0761800e+00   6.0297400e+00   2.8760800e+00   5.2573800e+00   5.5797700e-01  -1.2090600e+06
   6.9089300e+00  -1.0756300e+00   6.0297000e+00   2.8762300e+00   5.2574200e+00   5.5822300e-01  -1.2090600e+06
   6.9087400e+00  -1.0744300e+00   6.0297300e+00   2.8764600e+00   5.2577300e+00   5.5824500e-01  -1.2090600e+06
   6.9086000e+00  -1.0738600e+00   6.0296900e+00   2.8764600e+00   5.2579200e+00   5.5838600e-01  -1.2090600e+06
   6.9087300e+00  -1.0755100e+00   6.0297000e+00   2.8766300e+00   5.2577200e+00   5.5844200e-01  -1.2090600e+06
   6.9089600e+00  -1.0755900e+00   6.0296900e+00   2.8767300e+00   5.2573100e+00   5.5815700e-01  -1.2090600e+06
   6.9088900e+00  -1.0746100e+00   6.0297200e+00   2.8768500e+00   5.2574100e+00   5.5788400e-01  -1.2090600e+06
   6.9091200e+00  -1.0744500e+00   6.0297500e+00   2.8767300e+00   5.2572000e+00   5.5774200e-01  -1.2090600e+06
   6.9089000e+00  -1.0746100e+00   6.0297600e+00   2.8766400e+00   5.2574400e+00   5.5782300e-01  -1.2090600e+06
   6.9088800e+00  -1.0738200e+00   6.0297400e+00   2.8765500e+00   5.2574300e+00   5.5782700e-01  -1.2090600e+06
   6.9090700e+00  -1.0750800e+00   6.0297200e+00   2.8765100e+00   5.2572000e+00   5.5779500e-01  -1.2090600e+06
   6.9089600e+00  -1.0753300e+00   6.0297400e+00   2.8764500e+00   5.2573400e+00   5.5779000e-01  -1.2090600e+06
   6.9088300e+00  -1.0748400e+00   6.0297100e+00   2.8764800e+00   5.2575300e+00   5.5783800e-01  -1.2090600e+06
   6.9090000e+00  -1.0748200e+00   6.0297500e+00   2.8765100e+00   5.2572500e+00   5.5783100e-01  -1.2090600e+06
   6.9088700e+00  -1.0738300e+00   6.0297200e+00   2.8766700e+00   5.2573200e+00   5.5782000e-01  -1.2090600e+06
   6.9090200e+00  -1.0728500e+00   6.0297700e+00   2.8765800e+00   5.2572700e+00   5.5775900e-01  -1.2090600e+06
   6.9089100e+00  -1.0748700e+00   6.0296800e+00   2.8764900e+00   5.2574300e+00   5.5787200e-01  -1.2090600e+06
   6.9089300e+00  -1.0777200e+00   6.0297400e+00   2.8764900e+00   5.2576100e+00   5.5795300e-01  -1.2090600e+06
   6.9089800e+00  -1.0757600e+00   6.0296400e+00   2.8764300e+00   5.2572700e+00   5.5791600e-01  -1.2090600e+06
   6.9089700e+00  -1.0750100e+00   6.0297300e+00   2.8765100e+00   5.2575400e+00   5.5783600e-01  -1.2090600e+06
   6.9089400e+00  -1.0746700e+00   6.0297100e+00   2.8765100e+00   5.2575000e+00   5.5783300e-01  -1.2090600e+06
   6.9090700e+00  -1.0758000e+00   6.0297200e+00   2.8765400e+00   5.2572100e+00   5.5768300e-01  -1.2090600e+06
   6.9090600e+00  -1.0729700e+00   6.0297000e+00   2.8766100e+00   5.2570900e+00   5.5728500e-01  -1.2090600e+06
   6.9090500e+00  -1.0738800e+00   6.0297000e+00   2.8764100e+00   5.2570400e+00   5.5733300e-01  -1.2090600e+06
   6.9090200e+00  -1.0722200e+00   6.0297400e+00   2.8763100e+00   5.2569700e+00   5.5735100e-01  -1.2090600e+06
   6.9089900e+00  -1.0729400e+00   6.0297900e+00   2.8762200e+00   5.2572700e+00   5.5743400e-01  -1.2090600e+06
   6.9091500e+00  -1.0728200e+00   6.0297200e+00   2.8764100e+00   5.2567600e+00   5.5737500e-01  -1.2090600e+06
   6.9089900e+00  -1.0711600e+00   6.0298100e+00   2.8763200e+00   5.2571600e+00   5.5735400e-01  -1.2090600e+06
   6.9090600e+00  -1.0700500e+00   6.0297800e+00   2.8763700e+00   5.2568600e+00   5.5722100e-01  -1.2090600e+06
   6.9090700e+00  -1.0726800e+00   6.0297900e+00   2.8762800e+00   5.2570700e+00   5.5730900e-01  -1.2090600e+06
   6.9091300e+00  -1.0730300e+00   6.0297900e+00   2.8761200e+00   5.2570000e+00   5.5721700e-01  -1.2090600e+06
   6.9091300e+00  -1.0720700e+00   6.0297700e+00   2.8763400e+00   5.2568900e+00   5.5729900e-01  -1.2090600e+06
   6.9092300e+00  -1.0715100e+00   6.0297900e+00   2.8763300e+00   5.2567500e+00   5.5696300e-01  -1.2090600e+06
   6.9092800e+00  -1.0730600e+00   6.0297100e+00   2.8764300e+00   5.2567300e+00   5.5708000e-01  -1.2090600e+06
   6.9091300e+00  -1.0721500e+00   6.0296900e+00   2.8765900e+00   5.2568400e+00   5.5746900e-01  -1.2090600e+06
   6.9091700e+00  -1.0745400e+00   6.0297300e+00   2.8765500e+00   5.2568500e+00   5.5740300e-01  -1.2090600e+06
   6.9090900e+00  -1.0751100e+00   6.0296600e+00   2.8764500e+00   5.2569800e+00   5.5740200e-01  -1.2090600e+06
   6.9092200e+00  -1.0743200e+00   6.0297300e+00   2.8765300e+00   5.2567400e+00   5.5717300e-01  -1.2090600e+06
   6.9092300e+00  -1.0720700e+00   6.0298100e+00   2.8764800e+00   5.2566700e+00   5.5693700e-01  -1.2090600e+06
   6.9090100e+00  -1.0716800e+00   6.0297600e+00   2.8765700e+00   5.2570300e+00   5.5730900e-01  -1.2090600e+06
   6.9092000e+00  -1.0717600e+00   6.0297600e+00   2.8765900e+00   5.2567800e+00   5.5722400e-01  -1.2090600e+06
   6.9090000e+00  -1.0713400e+00   6.0297100e+00   2.8765200e+00   5.2569400e+00   5.5727200e-01  -1.2090600e+06
   6.9090500e+00  -1.0711700e+00   6.0297500e+00   2.8764000e+00   5.2569500e+00   5.5722700e-01  -1.2090600e+06
   6.9090700e+00  -1.0737700e+00   6.0297700e+00   2.8761000e+00   5.2570600e+00   5.5744000e-01  -1.2090600e+06
   6.9089800e+00  -1.0724800e+00   6.0297500e+00   2.8761700e+00   5.2573000e+00   5.5772100e-01  -1.2090600e+06
   6.9090400e+00  -1.0753700e+00   6.0297100e+00   2.8761400e+00   5.2572400e+00   5.5762600e-01  -1.2090600e+06
   6.9090000e+00  -1.0778000e+00   6.0296600e+00   2.8762100e+00   5.2574800e+00   5.5789300e-01  -1.2090600e+06
   6.9089200e+00  -1.0752000e+00   6.0297300e+00   2.8762700e+00   5.2573200e+00   5.5787200e-01  -1.2090600e+06
   6.9087300e+00  -1.0782700e+00   6.0297100e+00   2.8762900e+00   5.2578800e+00   5.5821500e-01  -1.2090600e+06
   6.9089800e+00  -1.0764700e+00   6.0297400e+00   2.8763400e+00   5.2574000e+00   5.5801600e-01  -1.2090600e+06
   6.9091100e+00  -1.0750000e+00   6.0296900e+00   2.8761200e+00   5.2572000e+00   5.5790500e-01  -1.2090600e+06
   6.9089600e+00  -1.0738200e+00   6.0297100e+00   2.8762300e+00   5.2570900e+00   5.5790800e-01  -1.2090600e+06
   6.9089400e+00  -1.0734000e+00   6.0297300e+00   2.8762600e+00   5.2573700e+00   5.5792300e-01  -1.2090600e+06
   6.9088600e+00  -1.0749800e+00   6.0297400e+00   2.8762900e+00   5.2573500e+00   5.5778400e-01  -1.2090600e+06
   6.9090000e+00  -1.0752800e+00   6.0297300e+00   2.8764600e+00   5.2572000e+00   5.5768700e-01  -1.2090600e+06
   6.9090100e+00  -1.0747600e+00   6.0297400e+00   2.8764600e+00   5.2571900e+00   5.5770600e-01  -1.2090600e+06
   6.9091700e+00  -1.0750700e+00   6.0296600e+00   2.8765400e+00   5.2569500e+00   5.5753900e-01  -1.2090600e+06
   6.9090800e+00  -1.0736800e+00   6.0297400e+00   2.8765800e+00   5.2569700e+00   5.5741000e-01  -1.2090600e+06
   6.9088900e+00  -1.0705700e+00   6.0296900e+00   2.8766400e+00   5.2569800e+00   5.5737800e-01  -1.2090600e+06
   6.9091400e+00  -1.0722900e+00   6.0297700e+00   2.8766400e+00   5.2569200e+00   5.5736100e-01  -1.2090600e+06
   6.9090500e+00  -1.0735900e+00   6.0297100e+00   2.8766900e+00   5.2572200e+00   5.5762100e-01  -1.2090600e+06
   6.9090600e+00  -1.0759100e+00   6.0297100e+00   2.8765600e+00   5.2572200e+00   5.5781500e-01  -1.2090600e+06
   6.9091300e+00  -1.0765500e+00   6.0296300e+00   2.8765800e+00   5.2569000e+00   5.5740900e-01  -1.2090600e+06
   6.9090500e+00  -1.0738900e+00   6.0296800e+00   2.8765300e+00   5.2569900e+00   5.5748900e-01  -1.2090600e+06
   6.9089800e+00  -1.0755300e+00   6.0296800e+00   2.8766300e+00   5.2572400e+00   5.5762300e-01  -1.2090600e+06
   6.9091600e+00  -1.0751700e+00   6.0296900e+00   2.8765500e+00   5.2570500e+00   5.5775000e-01  -1.2090600e+06
   6.9090400e+00  -1.0732500e+00   6.0297600e+00   2.8765200e+00   5.2570800e+00   5.5763300e-01  -1.2090600e+06
   6.9092000e+00  -1.0742100e+00   6.0297700e+00   2.8764400e+00   5.2570100e+00   5.5726200e-01  -1.2090600e+06
   6.9091500e+00  -1.0733200e+00   6.0297200e+00   2.8762000e+00   5.2569800e+00   5.5726100e-01  -1.2090600e+06
   6.9088800e+00  -1.0735600e+00   6.0297400e+00   2.8761400e+00   5.2572200e+00   5.5752600e-01  -1.2090600e+06
   6.9090300e+00  -1.0735300e+00   6.0297600e+00   2.8760100e+00   5.2571500e+00   5.5749400e-01  -1.2090600e+06
   6.9092200e+00  -1.0735900e+00   6.0297500e+00   2.8760200e+00   5.2570500e+00   5.5751100e-01  -1.2090600e+06
   6.9088800e+00  -1.0736400e+00   6.0298000e+00   2.8758600e+00   5.2575200e+00   5.5764000e-01  -1.2090600e+06
   6.9089200e+00  -1.0737000e+00   6.0298100e+00   2.8759000e+00   5.2574100e+00   5.5762800e-01  -1.2090600e+06
   6.9089600e+00  -1.0746500e+00   6.0297900e+00   2.8758600e+00   5.2572600e+00   5.5750600e-01  -1.2090600e+06
   6.9091300e+00  -1.0737100e+00   6.0297700e+00   2.8760100e+00   5.2572000e+00   5.5738000e-01  -1.2090600e+06
   6.9090000e+00  -1.0744900e+00   6.0297300e+00   2.8761400e+00   5.2571200e+00   5.5730500e-01  -1.2090600e+06
   6.9092200e+00  -1.0748500e+00   6.0297300e+00   2.8762000e+00   5.2570300e+00   5.5748400e-01  -1.2090600e+06
   6.9091200e+00  -1.0739000e+00   6.0297000e+00   2.8761900e+00   5.2569300e+00   5.5732900e-01  -1.2090600e+06
   6.9092200e+00  -1.0733800e+00   6.0297000e+00   2.8762200e+00   5.2568400e+00   5.5725600e-01  -1.2090600e+06
   6.9091000e+00  -1.0764300e+00   6.0296800e+00   2.8759100e+00   5.2571900e+00   5.5730200e-01  -1.2090600e+06
   6.9090900e+00  -1.0749600e+00   6.0297200e+00   2.8758900e+00   5.2571000e+00   5.5744400e-01  -1.2090600e+06
   6.9089200e+00  -1.0749500e+00   6.0297800e+00   2.8760100e+00   5.2575000e+00   5.5779000e-01  -1.2090600e+06
   6.9090500e+00  -1.0767000e+00   6.0296400e+00   2.8762300e+00   5.2572300e+00   5.5767900e-01  -1.2090600e+06
   6.9089300e+00  -1.0744300e+00   6.0297600e+00   2.8761500e+00   5.2575100e+00   5.5786700e-01  -1.2090600e+06
   6.9089500e+00  -1.0747900e+00   6.0297200e+00   2.8762500e+00   5.2572200e+00   5.5780000e-01  -1.2090600e+06
   6.9088300e+00  -1.0765900e+00   6.0297400e+00   2.8761700e+00   5.2575400e+00   5.5798400e-01  -1.2090600e+06
   6.9090100e+00  -1.0772000e+00   6.0296800e+00   2.8762900e+00   5.2572200e+00   5.5806700e-01  -1.2090600e+06
   6.9089500e+00  -1.0760700e+00   6.0296900e+00   2.8765400e+00   5.2575800e+00   5.5805000e-01  -1.2090600e+06
   6.9089100e+00  -1.0737900e+00   6.0297000e+00   2.8764000e+00   5.2574000e+00   5.5818300e-01  -1.2090600e+06
   6.9087800e+00  -1.0748700e+00   6.0296900e+00   2.8762100e+00   5.2576200e+00   5.5795400e-01  -1.2090600e+06
   6.9091900e+00  -1.0753900e+00   6.0296600e+00   2.8765300e+00   5.2568200e+00   5.5751700e-01  -1.2090600e+06
   6.9091800e+00  -1.0737900e+00   6.0297800e+00   2.8763900e+00   5.2570100e+00   5.5750100e-01  -1.2090600e+06
   6.9091000e+00  -1.0737700e+00   6.0297600e+00   2.8765000e+00   5.2570400e+00   5.5747200e-01  -1.2090600e+06
   6.9088100e+00  -1.0740800e+00   6.0297300e+00   2.8764600e+00   5.2574000e+00   5.5768200e-01  -1.2090600e+06
   6.9088800e+00  -1.0753900e+00   6.0296800e+00   2.8764500e+00   5.2573800e+00   5.5774600e-01  -1.2090600e+06
   6.9091400e+00  -1.0739100e+00   6.0297300e+00   2.8765400e+00   5.2570000e+00   5.5768500e-01  -1.2090600e+06
   6.9088700e+00  -1.0738800e+00   6.0297000e+00   2.8766000e+00   5.2572500e+00   5.5795700e-01  -1.2090600e+06
   6.9089800e+00  -1.0721300e+00   6.0297500e+00   2.8764700e+00   5.2572800e+00   5.5758400e-01  -1.2090600e+06
   6.9090300e+00  -1.0734200e+00   6.0297200e+00   2.8763900e+00   5.2570400e+00   5.5769600e-01  -1.2090600e+06
   6.9090100e+00  -1.0755800e+00   6.0296900e+00   2.8764300e+00   5.2572900e+00   5.5767800e-01  -1.2090600e+06
   6.9090500e+00  -1.0759800e+00   6.0297100e+00   2.8763600e+00   5.2572600e+00   5.5759400e-01  -1.2090600e+06
   6.9089800e+00  -1.0740600e+00   6.0297300e+00   2.8761700e+00   5.2569700e+00   5.5749100e-01  -1.2090600e+06
   6.9092300e+00  -1.0750500e+00   6.0297300e+00   2.8761200e+00   5.2570300e+00   5.5756500e-01  -1.2090600e+06
   6.9089600e+00  -1.0733500e+00   6.0297800e+00   2.8762200e+00   5.2573400e+00   5.5769000e-01  -1.2090600e+06
   6.9089200e+00  -1.0748000e+00   6.0297600e+00   2.8763800e+00   5.2571700e+00   5.5767400e-01  -1.2090600e+06
   6.9089200e+00  -1.0741800e+00   6.0297400e+00   2.8763900e+00   5.2574700e+00   5.5779700e-01  -1.2090600e+06
   6.9091500e+00  -1.0747900e+00   6.0297100e+00   2.8765300e+00   5.2569500e+00   5.5759600e-01  -1.2090600e+06
   6.9089400e+00  -1.0758700e+00   6.0296700e+00   2.8764800e+00   5.2574700e+00   5.5785800e-01  -1.2090600e+06
   6.9091000e+00  -1.0745200e+00   6.0297100e+00   2.8764200e+00   5.2571700e+00   5.5778200e-01  -1.2090600e+06
   6.9092700e+00  -1.0746400e+00   6.0297300e+00   2.8763700e+00   5.2568400e+00   5.5736000e-01  -1.2090600e+06
   6.9089800e+00  -1.0749100e+00   6.0296800e+00   2.8764100e+00   5.2573100e+00   5.5760700e-01  -1.2090600e+06
   6.9091000e+00  -1.0750500e+00   6.0297400e+00   2.8764600e+00   5.2570800e+00   5.5774400e-01  -1.2090600e+06
   6.9090700e+00  -1.0752200e+00   6.0297100e+00   2.8764800e+00   5.2573200e+00   5.5786400e-01  -1.2090600e+06
   6.9091400e+00  -1.0767600e+00   6.0296800e+00   2.8764900e+00   5.2571300e+00   5.5783400e-01  -1.2090600e+06
   6.9087700e+00  -1.0743000e+00   6.0297000e+00   2.8765400e+00   5.2577100e+00   5.5771900e-01  -1.2090600e+06
   6.9090400e+00  -1.0768200e+00   6.0296600e+00   2.8765800e+00   5.2574600e+00   5.5804400e-01  -1.2090600e+06
   6.9090400e+00  -1.0778000e+00   6.0297200e+00   2.8765600e+00   5.2576100e+00   5.5807100e-01  -1.2090600e+06
   6.9089900e+00  -1.0756300e+00   6.0296900e+00   2.8765400e+00   5.2573500e+00   5.5784700e-01  -1.2090600e+06
   6.9089800e+00  -1.0753800e+00   6.0296700e+00   2.8766400e+00   5.2572600e+00   5.5764900e-01  -1.2090600e+06
   6.9089600e+00  -1.0737900e+00   6.0297500e+00   2.8765900e+00   5.2572700e+00   5.5769100e-01  -1.2090600e+06
   6.9090000e+00  -1.0749600e+00   6.0297400e+00   2.8767000e+00   5.2571200e+00   5.5776900e-01  -1.2090600e+06
   6.9091300e+00  -1.0746200e+00   6.0296900e+00   2.8765700e+00   5.2570900e+00   5.5780100e-01  -1.2090600e+06
   6.9090600e+00  -1.0756100e+00   6.0296900e+00   2.8766700e+00   5.2571100e+00   5.5783500e-01  -1.2090600e+06
   6.9089000e+00  -1.0759600e+00   6.0296800e+00   2.8767600e+00   5.2575900e+00   5.5805400e-01  -1.2090600e+06
   6.9091200e+00  -1.0768100e+00   6.0297400e+00   2.8766500e+00   5.2573000e+00   5.5781600e-01  -1.2090600e+06
   6.9086700e+00  -1.0713800e+00   6.0297800e+00   2.8766300e+00   5.2577100e+00   5.5799500e-01  -1.2090600e+06
   6.9089500e+00  -1.0758800e+00   6.0297500e+00   2.8765000e+00   5.2575400e+00   5.5798800e-01  -1.2090600e+06
   6.9089200e+00  -1.0770300e+00   6.0296600e+00   2.8765000e+00   5.2573100e+00   5.5784400e-01  -1.2090600e+06
   6.9090200e+00  -1.0750300e+00   6.0296500e+00   2.8763400e+00   5.2572200e+00   5.5792500e-01  -1.2090600e+06
   6.9088600e+00  -1.0756000e+00   6.0296900e+00   2.8762600e+00   5.2576800e+00   5.5811400e-01  -1.2090600e+06
   6.9090100e+00  -1.0759400e+00   6.0297000e+00   2.8761900e+00   5.2573700e+00   5.5804200e-01  -1.2090600e+06
   6.9089000e+00  -1.0774700e+00   6.0296800e+00   2.8760300e+00   5.2574800e+00   5.5819700e-01  -1.2090600e+06
   6.9087600e+00  -1.0770100e+00   6.0297200e+00   2.8759600e+00   5.2578200e+00   5.5840000e-01  -1.2090600e+06
   6.9088300e+00  -1.0805200e+00   6.0296300e+00   2.8759500e+00   5.2578700e+00   5.5844700e-01  -1.2090600e+06
   6.9089300e+00  -1.0777400e+00   6.0296500e+00   2.8760500e+00   5.2575100e+00   5.5846700e-01  -1.2090600e+06
   6.9087100e+00  -1.0778900e+00   6.0296500e+00   2.8761900e+00   5.2579400e+00   5.5854800e-01  -1.2090600e+06
   6.9090400e+00  -1.0787700e+00   6.0297100e+00   2.8762700e+00   5.2577000e+00   5.5832200e-01  -1.2090600e+06
   6.9088000e+00  -1.0763800e+00   6.0297100e+00   2.8762600e+00   5.2576800e+00   5.5828500e-01  -1.2090600e+06
   6.9086700e+00  -1.0739100e+00   6.0297700e+00   2.8761400e+00   5.2578300e+00   5.5821800e-01  -1.2090600e+06
   6.9088300e+00  -1.0736400e+00   6.0297000e+00   2.8759700e+00   5.2572400e+00   5.5786900e-01  -1.2090600e+06
   6.9088800e+00  -1.0731600e+00   6.0297200e+00   2.8760300e+00   5.2575000e+00   5.5772000e-01  -1.2090600e+06
   6.9088400e+00  -1.0723400e+00   6.0297900e+00   2.8760200e+00   5.2574500e+00   5.5767000e-01  -1.2090600e+06
   6.9089300e+00  -1.0738400e+00   6.0297500e+00   2.8760900e+00   5.2574600e+00   5.5760400e-01  -1.2090600e+06
   6.9090400e+00  -1.0752200e+00   6.0297000e+00   2.8762000e+00   5.2572500e+00   5.5760700e-01  -1.2090600e+06
   6.9088900e+00  -1.0726300e+00   6.0297400e+00   2.8762800e+00   5.2572400e+00   5.5769500e-01  -1.2090600e+06
   6.9089600e+00  -1.0728500e+00   6.0297600e+00   2.8762900e+00   5.2571900e+00   5.5766400e-01  -1.2090600e+06
   6.9089400e+00  -1.0722800e+00   6.0297500e+00   2.8763300e+00   5.2572800e+00   5.5768700e-01  -1.2090600e+06
   6.9089300e+00  -1.0750900e+00   6.0297200e+00   2.8763100e+00   5.2573100e+00   5.5763500e-01  -1.2090600e+06
   6.9090100e+00  -1.0739900e+00   6.0297000e+00   2.8763100e+00   5.2572800e+00   5.5787000e-01  -1.2090600e+06
   6.9088700e+00  -1.0763900e+00   6.0297400e+00   2.8763100e+00   5.2576300e+00   5.5804500e-01  -1.2090600e+06
   6.9088900e+00  -1.0787500e+00   6.0297000e+00   2.8764000e+00   5.2576900e+00   5.5807700e-01  -1.2090600e+06
   6.9088600e+00  -1.0777200e+00   6.0296500e+00   2.8765000e+00   5.2576300e+00   5.5842300e-01  -1.2090600e+06
   6.9089400e+00  -1.0773900e+00   6.0297100e+00   2.8762500e+00   5.2574500e+00   5.5812800e-01  -1.2090600e+06
   6.9088900e+00  -1.0748100e+00   6.0297500e+00   2.8764800e+00   5.2573600e+00   5.5805200e-01  -1.2090600e+06
   6.9091800e+00  -1.0755000e+00   6.0297200e+00   2.8764600e+00   5.2570600e+00   5.5772900e-01  -1.2090600e+06
   6.9089000e+00  -1.0744700e+00   6.0296800e+00   2.8766000e+00   5.2574200e+00   5.5780100e-01  -1.2090600e+06
   6.9088700e+00  -1.0765600e+00   6.0296700e+00   2.8765100e+00   5.2575100e+00   5.5802700e-01  -1.2090600e+06
   6.9087900e+00  -1.0767100e+00   6.0297300e+00   2.8766200e+00   5.2576100e+00   5.5835700e-01  -1.2090600e+06
   6.9089400e+00  -1.0786800e+00   6.0296700e+00   2.8765100e+00   5.2576400e+00   5.5832600e-01  -1.2090600e+06
   6.9089200e+00  -1.0797800e+00   6.0296200e+00   2.8764200e+00   5.2577600e+00   5.5858500e-01  -1.2090600e+06
   6.9089500e+00  -1.0796000e+00   6.0296700e+00   2.8763200e+00   5.2577700e+00   5.5856000e-01  -1.2090600e+06
