   6.9090900e+00  -1.0735300e+00   6.0298000e+00   2.8760900e+00   5.2571700e+00   5.5748800e-01  -8.4634100e+05
   6.9092800e+00  -1.0750900e+00   6.0297500e+00   2.8761200e+00   5.2568300e+00   5.5737700e-01  -8.4634200e+05
   6.9092600e+00  -1.0766600e+00   6.0296700e+00   2.8763800e+00   5.2568200e+00   5.5718900e-01  -8.4634300e+05
   6.9090900e+00  -1.0749800e+00   6.0296700e+00   2.8763700e+00   5.2569600e+00   5.5735800e-01  -8.4634100e+05
   6.9092000e+00  -1.0754700e+00   6.0297000e+00   2.8762500e+00   5.2570800e+00   5.5741200e-01  -8.4634100e+05
   6.9090000e+00  -1.0739200e+00   6.0297900e+00   2.8763500e+00   5.2572800e+00   5.5754400e-01  -8.4634200e+05
   6.9092300e+00  -1.0747300e+00   6.0297300e+00   2.8763400e+00   5.2570100e+00   5.5763200e-01  -8.4634200e+05
   6.9091500e+00  -1.0747900e+00   6.0296600e+00   2.8764000e+00   5.2572600e+00   5.5767500e-01  -8.4634500e+05
   6.9090000e+00  -1.0750000e+00   6.0296700e+00   2.8765600e+00   5.2571400e+00   5.5775400e-01  -8.4634000e+05
   6.9092300e+00  -1.0741300e+00   6.0297800e+00   2.8765400e+00   5.2569600e+00   5.5757200e-01  -8.4634300e+05
   6.9090400e+00  -1.0734900e+00   6.0297200e+00   2.8764900e+00   5.2572000e+00   5.5745600e-01  -8.4634000e+05
   6.9089900e+00  -1.0743500e+00   6.0297100e+00   2.8764900e+00   5.2571600e+00   5.5750400e-01  -8.4634000e+05
   6.9089300e+00  -1.0744600e+00   6.0297200e+00   2.8763600e+00   5.2571200e+00   5.5743500e-01  -8.4634200e+05
   6.9092000e+00  -1.0745100e+00   6.0297700e+00   2.8764800e+00   5.2569500e+00   5.5748000e-01  -8.4634200e+05
   6.9087800e+00  -1.0724200e+00   6.0297200e+00   2.8765300e+00   5.2574300e+00   5.5763800e-01  -8.4634200e+05
   6.9087800e+00  -1.0725100e+00   6.0297500e+00   2.8764600e+00   5.2575000e+00   5.5768300e-01  -8.4634200e+05
   6.9089000e+00  -1.0725000e+00   6.0297400e+00   2.8764800e+00   5.2573000e+00   5.5783100e-01  -8.4634100e+05
   6.9089700e+00  -1.0733900e+00   6.0297400e+00   2.8763400e+00   5.2573300e+00   5.5790100e-01  -8.4634100e+05
   6.9089700e+00  -1.0749300e+00   6.0297100e+00   2.8762300e+00   5.2574600e+00   5.5784400e-01  -8.4634100e+05
   6.9092100e+00  -1.0750400e+00   6.0298000e+00   2.8762800e+00   5.2572700e+00   5.5787600e-01  -8.4634700e+05
   6.9087000e+00  -1.0748900e+00   6.0297100e+00   2.8763800e+00   5.2577400e+00   5.5790200e-01  -8.4634200e+05
   6.9087600e+00  -1.0750800e+00   6.0297300e+00   2.8764100e+00   5.2577500e+00   5.5800200e-01  -8.4634100e+05
   6.9088800e+00  -1.0760100e+00   6.0297100e+00   2.8764200e+00   5.2575000e+00   5.5802200e-01  -8.4634000e+05
   6.9088600e+00  -1.0765200e+00   6.0296900e+00   2.8763400e+00   5.2573900e+00   5.5816400e-01  -8.4634200e+05
   6.9090100e+00  -1.0758500e+00   6.0296600e+00   2.8763100e+00   5.2573300e+00   5.5797500e-01  -8.4634100e+05
   6.9088000e+00  -1.0754400e+00   6.0296600e+00   2.8764100e+00   5.2576100e+00   5.5805700e-01  -8.4634200e+05
   6.9088800e+00  -1.0750700e+00   6.0297000e+00   2.8763500e+00   5.2575400e+00   5.5802700e-01  -8.4634100e+05
   6.9088900e+00  -1.0749100e+00   6.0296900e+00   2.8764100e+00   5.2576100e+00   5.5790400e-01  -8.4634200e+05
   6.9091400e+00  -1.0749400e+00   6.0297400e+00   2.8763700e+00   5.2571900e+00   5.5777000e-01  -8.4634100e+05
   6.9091200e+00  -1.0758200e+00   6.0297100e+00   2.8763600e+00   5.2571700e+00   5.5774800e-01  -8.4634000e+05
   6.9090000e+00  -1.0748400e+00   6.0296500e+00   2.8763800e+00   5.2569800e+00   5.5759200e-01  -8.4634300e+05
   6.9090900e+00  -1.0759600e+00   6.0297300e+00   2.8764800e+00   5.2571500e+00   5.5757700e-01  -8.4634100e+05
   6.9089800e+00  -1.0744600e+00   6.0297500e+00   2.8763800e+00   5.2571500e+00   5.5765000e-01  -8.4634100e+05
   6.9090500e+00  -1.0737600e+00   6.0297600e+00   2.8764800e+00   5.2570900e+00   5.5761300e-01  -8.4634100e+05
   6.9089700e+00  -1.0730100e+00   6.0297600e+00   2.8764400e+00   5.2569400e+00   5.5764800e-01  -8.4634400e+05
   6.9090100e+00  -1.0720800e+00   6.0297800e+00   2.8765100e+00   5.2570900e+00   5.5762700e-01  -8.4634100e+05
   6.9091200e+00  -1.0724900e+00   6.0297300e+00   2.8763900e+00   5.2567800e+00   5.5752900e-01  -8.4634200e+05
   6.9090000e+00  -1.0736000e+00   6.0296700e+00   2.8763600e+00   5.2568100e+00   5.5753400e-01  -8.4634500e+05
   6.9089100e+00  -1.0727100e+00   6.0297100e+00   2.8762900e+00   5.2574200e+00   5.5758700e-01  -8.4634300e+05
   6.9091600e+00  -1.0728900e+00   6.0297000e+00   2.8762000e+00   5.2569100e+00   5.5737000e-01  -8.4634200e+05
   6.9093200e+00  -1.0740600e+00   6.0296700e+00   2.8762100e+00   5.2567000e+00   5.5735100e-01  -8.4634300e+05
   6.9090900e+00  -1.0739700e+00   6.0298000e+00   2.8761200e+00   5.2571200e+00   5.5729900e-01  -8.4634200e+05
   6.9091000e+00  -1.0742600e+00   6.0296900e+00   2.8762200e+00   5.2571400e+00   5.5745100e-01  -8.4634100e+05
   6.9093300e+00  -1.0748000e+00   6.0296400e+00   2.8763200e+00   5.2566900e+00   5.5727100e-01  -8.4634400e+05
   6.9091200e+00  -1.0737600e+00   6.0297300e+00   2.8763700e+00   5.2569700e+00   5.5723500e-01  -8.4634000e+05
   6.9091300e+00  -1.0740000e+00   6.0297000e+00   2.8765000e+00   5.2569300e+00   5.5731600e-01  -8.4634000e+05
   6.9091900e+00  -1.0743400e+00   6.0297600e+00   2.8766400e+00   5.2569000e+00   5.5717000e-01  -8.4634200e+05
   6.9092600e+00  -1.0747200e+00   6.0297500e+00   2.8766200e+00   5.2569100e+00   5.5726000e-01  -8.4634200e+05
   6.9091800e+00  -1.0740700e+00   6.0297300e+00   2.8767400e+00   5.2569900e+00   5.5737600e-01  -8.4634000e+05
   6.9091800e+00  -1.0754300e+00   6.0296900e+00   2.8769600e+00   5.2571000e+00   5.5740900e-01  -8.4634200e+05
   6.9090800e+00  -1.0747200e+00   6.0297400e+00   2.8769200e+00   5.2569500e+00   5.5730500e-01  -8.4634300e+05
   6.9092600e+00  -1.0742500e+00   6.0297200e+00   2.8768200e+00   5.2566500e+00   5.5726100e-01  -8.4634200e+05
   6.9091000e+00  -1.0742100e+00   6.0297700e+00   2.8768800e+00   5.2570000e+00   5.5760700e-01  -8.4634300e+05
   6.9089400e+00  -1.0747600e+00   6.0296800e+00   2.8768800e+00   5.2572100e+00   5.5782400e-01  -8.4634100e+05
   6.9090500e+00  -1.0732400e+00   6.0296700e+00   2.8769500e+00   5.2570100e+00   5.5782100e-01  -8.4634300e+05
   6.9090800e+00  -1.0742400e+00   6.0297300e+00   2.8770300e+00   5.2572400e+00   5.5783000e-01  -8.4634300e+05
   6.9091100e+00  -1.0742700e+00   6.0296100e+00   2.8770400e+00   5.2570300e+00   5.5756100e-01  -8.4634500e+05
   6.9092200e+00  -1.0754900e+00   6.0296700e+00   2.8770000e+00   5.2570500e+00   5.5756400e-01  -8.4634300e+05
   6.9091800e+00  -1.0756700e+00   6.0296100e+00   2.8769600e+00   5.2569100e+00   5.5746900e-01  -8.4634300e+05
   6.9091300e+00  -1.0742800e+00   6.0296700e+00   2.8769500e+00   5.2570400e+00   5.5743300e-01  -8.4634100e+05
   6.9092300e+00  -1.0764200e+00   6.0296600e+00   2.8771200e+00   5.2571300e+00   5.5741200e-01  -8.4634600e+05
   6.9093000e+00  -1.0753300e+00   6.0296400e+00   2.8772000e+00   5.2567400e+00   5.5726500e-01  -8.4634300e+05
   6.9093400e+00  -1.0745500e+00   6.0296900e+00   2.8771200e+00   5.2565500e+00   5.5726300e-01  -8.4634200e+05
   6.9091100e+00  -1.0735800e+00   6.0296700e+00   2.8771200e+00   5.2567800e+00   5.5731800e-01  -8.4634200e+05
   6.9093600e+00  -1.0738300e+00   6.0296900e+00   2.8771300e+00   5.2567100e+00   5.5740400e-01  -8.4634300e+05
   6.9093200e+00  -1.0737200e+00   6.0296400e+00   2.8770800e+00   5.2566600e+00   5.5722700e-01  -8.4634300e+05
   6.9091600e+00  -1.0729100e+00   6.0297100e+00   2.8770500e+00   5.2567800e+00   5.5723800e-01  -8.4634000e+05
   6.9092500e+00  -1.0743500e+00   6.0296800e+00   2.8769600e+00   5.2568300e+00   5.5710500e-01  -8.4634200e+05
   6.9094700e+00  -1.0727600e+00   6.0297400e+00   2.8770400e+00   5.2564500e+00   5.5707000e-01  -8.4634400e+05
   6.9089700e+00  -1.0728800e+00   6.0296800e+00   2.8771000e+00   5.2570000e+00   5.5721000e-01  -8.4634300e+05
   6.9091800e+00  -1.0741100e+00   6.0297100e+00   2.8770300e+00   5.2567300e+00   5.5727600e-01  -8.4634200e+05
   6.9092700e+00  -1.0730100e+00   6.0297000e+00   2.8770800e+00   5.2567100e+00   5.5728400e-01  -8.4634100e+05
   6.9091100e+00  -1.0727400e+00   6.0296700e+00   2.8771500e+00   5.2569000e+00   5.5737500e-01  -8.4634200e+05
   6.9091600e+00  -1.0724600e+00   6.0297000e+00   2.8770400e+00   5.2568800e+00   5.5742500e-01  -8.4634100e+05
   6.9089200e+00  -1.0724300e+00   6.0297600e+00   2.8769500e+00   5.2571900e+00   5.5738300e-01  -8.4634200e+05
   6.9092000e+00  -1.0736000e+00   6.0298100e+00   2.8769800e+00   5.2569600e+00   5.5730700e-01  -8.4634600e+05
   6.9091400e+00  -1.0729500e+00   6.0297700e+00   2.8770400e+00   5.2571000e+00   5.5721000e-01  -8.4634300e+05
   6.9093200e+00  -1.0722400e+00   6.0296900e+00   2.8770300e+00   5.2565700e+00   5.5711300e-01  -8.4634200e+05
   6.9092700e+00  -1.0736500e+00   6.0297100e+00   2.8769100e+00   5.2568600e+00   5.5711500e-01  -8.4634200e+05
   6.9093500e+00  -1.0730200e+00   6.0297800e+00   2.8768500e+00   5.2567700e+00   5.5697600e-01  -8.4634400e+05
   6.9092300e+00  -1.0721300e+00   6.0296900e+00   2.8768100e+00   5.2568000e+00   5.5703500e-01  -8.4634200e+05
   6.9091200e+00  -1.0720500e+00   6.0297600e+00   2.8766800e+00   5.2567300e+00   5.5704300e-01  -8.4634100e+05
   6.9093200e+00  -1.0729200e+00   6.0297500e+00   2.8766700e+00   5.2565300e+00   5.5688700e-01  -8.4634100e+05
   6.9092100e+00  -1.0719800e+00   6.0297300e+00   2.8768200e+00   5.2568600e+00   5.5719200e-01  -8.4634100e+05
   6.9091900e+00  -1.0729400e+00   6.0297600e+00   2.8767400e+00   5.2567800e+00   5.5703400e-01  -8.4634100e+05
   6.9093300e+00  -1.0743400e+00   6.0296900e+00   2.8767200e+00   5.2565500e+00   5.5686700e-01  -8.4634300e+05
   6.9092100e+00  -1.0740400e+00   6.0297000e+00   2.8767000e+00   5.2566900e+00   5.5703000e-01  -8.4634200e+05
   6.9092100e+00  -1.0728700e+00   6.0297500e+00   2.8768000e+00   5.2567200e+00   5.5700100e-01  -8.4634100e+05
   6.9089000e+00  -1.0727700e+00   6.0297000e+00   2.8767800e+00   5.2569600e+00   5.5717800e-01  -8.4634500e+05
   6.9094500e+00  -1.0738400e+00   6.0297000e+00   2.8769100e+00   5.2562000e+00   5.5734300e-01  -8.4634900e+05
   6.9091200e+00  -1.0739200e+00   6.0297300e+00   2.8769400e+00   5.2569900e+00   5.5730800e-01  -8.4634100e+05
   6.9090800e+00  -1.0722800e+00   6.0297200e+00   2.8768200e+00   5.2568700e+00   5.5731900e-01  -8.4634000e+05
   6.9089400e+00  -1.0708100e+00   6.0297300e+00   2.8768800e+00   5.2570300e+00   5.5728800e-01  -8.4634100e+05
   6.9092300e+00  -1.0736000e+00   6.0297700e+00   2.8768200e+00   5.2568900e+00   5.5726400e-01  -8.4634200e+05
   6.9091400e+00  -1.0734700e+00   6.0297600e+00   2.8768200e+00   5.2571100e+00   5.5746600e-01  -8.4634200e+05
   6.9091700e+00  -1.0731600e+00   6.0297400e+00   2.8767600e+00   5.2569700e+00   5.5745900e-01  -8.4634100e+05
   6.9091000e+00  -1.0749200e+00   6.0296600e+00   2.8767400e+00   5.2568500e+00   5.5745400e-01  -8.4634200e+05
   6.9092900e+00  -1.0742700e+00   6.0296900e+00   2.8766700e+00   5.2565900e+00   5.5736300e-01  -8.4634200e+05
   6.9091900e+00  -1.0737300e+00   6.0296900e+00   2.8765700e+00   5.2567700e+00   5.5734400e-01  -8.4634000e+05
   6.9090100e+00  -1.0741900e+00   6.0297100e+00   2.8765000e+00   5.2571000e+00   5.5739000e-01  -8.4634000e+05
   6.9091600e+00  -1.0737300e+00   6.0297100e+00   2.8766300e+00   5.2567300e+00   5.5741700e-01  -8.4634100e+05
   6.9090000e+00  -1.0741700e+00   6.0296300e+00   2.8765800e+00   5.2569200e+00   5.5734400e-01  -8.4634500e+05
   6.9091000e+00  -1.0732800e+00   6.0297400e+00   2.8764100e+00   5.2570400e+00   5.5726800e-01  -8.4634000e+05
   6.9091700e+00  -1.0732600e+00   6.0297600e+00   2.8763100e+00   5.2568600e+00   5.5732000e-01  -8.4634100e+05
   6.9092100e+00  -1.0721200e+00   6.0297400e+00   2.8764200e+00   5.2569300e+00   5.5735400e-01  -8.4634200e+05
   6.9090000e+00  -1.0718200e+00   6.0297400e+00   2.8762400e+00   5.2569200e+00   5.5731500e-01  -8.4634100e+05
   6.9089500e+00  -1.0714500e+00   6.0297600e+00   2.8762300e+00   5.2568900e+00   5.5731500e-01  -8.4634300e+05
   6.9089800e+00  -1.0716600e+00   6.0297500e+00   2.8762200e+00   5.2571200e+00   5.5723700e-01  -8.4634100e+05
   6.9089800e+00  -1.0723400e+00   6.0297200e+00   2.8762400e+00   5.2571700e+00   5.5723200e-01  -8.4634200e+05
   6.9091200e+00  -1.0718500e+00   6.0297600e+00   2.8763200e+00   5.2568200e+00   5.5709500e-01  -8.4634000e+05
   6.9091100e+00  -1.0717100e+00   6.0297600e+00   2.8763800e+00   5.2568800e+00   5.5720600e-01  -8.4634000e+05
   6.9093400e+00  -1.0728400e+00   6.0297600e+00   2.8762900e+00   5.2568100e+00   5.5717100e-01  -8.4634300e+05
   6.9091600e+00  -1.0739200e+00   6.0297600e+00   2.8762700e+00   5.2569300e+00   5.5725500e-01  -8.4634000e+05
   6.9092000e+00  -1.0729900e+00   6.0297700e+00   2.8763300e+00   5.2570400e+00   5.5728500e-01  -8.4634200e+05
   6.9088700e+00  -1.0712100e+00   6.0298000e+00   2.8762100e+00   5.2571300e+00   5.5747600e-01  -8.4634300e+05
   6.9089000e+00  -1.0708100e+00   6.0298200e+00   2.8761800e+00   5.2572500e+00   5.5739500e-01  -8.4634200e+05
   6.9088800e+00  -1.0715700e+00   6.0298000e+00   2.8761600e+00   5.2573000e+00   5.5749500e-01  -8.4634200e+05
   6.9090400e+00  -1.0715500e+00   6.0297700e+00   2.8762400e+00   5.2570500e+00   5.5748900e-01  -8.4634100e+05
   6.9088900e+00  -1.0732500e+00   6.0297200e+00   2.8761000e+00   5.2574100e+00   5.5759300e-01  -8.4634100e+05
   6.9090400e+00  -1.0740700e+00   6.0297700e+00   2.8760400e+00   5.2572500e+00   5.5768100e-01  -8.4634100e+05
   6.9088800e+00  -1.0733900e+00   6.0298000e+00   2.8760400e+00   5.2574600e+00   5.5765100e-01  -8.4634100e+05
   6.9087900e+00  -1.0745600e+00   6.0297300e+00   2.8761000e+00   5.2575900e+00   5.5765200e-01  -8.4634200e+05
   6.9091400e+00  -1.0746200e+00   6.0297200e+00   2.8760500e+00   5.2568600e+00   5.5755000e-01  -8.4634200e+05
   6.9091500e+00  -1.0744200e+00   6.0297000e+00   2.8761700e+00   5.2570500e+00   5.5744600e-01  -8.4634000e+05
   6.9089800e+00  -1.0744600e+00   6.0296400e+00   2.8761100e+00   5.2572400e+00   5.5737300e-01  -8.4634500e+05
   6.9090300e+00  -1.0725300e+00   6.0297400e+00   2.8760600e+00   5.2571400e+00   5.5735400e-01  -8.4634100e+05
   6.9090500e+00  -1.0737000e+00   6.0297900e+00   2.8762100e+00   5.2570100e+00   5.5752800e-01  -8.4634200e+05
   6.9090100e+00  -1.0746300e+00   6.0297200e+00   2.8761200e+00   5.2571900e+00   5.5747500e-01  -8.4634000e+05
   6.9092700e+00  -1.0764200e+00   6.0297300e+00   2.8761200e+00   5.2568900e+00   5.5746100e-01  -8.4634200e+05
   6.9091200e+00  -1.0756900e+00   6.0296900e+00   2.8762400e+00   5.2569100e+00   5.5742900e-01  -8.4634200e+05
   6.9092300e+00  -1.0741400e+00   6.0297100e+00   2.8762500e+00   5.2568900e+00   5.5742500e-01  -8.4634100e+05
   6.9088400e+00  -1.0741600e+00   6.0296800e+00   2.8762500e+00   5.2572300e+00   5.5736900e-01  -8.4634500e+05
   6.9091500e+00  -1.0746800e+00   6.0297000e+00   2.8762700e+00   5.2569200e+00   5.5737500e-01  -8.4634000e+05
   6.9092300e+00  -1.0749100e+00   6.0296800e+00   2.8763700e+00   5.2568900e+00   5.5736100e-01  -8.4634100e+05
   6.9091700e+00  -1.0738100e+00   6.0297400e+00   2.8764200e+00   5.2567700e+00   5.5750700e-01  -8.4634200e+05
   6.9092100e+00  -1.0743900e+00   6.0297800e+00   2.8765100e+00   5.2570300e+00   5.5728200e-01  -8.4634300e+05
   6.9093400e+00  -1.0748700e+00   6.0296700e+00   2.8763900e+00   5.2565900e+00   5.5716900e-01  -8.4634200e+05
   6.9091700e+00  -1.0747900e+00   6.0297000e+00   2.8764000e+00   5.2569400e+00   5.5742500e-01  -8.4634000e+05
   6.9091500e+00  -1.0738700e+00   6.0297400e+00   2.8763900e+00   5.2571400e+00   5.5734900e-01  -8.4634100e+05
   6.9089700e+00  -1.0729500e+00   6.0298300e+00   2.8765400e+00   5.2573400e+00   5.5749100e-01  -8.4634400e+05
   6.9088500e+00  -1.0741900e+00   6.0297200e+00   2.8764400e+00   5.2575300e+00   5.5762700e-01  -8.4634200e+05
   6.9091600e+00  -1.0749600e+00   6.0297200e+00   2.8763200e+00   5.2569600e+00   5.5752900e-01  -8.4634000e+05
   6.9092000e+00  -1.0738900e+00   6.0297100e+00   2.8762400e+00   5.2567900e+00   5.5758000e-01  -8.4634200e+05
   6.9089100e+00  -1.0747200e+00   6.0296900e+00   2.8763400e+00   5.2574600e+00   5.5769300e-01  -8.4634100e+05
   6.9087800e+00  -1.0749400e+00   6.0297300e+00   2.8763500e+00   5.2575900e+00   5.5776800e-01  -8.4634200e+05
   6.9090400e+00  -1.0740400e+00   6.0298000e+00   2.8761500e+00   5.2573400e+00   5.5768200e-01  -8.4634200e+05
   6.9089300e+00  -1.0726300e+00   6.0297400e+00   2.8760700e+00   5.2571000e+00   5.5759300e-01  -8.4634100e+05
   6.9087200e+00  -1.0724600e+00   6.0297300e+00   2.8761100e+00   5.2574600e+00   5.5759800e-01  -8.4634300e+05
   6.9088600e+00  -1.0725600e+00   6.0298000e+00   2.8761100e+00   5.2573200e+00   5.5744000e-01  -8.4634200e+05
   6.9090500e+00  -1.0723400e+00   6.0297400e+00   2.8760200e+00   5.2572100e+00   5.5732500e-01  -8.4634300e+05
   6.9089400e+00  -1.0728600e+00   6.0297100e+00   2.8760700e+00   5.2571900e+00   5.5739500e-01  -8.4634200e+05
   6.9091400e+00  -1.0723900e+00   6.0297300e+00   2.8761400e+00   5.2571500e+00   5.5725700e-01  -8.4634400e+05
   6.9090300e+00  -1.0720500e+00   6.0297900e+00   2.8759500e+00   5.2571500e+00   5.5740000e-01  -8.4634100e+05
   6.9091800e+00  -1.0734200e+00   6.0297800e+00   2.8759700e+00   5.2570900e+00   5.5748300e-01  -8.4634200e+05
   6.9091100e+00  -1.0730400e+00   6.0297900e+00   2.8760800e+00   5.2571500e+00   5.5745500e-01  -8.4634100e+05
   6.9090400e+00  -1.0740800e+00   6.0297900e+00   2.8760100e+00   5.2573400e+00   5.5735700e-01  -8.4634200e+05
   6.9092100e+00  -1.0759800e+00   6.0296900e+00   2.8760700e+00   5.2569000e+00   5.5738000e-01  -8.4634100e+05
   6.9089700e+00  -1.0761900e+00   6.0297200e+00   2.8761600e+00   5.2574500e+00   5.5749500e-01  -8.4634300e+05
   6.9090200e+00  -1.0763100e+00   6.0297100e+00   2.8760800e+00   5.2574300e+00   5.5762100e-01  -8.4634100e+05
   6.9089900e+00  -1.0758100e+00   6.0297600e+00   2.8758900e+00   5.2573300e+00   5.5785900e-01  -8.4634100e+05
   6.9089900e+00  -1.0761600e+00   6.0297300e+00   2.8758500e+00   5.2575100e+00   5.5789800e-01  -8.4634000e+05
   6.9088900e+00  -1.0757600e+00   6.0297900e+00   2.8755800e+00   5.2577500e+00   5.5797100e-01  -8.4634200e+05
   6.9089900e+00  -1.0756500e+00   6.0297700e+00   2.8754400e+00   5.2575900e+00   5.5778000e-01  -8.4634200e+05
   6.9088600e+00  -1.0759300e+00   6.0298000e+00   2.8754200e+00   5.2575400e+00   5.5797200e-01  -8.4634300e+05
   6.9088400e+00  -1.0773300e+00   6.0297100e+00   2.8755200e+00   5.2578000e+00   5.5788800e-01  -8.4634300e+05
   6.9087800e+00  -1.0771800e+00   6.0297400e+00   2.8754100e+00   5.2579500e+00   5.5778100e-01  -8.4634600e+05
   6.9090400e+00  -1.0764400e+00   6.0297200e+00   2.8754200e+00   5.2576000e+00   5.5779600e-01  -8.4634400e+05
   6.9090200e+00  -1.0767400e+00   6.0296800e+00   2.8754900e+00   5.2574000e+00   5.5785200e-01  -8.4634200e+05
   6.9089700e+00  -1.0758100e+00   6.0296900e+00   2.8756700e+00   5.2571700e+00   5.5772500e-01  -8.4634200e+05
   6.9087700e+00  -1.0728400e+00   6.0297100e+00   2.8758700e+00   5.2573900e+00   5.5763400e-01  -8.4634300e+05
   6.9088400e+00  -1.0732600e+00   6.0297400e+00   2.8760900e+00   5.2573900e+00   5.5790500e-01  -8.4634100e+05
   6.9088700e+00  -1.0747900e+00   6.0296900e+00   2.8759600e+00   5.2575200e+00   5.5785100e-01  -8.4634100e+05
   6.9088800e+00  -1.0752200e+00   6.0297400e+00   2.8759800e+00   5.2575500e+00   5.5785700e-01  -8.4634000e+05
   6.9089500e+00  -1.0744300e+00   6.0297000e+00   2.8760100e+00   5.2574200e+00   5.5778100e-01  -8.4634100e+05
   6.9091300e+00  -1.0766300e+00   6.0296900e+00   2.8759200e+00   5.2571500e+00   5.5764900e-01  -8.4634100e+05
   6.9091900e+00  -1.0761900e+00   6.0297100e+00   2.8758900e+00   5.2570600e+00   5.5739500e-01  -8.4634100e+05
   6.9092100e+00  -1.0763000e+00   6.0297300e+00   2.8758900e+00   5.2570900e+00   5.5759600e-01  -8.4634100e+05
   6.9091900e+00  -1.0756000e+00   6.0296900e+00   2.8758900e+00   5.2566800e+00   5.5744600e-01  -8.4634600e+05
   6.9091700e+00  -1.0762400e+00   6.0296800e+00   2.8758400e+00   5.2570300e+00   5.5741500e-01  -8.4634200e+05
   6.9090800e+00  -1.0745500e+00   6.0297700e+00   2.8758100e+00   5.2572300e+00   5.5747000e-01  -8.4634100e+05
   6.9090700e+00  -1.0746300e+00   6.0297500e+00   2.8759900e+00   5.2570600e+00   5.5744700e-01  -8.4634000e+05
   6.9090500e+00  -1.0740700e+00   6.0297100e+00   2.8760200e+00   5.2570100e+00   5.5747600e-01  -8.4634100e+05
   6.9092400e+00  -1.0743700e+00   6.0297600e+00   2.8760800e+00   5.2568600e+00   5.5750000e-01  -8.4634200e+05
   6.9092500e+00  -1.0728500e+00   6.0298100e+00   2.8761300e+00   5.2568600e+00   5.5733100e-01  -8.4634300e+05
   6.9091400e+00  -1.0752300e+00   6.0297500e+00   2.8761600e+00   5.2571500e+00   5.5725800e-01  -8.4634200e+05
   6.9092000e+00  -1.0753700e+00   6.0297100e+00   2.8760700e+00   5.2567200e+00   5.5724100e-01  -8.4634300e+05
   6.9091100e+00  -1.0746500e+00   6.0297200e+00   2.8760500e+00   5.2570400e+00   5.5738600e-01  -8.4634000e+05
   6.9093300e+00  -1.0757300e+00   6.0296700e+00   2.8757500e+00   5.2569000e+00   5.5732900e-01  -8.4634400e+05
   6.9089700e+00  -1.0747200e+00   6.0297900e+00   2.8757700e+00   5.2572900e+00   5.5727500e-01  -8.4634400e+05
   6.9092700e+00  -1.0738600e+00   6.0297500e+00   2.8757300e+00   5.2567500e+00   5.5725100e-01  -8.4634200e+05
   6.9092000e+00  -1.0743300e+00   6.0297200e+00   2.8758200e+00   5.2567600e+00   5.5732700e-01  -8.4634200e+05
   6.9089400e+00  -1.0745900e+00   6.0296900e+00   2.8757100e+00   5.2571800e+00   5.5744900e-01  -8.4634300e+05
   6.9092300e+00  -1.0768500e+00   6.0297600e+00   2.8755900e+00   5.2571200e+00   5.5748700e-01  -8.4634300e+05
   6.9091100e+00  -1.0762700e+00   6.0297800e+00   2.8756200e+00   5.2573100e+00   5.5744100e-01  -8.4634300e+05
   6.9090700e+00  -1.0745500e+00   6.0297500e+00   2.8756600e+00   5.2572800e+00   5.5755900e-01  -8.4634100e+05
   6.9090500e+00  -1.0743800e+00   6.0297900e+00   2.8757100e+00   5.2573400e+00   5.5760900e-01  -8.4634200e+05
   6.9089900e+00  -1.0760600e+00   6.0297500e+00   2.8758900e+00   5.2573900e+00   5.5752900e-01  -8.4634200e+05
   6.9090200e+00  -1.0755500e+00   6.0297400e+00   2.8760800e+00   5.2571000e+00   5.5760000e-01  -8.4634200e+05
   6.9089700e+00  -1.0758900e+00   6.0297600e+00   2.8761600e+00   5.2575000e+00   5.5765000e-01  -8.4634200e+05
   6.9090100e+00  -1.0758700e+00   6.0297300e+00   2.8761900e+00   5.2574400e+00   5.5754800e-01  -8.4634200e+05
   6.9090100e+00  -1.0756000e+00   6.0297500e+00   2.8762200e+00   5.2571500e+00   5.5751300e-01  -8.4634200e+05
   6.9089800e+00  -1.0767300e+00   6.0296800e+00   2.8761400e+00   5.2573200e+00   5.5749600e-01  -8.4634300e+05
   6.9090700e+00  -1.0751800e+00   6.0297500e+00   2.8761900e+00   5.2570800e+00   5.5757100e-01  -8.4634100e+05
   6.9092700e+00  -1.0763000e+00   6.0297100e+00   2.8761000e+00   5.2568500e+00   5.5759300e-01  -8.4634200e+05
   6.9092600e+00  -1.0764100e+00   6.0296400e+00   2.8761100e+00   5.2568200e+00   5.5759100e-01  -8.4634300e+05
   6.9090800e+00  -1.0766900e+00   6.0296900e+00   2.8762900e+00   5.2572800e+00   5.5764300e-01  -8.4634100e+05
   6.9091000e+00  -1.0776000e+00   6.0296200e+00   2.8762800e+00   5.2571400e+00   5.5768100e-01  -8.4634300e+05
   6.9091400e+00  -1.0782600e+00   6.0296200e+00   2.8761800e+00   5.2571400e+00   5.5778000e-01  -8.4634300e+05
   6.9088400e+00  -1.0771600e+00   6.0296700e+00   2.8760500e+00   5.2574800e+00   5.5775100e-01  -8.4634300e+05
   6.9090300e+00  -1.0770000e+00   6.0297000e+00   2.8762600e+00   5.2571500e+00   5.5789400e-01  -8.4634200e+05
   6.9089200e+00  -1.0763000e+00   6.0297700e+00   2.8761800e+00   5.2577100e+00   5.5803300e-01  -8.4634200e+05
   6.9087200e+00  -1.0759800e+00   6.0297400e+00   2.8763400e+00   5.2576700e+00   5.5805400e-01  -8.4634200e+05
   6.9089700e+00  -1.0753800e+00   6.0297100e+00   2.8763100e+00   5.2574300e+00   5.5792500e-01  -8.4634000e+05
   6.9089400e+00  -1.0750600e+00   6.0296300e+00   2.8763900e+00   5.2571500e+00   5.5786200e-01  -8.4634400e+05
   6.9088600e+00  -1.0754500e+00   6.0297100e+00   2.8762400e+00   5.2574100e+00   5.5790900e-01  -8.4634000e+05
   6.9088400e+00  -1.0748800e+00   6.0296900e+00   2.8763000e+00   5.2574900e+00   5.5794200e-01  -8.4634000e+05
   6.9087400e+00  -1.0751500e+00   6.0297300e+00   2.8763700e+00   5.2577300e+00   5.5792000e-01  -8.4634200e+05
   6.9085900e+00  -1.0736500e+00   6.0297800e+00   2.8764400e+00   5.2578400e+00   5.5795100e-01  -8.4634400e+05
   6.9088800e+00  -1.0757700e+00   6.0296700e+00   2.8765600e+00   5.2576000e+00   5.5791400e-01  -8.4634200e+05
   6.9089600e+00  -1.0763900e+00   6.0297500e+00   2.8766100e+00   5.2574500e+00   5.5815400e-01  -8.4634200e+05
   6.9088200e+00  -1.0757100e+00   6.0297100e+00   2.8767500e+00   5.2577800e+00   5.5819000e-01  -8.4634200e+05
   6.9088500e+00  -1.0747600e+00   6.0297800e+00   2.8768000e+00   5.2576100e+00   5.5826900e-01  -8.4634400e+05
   6.9089800e+00  -1.0746000e+00   6.0296400e+00   2.8766100e+00   5.2571300e+00   5.5810100e-01  -8.4634500e+05
   6.9089000e+00  -1.0746100e+00   6.0296600e+00   2.8767800e+00   5.2573900e+00   5.5806900e-01  -8.4634200e+05
   6.9087800e+00  -1.0745000e+00   6.0297100e+00   2.8768700e+00   5.2574700e+00   5.5795600e-01  -8.4634100e+05
   6.9089600e+00  -1.0748900e+00   6.0296800e+00   2.8770800e+00   5.2572200e+00   5.5798400e-01  -8.4634200e+05
   6.9089700e+00  -1.0755400e+00   6.0297300e+00   2.8774400e+00   5.2575100e+00   5.5801200e-01  -8.4634500e+05
   6.9089800e+00  -1.0763100e+00   6.0296100e+00   2.8776200e+00   5.2571100e+00   5.5792800e-01  -8.4634500e+05
   6.9091900e+00  -1.0760900e+00   6.0296900e+00   2.8775800e+00   5.2571700e+00   5.5781800e-01  -8.4634500e+05
   6.9090800e+00  -1.0750200e+00   6.0296700e+00   2.8773600e+00   5.2570500e+00   5.5759200e-01  -8.4634200e+05
   6.9091700e+00  -1.0747100e+00   6.0296800e+00   2.8773600e+00   5.2568900e+00   5.5755300e-01  -8.4634200e+05
   6.9088600e+00  -1.0735700e+00   6.0297000e+00   2.8774200e+00   5.2575900e+00   5.5786600e-01  -8.4634600e+05
   6.9089300e+00  -1.0757400e+00   6.0296400e+00   2.8774400e+00   5.2573700e+00   5.5796300e-01  -8.4634300e+05
   6.9091000e+00  -1.0761200e+00   6.0296400e+00   2.8773600e+00   5.2571100e+00   5.5795100e-01  -8.4634300e+05
   6.9087900e+00  -1.0758400e+00   6.0297100e+00   2.8772700e+00   5.2576900e+00   5.5807900e-01  -8.4634400e+05
   6.9088700e+00  -1.0744600e+00   6.0296500e+00   2.8774700e+00   5.2572400e+00   5.5801100e-01  -8.4634400e+05
   6.9086900e+00  -1.0730700e+00   6.0296900e+00   2.8773700e+00   5.2574500e+00   5.5788500e-01  -8.4634400e+05
   6.9088100e+00  -1.0739700e+00   6.0297700e+00   2.8772800e+00   5.2575100e+00   5.5780800e-01  -8.4634500e+05
   6.9091800e+00  -1.0738100e+00   6.0296800e+00   2.8773100e+00   5.2570000e+00   5.5769200e-01  -8.4634400e+05
   6.9088800e+00  -1.0730000e+00   6.0297000e+00   2.8773900e+00   5.2571300e+00   5.5776200e-01  -8.4634300e+05
   6.9091100e+00  -1.0733500e+00   6.0296800e+00   2.8775300e+00   5.2569200e+00   5.5769500e-01  -8.4634300e+05
   6.9089800e+00  -1.0751200e+00   6.0297200e+00   2.8773600e+00   5.2572600e+00   5.5780900e-01  -8.4634300e+05
   6.9089900e+00  -1.0756500e+00   6.0296800e+00   2.8772600e+00   5.2573400e+00   5.5795500e-01  -8.4634200e+05
   6.9088100e+00  -1.0753900e+00   6.0296900e+00   2.8772400e+00   5.2574900e+00   5.5820100e-01  -8.4634300e+05
   6.9088800e+00  -1.0762600e+00   6.0296500e+00   2.8771900e+00   5.2573800e+00   5.5818300e-01  -8.4634300e+05
   6.9090100e+00  -1.0776200e+00   6.0296700e+00   2.8771300e+00   5.2572000e+00   5.5800600e-01  -8.4634400e+05
   6.9090600e+00  -1.0769700e+00   6.0296700e+00   2.8771800e+00   5.2570000e+00   5.5804800e-01  -8.4634600e+05
   6.9091900e+00  -1.0775600e+00   6.0296800e+00   2.8773400e+00   5.2569500e+00   5.5789300e-01  -8.4634600e+05
   6.9088800e+00  -1.0773900e+00   6.0296900e+00   2.8773500e+00   5.2575400e+00   5.5784000e-01  -8.4634600e+05
   6.9092600e+00  -1.0773100e+00   6.0296500e+00   2.8771400e+00   5.2570200e+00   5.5786600e-01  -8.4634400e+05
   6.9088700e+00  -1.0757800e+00   6.0296600e+00   2.8768800e+00   5.2574800e+00   5.5789900e-01  -8.4634200e+05
   6.9089100e+00  -1.0759600e+00   6.0296800e+00   2.8769100e+00   5.2572800e+00   5.5795800e-01  -8.4634200e+05
   6.9090200e+00  -1.0748600e+00   6.0296800e+00   2.8767300e+00   5.2570600e+00   5.5777200e-01  -8.4634100e+05
   6.9088600e+00  -1.0740900e+00   6.0296800e+00   2.8766100e+00   5.2573200e+00   5.5774400e-01  -8.4634100e+05
   6.9090200e+00  -1.0720300e+00   6.0297300e+00   2.8765900e+00   5.2571800e+00   5.5765800e-01  -8.4634200e+05
   6.9088600e+00  -1.0727400e+00   6.0297400e+00   2.8767000e+00   5.2573400e+00   5.5770300e-01  -8.4634100e+05
   6.9090200e+00  -1.0732800e+00   6.0297400e+00   2.8768000e+00   5.2571700e+00   5.5759000e-01  -8.4634000e+05
   6.9088900e+00  -1.0723100e+00   6.0297100e+00   2.8767000e+00   5.2573300e+00   5.5768700e-01  -8.4634200e+05
   6.9089600e+00  -1.0709000e+00   6.0297600e+00   2.8765600e+00   5.2569700e+00   5.5749200e-01  -8.4634200e+05
   6.9091000e+00  -1.0715800e+00   6.0297300e+00   2.8766800e+00   5.2570400e+00   5.5744200e-01  -8.4634200e+05
   6.9089400e+00  -1.0720300e+00   6.0297700e+00   2.8767300e+00   5.2571400e+00   5.5744500e-01  -8.4634100e+05
   6.9089600e+00  -1.0717400e+00   6.0297300e+00   2.8766000e+00   5.2570300e+00   5.5735700e-01  -8.4634100e+05
   6.9092100e+00  -1.0720800e+00   6.0297500e+00   2.8765700e+00   5.2568200e+00   5.5741400e-01  -8.4634200e+05
   6.9090100e+00  -1.0718700e+00   6.0297200e+00   2.8765500e+00   5.2571900e+00   5.5758000e-01  -8.4634200e+05
   6.9091300e+00  -1.0727100e+00   6.0297100e+00   2.8765100e+00   5.2568800e+00   5.5761600e-01  -8.4634200e+05
   6.9088600e+00  -1.0736700e+00   6.0297700e+00   2.8765100e+00   5.2574500e+00   5.5769400e-01  -8.4634100e+05
   6.9088300e+00  -1.0738100e+00   6.0297500e+00   2.8764900e+00   5.2574100e+00   5.5796500e-01  -8.4634100e+05
   6.9089400e+00  -1.0725500e+00   6.0297100e+00   2.8765000e+00   5.2574100e+00   5.5789000e-01  -8.4634400e+05
   6.9088900e+00  -1.0732100e+00   6.0298000e+00   2.8764500e+00   5.2572800e+00   5.5772000e-01  -8.4634200e+05
   6.9091200e+00  -1.0742900e+00   6.0297300e+00   2.8766000e+00   5.2570700e+00   5.5751500e-01  -8.4634000e+05
   6.9089600e+00  -1.0740200e+00   6.0297000e+00   2.8764900e+00   5.2571800e+00   5.5737000e-01  -8.4634100e+05
   6.9092100e+00  -1.0744500e+00   6.0297000e+00   2.8764100e+00   5.2569400e+00   5.5732700e-01  -8.4634100e+05
   6.9091000e+00  -1.0749900e+00   6.0297200e+00   2.8763300e+00   5.2570500e+00   5.5751600e-01  -8.4634000e+05
   6.9090500e+00  -1.0771400e+00   6.0297200e+00   2.8762400e+00   5.2572600e+00   5.5740000e-01  -8.4634400e+05
   6.9091100e+00  -1.0760000e+00   6.0296500e+00   2.8762000e+00   5.2572100e+00   5.5750900e-01  -8.4634300e+05
   6.9091100e+00  -1.0771500e+00   6.0296200e+00   2.8761600e+00   5.2570100e+00   5.5751200e-01  -8.4634400e+05
   6.9093300e+00  -1.0771900e+00   6.0297000e+00   2.8760500e+00   5.2569000e+00   5.5741200e-01  -8.4634300e+05
   6.9091200e+00  -1.0775600e+00   6.0297300e+00   2.8760600e+00   5.2572800e+00   5.5744700e-01  -8.4634400e+05
   6.9091600e+00  -1.0769600e+00   6.0297100e+00   2.8759400e+00   5.2569100e+00   5.5744400e-01  -8.4634400e+05
   6.9092100e+00  -1.0768500e+00   6.0296600e+00   2.8758800e+00   5.2570600e+00   5.5757200e-01  -8.4634200e+05
   6.9091200e+00  -1.0760700e+00   6.0297000e+00   2.8757700e+00   5.2570400e+00   5.5769100e-01  -8.4634200e+05
   6.9088900e+00  -1.0754900e+00   6.0296600e+00   2.8756800e+00   5.2573700e+00   5.5778800e-01  -8.4634300e+05
   6.9087900e+00  -1.0753700e+00   6.0297400e+00   2.8757400e+00   5.2575300e+00   5.5779700e-01  -8.4634200e+05
   6.9090500e+00  -1.0750200e+00   6.0297300e+00   2.8758100e+00   5.2571000e+00   5.5783200e-01  -8.4634200e+05
   6.9091200e+00  -1.0756000e+00   6.0297100e+00   2.8758800e+00   5.2574000e+00   5.5784200e-01  -8.4634300e+05
   6.9089300e+00  -1.0753100e+00   6.0297600e+00   2.8759500e+00   5.2575500e+00   5.5778800e-01  -8.4634100e+05
   6.9089000e+00  -1.0769100e+00   6.0297800e+00   2.8760700e+00   5.2577000e+00   5.5789400e-01  -8.4634300e+05
   6.9089100e+00  -1.0773500e+00   6.0297400e+00   2.8759300e+00   5.2577800e+00   5.5787900e-01  -8.4634300e+05
   6.9089500e+00  -1.0756800e+00   6.0297500e+00   2.8760600e+00   5.2574900e+00   5.5795800e-01  -8.4634000e+05
   6.9089800e+00  -1.0764600e+00   6.0296900e+00   2.8761600e+00   5.2573600e+00   5.5793400e-01  -8.4634000e+05
   6.9090500e+00  -1.0749600e+00   6.0296600e+00   2.8761500e+00   5.2569700e+00   5.5793900e-01  -8.4634500e+05
   6.9087100e+00  -1.0749300e+00   6.0297300e+00   2.8762400e+00   5.2577600e+00   5.5799700e-01  -8.4634100e+05
   6.9089300e+00  -1.0761100e+00   6.0296800e+00   2.8763000e+00   5.2575200e+00   5.5808500e-01  -8.4634100e+05
   6.9090200e+00  -1.0772200e+00   6.0297200e+00   2.8763300e+00   5.2575400e+00   5.5816400e-01  -8.4634200e+05
   6.9088800e+00  -1.0763200e+00   6.0297600e+00   2.8761600e+00   5.2576500e+00   5.5815400e-01  -8.4634100e+05
   6.9088600e+00  -1.0762000e+00   6.0296300e+00   2.8762300e+00   5.2575100e+00   5.5812000e-01  -8.4634300e+05
   6.9091800e+00  -1.0770300e+00   6.0297700e+00   2.8762200e+00   5.2574000e+00   5.5817400e-01  -8.4634700e+05
   6.9089800e+00  -1.0765300e+00   6.0296400e+00   2.8761900e+00   5.2573500e+00   5.5813600e-01  -8.4634200e+05
   6.9088500e+00  -1.0769600e+00   6.0296900e+00   2.8763200e+00   5.2577600e+00   5.5804700e-01  -8.4634100e+05
   6.9089300e+00  -1.0767200e+00   6.0297300e+00   2.8763900e+00   5.2575600e+00   5.5795400e-01  -8.4634100e+05
   6.9088600e+00  -1.0769300e+00   6.0296500e+00   2.8764800e+00   5.2576100e+00   5.5801800e-01  -8.4634200e+05
   6.9090800e+00  -1.0765500e+00   6.0296600e+00   2.8764300e+00   5.2571400e+00   5.5773800e-01  -8.4634100e+05
   6.9090900e+00  -1.0757300e+00   6.0297600e+00   2.8763300e+00   5.2569600e+00   5.5764300e-01  -8.4634500e+05
   6.9090700e+00  -1.0762300e+00   6.0297100e+00   2.8762500e+00   5.2571600e+00   5.5766300e-01  -8.4634000e+05
   6.9090900e+00  -1.0763800e+00   6.0296400e+00   2.8761900e+00   5.2571900e+00   5.5773200e-01  -8.4634200e+05
   6.9087900e+00  -1.0758400e+00   6.0297600e+00   2.8763000e+00   5.2576200e+00   5.5773900e-01  -8.4634400e+05
   6.9091100e+00  -1.0756100e+00   6.0296500e+00   2.8764100e+00   5.2569500e+00   5.5778000e-01  -8.4634200e+05
   6.9088500e+00  -1.0747800e+00   6.0297200e+00   2.8763600e+00   5.2575800e+00   5.5792700e-01  -8.4634000e+05
   6.9087900e+00  -1.0741000e+00   6.0297100e+00   2.8763200e+00   5.2575000e+00   5.5791800e-01  -8.4634100e+05
   6.9089100e+00  -1.0723900e+00   6.0297800e+00   2.8761700e+00   5.2573800e+00   5.5789600e-01  -8.4634200e+05
   6.9091200e+00  -1.0731400e+00   6.0297100e+00   2.8762500e+00   5.2571500e+00   5.5783400e-01  -8.4634500e+05
   6.9088700e+00  -1.0744200e+00   6.0297700e+00   2.8762600e+00   5.2574700e+00   5.5778000e-01  -8.4634100e+05
   6.9090300e+00  -1.0742900e+00   6.0297400e+00   2.8763500e+00   5.2572200e+00   5.5784100e-01  -8.4634100e+05
   6.9088000e+00  -1.0722600e+00   6.0297400e+00   2.8764900e+00   5.2574100e+00   5.5768500e-01  -8.4634100e+05
   6.9087700e+00  -1.0737200e+00   6.0297500e+00   2.8764500e+00   5.2575500e+00   5.5756500e-01  -8.4634300e+05
   6.9089300e+00  -1.0744500e+00   6.0297800e+00   2.8763500e+00   5.2573600e+00   5.5771100e-01  -8.4634100e+05
   6.9088100e+00  -1.0742600e+00   6.0297600e+00   2.8763300e+00   5.2576100e+00   5.5792500e-01  -8.4634100e+05
   6.9087300e+00  -1.0752100e+00   6.0296700e+00   2.8763000e+00   5.2574300e+00   5.5797000e-01  -8.4634400e+05
   6.9089900e+00  -1.0757800e+00   6.0296800e+00   2.8763100e+00   5.2573900e+00   5.5792700e-01  -8.4634000e+05
   6.9088900e+00  -1.0762300e+00   6.0296800e+00   2.8762700e+00   5.2571800e+00   5.5786200e-01  -8.4634400e+05
   6.9088700e+00  -1.0748600e+00   6.0297500e+00   2.8761700e+00   5.2574600e+00   5.5779800e-01  -8.4634000e+05
   6.9091100e+00  -1.0739600e+00   6.0296900e+00   2.8763000e+00   5.2569800e+00   5.5774200e-01  -8.4634200e+05
   6.9088700e+00  -1.0724600e+00   6.0297400e+00   2.8761600e+00   5.2573600e+00   5.5764000e-01  -8.4634100e+05
   6.9088600e+00  -1.0732400e+00   6.0297400e+00   2.8762900e+00   5.2573500e+00   5.5767800e-01  -8.4634000e+05
   6.9090100e+00  -1.0750300e+00   6.0297600e+00   2.8763900e+00   5.2574200e+00   5.5768300e-01  -8.4634100e+05
   6.9086700e+00  -1.0740600e+00   6.0297500e+00   2.8764800e+00   5.2577300e+00   5.5790000e-01  -8.4634200e+05
   6.9088800e+00  -1.0755800e+00   6.0296700e+00   2.8767500e+00   5.2574500e+00   5.5793900e-01  -8.4634100e+05
   6.9086800e+00  -1.0746000e+00   6.0296300e+00   2.8769000e+00   5.2574800e+00   5.5806500e-01  -8.4634600e+05
   6.9089700e+00  -1.0763800e+00   6.0296300e+00   2.8767700e+00   5.2572900e+00   5.5799500e-01  -8.4634200e+05
   6.9089300e+00  -1.0758900e+00   6.0296200e+00   2.8767300e+00   5.2573800e+00   5.5794200e-01  -8.4634300e+05
   6.9089500e+00  -1.0781500e+00   6.0296700e+00   2.8766200e+00   5.2575300e+00   5.5796200e-01  -8.4634200e+05
   6.9091600e+00  -1.0788400e+00   6.0296200e+00   2.8766900e+00   5.2573000e+00   5.5800400e-01  -8.4634300e+05
   6.9091300e+00  -1.0792100e+00   6.0296200e+00   2.8768200e+00   5.2573500e+00   5.5804400e-01  -8.4634400e+05
   6.9091300e+00  -1.0776200e+00   6.0297100e+00   2.8766400e+00   5.2572300e+00   5.5803200e-01  -8.4634300e+05
   6.9087800e+00  -1.0771900e+00   6.0296800e+00   2.8767600e+00   5.2575200e+00   5.5821200e-01  -8.4634300e+05
   6.9089400e+00  -1.0758000e+00   6.0297200e+00   2.8766800e+00   5.2575500e+00   5.5812100e-01  -8.4634100e+05
   6.9087500e+00  -1.0757300e+00   6.0297200e+00   2.8765000e+00   5.2579000e+00   5.5822600e-01  -8.4634200e+05
   6.9089200e+00  -1.0743900e+00   6.0297200e+00   2.8766300e+00   5.2573800e+00   5.5802600e-01  -8.4634100e+05
   6.9085600e+00  -1.0735000e+00   6.0297600e+00   2.8766600e+00   5.2579300e+00   5.5811400e-01  -8.4634400e+05
   6.9086500e+00  -1.0738300e+00   6.0296500e+00   2.8768000e+00   5.2576500e+00   5.5814200e-01  -8.4634500e+05
   6.9089200e+00  -1.0737300e+00   6.0297100e+00   2.8768500e+00   5.2573300e+00   5.5806600e-01  -8.4634200e+05
   6.9086700e+00  -1.0753700e+00   6.0297000e+00   2.8768300e+00   5.2577800e+00   5.5805100e-01  -8.4634300e+05
   6.9086500e+00  -1.0739300e+00   6.0297400e+00   2.8768600e+00   5.2578200e+00   5.5803300e-01  -8.4634400e+05
   6.9088200e+00  -1.0752100e+00   6.0297100e+00   2.8766600e+00   5.2575400e+00   5.5796800e-01  -8.4634100e+05
   6.9089200e+00  -1.0748300e+00   6.0296900e+00   2.8769100e+00   5.2574700e+00   5.5790300e-01  -8.4634100e+05
   6.9090800e+00  -1.0755300e+00   6.0296400e+00   2.8769100e+00   5.2572200e+00   5.5803100e-01  -8.4634400e+05
   6.9090000e+00  -1.0748700e+00   6.0296900e+00   2.8769400e+00   5.2572300e+00   5.5797000e-01  -8.4634100e+05
   6.9089200e+00  -1.0736400e+00   6.0296900e+00   2.8768600e+00   5.2573200e+00   5.5790400e-01  -8.4634100e+05
   6.9088900e+00  -1.0748400e+00   6.0297100e+00   2.8767400e+00   5.2575500e+00   5.5805100e-01  -8.4634100e+05
   6.9091200e+00  -1.0769300e+00   6.0297100e+00   2.8764900e+00   5.2571400e+00   5.5797200e-01  -8.4634200e+05
   6.9088100e+00  -1.0772100e+00   6.0296500e+00   2.8764500e+00   5.2577700e+00   5.5843400e-01  -8.4634200e+05
   6.9088000e+00  -1.0776000e+00   6.0296600e+00   2.8765900e+00   5.2577900e+00   5.5828400e-01  -8.4634100e+05
   6.9090400e+00  -1.0773100e+00   6.0296900e+00   2.8765900e+00   5.2574200e+00   5.5813800e-01  -8.4634100e+05
   6.9088200e+00  -1.0754300e+00   6.0297200e+00   2.8765400e+00   5.2574900e+00   5.5817700e-01  -8.4634100e+05
   6.9090500e+00  -1.0764800e+00   6.0297200e+00   2.8763900e+00   5.2573900e+00   5.5793900e-01  -8.4634100e+05
   6.9088100e+00  -1.0767000e+00   6.0296900e+00   2.8762600e+00   5.2576600e+00   5.5800100e-01  -8.4634100e+05
   6.9089900e+00  -1.0762600e+00   6.0296600e+00   2.8762300e+00   5.2572000e+00   5.5793400e-01  -8.4634100e+05
   6.9088000e+00  -1.0761200e+00   6.0297100e+00   2.8763000e+00   5.2576800e+00   5.5786400e-01  -8.4634100e+05
   6.9089600e+00  -1.0764600e+00   6.0297100e+00   2.8761900e+00   5.2575300e+00   5.5780200e-01  -8.4634100e+05
   6.9089700e+00  -1.0760100e+00   6.0296900e+00   2.8762100e+00   5.2575300e+00   5.5792400e-01  -8.4634100e+05
   6.9089500e+00  -1.0751300e+00   6.0296800e+00   2.8761700e+00   5.2573400e+00   5.5791500e-01  -8.4634100e+05
   6.9088800e+00  -1.0754300e+00   6.0296900e+00   2.8762000e+00   5.2574100e+00   5.5791500e-01  -8.4634000e+05
   6.9091500e+00  -1.0750000e+00   6.0297900e+00   2.8763000e+00   5.2571700e+00   5.5775700e-01  -8.4634300e+05
   6.9091900e+00  -1.0748200e+00   6.0297500e+00   2.8763300e+00   5.2571400e+00   5.5775400e-01  -8.4634200e+05
   6.9091500e+00  -1.0755000e+00   6.0296900e+00   2.8763000e+00   5.2569800e+00   5.5770000e-01  -8.4634100e+05
   6.9088800e+00  -1.0747900e+00   6.0297200e+00   2.8763600e+00   5.2574700e+00   5.5782600e-01  -8.4634000e+05
   6.9088900e+00  -1.0738200e+00   6.0297500e+00   2.8763500e+00   5.2573000e+00   5.5789400e-01  -8.4634100e+05
   6.9089600e+00  -1.0749800e+00   6.0297600e+00   2.8764200e+00   5.2574600e+00   5.5788100e-01  -8.4634100e+05
   6.9089300e+00  -1.0745200e+00   6.0297700e+00   2.8764500e+00   5.2574000e+00   5.5769100e-01  -8.4634100e+05
   6.9088300e+00  -1.0741600e+00   6.0297500e+00   2.8765100e+00   5.2574900e+00   5.5771400e-01  -8.4634100e+05
   6.9089300e+00  -1.0737200e+00   6.0297200e+00   2.8763300e+00   5.2572600e+00   5.5767900e-01  -8.4634000e+05
   6.9090400e+00  -1.0728300e+00   6.0297500e+00   2.8762700e+00   5.2571500e+00   5.5770300e-01  -8.4634100e+05
   6.9089400e+00  -1.0730400e+00   6.0297400e+00   2.8761800e+00   5.2569500e+00   5.5759000e-01  -8.4634400e+05
   6.9089500e+00  -1.0720500e+00   6.0296800e+00   2.8761100e+00   5.2572600e+00   5.5753400e-01  -8.4634600e+05
   6.9088300e+00  -1.0719500e+00   6.0298100e+00   2.8759900e+00   5.2573700e+00   5.5753100e-01  -8.4634200e+05
   6.9089800e+00  -1.0716500e+00   6.0298000e+00   2.8759300e+00   5.2570700e+00   5.5752900e-01  -8.4634200e+05
   6.9087500e+00  -1.0726900e+00   6.0297800e+00   2.8758600e+00   5.2573400e+00   5.5755600e-01  -8.4634400e+05
   6.9091000e+00  -1.0730300e+00   6.0297700e+00   2.8758200e+00   5.2570600e+00   5.5757300e-01  -8.4634100e+05
   6.9088800e+00  -1.0731900e+00   6.0296900e+00   2.8758400e+00   5.2571600e+00   5.5775100e-01  -8.4634500e+05
   6.9090300e+00  -1.0733000e+00   6.0296900e+00   2.8758400e+00   5.2570800e+00   5.5768600e-01  -8.4634300e+05
   6.9090700e+00  -1.0745600e+00   6.0297300e+00   2.8757200e+00   5.2570900e+00   5.5775300e-01  -8.4634200e+05
   6.9089500e+00  -1.0753900e+00   6.0297300e+00   2.8757100e+00   5.2573600e+00   5.5758600e-01  -8.4634100e+05
   6.9089100e+00  -1.0769500e+00   6.0296800e+00   2.8757300e+00   5.2574900e+00   5.5769100e-01  -8.4634200e+05
   6.9089100e+00  -1.0780600e+00   6.0296500e+00   2.8758200e+00   5.2572600e+00   5.5768400e-01  -8.4634700e+05
   6.9090100e+00  -1.0783800e+00   6.0296600e+00   2.8757100e+00   5.2574400e+00   5.5783200e-01  -8.4634200e+05
   6.9090200e+00  -1.0784600e+00   6.0296800e+00   2.8757400e+00   5.2575200e+00   5.5783300e-01  -8.4634200e+05
   6.9092200e+00  -1.0786400e+00   6.0297200e+00   2.8758700e+00   5.2573700e+00   5.5768600e-01  -8.4634400e+05
   6.9089800e+00  -1.0767900e+00   6.0296700e+00   2.8760100e+00   5.2574600e+00   5.5782900e-01  -8.4634100e+05
   6.9087700e+00  -1.0747700e+00   6.0297400e+00   2.8760300e+00   5.2575500e+00   5.5779800e-01  -8.4634100e+05
   6.9088100e+00  -1.0741300e+00   6.0297900e+00   2.8761000e+00   5.2577000e+00   5.5789000e-01  -8.4634200e+05
   6.9091000e+00  -1.0755800e+00   6.0296900e+00   2.8763000e+00   5.2572300e+00   5.5791700e-01  -8.4634100e+05
   6.9089300e+00  -1.0745300e+00   6.0297200e+00   2.8763500e+00   5.2573000e+00   5.5795900e-01  -8.4634100e+05
   6.9090000e+00  -1.0750700e+00   6.0296900e+00   2.8765100e+00   5.2575200e+00   5.5800800e-01  -8.4634300e+05
   6.9090800e+00  -1.0747700e+00   6.0296600e+00   2.8766700e+00   5.2572200e+00   5.5796400e-01  -8.4634400e+05
   6.9090700e+00  -1.0750400e+00   6.0297000e+00   2.8766300e+00   5.2570200e+00   5.5791100e-01  -8.4634200e+05
   6.9088100e+00  -1.0751900e+00   6.0297300e+00   2.8766700e+00   5.2574000e+00   5.5802800e-01  -8.4634200e+05
   6.9088700e+00  -1.0739900e+00   6.0297600e+00   2.8767300e+00   5.2574500e+00   5.5809400e-01  -8.4634200e+05
   6.9089200e+00  -1.0750400e+00   6.0296600e+00   2.8767200e+00   5.2572100e+00   5.5796400e-01  -8.4634200e+05
   6.9090200e+00  -1.0766400e+00   6.0296400e+00   2.8767800e+00   5.2571900e+00   5.5795800e-01  -8.4634200e+05
   6.9089600e+00  -1.0774000e+00   6.0297300e+00   2.8766800e+00   5.2575500e+00   5.5799800e-01  -8.4634300e+05
   6.9088600e+00  -1.0785300e+00   6.0296400e+00   2.8766700e+00   5.2576000e+00   5.5806300e-01  -8.4634300e+05
   6.9088600e+00  -1.0778600e+00   6.0296900e+00   2.8765400e+00   5.2576200e+00   5.5811500e-01  -8.4634100e+05
   6.9088300e+00  -1.0755400e+00   6.0296900e+00   2.8765900e+00   5.2574800e+00   5.5788100e-01  -8.4634100e+05
   6.9088000e+00  -1.0751000e+00   6.0296600e+00   2.8763700e+00   5.2574900e+00   5.5796900e-01  -8.4634200e+05
   6.9091000e+00  -1.0761600e+00   6.0297400e+00   2.8762700e+00   5.2573400e+00   5.5791700e-01  -8.4634100e+05
   6.9090600e+00  -1.0762700e+00   6.0297200e+00   2.8763100e+00   5.2573300e+00   5.5782800e-01  -8.4634000e+05
   6.9091200e+00  -1.0762600e+00   6.0297200e+00   2.8764700e+00   5.2571600e+00   5.5796100e-01  -8.4634200e+05
   6.9090200e+00  -1.0754300e+00   6.0297300e+00   2.8763900e+00   5.2572200e+00   5.5790000e-01  -8.4634100e+05
   6.9090300e+00  -1.0776800e+00   6.0296300e+00   2.8762500e+00   5.2572300e+00   5.5785500e-01  -8.4634200e+05
   6.9090300e+00  -1.0782500e+00   6.0297000e+00   2.8762300e+00   5.2574200e+00   5.5786500e-01  -8.4634100e+05
   6.9089700e+00  -1.0796700e+00   6.0296500e+00   2.8762300e+00   5.2575300e+00   5.5805200e-01  -8.4634200e+05
   6.9090900e+00  -1.0773500e+00   6.0296900e+00   2.8763500e+00   5.2574000e+00   5.5797100e-01  -8.4634100e+05
   6.9090300e+00  -1.0779200e+00   6.0297200e+00   2.8764000e+00   5.2573600e+00   5.5794700e-01  -8.4634200e+05
   6.9089000e+00  -1.0767400e+00   6.0296900e+00   2.8764600e+00   5.2576200e+00   5.5793900e-01  -8.4634100e+05
   6.9090600e+00  -1.0768200e+00   6.0295900e+00   2.8766300e+00   5.2570900e+00   5.5809300e-01  -8.4634600e+05
   6.9091100e+00  -1.0765900e+00   6.0297200e+00   2.8766400e+00   5.2572900e+00   5.5798700e-01  -8.4634200e+05
   6.9089300e+00  -1.0771300e+00   6.0296400e+00   2.8766700e+00   5.2573400e+00   5.5792500e-01  -8.4634200e+05
   6.9087600e+00  -1.0755000e+00   6.0297800e+00   2.8766300e+00   5.2576300e+00   5.5809000e-01  -8.4634400e+05
   6.9089600e+00  -1.0746200e+00   6.0297100e+00   2.8766300e+00   5.2572700e+00   5.5795100e-01  -8.4634000e+05
   6.9089800e+00  -1.0752400e+00   6.0297200e+00   2.8766600e+00   5.2573100e+00   5.5797000e-01  -8.4634100e+05
   6.9089300e+00  -1.0745500e+00   6.0296900e+00   2.8765600e+00   5.2572000e+00   5.5785500e-01  -8.4634100e+05
   6.9089300e+00  -1.0742300e+00   6.0297000e+00   2.8764900e+00   5.2573800e+00   5.5778200e-01  -8.4634000e+05
   6.9088100e+00  -1.0749200e+00   6.0296800e+00   2.8764800e+00   5.2573700e+00   5.5798500e-01  -8.4634200e+05
   6.9090600e+00  -1.0773800e+00   6.0296300e+00   2.8764900e+00   5.2573000e+00   5.5794000e-01  -8.4634200e+05
   6.9087100e+00  -1.0775200e+00   6.0296400e+00   2.8765900e+00   5.2579300e+00   5.5822200e-01  -8.4634400e+05
   6.9089200e+00  -1.0757200e+00   6.0296600e+00   2.8764500e+00   5.2573900e+00   5.5824100e-01  -8.4634200e+05
   6.9087500e+00  -1.0753000e+00   6.0297600e+00   2.8764200e+00   5.2579200e+00   5.5826000e-01  -8.4634300e+05
   6.9086800e+00  -1.0772800e+00   6.0296500e+00   2.8765300e+00   5.2577800e+00   5.5829400e-01  -8.4634200e+05
   6.9088100e+00  -1.0766100e+00   6.0296500e+00   2.8765700e+00   5.2575700e+00   5.5836500e-01  -8.4634200e+05
   6.9088700e+00  -1.0757200e+00   6.0297200e+00   2.8765800e+00   5.2575800e+00   5.5820300e-01  -8.4634100e+05
   6.9089600e+00  -1.0770600e+00   6.0296900e+00   2.8764400e+00   5.2575200e+00   5.5818700e-01  -8.4634100e+05
   6.9088900e+00  -1.0765000e+00   6.0297500e+00   2.8763900e+00   5.2575400e+00   5.5811900e-01  -8.4634200e+05
   6.9091400e+00  -1.0773600e+00   6.0296600e+00   2.8765000e+00   5.2571400e+00   5.5811400e-01  -8.4634300e+05
   6.9088300e+00  -1.0772500e+00   6.0296800e+00   2.8766300e+00   5.2575600e+00   5.5808500e-01  -8.4634100e+05
   6.9089200e+00  -1.0767100e+00   6.0296900e+00   2.8765900e+00   5.2574100e+00   5.5813500e-01  -8.4634100e+05
   6.9088600e+00  -1.0773900e+00   6.0296700e+00   2.8765500e+00   5.2575900e+00   5.5799100e-01  -8.4634100e+05
   6.9088100e+00  -1.0769000e+00   6.0296900e+00   2.8765700e+00   5.2576700e+00   5.5805000e-01  -8.4634100e+05
   6.9089900e+00  -1.0762200e+00   6.0297000e+00   2.8766100e+00   5.2572100e+00   5.5807400e-01  -8.4634200e+05
   6.9088500e+00  -1.0768300e+00   6.0296900e+00   2.8766400e+00   5.2574600e+00   5.5798600e-01  -8.4634100e+05
   6.9088400e+00  -1.0763100e+00   6.0297100e+00   2.8766900e+00   5.2575000e+00   5.5800200e-01  -8.4634100e+05
   6.9088900e+00  -1.0767300e+00   6.0296700e+00   2.8766100e+00   5.2574300e+00   5.5800400e-01  -8.4634100e+05
   6.9089200e+00  -1.0766600e+00   6.0297200e+00   2.8764400e+00   5.2575200e+00   5.5800600e-01  -8.4634000e+05
   6.9090000e+00  -1.0769400e+00   6.0296300e+00   2.8765400e+00   5.2573500e+00   5.5792700e-01  -8.4634200e+05
   6.9089800e+00  -1.0772400e+00   6.0296600e+00   2.8766000e+00   5.2573700e+00   5.5793800e-01  -8.4634100e+05
   6.9090100e+00  -1.0783600e+00   6.0296900e+00   2.8768900e+00   5.2575200e+00   5.5791000e-01  -8.4634400e+05
   6.9090400e+00  -1.0780600e+00   6.0296600e+00   2.8769100e+00   5.2574900e+00   5.5818900e-01  -8.4634300e+05
   6.9086600e+00  -1.0772900e+00   6.0296100e+00   2.8767400e+00   5.2577100e+00   5.5819600e-01  -8.4634600e+05
   6.9088600e+00  -1.0778300e+00   6.0296500e+00   2.8768000e+00   5.2576900e+00   5.5827500e-01  -8.4634200e+05
   6.9088500e+00  -1.0766000e+00   6.0296900e+00   2.8768200e+00   5.2577000e+00   5.5817400e-01  -8.4634200e+05
   6.9088100e+00  -1.0761900e+00   6.0297200e+00   2.8767900e+00   5.2575300e+00   5.5819200e-01  -8.4634200e+05
   6.9088200e+00  -1.0769800e+00   6.0296800e+00   2.8767100e+00   5.2576600e+00   5.5827400e-01  -8.4634100e+05
   6.9088700e+00  -1.0767300e+00   6.0297200e+00   2.8768200e+00   5.2577700e+00   5.5826800e-01  -8.4634300e+05
   6.9087400e+00  -1.0756200e+00   6.0297100e+00   2.8767100e+00   5.2573800e+00   5.5825400e-01  -8.4634600e+05
   6.9090700e+00  -1.0748900e+00   6.0297400e+00   2.8766000e+00   5.2573500e+00   5.5821800e-01  -8.4634500e+05
   6.9089500e+00  -1.0749100e+00   6.0296800e+00   2.8765200e+00   5.2571600e+00   5.5801800e-01  -8.4634200e+05
   6.9090500e+00  -1.0761000e+00   6.0296900e+00   2.8765000e+00   5.2573700e+00   5.5796200e-01  -8.4634100e+05
   6.9089400e+00  -1.0754200e+00   6.0297400e+00   2.8764200e+00   5.2575800e+00   5.5792700e-01  -8.4634100e+05
   6.9090600e+00  -1.0759300e+00   6.0296300e+00   2.8766000e+00   5.2570400e+00   5.5783100e-01  -8.4634200e+05
   6.9089800e+00  -1.0773800e+00   6.0296700e+00   2.8764400e+00   5.2572500e+00   5.5776200e-01  -8.4634200e+05
   6.9090500e+00  -1.0779100e+00   6.0296700e+00   2.8764400e+00   5.2573900e+00   5.5765700e-01  -8.4634300e+05
   6.9089400e+00  -1.0773000e+00   6.0297000e+00   2.8766900e+00   5.2573700e+00   5.5784700e-01  -8.4634200e+05
   6.9091200e+00  -1.0786000e+00   6.0296400e+00   2.8765500e+00   5.2572500e+00   5.5783400e-01  -8.4634200e+05
   6.9091400e+00  -1.0773300e+00   6.0296400e+00   2.8765100e+00   5.2570900e+00   5.5782600e-01  -8.4634200e+05
   6.9091200e+00  -1.0774000e+00   6.0297100e+00   2.8764800e+00   5.2573200e+00   5.5782800e-01  -8.4634100e+05
   6.9089000e+00  -1.0759800e+00   6.0297500e+00   2.8762600e+00   5.2573400e+00   5.5790300e-01  -8.4634200e+05
   6.9088900e+00  -1.0768700e+00   6.0297500e+00   2.8761300e+00   5.2577500e+00   5.5793000e-01  -8.4634200e+05
   6.9089400e+00  -1.0770000e+00   6.0297600e+00   2.8760500e+00   5.2576600e+00   5.5822300e-01  -8.4634200e+05
   6.9088100e+00  -1.0772900e+00   6.0297200e+00   2.8759100e+00   5.2577500e+00   5.5835000e-01  -8.4634000e+05
   6.9090100e+00  -1.0779000e+00   6.0296900e+00   2.8757400e+00   5.2575000e+00   5.5835200e-01  -8.4634200e+05
   6.9087600e+00  -1.0778200e+00   6.0297300e+00   2.8757700e+00   5.2578700e+00   5.5826500e-01  -8.4634100e+05
   6.9087200e+00  -1.0768200e+00   6.0297200e+00   2.8757600e+00   5.2577400e+00   5.5818900e-01  -8.4634100e+05
   6.9085800e+00  -1.0773700e+00   6.0297900e+00   2.8756800e+00   5.2581300e+00   5.5813300e-01  -8.4634700e+05
   6.9087800e+00  -1.0766800e+00   6.0297800e+00   2.8756400e+00   5.2577600e+00   5.5797700e-01  -8.4634300e+05
   6.9089900e+00  -1.0767600e+00   6.0296800e+00   2.8755500e+00   5.2572600e+00   5.5790200e-01  -8.4634200e+05
   6.9089500e+00  -1.0766500e+00   6.0297300e+00   2.8755500e+00   5.2576000e+00   5.5802500e-01  -8.4634100e+05
   6.9086900e+00  -1.0746300e+00   6.0298500e+00   2.8755800e+00   5.2578500e+00   5.5805900e-01  -8.4634600e+05
   6.9088700e+00  -1.0758600e+00   6.0296900e+00   2.8756600e+00   5.2576200e+00   5.5795300e-01  -8.4634200e+05
   6.9087900e+00  -1.0757600e+00   6.0296700e+00   2.8756200e+00   5.2575900e+00   5.5795800e-01  -8.4634300e+05
   6.9089700e+00  -1.0735000e+00   6.0298100e+00   2.8756800e+00   5.2572600e+00   5.5765600e-01  -8.4634200e+05
   6.9090700e+00  -1.0727200e+00   6.0298000e+00   2.8755600e+00   5.2570400e+00   5.5764300e-01  -8.4634400e+05
   6.9088300e+00  -1.0735600e+00   6.0297200e+00   2.8755300e+00   5.2576400e+00   5.5783500e-01  -8.4634400e+05
   6.9087700e+00  -1.0731000e+00   6.0297900e+00   2.8754900e+00   5.2576000e+00   5.5779300e-01  -8.4634200e+05
   6.9088700e+00  -1.0746600e+00   6.0297600e+00   2.8754400e+00   5.2574200e+00   5.5771100e-01  -8.4634200e+05
   6.9089300e+00  -1.0750700e+00   6.0297200e+00   2.8755100e+00   5.2572700e+00   5.5758900e-01  -8.4634200e+05
   6.9090500e+00  -1.0736700e+00   6.0298300e+00   2.8755000e+00   5.2573000e+00   5.5760900e-01  -8.4634400e+05
   6.9089400e+00  -1.0729500e+00   6.0297700e+00   2.8755600e+00   5.2574200e+00   5.5772600e-01  -8.4634200e+05
   6.9089100e+00  -1.0737500e+00   6.0297500e+00   2.8755600e+00   5.2574400e+00   5.5779100e-01  -8.4634100e+05
   6.9086800e+00  -1.0744000e+00   6.0296900e+00   2.8754800e+00   5.2577100e+00   5.5794300e-01  -8.4634500e+05
   6.9088800e+00  -1.0744500e+00   6.0297800e+00   2.8755200e+00   5.2575600e+00   5.5801700e-01  -8.4634200e+05
