   6.9095100e+00  -1.0746500e+00   6.0296700e+00   2.8762200e+00   5.2566400e+00   5.5708700e-01  -4.8362700e+05
   6.9090500e+00  -1.0747000e+00   6.0296800e+00   2.8764900e+00   5.2570500e+00   5.5740100e-01  -4.8362300e+05
   6.9090900e+00  -1.0748100e+00   6.0296900e+00   2.8761300e+00   5.2570600e+00   5.5738200e-01  -4.8362300e+05
   6.9088000e+00  -1.0748900e+00   6.0296900e+00   2.8757500e+00   5.2572900e+00   5.5730300e-01  -4.8362800e+05
   6.9088000e+00  -1.0747300e+00   6.0296700e+00   2.8760200e+00   5.2572300e+00   5.5750900e-01  -4.8362600e+05
   6.9091900e+00  -1.0747300e+00   6.0297200e+00   2.8754700e+00   5.2570000e+00   5.5755600e-01  -4.8362400e+05
   6.9087300e+00  -1.0747100e+00   6.0297500e+00   2.8762000e+00   5.2576100e+00   5.5784000e-01  -4.8362400e+05
   6.9089100e+00  -1.0748500e+00   6.0297000e+00   2.8760800e+00   5.2573300e+00   5.5775600e-01  -4.8362300e+05
   6.9085100e+00  -1.0746900e+00   6.0298000e+00   2.8747000e+00   5.2582200e+00   5.5799400e-01  -4.8362800e+05
   6.9089700e+00  -1.0747300e+00   6.0297200e+00   2.8753800e+00   5.2573200e+00   5.5807100e-01  -4.8362500e+05
   6.9093400e+00  -1.0746600e+00   6.0297100e+00   2.8758500e+00   5.2568600e+00   5.5763100e-01  -4.8362600e+05
   6.9091800e+00  -1.0750900e+00   6.0297700e+00   2.8763300e+00   5.2571400e+00   5.5770100e-01  -4.8362400e+05
   6.9088700e+00  -1.0749900e+00   6.0297500e+00   2.8763200e+00   5.2575000e+00   5.5755200e-01  -4.8362400e+05
   6.9093100e+00  -1.0750100e+00   6.0297800e+00   2.8766300e+00   5.2572500e+00   5.5750900e-01  -4.8362900e+05
   6.9091700e+00  -1.0750600e+00   6.0297200e+00   2.8766700e+00   5.2565300e+00   5.5731600e-01  -4.8362900e+05
   6.9091300e+00  -1.0754600e+00   6.0296700e+00   2.8771500e+00   5.2568400e+00   5.5728600e-01  -4.8362500e+05
   6.9092700e+00  -1.0755200e+00   6.0296700e+00   2.8768600e+00   5.2570400e+00   5.5757500e-01  -4.8362500e+05
   6.9089900e+00  -1.0755600e+00   6.0296500e+00   2.8764500e+00   5.2572800e+00   5.5763900e-01  -4.8362400e+05
   6.9089200e+00  -1.0753000e+00   6.0296700e+00   2.8765900e+00   5.2572400e+00   5.5761900e-01  -4.8362400e+05
   6.9094600e+00  -1.0749700e+00   6.0297200e+00   2.8770100e+00   5.2568500e+00   5.5747300e-01  -4.8362800e+05
   6.9092500e+00  -1.0752100e+00   6.0296200e+00   2.8774400e+00   5.2568000e+00   5.5767600e-01  -4.8362500e+05
   6.9091700e+00  -1.0750200e+00   6.0296900e+00   2.8770500e+00   5.2570100e+00   5.5753000e-01  -4.8362300e+05
   6.9090500e+00  -1.0750100e+00   6.0297200e+00   2.8769000e+00   5.2572600e+00   5.5754300e-01  -4.8362400e+05
   6.9088800e+00  -1.0751800e+00   6.0297400e+00   2.8774600e+00   5.2578100e+00   5.5794500e-01  -4.8362900e+05
   6.9087800e+00  -1.0754600e+00   6.0296200e+00   2.8781400e+00   5.2577500e+00   5.5785900e-01  -4.8363100e+05
   6.9089100e+00  -1.0754300e+00   6.0295900e+00   2.8781600e+00   5.2570100e+00   5.5817300e-01  -4.8363000e+05
   6.9093200e+00  -1.0752600e+00   6.0296700e+00   2.8782300e+00   5.2567900e+00   5.5779200e-01  -4.8362900e+05
   6.9089800e+00  -1.0752700e+00   6.0296300e+00   2.8773000e+00   5.2570900e+00   5.5755200e-01  -4.8362500e+05
   6.9094900e+00  -1.0753700e+00   6.0297100e+00   2.8775400e+00   5.2568700e+00   5.5741700e-01  -4.8363000e+05
   6.9094400e+00  -1.0752800e+00   6.0296500e+00   2.8764900e+00   5.2568400e+00   5.5724400e-01  -4.8362700e+05
   6.9093900e+00  -1.0752300e+00   6.0296700e+00   2.8766200e+00   5.2566800e+00   5.5725000e-01  -4.8362400e+05
   6.9090900e+00  -1.0752600e+00   6.0296500e+00   2.8762000e+00   5.2570100e+00   5.5734100e-01  -4.8362400e+05
   6.9092100e+00  -1.0755100e+00   6.0298000e+00   2.8763300e+00   5.2568800e+00   5.5779300e-01  -4.8362800e+05
   6.9088900e+00  -1.0753200e+00   6.0297500e+00   2.8763600e+00   5.2573900e+00   5.5781000e-01  -4.8362300e+05
   6.9087700e+00  -1.0751400e+00   6.0298100e+00   2.8754500e+00   5.2576700e+00   5.5799900e-01  -4.8362500e+05
   6.9089300e+00  -1.0751800e+00   6.0297400e+00   2.8761900e+00   5.2575400e+00   5.5796100e-01  -4.8362300e+05
   6.9090400e+00  -1.0751300e+00   6.0297700e+00   2.8765800e+00   5.2574400e+00   5.5785900e-01  -4.8362400e+05
   6.9088300e+00  -1.0752700e+00   6.0296300e+00   2.8765600e+00   5.2574900e+00   5.5825500e-01  -4.8362500e+05
   6.9085100e+00  -1.0755200e+00   6.0297300e+00   2.8763000e+00   5.2581300e+00   5.5862100e-01  -4.8362500e+05
   6.9087900e+00  -1.0760200e+00   6.0297200e+00   2.8761500e+00   5.2575900e+00   5.5861400e-01  -4.8362600e+05
   6.9084600e+00  -1.0759900e+00   6.0296900e+00   2.8765800e+00   5.2581500e+00   5.5883900e-01  -4.8362600e+05
   6.9084400e+00  -1.0760400e+00   6.0297100e+00   2.8763700e+00   5.2581000e+00   5.5884500e-01  -4.8362600e+05
   6.9085200e+00  -1.0761900e+00   6.0297500e+00   2.8761000e+00   5.2580900e+00   5.5887300e-01  -4.8362600e+05
   6.9083000e+00  -1.0761800e+00   6.0297200e+00   2.8759800e+00   5.2583400e+00   5.5899300e-01  -4.8362700e+05
   6.9086400e+00  -1.0760700e+00   6.0297400e+00   2.8759800e+00   5.2578800e+00   5.5893300e-01  -4.8362700e+05
   6.9089300e+00  -1.0763100e+00   6.0297000e+00   2.8758100e+00   5.2576900e+00   5.5861700e-01  -4.8362700e+05
   6.9085500e+00  -1.0769600e+00   6.0297300e+00   2.8754300e+00   5.2580300e+00   5.5866200e-01  -4.8362500e+05
   6.9088400e+00  -1.0773800e+00   6.0298300e+00   2.8752200e+00   5.2580600e+00   5.5848100e-01  -4.8362700e+05
   6.9087500e+00  -1.0776700e+00   6.0297500e+00   2.8750600e+00   5.2580100e+00   5.5829800e-01  -4.8362400e+05
   6.9086800e+00  -1.0772300e+00   6.0297100e+00   2.8751800e+00   5.2581400e+00   5.5855700e-01  -4.8362500e+05
   6.9086300e+00  -1.0770900e+00   6.0297200e+00   2.8750800e+00   5.2582100e+00   5.5854900e-01  -4.8362500e+05
   6.9088600e+00  -1.0768800e+00   6.0296400e+00   2.8755800e+00   5.2579100e+00   5.5856400e-01  -4.8362900e+05
   6.9089400e+00  -1.0770400e+00   6.0297500e+00   2.8757400e+00   5.2576700e+00   5.5838800e-01  -4.8362400e+05
   6.9088300e+00  -1.0769200e+00   6.0297600e+00   2.8750200e+00   5.2580900e+00   5.5854400e-01  -4.8362700e+05
   6.9090200e+00  -1.0769000e+00   6.0297100e+00   2.8750600e+00   5.2576200e+00   5.5833900e-01  -4.8362600e+05
   6.9086200e+00  -1.0770300e+00   6.0297300e+00   2.8755600e+00   5.2580000e+00   5.5801800e-01  -4.8362500e+05
   6.9089400e+00  -1.0769200e+00   6.0297400e+00   2.8755100e+00   5.2576800e+00   5.5784400e-01  -4.8362400e+05
   6.9091000e+00  -1.0772000e+00   6.0297700e+00   2.8753000e+00   5.2575300e+00   5.5791000e-01  -4.8362500e+05
   6.9087600e+00  -1.0771000e+00   6.0296800e+00   2.8759200e+00   5.2580200e+00   5.5828500e-01  -4.8362500e+05
   6.9090400e+00  -1.0771500e+00   6.0296400e+00   2.8765000e+00   5.2569400e+00   5.5813900e-01  -4.8362800e+05
   6.9090200e+00  -1.0768800e+00   6.0296800e+00   2.8770700e+00   5.2569700e+00   5.5791500e-01  -4.8362700e+05
   6.9087000e+00  -1.0769200e+00   6.0297700e+00   2.8769300e+00   5.2581200e+00   5.5847700e-01  -4.8362700e+05
   6.9088100e+00  -1.0763100e+00   6.0296300e+00   2.8769100e+00   5.2578100e+00   5.5824400e-01  -4.8362600e+05
   6.9087500e+00  -1.0762200e+00   6.0297000e+00   2.8767200e+00   5.2578000e+00   5.5834000e-01  -4.8362400e+05
   6.9091300e+00  -1.0763700e+00   6.0297600e+00   2.8767900e+00   5.2571600e+00   5.5816300e-01  -4.8362700e+05
   6.9089200e+00  -1.0762800e+00   6.0297400e+00   2.8758900e+00   5.2574000e+00   5.5823900e-01  -4.8362400e+05
   6.9090300e+00  -1.0760300e+00   6.0296500e+00   2.8759600e+00   5.2574000e+00   5.5772700e-01  -4.8362500e+05
   6.9088300e+00  -1.0760400e+00   6.0297000e+00   2.8760000e+00   5.2575400e+00   5.5774200e-01  -4.8362400e+05
   6.9090000e+00  -1.0758500e+00   6.0297600e+00   2.8762900e+00   5.2574800e+00   5.5763400e-01  -4.8362400e+05
   6.9089900e+00  -1.0755700e+00   6.0297600e+00   2.8756500e+00   5.2577500e+00   5.5817100e-01  -4.8362600e+05
   6.9091200e+00  -1.0756300e+00   6.0296800e+00   2.8760100e+00   5.2570200e+00   5.5741100e-01  -4.8362300e+05
   6.9089700e+00  -1.0758500e+00   6.0297400e+00   2.8762500e+00   5.2576200e+00   5.5732800e-01  -4.8362800e+05
   6.9089800e+00  -1.0756800e+00   6.0296900e+00   2.8766400e+00   5.2572000e+00   5.5750300e-01  -4.8362400e+05
   6.9090900e+00  -1.0753200e+00   6.0297700e+00   2.8763000e+00   5.2571500e+00   5.5753800e-01  -4.8362400e+05
   6.9092000e+00  -1.0760400e+00   6.0296600e+00   2.8760400e+00   5.2566200e+00   5.5721900e-01  -4.8362700e+05
   6.9095600e+00  -1.0757400e+00   6.0296900e+00   2.8763400e+00   5.2560700e+00   5.5669100e-01  -4.8362800e+05
   6.9091300e+00  -1.0750300e+00   6.0297100e+00   2.8766200e+00   5.2570700e+00   5.5690200e-01  -4.8362700e+05
   6.9091200e+00  -1.0750100e+00   6.0297500e+00   2.8766900e+00   5.2570000e+00   5.5689500e-01  -4.8362700e+05
   6.9094100e+00  -1.0746700e+00   6.0296900e+00   2.8767300e+00   5.2567000e+00   5.5709200e-01  -4.8362500e+05
   6.9093500e+00  -1.0747000e+00   6.0297700e+00   2.8770700e+00   5.2567700e+00   5.5736700e-01  -4.8362600e+05
   6.9090600e+00  -1.0746700e+00   6.0295600e+00   2.8774800e+00   5.2567200e+00   5.5760100e-01  -4.8362900e+05
   6.9092100e+00  -1.0745800e+00   6.0297200e+00   2.8765000e+00   5.2568100e+00   5.5763400e-01  -4.8362400e+05
   6.9090100e+00  -1.0752500e+00   6.0296200e+00   2.8769000e+00   5.2568900e+00   5.5756000e-01  -4.8362600e+05
   6.9088600e+00  -1.0753600e+00   6.0296900e+00   2.8763700e+00   5.2573800e+00   5.5769500e-01  -4.8362300e+05
   6.9090400e+00  -1.0751000e+00   6.0297900e+00   2.8758800e+00   5.2574300e+00   5.5790100e-01  -4.8362400e+05
   6.9090900e+00  -1.0749500e+00   6.0296900e+00   2.8758700e+00   5.2573400e+00   5.5781700e-01  -4.8362500e+05
   6.9090200e+00  -1.0750800e+00   6.0297600e+00   2.8762300e+00   5.2570900e+00   5.5761300e-01  -4.8362400e+05
   6.9088900e+00  -1.0749600e+00   6.0297100e+00   2.8758200e+00   5.2575600e+00   5.5793500e-01  -4.8362300e+05
   6.9090800e+00  -1.0748900e+00   6.0297900e+00   2.8760000e+00   5.2571600e+00   5.5765300e-01  -4.8362400e+05
   6.9093900e+00  -1.0752700e+00   6.0297400e+00   2.8764300e+00   5.2567400e+00   5.5711100e-01  -4.8362400e+05
   6.9091800e+00  -1.0756300e+00   6.0297700e+00   2.8759900e+00   5.2574300e+00   5.5747500e-01  -4.8362700e+05
   6.9094000e+00  -1.0753300e+00   6.0297100e+00   2.8757700e+00   5.2569000e+00   5.5729100e-01  -4.8362600e+05
   6.9092000e+00  -1.0752100e+00   6.0297500e+00   2.8758400e+00   5.2571900e+00   5.5727900e-01  -4.8362500e+05
   6.9089900e+00  -1.0751300e+00   6.0296900e+00   2.8759700e+00   5.2570200e+00   5.5742100e-01  -4.8362500e+05
   6.9092600e+00  -1.0752600e+00   6.0297300e+00   2.8758800e+00   5.2571500e+00   5.5763500e-01  -4.8362500e+05
   6.9089300e+00  -1.0754900e+00   6.0297500e+00   2.8763000e+00   5.2574000e+00   5.5770200e-01  -4.8362300e+05
   6.9089400e+00  -1.0757600e+00   6.0297100e+00   2.8762700e+00   5.2570700e+00   5.5781200e-01  -4.8362600e+05
   6.9090000e+00  -1.0753700e+00   6.0297200e+00   2.8760400e+00   5.2577500e+00   5.5819100e-01  -4.8362700e+05
   6.9087000e+00  -1.0753500e+00   6.0297200e+00   2.8750700e+00   5.2576700e+00   5.5833700e-01  -4.8362600e+05
   6.9086100e+00  -1.0754300e+00   6.0297200e+00   2.8757400e+00   5.2578600e+00   5.5826200e-01  -4.8362400e+05
   6.9087200e+00  -1.0756400e+00   6.0297100e+00   2.8763300e+00   5.2580100e+00   5.5825000e-01  -4.8362500e+05
   6.9085000e+00  -1.0750100e+00   6.0297500e+00   2.8760600e+00   5.2580000e+00   5.5837100e-01  -4.8362500e+05
   6.9087100e+00  -1.0749400e+00   6.0297400e+00   2.8761900e+00   5.2580300e+00   5.5850400e-01  -4.8362600e+05
   6.9089400e+00  -1.0750000e+00   6.0297600e+00   2.8762200e+00   5.2574400e+00   5.5818600e-01  -4.8362400e+05
   6.9083200e+00  -1.0752900e+00   6.0297100e+00   2.8762000e+00   5.2581300e+00   5.5865200e-01  -4.8362800e+05
   6.9087900e+00  -1.0752000e+00   6.0297100e+00   2.8764100e+00   5.2578300e+00   5.5844600e-01  -4.8362500e+05
   6.9086000e+00  -1.0755200e+00   6.0297400e+00   2.8765700e+00   5.2578900e+00   5.5839200e-01  -4.8362400e+05
   6.9085800e+00  -1.0754000e+00   6.0297400e+00   2.8765200e+00   5.2579400e+00   5.5850700e-01  -4.8362500e+05
   6.9086700e+00  -1.0754200e+00   6.0296900e+00   2.8763600e+00   5.2578900e+00   5.5824300e-01  -4.8362400e+05
   6.9089500e+00  -1.0759900e+00   6.0298200e+00   2.8762100e+00   5.2575700e+00   5.5818900e-01  -4.8362700e+05
   6.9087900e+00  -1.0755100e+00   6.0297300e+00   2.8757800e+00   5.2575600e+00   5.5821100e-01  -4.8362400e+05
   6.9086200e+00  -1.0753900e+00   6.0298500e+00   2.8758200e+00   5.2581400e+00   5.5830500e-01  -4.8362700e+05
   6.9085000e+00  -1.0751200e+00   6.0296700e+00   2.8765500e+00   5.2579000e+00   5.5835500e-01  -4.8362600e+05
   6.9086700e+00  -1.0752200e+00   6.0296600e+00   2.8768400e+00   5.2577700e+00   5.5835800e-01  -4.8362500e+05
   6.9088300e+00  -1.0755400e+00   6.0296300e+00   2.8770200e+00   5.2575700e+00   5.5841400e-01  -4.8362600e+05
   6.9083900e+00  -1.0760000e+00   6.0295900e+00   2.8768600e+00   5.2581600e+00   5.5857900e-01  -4.8363000e+05
   6.9089300e+00  -1.0759500e+00   6.0297300e+00   2.8764800e+00   5.2576000e+00   5.5810100e-01  -4.8362400e+05
   6.9087100e+00  -1.0763200e+00   6.0297400e+00   2.8761700e+00   5.2579200e+00   5.5820300e-01  -4.8362400e+05
   6.9088600e+00  -1.0759800e+00   6.0296600e+00   2.8767800e+00   5.2573000e+00   5.5778400e-01  -4.8362400e+05
   6.9090500e+00  -1.0762100e+00   6.0296600e+00   2.8768500e+00   5.2574600e+00   5.5809200e-01  -4.8362500e+05
   6.9090900e+00  -1.0760600e+00   6.0297300e+00   2.8764600e+00   5.2574000e+00   5.5786300e-01  -4.8362400e+05
   6.9090700e+00  -1.0762100e+00   6.0296500e+00   2.8766900e+00   5.2572300e+00   5.5802400e-01  -4.8362400e+05
   6.9088600e+00  -1.0760500e+00   6.0297100e+00   2.8763600e+00   5.2575800e+00   5.5818100e-01  -4.8362300e+05
   6.9088900e+00  -1.0761900e+00   6.0296700e+00   2.8765300e+00   5.2574100e+00   5.5848800e-01  -4.8362500e+05
   6.9087000e+00  -1.0761800e+00   6.0297200e+00   2.8758000e+00   5.2574600e+00   5.5823600e-01  -4.8362700e+05
   6.9089600e+00  -1.0761800e+00   6.0296200e+00   2.8766400e+00   5.2573900e+00   5.5798100e-01  -4.8362400e+05
   6.9092600e+00  -1.0763600e+00   6.0296800e+00   2.8766000e+00   5.2569400e+00   5.5777000e-01  -4.8362400e+05
   6.9088800e+00  -1.0763100e+00   6.0296600e+00   2.8766000e+00   5.2575200e+00   5.5834900e-01  -4.8362400e+05
   6.9087900e+00  -1.0761400e+00   6.0297300e+00   2.8767000e+00   5.2576000e+00   5.5814300e-01  -4.8362400e+05
   6.9089500e+00  -1.0759500e+00   6.0297400e+00   2.8761400e+00   5.2573700e+00   5.5805900e-01  -4.8362300e+05
   6.9088800e+00  -1.0759600e+00   6.0297200e+00   2.8761300e+00   5.2575000e+00   5.5793800e-01  -4.8362300e+05
   6.9089800e+00  -1.0756800e+00   6.0296900e+00   2.8765000e+00   5.2571300e+00   5.5791000e-01  -4.8362400e+05
   6.9089500e+00  -1.0761100e+00   6.0297800e+00   2.8765100e+00   5.2574400e+00   5.5790500e-01  -4.8362500e+05
   6.9087500e+00  -1.0763100e+00   6.0297000e+00   2.8765400e+00   5.2579200e+00   5.5807700e-01  -4.8362500e+05
   6.9091600e+00  -1.0762400e+00   6.0296800e+00   2.8763300e+00   5.2571600e+00   5.5777400e-01  -4.8362300e+05
   6.9088000e+00  -1.0762800e+00   6.0296100e+00   2.8768600e+00   5.2574000e+00   5.5769900e-01  -4.8362700e+05
   6.9093300e+00  -1.0765100e+00   6.0298000e+00   2.8764700e+00   5.2571500e+00   5.5762400e-01  -4.8362800e+05
   6.9089300e+00  -1.0765900e+00   6.0297000e+00   2.8764100e+00   5.2577000e+00   5.5796200e-01  -4.8362400e+05
   6.9091400e+00  -1.0761600e+00   6.0296500e+00   2.8765300e+00   5.2572700e+00   5.5759800e-01  -4.8362500e+05
   6.9089200e+00  -1.0763700e+00   6.0296900e+00   2.8762100e+00   5.2574500e+00   5.5800500e-01  -4.8362300e+05
   6.9091700e+00  -1.0760700e+00   6.0296500e+00   2.8760900e+00   5.2571300e+00   5.5773800e-01  -4.8362400e+05
   6.9087000e+00  -1.0761500e+00   6.0297100e+00   2.8764500e+00   5.2577900e+00   5.5804000e-01  -4.8362400e+05
   6.9088800e+00  -1.0761800e+00   6.0297200e+00   2.8762200e+00   5.2575500e+00   5.5806300e-01  -4.8362300e+05
   6.9093500e+00  -1.0759300e+00   6.0296700e+00   2.8764200e+00   5.2568600e+00   5.5739000e-01  -4.8362400e+05
   6.9094500e+00  -1.0760400e+00   6.0297500e+00   2.8764300e+00   5.2565900e+00   5.5712800e-01  -4.8362600e+05
   6.9092600e+00  -1.0763900e+00   6.0296900e+00   2.8765200e+00   5.2569800e+00   5.5741900e-01  -4.8362400e+05
   6.9090400e+00  -1.0763300e+00   6.0296500e+00   2.8760100e+00   5.2570000e+00   5.5761600e-01  -4.8362500e+05
   6.9091000e+00  -1.0763000e+00   6.0296900e+00   2.8761800e+00   5.2572500e+00   5.5769800e-01  -4.8362300e+05
   6.9091000e+00  -1.0757200e+00   6.0297100e+00   2.8762900e+00   5.2571500e+00   5.5763700e-01  -4.8362300e+05
   6.9090200e+00  -1.0759400e+00   6.0297400e+00   2.8762700e+00   5.2572900e+00   5.5753200e-01  -4.8362400e+05
   6.9091700e+00  -1.0762800e+00   6.0297000e+00   2.8761700e+00   5.2570600e+00   5.5738800e-01  -4.8362400e+05
   6.9090300e+00  -1.0764300e+00   6.0297600e+00   2.8764100e+00   5.2573700e+00   5.5748700e-01  -4.8362500e+05
   6.9091300e+00  -1.0764000e+00   6.0296300e+00   2.8763700e+00   5.2572900e+00   5.5750800e-01  -4.8362600e+05
   6.9091100e+00  -1.0760700e+00   6.0296800e+00   2.8764800e+00   5.2570100e+00   5.5751100e-01  -4.8362300e+05
   6.9092700e+00  -1.0758700e+00   6.0297000e+00   2.8766800e+00   5.2567600e+00   5.5719900e-01  -4.8362400e+05
   6.9092900e+00  -1.0757800e+00   6.0296900e+00   2.8762900e+00   5.2567900e+00   5.5702800e-01  -4.8362500e+05
   6.9089600e+00  -1.0759200e+00   6.0297400e+00   2.8758000e+00   5.2574800e+00   5.5716100e-01  -4.8362800e+05
   6.9093400e+00  -1.0759600e+00   6.0296700e+00   2.8765500e+00   5.2568000e+00   5.5709400e-01  -4.8362500e+05
   6.9094600e+00  -1.0763600e+00   6.0296600e+00   2.8761100e+00   5.2567800e+00   5.5717400e-01  -4.8362600e+05
   6.9093400e+00  -1.0765300e+00   6.0297700e+00   2.8761900e+00   5.2571700e+00   5.5712700e-01  -4.8362900e+05
   6.9094100e+00  -1.0761900e+00   6.0297000e+00   2.8763700e+00   5.2565700e+00   5.5738600e-01  -4.8362500e+05
   6.9091400e+00  -1.0765600e+00   6.0296600e+00   2.8762700e+00   5.2569800e+00   5.5751300e-01  -4.8362400e+05
   6.9093100e+00  -1.0764800e+00   6.0296700e+00   2.8764000e+00   5.2568700e+00   5.5714600e-01  -4.8362500e+05
   6.9091200e+00  -1.0766700e+00   6.0297600e+00   2.8761200e+00   5.2570700e+00   5.5728100e-01  -4.8362600e+05
   6.9090400e+00  -1.0769200e+00   6.0297500e+00   2.8758200e+00   5.2571800e+00   5.5745900e-01  -4.8362500e+05
   6.9091000e+00  -1.0770200e+00   6.0297300e+00   2.8759200e+00   5.2572300e+00   5.5756500e-01  -4.8362400e+05
   6.9089900e+00  -1.0772100e+00   6.0296500e+00   2.8758900e+00   5.2573300e+00   5.5787700e-01  -4.8362400e+05
   6.9091500e+00  -1.0769000e+00   6.0297100e+00   2.8759100e+00   5.2570900e+00   5.5776200e-01  -4.8362400e+05
   6.9091000e+00  -1.0772000e+00   6.0296800e+00   2.8763600e+00   5.2573500e+00   5.5777000e-01  -4.8362400e+05
   6.9092200e+00  -1.0771000e+00   6.0297700e+00   2.8764400e+00   5.2571100e+00   5.5764700e-01  -4.8362600e+05
   6.9090900e+00  -1.0770500e+00   6.0296300e+00   2.8764200e+00   5.2571500e+00   5.5765500e-01  -4.8362400e+05
   6.9092600e+00  -1.0766700e+00   6.0297200e+00   2.8765300e+00   5.2570200e+00   5.5765500e-01  -4.8362400e+05
   6.9087500e+00  -1.0765400e+00   6.0296900e+00   2.8772600e+00   5.2576400e+00   5.5784500e-01  -4.8362700e+05
   6.9090600e+00  -1.0761100e+00   6.0295700e+00   2.8773500e+00   5.2567500e+00   5.5748000e-01  -4.8362800e+05
   6.9093000e+00  -1.0762000e+00   6.0296300e+00   2.8772000e+00   5.2567700e+00   5.5743700e-01  -4.8362500e+05
   6.9094000e+00  -1.0758900e+00   6.0296700e+00   2.8767500e+00   5.2565400e+00   5.5703700e-01  -4.8362500e+05
   6.9093600e+00  -1.0760400e+00   6.0296500e+00   2.8767100e+00   5.2567600e+00   5.5709400e-01  -4.8362500e+05
   6.9095400e+00  -1.0761300e+00   6.0295800e+00   2.8768500e+00   5.2561300e+00   5.5703100e-01  -4.8362900e+05
   6.9094700e+00  -1.0764700e+00   6.0296300e+00   2.8765500e+00   5.2567500e+00   5.5714300e-01  -4.8362700e+05
   6.9095100e+00  -1.0768500e+00   6.0297300e+00   2.8757100e+00   5.2569100e+00   5.5738100e-01  -4.8362800e+05
   6.9094400e+00  -1.0769400e+00   6.0296900e+00   2.8762500e+00   5.2566900e+00   5.5741300e-01  -4.8362500e+05
   6.9090400e+00  -1.0769400e+00   6.0297000e+00   2.8766600e+00   5.2575200e+00   5.5758400e-01  -4.8362600e+05
   6.9090000e+00  -1.0768400e+00   6.0295900e+00   2.8773300e+00   5.2573300e+00   5.5801200e-01  -4.8362600e+05
   6.9090500e+00  -1.0770400e+00   6.0295700e+00   2.8774700e+00   5.2573600e+00   5.5789700e-01  -4.8362800e+05
   6.9090600e+00  -1.0767800e+00   6.0296500e+00   2.8773500e+00   5.2571200e+00   5.5750400e-01  -4.8362600e+05
   6.9091900e+00  -1.0769000e+00   6.0296600e+00   2.8775000e+00   5.2571200e+00   5.5752900e-01  -4.8362600e+05
   6.9087300e+00  -1.0762200e+00   6.0297300e+00   2.8771500e+00   5.2577400e+00   5.5821600e-01  -4.8362500e+05
   6.9086500e+00  -1.0759700e+00   6.0297000e+00   2.8770700e+00   5.2579600e+00   5.5847700e-01  -4.8362500e+05
   6.9085600e+00  -1.0757200e+00   6.0296400e+00   2.8776700e+00   5.2576000e+00   5.5850700e-01  -4.8362900e+05
   6.9088000e+00  -1.0759700e+00   6.0296500e+00   2.8777300e+00   5.2571900e+00   5.5804200e-01  -4.8362800e+05
   6.9088200e+00  -1.0759000e+00   6.0296600e+00   2.8780100e+00   5.2574000e+00   5.5810900e-01  -4.8362700e+05
   6.9087800e+00  -1.0758500e+00   6.0297200e+00   2.8777100e+00   5.2577400e+00   5.5842900e-01  -4.8362700e+05
   6.9090200e+00  -1.0758100e+00   6.0296400e+00   2.8779800e+00   5.2572300e+00   5.5816000e-01  -4.8362700e+05
   6.9088900e+00  -1.0760400e+00   6.0296600e+00   2.8771900e+00   5.2572800e+00   5.5803800e-01  -4.8362400e+05
   6.9089500e+00  -1.0758800e+00   6.0296300e+00   2.8774000e+00   5.2575700e+00   5.5791800e-01  -4.8362700e+05
   6.9091900e+00  -1.0761800e+00   6.0296900e+00   2.8770900e+00   5.2565700e+00   5.5755200e-01  -4.8362900e+05
   6.9091300e+00  -1.0759700e+00   6.0295700e+00   2.8776500e+00   5.2571500e+00   5.5777100e-01  -4.8362800e+05
   6.9093100e+00  -1.0759100e+00   6.0297000e+00   2.8772500e+00   5.2568300e+00   5.5768400e-01  -4.8362500e+05
   6.9091500e+00  -1.0758900e+00   6.0296900e+00   2.8772800e+00   5.2571500e+00   5.5752400e-01  -4.8362500e+05
   6.9094700e+00  -1.0762900e+00   6.0297000e+00   2.8771600e+00   5.2568800e+00   5.5705900e-01  -4.8362900e+05
   6.9093600e+00  -1.0761700e+00   6.0295800e+00   2.8768500e+00   5.2566900e+00   5.5742100e-01  -4.8362700e+05
   6.9088500e+00  -1.0761900e+00   6.0296700e+00   2.8766900e+00   5.2578500e+00   5.5781600e-01  -4.8362800e+05
   6.9087600e+00  -1.0758600e+00   6.0297600e+00   2.8765300e+00   5.2573300e+00   5.5783400e-01  -4.8362900e+05
   6.9088300e+00  -1.0757000e+00   6.0296900e+00   2.8770800e+00   5.2573100e+00   5.5795600e-01  -4.8362500e+05
   6.9090400e+00  -1.0752900e+00   6.0296100e+00   2.8774700e+00   5.2568200e+00   5.5759900e-01  -4.8362600e+05
   6.9091500e+00  -1.0751200e+00   6.0296800e+00   2.8771600e+00   5.2569000e+00   5.5714900e-01  -4.8362500e+05
   6.9094500e+00  -1.0752600e+00   6.0296500e+00   2.8774800e+00   5.2565100e+00   5.5724700e-01  -4.8362600e+05
   6.9095900e+00  -1.0752900e+00   6.0296900e+00   2.8778100e+00   5.2562900e+00   5.5699400e-01  -4.8362800e+05
   6.9093100e+00  -1.0753400e+00   6.0296900e+00   2.8773500e+00   5.2567000e+00   5.5735500e-01  -4.8362500e+05
   6.9088000e+00  -1.0755100e+00   6.0297200e+00   2.8771500e+00   5.2573000e+00   5.5744500e-01  -4.8362900e+05
   6.9091700e+00  -1.0757100e+00   6.0296500e+00   2.8768200e+00   5.2572000e+00   5.5773300e-01  -4.8362500e+05
   6.9094100e+00  -1.0757100e+00   6.0296300e+00   2.8770700e+00   5.2565100e+00   5.5753500e-01  -4.8362600e+05
   6.9089700e+00  -1.0756000e+00   6.0297200e+00   2.8768800e+00   5.2574400e+00   5.5791000e-01  -4.8362400e+05
   6.9086100e+00  -1.0754600e+00   6.0297400e+00   2.8765800e+00   5.2576000e+00   5.5814800e-01  -4.8362700e+05
   6.9087700e+00  -1.0750900e+00   6.0298000e+00   2.8764800e+00   5.2579000e+00   5.5816100e-01  -4.8362600e+05
   6.9090600e+00  -1.0752400e+00   6.0297400e+00   2.8766400e+00   5.2573700e+00   5.5815400e-01  -4.8362500e+05
   6.9090000e+00  -1.0750200e+00   6.0297000e+00   2.8766200e+00   5.2572200e+00   5.5784700e-01  -4.8362300e+05
   6.9091700e+00  -1.0748600e+00   6.0297000e+00   2.8770200e+00   5.2572300e+00   5.5751100e-01  -4.8362500e+05
   6.9091600e+00  -1.0750100e+00   6.0297000e+00   2.8768600e+00   5.2570900e+00   5.5734300e-01  -4.8362400e+05
   6.9093400e+00  -1.0748300e+00   6.0297200e+00   2.8763400e+00   5.2567200e+00   5.5724300e-01  -4.8362400e+05
   6.9093100e+00  -1.0745300e+00   6.0298200e+00   2.8763500e+00   5.2567900e+00   5.5719200e-01  -4.8362700e+05
   6.9091000e+00  -1.0742300e+00   6.0297200e+00   2.8771300e+00   5.2570000e+00   5.5726600e-01  -4.8362400e+05
   6.9092000e+00  -1.0740700e+00   6.0296800e+00   2.8770900e+00   5.2565600e+00   5.5726700e-01  -4.8362500e+05
   6.9089100e+00  -1.0740400e+00   6.0296700e+00   2.8770000e+00   5.2571800e+00   5.5731700e-01  -4.8362500e+05
   6.9088100e+00  -1.0738800e+00   6.0297400e+00   2.8762100e+00   5.2573600e+00   5.5773800e-01  -4.8362400e+05
   6.9087300e+00  -1.0736400e+00   6.0297600e+00   2.8765500e+00   5.2576500e+00   5.5793900e-01  -4.8362400e+05
   6.9088200e+00  -1.0732400e+00   6.0297900e+00   2.8764600e+00   5.2574300e+00   5.5798900e-01  -4.8362400e+05
   6.9088400e+00  -1.0731400e+00   6.0297000e+00   2.8768500e+00   5.2573100e+00   5.5784100e-01  -4.8362400e+05
   6.9089200e+00  -1.0732000e+00   6.0296800e+00   2.8764700e+00   5.2572800e+00   5.5785200e-01  -4.8362400e+05
   6.9085800e+00  -1.0735400e+00   6.0298000e+00   2.8773600e+00   5.2580700e+00   5.5814000e-01  -4.8362900e+05
   6.9089800e+00  -1.0736600e+00   6.0297500e+00   2.8771400e+00   5.2573400e+00   5.5794700e-01  -4.8362500e+05
   6.9088000e+00  -1.0734700e+00   6.0297200e+00   2.8770200e+00   5.2573800e+00   5.5768100e-01  -4.8362400e+05
   6.9091800e+00  -1.0731100e+00   6.0297800e+00   2.8761800e+00   5.2572700e+00   5.5768200e-01  -4.8362700e+05
   6.9090100e+00  -1.0738400e+00   6.0296600e+00   2.8763800e+00   5.2572600e+00   5.5760000e-01  -4.8362500e+05
   6.9089600e+00  -1.0735400e+00   6.0297100e+00   2.8762100e+00   5.2573900e+00   5.5775800e-01  -4.8362400e+05
   6.9089300e+00  -1.0740700e+00   6.0296800e+00   2.8763400e+00   5.2573500e+00   5.5749600e-01  -4.8362400e+05
   6.9089200e+00  -1.0744800e+00   6.0297400e+00   2.8766000e+00   5.2576000e+00   5.5745400e-01  -4.8362600e+05
   6.9092400e+00  -1.0737500e+00   6.0297700e+00   2.8769600e+00   5.2570600e+00   5.5720300e-01  -4.8362600e+05
   6.9089300e+00  -1.0743700e+00   6.0296800e+00   2.8768400e+00   5.2571600e+00   5.5717600e-01  -4.8362600e+05
   6.9091700e+00  -1.0743800e+00   6.0297200e+00   2.8768300e+00   5.2567500e+00   5.5734800e-01  -4.8362400e+05
   6.9091400e+00  -1.0741800e+00   6.0297500e+00   2.8768600e+00   5.2571400e+00   5.5752800e-01  -4.8362400e+05
   6.9091900e+00  -1.0742300e+00   6.0297600e+00   2.8768200e+00   5.2568800e+00   5.5721700e-01  -4.8362400e+05
   6.9092000e+00  -1.0741500e+00   6.0296200e+00   2.8772400e+00   5.2564500e+00   5.5700400e-01  -4.8362700e+05
   6.9092700e+00  -1.0744000e+00   6.0297200e+00   2.8768900e+00   5.2566100e+00   5.5700800e-01  -4.8362400e+05
   6.9093300e+00  -1.0740400e+00   6.0297700e+00   2.8772800e+00   5.2564500e+00   5.5707500e-01  -4.8362800e+05
   6.9090100e+00  -1.0740300e+00   6.0297200e+00   2.8773400e+00   5.2572700e+00   5.5723100e-01  -4.8362600e+05
   6.9092700e+00  -1.0739000e+00   6.0296900e+00   2.8769800e+00   5.2567300e+00   5.5715000e-01  -4.8362300e+05
   6.9093100e+00  -1.0734400e+00   6.0297000e+00   2.8768300e+00   5.2567000e+00   5.5699400e-01  -4.8362400e+05
   6.9091900e+00  -1.0737800e+00   6.0296400e+00   2.8772500e+00   5.2565700e+00   5.5691300e-01  -4.8362600e+05
   6.9092200e+00  -1.0739300e+00   6.0297000e+00   2.8776800e+00   5.2565800e+00   5.5667900e-01  -4.8362800e+05
   6.9095400e+00  -1.0734200e+00   6.0296800e+00   2.8771200e+00   5.2561000e+00   5.5672400e-01  -4.8362500e+05
   6.9095600e+00  -1.0736500e+00   6.0297100e+00   2.8766700e+00   5.2559700e+00   5.5645900e-01  -4.8362700e+05
   6.9090600e+00  -1.0736100e+00   6.0296900e+00   2.8763000e+00   5.2570200e+00   5.5706800e-01  -4.8362500e+05
   6.9092600e+00  -1.0736200e+00   6.0297100e+00   2.8761900e+00   5.2568600e+00   5.5742300e-01  -4.8362400e+05
   6.9090300e+00  -1.0735700e+00   6.0297000e+00   2.8758400e+00   5.2572300e+00   5.5749300e-01  -4.8362400e+05
   6.9088300e+00  -1.0737600e+00   6.0297900e+00   2.8753700e+00   5.2577000e+00   5.5769000e-01  -4.8362500e+05
   6.9087200e+00  -1.0736300e+00   6.0297800e+00   2.8755900e+00   5.2575900e+00   5.5783900e-01  -4.8362400e+05
   6.9089800e+00  -1.0731000e+00   6.0297800e+00   2.8755000e+00   5.2572900e+00   5.5746200e-01  -4.8362400e+05
   6.9089200e+00  -1.0729900e+00   6.0297300e+00   2.8750000e+00   5.2572000e+00   5.5728900e-01  -4.8362600e+05
   6.9091300e+00  -1.0730400e+00   6.0298000e+00   2.8751300e+00   5.2571700e+00   5.5735300e-01  -4.8362500e+05
   6.9090100e+00  -1.0727900e+00   6.0297900e+00   2.8754500e+00   5.2571200e+00   5.5744200e-01  -4.8362400e+05
   6.9090400e+00  -1.0726500e+00   6.0298200e+00   2.8759800e+00   5.2571500e+00   5.5744500e-01  -4.8362400e+05
   6.9093000e+00  -1.0726200e+00   6.0297000e+00   2.8759600e+00   5.2566900e+00   5.5708200e-01  -4.8362400e+05
   6.9093700e+00  -1.0726900e+00   6.0297100e+00   2.8756400e+00   5.2565800e+00   5.5701200e-01  -4.8362600e+05
   6.9093100e+00  -1.0731900e+00   6.0297900e+00   2.8754700e+00   5.2568500e+00   5.5705500e-01  -4.8362500e+05
   6.9092200e+00  -1.0737900e+00   6.0296600e+00   2.8759100e+00   5.2567500e+00   5.5693000e-01  -4.8362600e+05
   6.9090200e+00  -1.0737200e+00   6.0298000e+00   2.8762500e+00   5.2572000e+00   5.5690700e-01  -4.8362700e+05
   6.9090200e+00  -1.0734400e+00   6.0297100e+00   2.8762900e+00   5.2570100e+00   5.5739400e-01  -4.8362300e+05
   6.9090600e+00  -1.0733400e+00   6.0298100e+00   2.8757900e+00   5.2573300e+00   5.5718800e-01  -4.8362500e+05
   6.9091500e+00  -1.0732000e+00   6.0298100e+00   2.8761300e+00   5.2568900e+00   5.5723900e-01  -4.8362500e+05
   6.9091400e+00  -1.0725400e+00   6.0297000e+00   2.8760600e+00   5.2566900e+00   5.5752200e-01  -4.8362600e+05
   6.9088200e+00  -1.0726200e+00   6.0297300e+00   2.8760800e+00   5.2571400e+00   5.5770500e-01  -4.8362500e+05
   6.9089700e+00  -1.0725800e+00   6.0297900e+00   2.8761000e+00   5.2574100e+00   5.5781900e-01  -4.8362500e+05
   6.9087900e+00  -1.0728600e+00   6.0297200e+00   2.8759400e+00   5.2574700e+00   5.5804000e-01  -4.8362500e+05
   6.9092200e+00  -1.0725700e+00   6.0297200e+00   2.8761600e+00   5.2570200e+00   5.5763000e-01  -4.8362600e+05
   6.9090500e+00  -1.0720200e+00   6.0297300e+00   2.8765100e+00   5.2568500e+00   5.5696500e-01  -4.8362400e+05
   6.9093700e+00  -1.0718500e+00   6.0297700e+00   2.8770000e+00   5.2563400e+00   5.5708700e-01  -4.8362500e+05
   6.9094500e+00  -1.0717400e+00   6.0297000e+00   2.8769900e+00   5.2562400e+00   5.5659600e-01  -4.8362400e+05
   6.9092300e+00  -1.0716600e+00   6.0297400e+00   2.8772100e+00   5.2568400e+00   5.5687000e-01  -4.8362500e+05
   6.9094200e+00  -1.0713800e+00   6.0298100e+00   2.8770000e+00   5.2564500e+00   5.5682300e-01  -4.8362600e+05
   6.9092900e+00  -1.0712800e+00   6.0296900e+00   2.8774300e+00   5.2565500e+00   5.5687400e-01  -4.8362400e+05
   6.9089700e+00  -1.0710900e+00   6.0297700e+00   2.8771200e+00   5.2569300e+00   5.5701000e-01  -4.8362500e+05
   6.9091000e+00  -1.0710700e+00   6.0297700e+00   2.8768600e+00   5.2565700e+00   5.5695400e-01  -4.8362500e+05
   6.9091400e+00  -1.0711400e+00   6.0298400e+00   2.8770000e+00   5.2571900e+00   5.5724900e-01  -4.8362800e+05
   6.9092900e+00  -1.0711300e+00   6.0296600e+00   2.8772400e+00   5.2562900e+00   5.5710200e-01  -4.8362600e+05
   6.9091700e+00  -1.0714400e+00   6.0297600e+00   2.8768400e+00   5.2569500e+00   5.5759300e-01  -4.8362500e+05
   6.9090300e+00  -1.0714800e+00   6.0297900e+00   2.8769200e+00   5.2569000e+00   5.5744600e-01  -4.8362400e+05
   6.9092600e+00  -1.0714700e+00   6.0297000e+00   2.8770400e+00   5.2566400e+00   5.5741200e-01  -4.8362500e+05
   6.9090800e+00  -1.0713200e+00   6.0297500e+00   2.8773600e+00   5.2572200e+00   5.5783500e-01  -4.8362800e+05
   6.9091000e+00  -1.0719300e+00   6.0296400e+00   2.8775300e+00   5.2566300e+00   5.5761000e-01  -4.8362700e+05
   6.9094900e+00  -1.0722700e+00   6.0296900e+00   2.8780000e+00   5.2561900e+00   5.5707600e-01  -4.8362700e+05
   6.9089100e+00  -1.0721100e+00   6.0296300e+00   2.8779500e+00   5.2569300e+00   5.5727500e-01  -4.8362700e+05
   6.9091400e+00  -1.0717200e+00   6.0297300e+00   2.8777300e+00   5.2567000e+00   5.5702600e-01  -4.8362500e+05
   6.9092600e+00  -1.0716600e+00   6.0296600e+00   2.8778700e+00   5.2564400e+00   5.5698600e-01  -4.8362500e+05
   6.9093000e+00  -1.0716100e+00   6.0297800e+00   2.8776400e+00   5.2565700e+00   5.5714500e-01  -4.8362600e+05
   6.9091200e+00  -1.0715400e+00   6.0297400e+00   2.8775400e+00   5.2570000e+00   5.5748600e-01  -4.8362500e+05
   6.9088400e+00  -1.0716600e+00   6.0297100e+00   2.8776800e+00   5.2573600e+00   5.5743500e-01  -4.8362600e+05
   6.9091600e+00  -1.0722700e+00   6.0296700e+00   2.8782300e+00   5.2568700e+00   5.5745200e-01  -4.8362700e+05
   6.9089900e+00  -1.0725500e+00   6.0296000e+00   2.8786700e+00   5.2567000e+00   5.5747700e-01  -4.8363000e+05
   6.9090300e+00  -1.0725700e+00   6.0296800e+00   2.8784900e+00   5.2568600e+00   5.5754100e-01  -4.8362700e+05
   6.9094500e+00  -1.0725200e+00   6.0295600e+00   2.8782200e+00   5.2558400e+00   5.5666900e-01  -4.8363100e+05
   6.9094400e+00  -1.0731800e+00   6.0296200e+00   2.8781300e+00   5.2562200e+00   5.5654400e-01  -4.8362800e+05
   6.9094600e+00  -1.0727700e+00   6.0296600e+00   2.8779300e+00   5.2561600e+00   5.5653300e-01  -4.8362700e+05
   6.9094400e+00  -1.0729300e+00   6.0297200e+00   2.8775000e+00   5.2565300e+00   5.5663200e-01  -4.8362700e+05
   6.9093900e+00  -1.0728500e+00   6.0296800e+00   2.8774000e+00   5.2567800e+00   5.5681600e-01  -4.8362900e+05
   6.9092400e+00  -1.0732700e+00   6.0298000e+00   2.8771700e+00   5.2566700e+00   5.5666700e-01  -4.8362900e+05
   6.9095300e+00  -1.0734600e+00   6.0297200e+00   2.8765800e+00   5.2563300e+00   5.5679900e-01  -4.8362400e+05
   6.9094400e+00  -1.0732700e+00   6.0296800e+00   2.8771500e+00   5.2565200e+00   5.5694100e-01  -4.8362500e+05
   6.9092500e+00  -1.0732300e+00   6.0296900e+00   2.8766500e+00   5.2566200e+00   5.5670500e-01  -4.8362500e+05
   6.9097400e+00  -1.0731800e+00   6.0297700e+00   2.8762500e+00   5.2563200e+00   5.5678500e-01  -4.8362900e+05
   6.9091400e+00  -1.0730500e+00   6.0297100e+00   2.8768900e+00   5.2569200e+00   5.5712000e-01  -4.8362300e+05
   6.9091300e+00  -1.0730800e+00   6.0298000e+00   2.8767800e+00   5.2570900e+00   5.5724000e-01  -4.8362500e+05
   6.9093800e+00  -1.0727800e+00   6.0297000e+00   2.8765200e+00   5.2564500e+00   5.5710200e-01  -4.8362400e+05
   6.9093200e+00  -1.0728900e+00   6.0297900e+00   2.8764100e+00   5.2568400e+00   5.5712000e-01  -4.8362500e+05
   6.9091800e+00  -1.0729800e+00   6.0297000e+00   2.8763000e+00   5.2568000e+00   5.5706400e-01  -4.8362300e+05
   6.9090600e+00  -1.0729000e+00   6.0297600e+00   2.8763500e+00   5.2570200e+00   5.5705900e-01  -4.8362400e+05
   6.9090700e+00  -1.0732500e+00   6.0297400e+00   2.8765200e+00   5.2570200e+00   5.5724000e-01  -4.8362300e+05
   6.9091200e+00  -1.0736700e+00   6.0298000e+00   2.8755100e+00   5.2573200e+00   5.5731500e-01  -4.8362500e+05
   6.9089200e+00  -1.0738100e+00   6.0297900e+00   2.8756900e+00   5.2573800e+00   5.5766700e-01  -4.8362300e+05
   6.9090300e+00  -1.0736200e+00   6.0298200e+00   2.8755000e+00   5.2571800e+00   5.5733400e-01  -4.8362500e+05
   6.9090100e+00  -1.0737400e+00   6.0297800e+00   2.8755900e+00   5.2571900e+00   5.5737300e-01  -4.8362400e+05
   6.9091300e+00  -1.0737200e+00   6.0297000e+00   2.8753400e+00   5.2567800e+00   5.5720200e-01  -4.8362600e+05
   6.9091500e+00  -1.0737500e+00   6.0297400e+00   2.8754100e+00   5.2570200e+00   5.5737900e-01  -4.8362400e+05
   6.9091900e+00  -1.0734900e+00   6.0297200e+00   2.8756500e+00   5.2566800e+00   5.5722400e-01  -4.8362500e+05
   6.9090700e+00  -1.0736200e+00   6.0297300e+00   2.8761700e+00   5.2570000e+00   5.5682300e-01  -4.8362600e+05
   6.9091200e+00  -1.0735300e+00   6.0297000e+00   2.8763700e+00   5.2567300e+00   5.5688100e-01  -4.8362500e+05
   6.9093200e+00  -1.0737800e+00   6.0297600e+00   2.8757400e+00   5.2568900e+00   5.5671100e-01  -4.8362600e+05
   6.9093200e+00  -1.0735300e+00   6.0297500e+00   2.8757100e+00   5.2568600e+00   5.5691900e-01  -4.8362500e+05
   6.9091100e+00  -1.0732200e+00   6.0297100e+00   2.8760600e+00   5.2565900e+00   5.5683500e-01  -4.8362700e+05
   6.9091300e+00  -1.0732600e+00   6.0297400e+00   2.8758300e+00   5.2570600e+00   5.5722200e-01  -4.8362400e+05
   6.9094000e+00  -1.0737100e+00   6.0296600e+00   2.8758900e+00   5.2565500e+00   5.5699700e-01  -4.8362600e+05
   6.9095000e+00  -1.0736200e+00   6.0297400e+00   2.8755500e+00   5.2563500e+00   5.5662600e-01  -4.8362600e+05
   6.9093800e+00  -1.0739900e+00   6.0297300e+00   2.8760800e+00   5.2564500e+00   5.5676100e-01  -4.8362500e+05
   6.9091300e+00  -1.0740500e+00   6.0297600e+00   2.8760500e+00   5.2573100e+00   5.5721300e-01  -4.8362600e+05
   6.9088500e+00  -1.0743600e+00   6.0297400e+00   2.8757700e+00   5.2576000e+00   5.5723300e-01  -4.8362700e+05
   6.9094900e+00  -1.0745000e+00   6.0297400e+00   2.8757900e+00   5.2567800e+00   5.5714000e-01  -4.8362700e+05
   6.9089700e+00  -1.0742600e+00   6.0297800e+00   2.8757300e+00   5.2570900e+00   5.5740600e-01  -4.8362500e+05
   6.9092400e+00  -1.0742900e+00   6.0297500e+00   2.8756500e+00   5.2570600e+00   5.5771400e-01  -4.8362500e+05
   6.9088200e+00  -1.0743200e+00   6.0298000e+00   2.8756600e+00   5.2576000e+00   5.5773400e-01  -4.8362400e+05
   6.9088000e+00  -1.0743400e+00   6.0297300e+00   2.8761900e+00   5.2576400e+00   5.5789100e-01  -4.8362300e+05
   6.9086800e+00  -1.0737700e+00   6.0298000e+00   2.8758700e+00   5.2579900e+00   5.5822400e-01  -4.8362500e+05
   6.9091600e+00  -1.0732200e+00   6.0297600e+00   2.8764100e+00   5.2570800e+00   5.5793700e-01  -4.8362600e+05
   6.9090200e+00  -1.0734100e+00   6.0297600e+00   2.8763700e+00   5.2571200e+00   5.5768500e-01  -4.8362300e+05
   6.9088800e+00  -1.0735300e+00   6.0297700e+00   2.8769400e+00   5.2571800e+00   5.5768800e-01  -4.8362500e+05
   6.9090100e+00  -1.0732800e+00   6.0297500e+00   2.8768300e+00   5.2572300e+00   5.5755700e-01  -4.8362300e+05
   6.9089400e+00  -1.0735400e+00   6.0297200e+00   2.8767500e+00   5.2570800e+00   5.5749700e-01  -4.8362300e+05
   6.9089900e+00  -1.0735600e+00   6.0297400e+00   2.8764100e+00   5.2573700e+00   5.5757900e-01  -4.8362400e+05
   6.9095800e+00  -1.0737800e+00   6.0295900e+00   2.8770900e+00   5.2562000e+00   5.5722200e-01  -4.8363000e+05
   6.9093600e+00  -1.0735900e+00   6.0296400e+00   2.8777900e+00   5.2565900e+00   5.5741000e-01  -4.8362600e+05
   6.9090300e+00  -1.0738700e+00   6.0297800e+00   2.8775100e+00   5.2569900e+00   5.5752200e-01  -4.8362700e+05
   6.9092400e+00  -1.0733400e+00   6.0297700e+00   2.8774500e+00   5.2569300e+00   5.5769900e-01  -4.8362700e+05
   6.9092400e+00  -1.0729200e+00   6.0297000e+00   2.8773900e+00   5.2566900e+00   5.5755900e-01  -4.8362500e+05
   6.9089800e+00  -1.0727900e+00   6.0297400e+00   2.8766200e+00   5.2571600e+00   5.5793700e-01  -4.8362400e+05
   6.9087700e+00  -1.0724400e+00   6.0297400e+00   2.8771500e+00   5.2576900e+00   5.5806000e-01  -4.8362600e+05
   6.9089800e+00  -1.0724900e+00   6.0297400e+00   2.8763400e+00   5.2571800e+00   5.5753100e-01  -4.8362300e+05
   6.9090300e+00  -1.0722500e+00   6.0296800e+00   2.8768500e+00   5.2570200e+00   5.5755100e-01  -4.8362400e+05
   6.9091000e+00  -1.0721300e+00   6.0296900e+00   2.8767800e+00   5.2571000e+00   5.5733600e-01  -4.8362500e+05
   6.9088800e+00  -1.0720500e+00   6.0297300e+00   2.8768200e+00   5.2572100e+00   5.5784700e-01  -4.8362400e+05
   6.9093600e+00  -1.0713900e+00   6.0297900e+00   2.8771000e+00   5.2566300e+00   5.5736900e-01  -4.8362700e+05
   6.9093500e+00  -1.0717300e+00   6.0297100e+00   2.8767200e+00   5.2563400e+00   5.5705900e-01  -4.8362400e+05
   6.9093600e+00  -1.0720100e+00   6.0296900e+00   2.8769700e+00   5.2565200e+00   5.5679300e-01  -4.8362400e+05
   6.9095600e+00  -1.0720400e+00   6.0297500e+00   2.8769700e+00   5.2563200e+00   5.5680500e-01  -4.8362500e+05
   6.9094400e+00  -1.0721900e+00   6.0296500e+00   2.8772900e+00   5.2562000e+00   5.5663200e-01  -4.8362500e+05
   6.9093500e+00  -1.0719400e+00   6.0297100e+00   2.8766200e+00   5.2561800e+00   5.5646400e-01  -4.8362600e+05
   6.9095400e+00  -1.0720700e+00   6.0296500e+00   2.8766600e+00   5.2561500e+00   5.5643900e-01  -4.8362700e+05
   6.9095600e+00  -1.0720500e+00   6.0297300e+00   2.8766700e+00   5.2561800e+00   5.5637600e-01  -4.8362500e+05
   6.9096800e+00  -1.0722800e+00   6.0297700e+00   2.8768400e+00   5.2560300e+00   5.5645200e-01  -4.8362600e+05
   6.9096700e+00  -1.0725400e+00   6.0296800e+00   2.8772600e+00   5.2560300e+00   5.5627300e-01  -4.8362700e+05
   6.9094300e+00  -1.0727600e+00   6.0297600e+00   2.8767400e+00   5.2564700e+00   5.5651800e-01  -4.8362500e+05
   6.9094500e+00  -1.0728800e+00   6.0297500e+00   2.8773300e+00   5.2564700e+00   5.5702500e-01  -4.8362500e+05
   6.9096000e+00  -1.0729200e+00   6.0296700e+00   2.8774700e+00   5.2559500e+00   5.5670700e-01  -4.8362600e+05
   6.9089200e+00  -1.0730700e+00   6.0297400e+00   2.8771200e+00   5.2571300e+00   5.5706100e-01  -4.8362600e+05
   6.9094200e+00  -1.0736300e+00   6.0296200e+00   2.8771500e+00   5.2562100e+00   5.5706000e-01  -4.8362600e+05
   6.9091300e+00  -1.0737100e+00   6.0296700e+00   2.8773900e+00   5.2566600e+00   5.5694700e-01  -4.8362600e+05
   6.9095900e+00  -1.0736800e+00   6.0295900e+00   2.8773300e+00   5.2560200e+00   5.5697000e-01  -4.8362800e+05
   6.9091200e+00  -1.0736600e+00   6.0297200e+00   2.8769600e+00   5.2569400e+00   5.5744600e-01  -4.8362300e+05
   6.9090000e+00  -1.0736200e+00   6.0297400e+00   2.8771800e+00   5.2572400e+00   5.5768700e-01  -4.8362400e+05
   6.9091200e+00  -1.0737100e+00   6.0296400e+00   2.8773600e+00   5.2568400e+00   5.5773100e-01  -4.8362500e+05
   6.9089400e+00  -1.0739500e+00   6.0297300e+00   2.8774100e+00   5.2572200e+00   5.5753900e-01  -4.8362500e+05
   6.9091300e+00  -1.0734900e+00   6.0297400e+00   2.8772700e+00   5.2568600e+00   5.5724600e-01  -4.8362400e+05
   6.9090300e+00  -1.0734200e+00   6.0297300e+00   2.8770500e+00   5.2569100e+00   5.5728300e-01  -4.8362400e+05
   6.9090400e+00  -1.0734600e+00   6.0297300e+00   2.8768700e+00   5.2571300e+00   5.5720900e-01  -4.8362400e+05
   6.9093800e+00  -1.0735600e+00   6.0297000e+00   2.8769300e+00   5.2565700e+00   5.5742100e-01  -4.8362500e+05
   6.9090900e+00  -1.0734800e+00   6.0296900e+00   2.8768900e+00   5.2569700e+00   5.5736200e-01  -4.8362300e+05
   6.9092600e+00  -1.0734400e+00   6.0297100e+00   2.8769700e+00   5.2563900e+00   5.5718100e-01  -4.8362600e+05
   6.9088900e+00  -1.0732900e+00   6.0297700e+00   2.8765900e+00   5.2573100e+00   5.5754700e-01  -4.8362400e+05
   6.9090600e+00  -1.0732000e+00   6.0296800e+00   2.8768000e+00   5.2570300e+00   5.5696600e-01  -4.8362600e+05
   6.9095200e+00  -1.0735700e+00   6.0297300e+00   2.8766500e+00   5.2564400e+00   5.5664000e-01  -4.8362500e+05
   6.9097200e+00  -1.0735300e+00   6.0297200e+00   2.8767100e+00   5.2563700e+00   5.5669300e-01  -4.8362900e+05
   6.9097700e+00  -1.0731600e+00   6.0296900e+00   2.8763600e+00   5.2559800e+00   5.5665600e-01  -4.8362800e+05
   6.9093100e+00  -1.0731600e+00   6.0297300e+00   2.8761300e+00   5.2566600e+00   5.5682900e-01  -4.8362400e+05
   6.9093200e+00  -1.0727600e+00   6.0296400e+00   2.8766900e+00   5.2563800e+00   5.5684600e-01  -4.8362500e+05
   6.9092800e+00  -1.0724500e+00   6.0297500e+00   2.8767900e+00   5.2566500e+00   5.5690100e-01  -4.8362300e+05
   6.9092300e+00  -1.0723200e+00   6.0297600e+00   2.8761400e+00   5.2570400e+00   5.5671000e-01  -4.8362700e+05
   6.9094900e+00  -1.0720900e+00   6.0297900e+00   2.8768300e+00   5.2559900e+00   5.5653300e-01  -4.8362800e+05
   6.9092800e+00  -1.0722800e+00   6.0298100e+00   2.8764600e+00   5.2565200e+00   5.5702400e-01  -4.8362600e+05
   6.9091000e+00  -1.0724900e+00   6.0297200e+00   2.8762200e+00   5.2567900e+00   5.5695000e-01  -4.8362400e+05
   6.9095100e+00  -1.0726000e+00   6.0296400e+00   2.8760800e+00   5.2563900e+00   5.5659600e-01  -4.8362900e+05
   6.9094900e+00  -1.0725400e+00   6.0297200e+00   2.8763400e+00   5.2561500e+00   5.5670700e-01  -4.8362500e+05
   6.9094000e+00  -1.0725000e+00   6.0296700e+00   2.8766300e+00   5.2564200e+00   5.5668800e-01  -4.8362500e+05
   6.9093700e+00  -1.0718900e+00   6.0296500e+00   2.8766300e+00   5.2563400e+00   5.5667800e-01  -4.8362500e+05
   6.9092600e+00  -1.0716800e+00   6.0297800e+00   2.8765700e+00   5.2568500e+00   5.5716200e-01  -4.8362400e+05
   6.9091800e+00  -1.0715200e+00   6.0297100e+00   2.8765500e+00   5.2566800e+00   5.5705100e-01  -4.8362300e+05
   6.9089500e+00  -1.0712600e+00   6.0298100e+00   2.8759300e+00   5.2573300e+00   5.5724600e-01  -4.8362500e+05
   6.9091600e+00  -1.0710600e+00   6.0298000e+00   2.8759300e+00   5.2568500e+00   5.5727300e-01  -4.8362400e+05
   6.9089700e+00  -1.0709800e+00   6.0297500e+00   2.8763100e+00   5.2570700e+00   5.5752600e-01  -4.8362400e+05
   6.9088700e+00  -1.0705700e+00   6.0297700e+00   2.8763600e+00   5.2572400e+00   5.5777300e-01  -4.8362500e+05
   6.9089200e+00  -1.0702700e+00   6.0297700e+00   2.8768100e+00   5.2574000e+00   5.5766100e-01  -4.8362700e+05
   6.9086100e+00  -1.0705800e+00   6.0297100e+00   2.8771300e+00   5.2572800e+00   5.5763800e-01  -4.8362800e+05
   6.9088300e+00  -1.0707100e+00   6.0297200e+00   2.8769000e+00   5.2572300e+00   5.5768100e-01  -4.8362500e+05
   6.9088500e+00  -1.0707400e+00   6.0298200e+00   2.8767500e+00   5.2573600e+00   5.5786500e-01  -4.8362600e+05
   6.9088800e+00  -1.0706100e+00   6.0297300e+00   2.8764400e+00   5.2573800e+00   5.5767500e-01  -4.8362600e+05
   6.9089900e+00  -1.0705900e+00   6.0297500e+00   2.8765800e+00   5.2572800e+00   5.5741300e-01  -4.8362600e+05
   6.9091200e+00  -1.0707900e+00   6.0297800e+00   2.8768800e+00   5.2565900e+00   5.5686300e-01  -4.8362500e+05
   6.9093600e+00  -1.0704900e+00   6.0298400e+00   2.8765100e+00   5.2563400e+00   5.5670400e-01  -4.8362600e+05
   6.9089800e+00  -1.0709100e+00   6.0297900e+00   2.8764300e+00   5.2570700e+00   5.5685900e-01  -4.8362500e+05
   6.9091800e+00  -1.0703300e+00   6.0297000e+00   2.8769100e+00   5.2562700e+00   5.5667700e-01  -4.8362600e+05
   6.9091000e+00  -1.0705900e+00   6.0297500e+00   2.8768400e+00   5.2566200e+00   5.5640500e-01  -4.8362700e+05
   6.9092200e+00  -1.0704200e+00   6.0297800e+00   2.8765400e+00   5.2565900e+00   5.5703000e-01  -4.8362400e+05
   6.9089700e+00  -1.0705000e+00   6.0297400e+00   2.8768900e+00   5.2569900e+00   5.5724400e-01  -4.8362400e+05
   6.9089900e+00  -1.0703000e+00   6.0297100e+00   2.8764800e+00   5.2567400e+00   5.5676500e-01  -4.8362600e+05
   6.9093900e+00  -1.0701500e+00   6.0298500e+00   2.8756000e+00   5.2564800e+00   5.5684300e-01  -4.8362700e+05
   6.9091700e+00  -1.0700900e+00   6.0298500e+00   2.8756600e+00   5.2564500e+00   5.5700400e-01  -4.8362900e+05
   6.9093100e+00  -1.0703900e+00   6.0298000e+00   2.8763800e+00   5.2566800e+00   5.5672300e-01  -4.8362500e+05
   6.9091100e+00  -1.0705300e+00   6.0298400e+00   2.8759600e+00   5.2568300e+00   5.5696400e-01  -4.8362500e+05
   6.9092200e+00  -1.0704200e+00   6.0298100e+00   2.8762000e+00   5.2568000e+00   5.5719200e-01  -4.8362500e+05
   6.9089800e+00  -1.0700700e+00   6.0298900e+00   2.8763600e+00   5.2571000e+00   5.5729500e-01  -4.8362700e+05
   6.9088400e+00  -1.0701300e+00   6.0297200e+00   2.8765300e+00   5.2571000e+00   5.5771100e-01  -4.8362600e+05
   6.9086100e+00  -1.0699400e+00   6.0297800e+00   2.8768100e+00   5.2575800e+00   5.5781000e-01  -4.8362600e+05
   6.9088400e+00  -1.0702200e+00   6.0298300e+00   2.8766200e+00   5.2573100e+00   5.5780400e-01  -4.8362600e+05
   6.9087300e+00  -1.0704300e+00   6.0297800e+00   2.8765500e+00   5.2576300e+00   5.5790300e-01  -4.8362600e+05
   6.9084600e+00  -1.0707300e+00   6.0298100e+00   2.8765900e+00   5.2580900e+00   5.5796700e-01  -4.8362900e+05
   6.9088600e+00  -1.0706500e+00   6.0297600e+00   2.8765700e+00   5.2569900e+00   5.5769700e-01  -4.8362600e+05
   6.9087000e+00  -1.0709200e+00   6.0298500e+00   2.8762800e+00   5.2576300e+00   5.5796300e-01  -4.8362700e+05
   6.9088900e+00  -1.0708700e+00   6.0298100e+00   2.8762400e+00   5.2570900e+00   5.5755400e-01  -4.8362500e+05
   6.9091000e+00  -1.0709500e+00   6.0297500e+00   2.8762400e+00   5.2570300e+00   5.5735300e-01  -4.8362500e+05
   6.9089900e+00  -1.0712300e+00   6.0298400e+00   2.8758300e+00   5.2573400e+00   5.5768800e-01  -4.8362600e+05
   6.9088600e+00  -1.0715900e+00   6.0297700e+00   2.8760000e+00   5.2573300e+00   5.5734500e-01  -4.8362400e+05
   6.9089000e+00  -1.0719300e+00   6.0297900e+00   2.8766400e+00   5.2573100e+00   5.5746700e-01  -4.8362400e+05
   6.9087100e+00  -1.0724300e+00   6.0297800e+00   2.8769000e+00   5.2574900e+00   5.5737500e-01  -4.8362700e+05
   6.9085300e+00  -1.0722800e+00   6.0297400e+00   2.8766400e+00   5.2579400e+00   5.5794100e-01  -4.8362700e+05
   6.9088100e+00  -1.0725000e+00   6.0298400e+00   2.8761200e+00   5.2577100e+00   5.5794800e-01  -4.8362600e+05
   6.9089600e+00  -1.0724200e+00   6.0297900e+00   2.8757800e+00   5.2573000e+00   5.5787500e-01  -4.8362500e+05
   6.9090800e+00  -1.0724400e+00   6.0297900e+00   2.8758700e+00   5.2571400e+00   5.5753600e-01  -4.8362400e+05
   6.9087200e+00  -1.0724800e+00   6.0298100e+00   2.8758300e+00   5.2575500e+00   5.5803500e-01  -4.8362500e+05
   6.9087800e+00  -1.0722400e+00   6.0297600e+00   2.8754900e+00   5.2574300e+00   5.5801000e-01  -4.8362600e+05
   6.9087300e+00  -1.0723100e+00   6.0299100e+00   2.8749400e+00   5.2577500e+00   5.5783500e-01  -4.8362900e+05
   6.9086700e+00  -1.0723800e+00   6.0297800e+00   2.8750800e+00   5.2577200e+00   5.5815700e-01  -4.8362700e+05
   6.9087300e+00  -1.0730000e+00   6.0297700e+00   2.8753600e+00   5.2579200e+00   5.5811200e-01  -4.8362700e+05
   6.9087500e+00  -1.0725300e+00   6.0297700e+00   2.8753400e+00   5.2574500e+00   5.5792700e-01  -4.8362600e+05
   6.9086400e+00  -1.0726100e+00   6.0297900e+00   2.8756500e+00   5.2579500e+00   5.5814800e-01  -4.8362600e+05
   6.9083800e+00  -1.0732400e+00   6.0298400e+00   2.8754300e+00   5.2582000e+00   5.5832700e-01  -4.8362800e+05
   6.9085600e+00  -1.0731500e+00   6.0298500e+00   2.8749700e+00   5.2580900e+00   5.5814600e-01  -4.8362700e+05
   6.9083100e+00  -1.0731500e+00   6.0297800e+00   2.8746400e+00   5.2582600e+00   5.5842000e-01  -4.8363000e+05
   6.9083400e+00  -1.0732600e+00   6.0298000e+00   2.8748800e+00   5.2581700e+00   5.5858400e-01  -4.8363000e+05
   6.9085800e+00  -1.0729900e+00   6.0298300e+00   2.8748800e+00   5.2579300e+00   5.5823900e-01  -4.8362700e+05
   6.9087200e+00  -1.0732000e+00   6.0298000e+00   2.8745800e+00   5.2578000e+00   5.5837500e-01  -4.8362900e+05
   6.9087400e+00  -1.0733800e+00   6.0298300e+00   2.8749400e+00   5.2576200e+00   5.5818300e-01  -4.8362700e+05
   6.9087400e+00  -1.0733700e+00   6.0297800e+00   2.8750800e+00   5.2578300e+00   5.5828600e-01  -4.8362700e+05
   6.9084900e+00  -1.0737400e+00   6.0298500e+00   2.8746800e+00   5.2580000e+00   5.5825700e-01  -4.8362900e+05
   6.9085600e+00  -1.0738900e+00   6.0297300e+00   2.8751000e+00   5.2579000e+00   5.5824000e-01  -4.8362700e+05
   6.9086400e+00  -1.0740500e+00   6.0297600e+00   2.8752000e+00   5.2578400e+00   5.5831000e-01  -4.8362600e+05
   6.9086300e+00  -1.0735000e+00   6.0298000e+00   2.8753400e+00   5.2579300e+00   5.5818100e-01  -4.8362500e+05
   6.9086600e+00  -1.0737100e+00   6.0298300e+00   2.8749500e+00   5.2578800e+00   5.5806100e-01  -4.8362600e+05
   6.9088300e+00  -1.0735100e+00   6.0297700e+00   2.8747700e+00   5.2577500e+00   5.5804000e-01  -4.8362700e+05
   6.9089200e+00  -1.0737200e+00   6.0296600e+00   2.8749600e+00   5.2571500e+00   5.5795700e-01  -4.8363100e+05
   6.9088200e+00  -1.0733600e+00   6.0298600e+00   2.8752300e+00   5.2575800e+00   5.5810900e-01  -4.8362700e+05
   6.9087200e+00  -1.0733200e+00   6.0297200e+00   2.8754400e+00   5.2576700e+00   5.5780400e-01  -4.8362500e+05
   6.9086200e+00  -1.0729600e+00   6.0297900e+00   2.8759500e+00   5.2576900e+00   5.5807900e-01  -4.8362500e+05
   6.9089000e+00  -1.0729800e+00   6.0298300e+00   2.8763200e+00   5.2575000e+00   5.5804200e-01  -4.8362600e+05
   6.9089500e+00  -1.0728000e+00   6.0297900e+00   2.8767100e+00   5.2572600e+00   5.5760800e-01  -4.8362400e+05
   6.9092800e+00  -1.0728800e+00   6.0297800e+00   2.8769800e+00   5.2566200e+00   5.5725900e-01  -4.8362500e+05
   6.9090200e+00  -1.0728200e+00   6.0297300e+00   2.8764800e+00   5.2570600e+00   5.5738400e-01  -4.8362300e+05
   6.9092200e+00  -1.0725900e+00   6.0297800e+00   2.8760500e+00   5.2567500e+00   5.5677800e-01  -4.8362400e+05
   6.9092600e+00  -1.0721300e+00   6.0296500e+00   2.8763800e+00   5.2563400e+00   5.5690500e-01  -4.8362600e+05
   6.9090800e+00  -1.0724400e+00   6.0297400e+00   2.8758600e+00   5.2570800e+00   5.5678500e-01  -4.8362600e+05
   6.9090400e+00  -1.0726500e+00   6.0298000e+00   2.8753400e+00   5.2569200e+00   5.5710300e-01  -4.8362500e+05
   6.9089100e+00  -1.0724800e+00   6.0298300e+00   2.8751500e+00   5.2575200e+00   5.5745500e-01  -4.8362600e+05
   6.9090100e+00  -1.0725300e+00   6.0298000e+00   2.8760700e+00   5.2571700e+00   5.5746000e-01  -4.8362300e+05
   6.9090600e+00  -1.0725300e+00   6.0297200e+00   2.8758100e+00   5.2570600e+00   5.5745000e-01  -4.8362400e+05
