   6.9090100e+00  -1.0713500e+00   6.0297100e+00   2.8773900e+00   5.2568600e+00   5.5716800e-01  -1.0881500e+06
   6.9092400e+00  -1.0713500e+00   6.0297500e+00   2.8773300e+00   5.2566300e+00   5.5692900e-01  -1.0881500e+06
   6.9093600e+00  -1.0713500e+00   6.0297800e+00   2.8771600e+00   5.2565000e+00   5.5683900e-01  -1.0881600e+06
   6.9091800e+00  -1.0713500e+00   6.0297000e+00   2.8773100e+00   5.2563300e+00   5.5694300e-01  -1.0881600e+06
   6.9094000e+00  -1.0713500e+00   6.0296800e+00   2.8773500e+00   5.2562600e+00   5.5662200e-01  -1.0881500e+06
   6.9088700e+00  -1.0713500e+00   6.0296900e+00   2.8776400e+00   5.2573000e+00   5.5754100e-01  -1.0881600e+06
   6.9090400e+00  -1.0713500e+00   6.0297200e+00   2.8775000e+00   5.2568800e+00   5.5760000e-01  -1.0881600e+06
   6.9093300e+00  -1.0713500e+00   6.0297200e+00   2.8773800e+00   5.2566700e+00   5.5706800e-01  -1.0881600e+06
   6.9095000e+00  -1.0713500e+00   6.0297200e+00   2.8772800e+00   5.2560300e+00   5.5641600e-01  -1.0881600e+06
   6.9094900e+00  -1.0713500e+00   6.0297300e+00   2.8774000e+00   5.2560100e+00   5.5643400e-01  -1.0881600e+06
   6.9091500e+00  -1.0713500e+00   6.0297700e+00   2.8776900e+00   5.2566300e+00   5.5729500e-01  -1.0881600e+06
   6.9093100e+00  -1.0713500e+00   6.0296800e+00   2.8776700e+00   5.2565900e+00   5.5696900e-01  -1.0881600e+06
   6.9094200e+00  -1.0713500e+00   6.0296500e+00   2.8778800e+00   5.2560900e+00   5.5667600e-01  -1.0881600e+06
   6.9091700e+00  -1.0713500e+00   6.0296600e+00   2.8777400e+00   5.2567400e+00   5.5701300e-01  -1.0881600e+06
   6.9090700e+00  -1.0713500e+00   6.0297200e+00   2.8777400e+00   5.2569200e+00   5.5728800e-01  -1.0881600e+06
   6.9090100e+00  -1.0713500e+00   6.0297000e+00   2.8776400e+00   5.2567900e+00   5.5750300e-01  -1.0881600e+06
   6.9092500e+00  -1.0713500e+00   6.0297500e+00   2.8775500e+00   5.2568300e+00   5.5708700e-01  -1.0881600e+06
   6.9092300e+00  -1.0713500e+00   6.0296800e+00   2.8775400e+00   5.2565600e+00   5.5702800e-01  -1.0881500e+06
   6.9093800e+00  -1.0713500e+00   6.0296800e+00   2.8777200e+00   5.2562400e+00   5.5672100e-01  -1.0881600e+06
   6.9093200e+00  -1.0713500e+00   6.0297400e+00   2.8775500e+00   5.2565300e+00   5.5692200e-01  -1.0881500e+06
   6.9093900e+00  -1.0713500e+00   6.0296900e+00   2.8771200e+00   5.2563800e+00   5.5704200e-01  -1.0881600e+06
   6.9092100e+00  -1.0713500e+00   6.0297700e+00   2.8770900e+00   5.2567800e+00   5.5715900e-01  -1.0881500e+06
   6.9092700e+00  -1.0713500e+00   6.0296700e+00   2.8775000e+00   5.2562900e+00   5.5709400e-01  -1.0881600e+06
   6.9094400e+00  -1.0713500e+00   6.0297100e+00   2.8776300e+00   5.2562300e+00   5.5677900e-01  -1.0881600e+06
   6.9092100e+00  -1.0713500e+00   6.0297700e+00   2.8771900e+00   5.2565700e+00   5.5694000e-01  -1.0881500e+06
   6.9095600e+00  -1.0713500e+00   6.0297400e+00   2.8771300e+00   5.2561800e+00   5.5658200e-01  -1.0881600e+06
   6.9091700e+00  -1.0713500e+00   6.0296800e+00   2.8771200e+00   5.2567100e+00   5.5714000e-01  -1.0881500e+06
   6.9091200e+00  -1.0713500e+00   6.0297900e+00   2.8771000e+00   5.2569500e+00   5.5708700e-01  -1.0881500e+06
   6.9095100e+00  -1.0713500e+00   6.0297300e+00   2.8770300e+00   5.2563500e+00   5.5698400e-01  -1.0881600e+06
   6.9091700e+00  -1.0713500e+00   6.0297900e+00   2.8771300e+00   5.2567000e+00   5.5699800e-01  -1.0881500e+06
   6.9090800e+00  -1.0713500e+00   6.0297700e+00   2.8770300e+00   5.2569900e+00   5.5731800e-01  -1.0881500e+06
   6.9092400e+00  -1.0713500e+00   6.0297200e+00   2.8769700e+00   5.2566900e+00   5.5714000e-01  -1.0881500e+06
   6.9092400e+00  -1.0713500e+00   6.0297400e+00   2.8768300e+00   5.2567300e+00   5.5702800e-01  -1.0881500e+06
   6.9091600e+00  -1.0713500e+00   6.0296900e+00   2.8768700e+00   5.2567100e+00   5.5705800e-01  -1.0881500e+06
   6.9090100e+00  -1.0713500e+00   6.0297600e+00   2.8766200e+00   5.2569200e+00   5.5727700e-01  -1.0881500e+06
   6.9091700e+00  -1.0713500e+00   6.0297700e+00   2.8767100e+00   5.2565800e+00   5.5733100e-01  -1.0881600e+06
   6.9093000e+00  -1.0713500e+00   6.0297200e+00   2.8766500e+00   5.2564500e+00   5.5692800e-01  -1.0881500e+06
   6.9090100e+00  -1.0713500e+00   6.0297100e+00   2.8767800e+00   5.2571400e+00   5.5721000e-01  -1.0881600e+06
   6.9090000e+00  -1.0713500e+00   6.0297500e+00   2.8767200e+00   5.2567900e+00   5.5706300e-01  -1.0881500e+06
   6.9092500e+00  -1.0713500e+00   6.0297800e+00   2.8767500e+00   5.2566300e+00   5.5709600e-01  -1.0881500e+06
   6.9093700e+00  -1.0713500e+00   6.0297100e+00   2.8768100e+00   5.2563800e+00   5.5655100e-01  -1.0881500e+06
   6.9093200e+00  -1.0713500e+00   6.0297700e+00   2.8769300e+00   5.2567200e+00   5.5721300e-01  -1.0881600e+06
   6.9092500e+00  -1.0713500e+00   6.0297500e+00   2.8766700e+00   5.2567100e+00   5.5738100e-01  -1.0881600e+06
   6.9092300e+00  -1.0713500e+00   6.0297800e+00   2.8767000e+00   5.2566200e+00   5.5707500e-01  -1.0881500e+06
   6.9088500e+00  -1.0713500e+00   6.0297300e+00   2.8769900e+00   5.2571400e+00   5.5748800e-01  -1.0881500e+06
   6.9090400e+00  -1.0713500e+00   6.0297700e+00   2.8770400e+00   5.2569100e+00   5.5731800e-01  -1.0881500e+06
   6.9091600e+00  -1.0713500e+00   6.0296700e+00   2.8769000e+00   5.2566300e+00   5.5703100e-01  -1.0881500e+06
   6.9091200e+00  -1.0713500e+00   6.0297800e+00   2.8766600e+00   5.2566900e+00   5.5720300e-01  -1.0881500e+06
   6.9091600e+00  -1.0713500e+00   6.0298000e+00   2.8766000e+00   5.2567400e+00   5.5690800e-01  -1.0881500e+06
   6.9089900e+00  -1.0713500e+00   6.0297500e+00   2.8765700e+00   5.2569400e+00   5.5745100e-01  -1.0881500e+06
   6.9089200e+00  -1.0713500e+00   6.0297400e+00   2.8765800e+00   5.2570200e+00   5.5764100e-01  -1.0881500e+06
   6.9089800e+00  -1.0713500e+00   6.0297400e+00   2.8764700e+00   5.2571400e+00   5.5718300e-01  -1.0881500e+06
   6.9093700e+00  -1.0713500e+00   6.0297300e+00   2.8767000e+00   5.2567500e+00   5.5686700e-01  -1.0881600e+06
   6.9088800e+00  -1.0713500e+00   6.0297000e+00   2.8767200e+00   5.2570900e+00   5.5746000e-01  -1.0881500e+06
   6.9093100e+00  -1.0713500e+00   6.0297300e+00   2.8767700e+00   5.2562600e+00   5.5663700e-01  -1.0881600e+06
   6.9088500e+00  -1.0713500e+00   6.0297600e+00   2.8765800e+00   5.2573000e+00   5.5782100e-01  -1.0881500e+06
   6.9093000e+00  -1.0713500e+00   6.0297600e+00   2.8766100e+00   5.2566600e+00   5.5695600e-01  -1.0881500e+06
   6.9093500e+00  -1.0713500e+00   6.0297200e+00   2.8768700e+00   5.2564300e+00   5.5710200e-01  -1.0881500e+06
   6.9090500e+00  -1.0713500e+00   6.0297500e+00   2.8766400e+00   5.2568900e+00   5.5722300e-01  -1.0881500e+06
   6.9090600e+00  -1.0713500e+00   6.0297400e+00   2.8766900e+00   5.2569800e+00   5.5752700e-01  -1.0881500e+06
   6.9090200e+00  -1.0713500e+00   6.0297500e+00   2.8766300e+00   5.2570500e+00   5.5707100e-01  -1.0881500e+06
   6.9089700e+00  -1.0713500e+00   6.0297200e+00   2.8766600e+00   5.2570600e+00   5.5752500e-01  -1.0881500e+06
   6.9094100e+00  -1.0713500e+00   6.0297400e+00   2.8766200e+00   5.2563600e+00   5.5669500e-01  -1.0881500e+06
   6.9088800e+00  -1.0713500e+00   6.0297700e+00   2.8766600e+00   5.2571300e+00   5.5756800e-01  -1.0881500e+06
   6.9092700e+00  -1.0713500e+00   6.0297500e+00   2.8766300e+00   5.2566900e+00   5.5695700e-01  -1.0881500e+06
   6.9092000e+00  -1.0713500e+00   6.0297200e+00   2.8768900e+00   5.2567600e+00   5.5696400e-01  -1.0881500e+06
   6.9090900e+00  -1.0713500e+00   6.0297400e+00   2.8767900e+00   5.2569500e+00   5.5711700e-01  -1.0881500e+06
   6.9092300e+00  -1.0713500e+00   6.0296900e+00   2.8770000e+00   5.2564200e+00   5.5685200e-01  -1.0881500e+06
   6.9090300e+00  -1.0713500e+00   6.0297000e+00   2.8771500e+00   5.2570100e+00   5.5704200e-01  -1.0881600e+06
   6.9092900e+00  -1.0713500e+00   6.0297200e+00   2.8771200e+00   5.2565700e+00   5.5700400e-01  -1.0881500e+06
   6.9092700e+00  -1.0713500e+00   6.0297100e+00   2.8770800e+00   5.2561800e+00   5.5678600e-01  -1.0881600e+06
   6.9093600e+00  -1.0713500e+00   6.0297200e+00   2.8771700e+00   5.2562900e+00   5.5662100e-01  -1.0881500e+06
   6.9091200e+00  -1.0713500e+00   6.0296800e+00   2.8771300e+00   5.2566700e+00   5.5719000e-01  -1.0881500e+06
   6.9093800e+00  -1.0713500e+00   6.0297600e+00   2.8768600e+00   5.2563600e+00   5.5664500e-01  -1.0881500e+06
   6.9087500e+00  -1.0713500e+00   6.0297200e+00   2.8768400e+00   5.2572500e+00   5.5760300e-01  -1.0881600e+06
   6.9091700e+00  -1.0713500e+00   6.0297400e+00   2.8767800e+00   5.2567900e+00   5.5707500e-01  -1.0881500e+06
   6.9089900e+00  -1.0713500e+00   6.0297000e+00   2.8767200e+00   5.2569200e+00   5.5724500e-01  -1.0881500e+06
   6.9091800e+00  -1.0713500e+00   6.0298000e+00   2.8766500e+00   5.2568200e+00   5.5718700e-01  -1.0881500e+06
   6.9093900e+00  -1.0713500e+00   6.0297900e+00   2.8768000e+00   5.2566400e+00   5.5690900e-01  -1.0881600e+06
   6.9088600e+00  -1.0713500e+00   6.0297700e+00   2.8768400e+00   5.2573000e+00   5.5776900e-01  -1.0881500e+06
   6.9092200e+00  -1.0713500e+00   6.0297300e+00   2.8768700e+00   5.2567500e+00   5.5687200e-01  -1.0881500e+06
   6.9091000e+00  -1.0713500e+00   6.0297500e+00   2.8768900e+00   5.2568300e+00   5.5713700e-01  -1.0881500e+06
   6.9093100e+00  -1.0713500e+00   6.0297600e+00   2.8770800e+00   5.2565400e+00   5.5703000e-01  -1.0881500e+06
   6.9091500e+00  -1.0713500e+00   6.0297200e+00   2.8771500e+00   5.2569500e+00   5.5730800e-01  -1.0881500e+06
   6.9093600e+00  -1.0713500e+00   6.0297100e+00   2.8772800e+00   5.2564400e+00   5.5694900e-01  -1.0881500e+06
   6.9093200e+00  -1.0713500e+00   6.0297700e+00   2.8771700e+00   5.2565700e+00   5.5708400e-01  -1.0881500e+06
   6.9094200e+00  -1.0713500e+00   6.0297300e+00   2.8773500e+00   5.2560800e+00   5.5644000e-01  -1.0881600e+06
   6.9091100e+00  -1.0713500e+00   6.0297100e+00   2.8772900e+00   5.2567900e+00   5.5705700e-01  -1.0881500e+06
   6.9089900e+00  -1.0713500e+00   6.0297500e+00   2.8771100e+00   5.2570100e+00   5.5737400e-01  -1.0881500e+06
   6.9091400e+00  -1.0713500e+00   6.0297100e+00   2.8771000e+00   5.2567000e+00   5.5705200e-01  -1.0881500e+06
   6.9091500e+00  -1.0713500e+00   6.0297600e+00   2.8771500e+00   5.2566700e+00   5.5713000e-01  -1.0881500e+06
   6.9096300e+00  -1.0713500e+00   6.0297300e+00   2.8771800e+00   5.2558400e+00   5.5639600e-01  -1.0881600e+06
   6.9094800e+00  -1.0713500e+00   6.0297600e+00   2.8770700e+00   5.2560600e+00   5.5646600e-01  -1.0881600e+06
   6.9092500e+00  -1.0713500e+00   6.0297100e+00   2.8771300e+00   5.2565000e+00   5.5686700e-01  -1.0881500e+06
   6.9090800e+00  -1.0713500e+00   6.0297000e+00   2.8770300e+00   5.2569300e+00   5.5726000e-01  -1.0881500e+06
   6.9093200e+00  -1.0713500e+00   6.0297500e+00   2.8771200e+00   5.2566300e+00   5.5698600e-01  -1.0881500e+06
   6.9093400e+00  -1.0713500e+00   6.0297300e+00   2.8771500e+00   5.2564500e+00   5.5706100e-01  -1.0881500e+06
   6.9091800e+00  -1.0713500e+00   6.0297200e+00   2.8770600e+00   5.2567800e+00   5.5679300e-01  -1.0881500e+06
   6.9091700e+00  -1.0713500e+00   6.0296900e+00   2.8769400e+00   5.2566300e+00   5.5710200e-01  -1.0881500e+06
   6.9089700e+00  -1.0713500e+00   6.0297500e+00   2.8770800e+00   5.2569600e+00   5.5736700e-01  -1.0881500e+06
   6.9091000e+00  -1.0713500e+00   6.0297600e+00   2.8770800e+00   5.2569400e+00   5.5722100e-01  -1.0881500e+06
   6.9090900e+00  -1.0713500e+00   6.0297300e+00   2.8769400e+00   5.2571000e+00   5.5714800e-01  -1.0881600e+06
   6.9089600e+00  -1.0713500e+00   6.0297100e+00   2.8770200e+00   5.2569600e+00   5.5714200e-01  -1.0881500e+06
   6.9090600e+00  -1.0713500e+00   6.0297200e+00   2.8768200e+00   5.2570700e+00   5.5730100e-01  -1.0881500e+06
   6.9094600e+00  -1.0713500e+00   6.0297700e+00   2.8770100e+00   5.2564300e+00   5.5686800e-01  -1.0881600e+06
   6.9089300e+00  -1.0713500e+00   6.0297600e+00   2.8768800e+00   5.2570700e+00   5.5745600e-01  -1.0881500e+06
   6.9087900e+00  -1.0713500e+00   6.0297500e+00   2.8766600e+00   5.2573200e+00   5.5752700e-01  -1.0881500e+06
   6.9089600e+00  -1.0713500e+00   6.0297800e+00   2.8763100e+00   5.2571300e+00   5.5722900e-01  -1.0881500e+06
   6.9091800e+00  -1.0713500e+00   6.0298000e+00   2.8763700e+00   5.2569700e+00   5.5716200e-01  -1.0881500e+06
   6.9092800e+00  -1.0713500e+00   6.0297100e+00   2.8764100e+00   5.2567200e+00   5.5685300e-01  -1.0881600e+06
   6.9092800e+00  -1.0713500e+00   6.0297600e+00   2.8765000e+00   5.2565000e+00   5.5688300e-01  -1.0881500e+06
   6.9091600e+00  -1.0713500e+00   6.0297500e+00   2.8764700e+00   5.2570600e+00   5.5735800e-01  -1.0881600e+06
   6.9094000e+00  -1.0713500e+00   6.0296900e+00   2.8763400e+00   5.2563500e+00   5.5663200e-01  -1.0881600e+06
   6.9091000e+00  -1.0713500e+00   6.0298000e+00   2.8763500e+00   5.2568700e+00   5.5684500e-01  -1.0881500e+06
   6.9095300e+00  -1.0713500e+00   6.0297200e+00   2.8765500e+00   5.2561300e+00   5.5657700e-01  -1.0881600e+06
   6.9093600e+00  -1.0713500e+00   6.0297500e+00   2.8765500e+00   5.2565200e+00   5.5661500e-01  -1.0881500e+06
   6.9089600e+00  -1.0713500e+00   6.0297700e+00   2.8767000e+00   5.2571800e+00   5.5746700e-01  -1.0881500e+06
   6.9094400e+00  -1.0713500e+00   6.0297400e+00   2.8767100e+00   5.2562500e+00   5.5655200e-01  -1.0881500e+06
   6.9089700e+00  -1.0713500e+00   6.0297500e+00   2.8762800e+00   5.2572300e+00   5.5748200e-01  -1.0881500e+06
   6.9091600e+00  -1.0713500e+00   6.0298100e+00   2.8762400e+00   5.2569100e+00   5.5691900e-01  -1.0881500e+06
   6.9093900e+00  -1.0713500e+00   6.0298100e+00   2.8766500e+00   5.2565400e+00   5.5688600e-01  -1.0881600e+06
   6.9091200e+00  -1.0713500e+00   6.0297700e+00   2.8768400e+00   5.2566800e+00   5.5732800e-01  -1.0881600e+06
   6.9090500e+00  -1.0713500e+00   6.0297700e+00   2.8766100e+00   5.2567200e+00   5.5692200e-01  -1.0881600e+06
   6.9094500e+00  -1.0713500e+00   6.0297400e+00   2.8767200e+00   5.2562500e+00   5.5665800e-01  -1.0881500e+06
   6.9093200e+00  -1.0713500e+00   6.0297900e+00   2.8766600e+00   5.2566000e+00   5.5720300e-01  -1.0881600e+06
   6.9089100e+00  -1.0713500e+00   6.0297200e+00   2.8768300e+00   5.2572700e+00   5.5740900e-01  -1.0881600e+06
   6.9094700e+00  -1.0713500e+00   6.0297200e+00   2.8771300e+00   5.2562400e+00   5.5658300e-01  -1.0881500e+06
   6.9093000e+00  -1.0713500e+00   6.0296600e+00   2.8774500e+00   5.2563700e+00   5.5676500e-01  -1.0881600e+06
   6.9094800e+00  -1.0713500e+00   6.0297200e+00   2.8775400e+00   5.2562100e+00   5.5658600e-01  -1.0881600e+06
   6.9091000e+00  -1.0713500e+00   6.0297100e+00   2.8774600e+00   5.2567500e+00   5.5706200e-01  -1.0881500e+06
   6.9089700e+00  -1.0713500e+00   6.0297100e+00   2.8774700e+00   5.2571700e+00   5.5746800e-01  -1.0881600e+06
   6.9093900e+00  -1.0713500e+00   6.0296900e+00   2.8777300e+00   5.2562200e+00   5.5659300e-01  -1.0881600e+06
   6.9091700e+00  -1.0713500e+00   6.0296900e+00   2.8777800e+00   5.2567200e+00   5.5732200e-01  -1.0881600e+06
   6.9092400e+00  -1.0713500e+00   6.0297200e+00   2.8774700e+00   5.2566300e+00   5.5714500e-01  -1.0881500e+06
   6.9089200e+00  -1.0713500e+00   6.0297000e+00   2.8775000e+00   5.2571400e+00   5.5756000e-01  -1.0881600e+06
   6.9091000e+00  -1.0713500e+00   6.0297000e+00   2.8775800e+00   5.2569100e+00   5.5737100e-01  -1.0881600e+06
   6.9091500e+00  -1.0713500e+00   6.0296900e+00   2.8774200e+00   5.2565300e+00   5.5698900e-01  -1.0881500e+06
   6.9093300e+00  -1.0713500e+00   6.0297100e+00   2.8775400e+00   5.2564000e+00   5.5699200e-01  -1.0881500e+06
   6.9093800e+00  -1.0713500e+00   6.0297000e+00   2.8775900e+00   5.2564900e+00   5.5690400e-01  -1.0881600e+06
   6.9093100e+00  -1.0713500e+00   6.0297200e+00   2.8772100e+00   5.2564200e+00   5.5687600e-01  -1.0881500e+06
   6.9091200e+00  -1.0713500e+00   6.0297400e+00   2.8773300e+00   5.2566800e+00   5.5722400e-01  -1.0881500e+06
   6.9092800e+00  -1.0713500e+00   6.0297700e+00   2.8774000e+00   5.2565400e+00   5.5711900e-01  -1.0881600e+06
   6.9091700e+00  -1.0713500e+00   6.0297300e+00   2.8774600e+00   5.2567500e+00   5.5734800e-01  -1.0881500e+06
   6.9092400e+00  -1.0713500e+00   6.0297000e+00   2.8773300e+00   5.2565400e+00   5.5703400e-01  -1.0881500e+06
   6.9087700e+00  -1.0713500e+00   6.0297100e+00   2.8771900e+00   5.2572200e+00   5.5767000e-01  -1.0881600e+06
   6.9093000e+00  -1.0713500e+00   6.0297200e+00   2.8771800e+00   5.2565800e+00   5.5675500e-01  -1.0881500e+06
   6.9090800e+00  -1.0713500e+00   6.0296900e+00   2.8772400e+00   5.2568200e+00   5.5732000e-01  -1.0881500e+06
   6.9094900e+00  -1.0713500e+00   6.0297100e+00   2.8771200e+00   5.2561300e+00   5.5645300e-01  -1.0881500e+06
   6.9090500e+00  -1.0713500e+00   6.0297100e+00   2.8770500e+00   5.2569400e+00   5.5717700e-01  -1.0881500e+06
   6.9093100e+00  -1.0713500e+00   6.0297600e+00   2.8770900e+00   5.2566300e+00   5.5692500e-01  -1.0881500e+06
   6.9091100e+00  -1.0713500e+00   6.0297100e+00   2.8770600e+00   5.2568300e+00   5.5712200e-01  -1.0881500e+06
   6.9091500e+00  -1.0713500e+00   6.0297900e+00   2.8769500e+00   5.2568500e+00   5.5691200e-01  -1.0881500e+06
   6.9090400e+00  -1.0713500e+00   6.0297700e+00   2.8769300e+00   5.2569500e+00   5.5721900e-01  -1.0881500e+06
   6.9090500e+00  -1.0713500e+00   6.0297600e+00   2.8765600e+00   5.2570900e+00   5.5719500e-01  -1.0881500e+06
   6.9088500e+00  -1.0713500e+00   6.0297500e+00   2.8765900e+00   5.2573600e+00   5.5739500e-01  -1.0881500e+06
   6.9089900e+00  -1.0713500e+00   6.0297400e+00   2.8767600e+00   5.2569500e+00   5.5745200e-01  -1.0881500e+06
   6.9092600e+00  -1.0713500e+00   6.0297400e+00   2.8768600e+00   5.2563500e+00   5.5678500e-01  -1.0881500e+06
   6.9093400e+00  -1.0713500e+00   6.0297000e+00   2.8768800e+00   5.2565700e+00   5.5663500e-01  -1.0881600e+06
   6.9091900e+00  -1.0713500e+00   6.0297200e+00   2.8771000e+00   5.2567100e+00   5.5709500e-01  -1.0881500e+06
   6.9089800e+00  -1.0713500e+00   6.0297500e+00   2.8770000e+00   5.2571600e+00   5.5747400e-01  -1.0881500e+06
   6.9093100e+00  -1.0713500e+00   6.0297100e+00   2.8770500e+00   5.2565400e+00   5.5706000e-01  -1.0881500e+06
   6.9090600e+00  -1.0713500e+00   6.0297500e+00   2.8769900e+00   5.2569200e+00   5.5732200e-01  -1.0881500e+06
   6.9093000e+00  -1.0713500e+00   6.0296700e+00   2.8770300e+00   5.2565100e+00   5.5726000e-01  -1.0881600e+06
   6.9090000e+00  -1.0713500e+00   6.0297500e+00   2.8770500e+00   5.2569600e+00   5.5736600e-01  -1.0881500e+06
   6.9089600e+00  -1.0713500e+00   6.0297300e+00   2.8767900e+00   5.2571600e+00   5.5727300e-01  -1.0881500e+06
   6.9089400e+00  -1.0713500e+00   6.0297400e+00   2.8766200e+00   5.2573300e+00   5.5767200e-01  -1.0881600e+06
   6.9092700e+00  -1.0713500e+00   6.0297800e+00   2.8766100e+00   5.2567300e+00   5.5677000e-01  -1.0881500e+06
   6.9091900e+00  -1.0713500e+00   6.0297400e+00   2.8763500e+00   5.2568400e+00   5.5705800e-01  -1.0881500e+06
   6.9089900e+00  -1.0713500e+00   6.0297700e+00   2.8762200e+00   5.2571100e+00   5.5719500e-01  -1.0881500e+06
   6.9092500e+00  -1.0713500e+00   6.0297500e+00   2.8764300e+00   5.2566900e+00   5.5696300e-01  -1.0881500e+06
   6.9092400e+00  -1.0713500e+00   6.0297300e+00   2.8764300e+00   5.2567100e+00   5.5696900e-01  -1.0881500e+06
   6.9093300e+00  -1.0713500e+00   6.0297600e+00   2.8765300e+00   5.2564400e+00   5.5680800e-01  -1.0881500e+06
   6.9092100e+00  -1.0713500e+00   6.0297800e+00   2.8766800e+00   5.2566700e+00   5.5686300e-01  -1.0881500e+06
   6.9089600e+00  -1.0713500e+00   6.0297700e+00   2.8767600e+00   5.2572600e+00   5.5744200e-01  -1.0881500e+06
   6.9091300e+00  -1.0713500e+00   6.0296900e+00   2.8768200e+00   5.2567900e+00   5.5717500e-01  -1.0881500e+06
   6.9090700e+00  -1.0713500e+00   6.0297600e+00   2.8767800e+00   5.2567700e+00   5.5732700e-01  -1.0881500e+06
   6.9092600e+00  -1.0713500e+00   6.0297200e+00   2.8767400e+00   5.2563500e+00   5.5659400e-01  -1.0881600e+06
   6.9093300e+00  -1.0713500e+00   6.0297500e+00   2.8769600e+00   5.2565900e+00   5.5693300e-01  -1.0881500e+06
   6.9086800e+00  -1.0713500e+00   6.0297600e+00   2.8769200e+00   5.2574600e+00   5.5771400e-01  -1.0881600e+06
   6.9094400e+00  -1.0713500e+00   6.0297100e+00   2.8772000e+00   5.2563200e+00   5.5673200e-01  -1.0881500e+06
   6.9090800e+00  -1.0713500e+00   6.0297400e+00   2.8771300e+00   5.2569700e+00   5.5739600e-01  -1.0881500e+06
   6.9091200e+00  -1.0713500e+00   6.0297500e+00   2.8771200e+00   5.2567700e+00   5.5717600e-01  -1.0881500e+06
   6.9090300e+00  -1.0713500e+00   6.0297800e+00   2.8770900e+00   5.2571600e+00   5.5761400e-01  -1.0881600e+06
   6.9094900e+00  -1.0713500e+00   6.0296800e+00   2.8772700e+00   5.2561000e+00   5.5642700e-01  -1.0881600e+06
   6.9089600e+00  -1.0713500e+00   6.0297300e+00   2.8776100e+00   5.2569000e+00   5.5732700e-01  -1.0881600e+06
   6.9095100e+00  -1.0713500e+00   6.0297000e+00   2.8773600e+00   5.2561900e+00   5.5684400e-01  -1.0881600e+06
   6.9090500e+00  -1.0713500e+00   6.0297300e+00   2.8774500e+00   5.2569200e+00   5.5712100e-01  -1.0881500e+06
   6.9094100e+00  -1.0713500e+00   6.0296600e+00   2.8774100e+00   5.2563300e+00   5.5670500e-01  -1.0881600e+06
   6.9091100e+00  -1.0713500e+00   6.0296900e+00   2.8773300e+00   5.2568500e+00   5.5732900e-01  -1.0881500e+06
   6.9090600e+00  -1.0713500e+00   6.0296800e+00   2.8773000e+00   5.2567600e+00   5.5725700e-01  -1.0881500e+06
   6.9088300e+00  -1.0713500e+00   6.0297800e+00   2.8771100e+00   5.2572200e+00   5.5732700e-01  -1.0881600e+06
   6.9090300e+00  -1.0713400e+00   6.0297100e+00   2.8771100e+00   5.2570400e+00   5.5768200e-01  -1.0881600e+06
   6.9094400e+00  -1.0713400e+00   6.0296700e+00   2.8770300e+00   5.2562700e+00   5.5662100e-01  -1.0881600e+06
   6.9091400e+00  -1.0713400e+00   6.0297500e+00   2.8771600e+00   5.2566900e+00   5.5723400e-01  -1.0881500e+06
   6.9092700e+00  -1.0713400e+00   6.0297200e+00   2.8773500e+00   5.2565000e+00   5.5698700e-01  -1.0881500e+06
   6.9089300e+00  -1.0713400e+00   6.0297100e+00   2.8771100e+00   5.2572200e+00   5.5736200e-01  -1.0881600e+06
   6.9090700e+00  -1.0713400e+00   6.0297400e+00   2.8771900e+00   5.2571800e+00   5.5754200e-01  -1.0881600e+06
   6.9093000e+00  -1.0713400e+00   6.0297400e+00   2.8772100e+00   5.2563000e+00   5.5640800e-01  -1.0881600e+06
   6.9091000e+00  -1.0713400e+00   6.0296800e+00   2.8770500e+00   5.2568400e+00   5.5740200e-01  -1.0881600e+06
   6.9089700e+00  -1.0713400e+00   6.0297400e+00   2.8772800e+00   5.2569300e+00   5.5743300e-01  -1.0881500e+06
   6.9090900e+00  -1.0713400e+00   6.0297500e+00   2.8773800e+00   5.2567300e+00   5.5729000e-01  -1.0881500e+06
   6.9095700e+00  -1.0713400e+00   6.0297600e+00   2.8772900e+00   5.2557900e+00   5.5639600e-01  -1.0881600e+06
   6.9091700e+00  -1.0713400e+00   6.0297300e+00   2.8774200e+00   5.2566900e+00   5.5716500e-01  -1.0881500e+06
   6.9091000e+00  -1.0713400e+00   6.0297400e+00   2.8772100e+00   5.2568700e+00   5.5725500e-01  -1.0881500e+06
   6.9091900e+00  -1.0713400e+00   6.0297600e+00   2.8771100e+00   5.2566900e+00   5.5708200e-01  -1.0881500e+06
   6.9091900e+00  -1.0713400e+00   6.0297200e+00   2.8772000e+00   5.2566000e+00   5.5694100e-01  -1.0881500e+06
   6.9090000e+00  -1.0713400e+00   6.0297100e+00   2.8772400e+00   5.2568300e+00   5.5719900e-01  -1.0881500e+06
   6.9093000e+00  -1.0713400e+00   6.0297100e+00   2.8773200e+00   5.2564200e+00   5.5704100e-01  -1.0881500e+06
   6.9092100e+00  -1.0713400e+00   6.0297100e+00   2.8773200e+00   5.2565800e+00   5.5711900e-01  -1.0881500e+06
   6.9091600e+00  -1.0713400e+00   6.0297500e+00   2.8770800e+00   5.2567100e+00   5.5718000e-01  -1.0881500e+06
   6.9095700e+00  -1.0713400e+00   6.0296900e+00   2.8769200e+00   5.2560000e+00   5.5628600e-01  -1.0881600e+06
   6.9094000e+00  -1.0713400e+00   6.0297300e+00   2.8767900e+00   5.2563300e+00   5.5685800e-01  -1.0881500e+06
   6.9089600e+00  -1.0713400e+00   6.0297900e+00   2.8768800e+00   5.2570100e+00   5.5713800e-01  -1.0881600e+06
   6.9088000e+00  -1.0713400e+00   6.0297000e+00   2.8769600e+00   5.2572900e+00   5.5748800e-01  -1.0881600e+06
   6.9088600e+00  -1.0713400e+00   6.0297300e+00   2.8768200e+00   5.2570500e+00   5.5748600e-01  -1.0881500e+06
   6.9086600e+00  -1.0713400e+00   6.0296900e+00   2.8767600e+00   5.2575400e+00   5.5795000e-01  -1.0881600e+06
   6.9090200e+00  -1.0713400e+00   6.0297200e+00   2.8765700e+00   5.2571100e+00   5.5731100e-01  -1.0881500e+06
   6.9092800e+00  -1.0713400e+00   6.0297700e+00   2.8767500e+00   5.2566100e+00   5.5688900e-01  -1.0881500e+06
   6.9090500e+00  -1.0713400e+00   6.0297300e+00   2.8766700e+00   5.2568400e+00   5.5726400e-01  -1.0881500e+06
   6.9090000e+00  -1.0713400e+00   6.0297100e+00   2.8765700e+00   5.2570300e+00   5.5733000e-01  -1.0881500e+06
   6.9091900e+00  -1.0713400e+00   6.0297900e+00   2.8764100e+00   5.2568600e+00   5.5723500e-01  -1.0881500e+06
   6.9093100e+00  -1.0713400e+00   6.0297300e+00   2.8764600e+00   5.2564000e+00   5.5686500e-01  -1.0881500e+06
   6.9091600e+00  -1.0713400e+00   6.0297500e+00   2.8764500e+00   5.2566000e+00   5.5683500e-01  -1.0881500e+06
   6.9090600e+00  -1.0713400e+00   6.0297200e+00   2.8764100e+00   5.2568800e+00   5.5729400e-01  -1.0881500e+06
   6.9094000e+00  -1.0713400e+00   6.0297900e+00   2.8762100e+00   5.2562600e+00   5.5671100e-01  -1.0881600e+06
   6.9091900e+00  -1.0713400e+00   6.0297600e+00   2.8760700e+00   5.2564200e+00   5.5662200e-01  -1.0881600e+06
   6.9089600e+00  -1.0713400e+00   6.0298000e+00   2.8759500e+00   5.2571000e+00   5.5751500e-01  -1.0881500e+06
   6.9092200e+00  -1.0713400e+00   6.0297800e+00   2.8760900e+00   5.2567100e+00   5.5690800e-01  -1.0881500e+06
   6.9091800e+00  -1.0713400e+00   6.0297600e+00   2.8760900e+00   5.2568300e+00   5.5731800e-01  -1.0881500e+06
   6.9089800e+00  -1.0713400e+00   6.0298300e+00   2.8759100e+00   5.2572000e+00   5.5735800e-01  -1.0881500e+06
   6.9087600e+00  -1.0713400e+00   6.0297500e+00   2.8757900e+00   5.2573900e+00   5.5750200e-01  -1.0881600e+06
   6.9088700e+00  -1.0713400e+00   6.0298000e+00   2.8756700e+00   5.2572000e+00   5.5760600e-01  -1.0881600e+06
   6.9093700e+00  -1.0713400e+00   6.0297600e+00   2.8757000e+00   5.2564200e+00   5.5680100e-01  -1.0881600e+06
   6.9092900e+00  -1.0713400e+00   6.0297700e+00   2.8759000e+00   5.2565100e+00   5.5687500e-01  -1.0881500e+06
   6.9089400e+00  -1.0713400e+00   6.0298200e+00   2.8759700e+00   5.2574100e+00   5.5712500e-01  -1.0881600e+06
   6.9090900e+00  -1.0713400e+00   6.0297500e+00   2.8760800e+00   5.2568300e+00   5.5685700e-01  -1.0881500e+06
   6.9093000e+00  -1.0713400e+00   6.0297600e+00   2.8761300e+00   5.2564600e+00   5.5688900e-01  -1.0881500e+06
   6.9090900e+00  -1.0713400e+00   6.0297100e+00   2.8764300e+00   5.2568300e+00   5.5725100e-01  -1.0881500e+06
   6.9090400e+00  -1.0713400e+00   6.0298100e+00   2.8763000e+00   5.2570600e+00   5.5713400e-01  -1.0881500e+06
   6.9090700e+00  -1.0713400e+00   6.0297600e+00   2.8762300e+00   5.2568900e+00   5.5700000e-01  -1.0881500e+06
   6.9088900e+00  -1.0713400e+00   6.0297600e+00   2.8763600e+00   5.2572200e+00   5.5752300e-01  -1.0881500e+06
   6.9087400e+00  -1.0713400e+00   6.0297300e+00   2.8765100e+00   5.2571400e+00   5.5750200e-01  -1.0881600e+06
   6.9093000e+00  -1.0713400e+00   6.0297300e+00   2.8764500e+00   5.2563100e+00   5.5672800e-01  -1.0881500e+06
   6.9093600e+00  -1.0713400e+00   6.0296900e+00   2.8763100e+00   5.2563200e+00   5.5651800e-01  -1.0881600e+06
   6.9091600e+00  -1.0713400e+00   6.0297900e+00   2.8763700e+00   5.2569900e+00   5.5698500e-01  -1.0881500e+06
   6.9092700e+00  -1.0713400e+00   6.0297000e+00   2.8765600e+00   5.2564100e+00   5.5681600e-01  -1.0881500e+06
   6.9095500e+00  -1.0713400e+00   6.0298100e+00   2.8767800e+00   5.2562600e+00   5.5659300e-01  -1.0881600e+06
   6.9090700e+00  -1.0713400e+00   6.0297400e+00   2.8768000e+00   5.2567000e+00   5.5705400e-01  -1.0881500e+06
   6.9092000e+00  -1.0713400e+00   6.0297200e+00   2.8765900e+00   5.2565100e+00   5.5678500e-01  -1.0881500e+06
   6.9092800e+00  -1.0713400e+00   6.0297300e+00   2.8765500e+00   5.2566300e+00   5.5684000e-01  -1.0881500e+06
   6.9090600e+00  -1.0713400e+00   6.0297700e+00   2.8767600e+00   5.2569600e+00   5.5700800e-01  -1.0881500e+06
   6.9093600e+00  -1.0713400e+00   6.0297300e+00   2.8765100e+00   5.2564100e+00   5.5648300e-01  -1.0881500e+06
   6.9092500e+00  -1.0713400e+00   6.0297600e+00   2.8765000e+00   5.2562900e+00   5.5671200e-01  -1.0881600e+06
   6.9092000e+00  -1.0713400e+00   6.0297400e+00   2.8764400e+00   5.2567800e+00   5.5690600e-01  -1.0881500e+06
   6.9090900e+00  -1.0713400e+00   6.0297500e+00   2.8763400e+00   5.2567400e+00   5.5703700e-01  -1.0881500e+06
   6.9092000e+00  -1.0713400e+00   6.0298100e+00   2.8763200e+00   5.2566900e+00   5.5688800e-01  -1.0881500e+06
   6.9093300e+00  -1.0713400e+00   6.0297000e+00   2.8764400e+00   5.2564500e+00   5.5704900e-01  -1.0881600e+06
   6.9091100e+00  -1.0713400e+00   6.0297300e+00   2.8766500e+00   5.2567800e+00   5.5696500e-01  -1.0881500e+06
   6.9092100e+00  -1.0713400e+00   6.0297300e+00   2.8766100e+00   5.2564700e+00   5.5681200e-01  -1.0881500e+06
   6.9090900e+00  -1.0713400e+00   6.0298000e+00   2.8764600e+00   5.2570400e+00   5.5738300e-01  -1.0881500e+06
   6.9091500e+00  -1.0713400e+00   6.0297100e+00   2.8764800e+00   5.2568000e+00   5.5684500e-01  -1.0881500e+06
   6.9089700e+00  -1.0713400e+00   6.0297200e+00   2.8765500e+00   5.2570100e+00   5.5739800e-01  -1.0881500e+06
   6.9090300e+00  -1.0713400e+00   6.0297200e+00   2.8766500e+00   5.2568700e+00   5.5715900e-01  -1.0881500e+06
   6.9090400e+00  -1.0713400e+00   6.0298000e+00   2.8766400e+00   5.2571700e+00   5.5730300e-01  -1.0881500e+06
   6.9090900e+00  -1.0713400e+00   6.0297500e+00   2.8767000e+00   5.2567700e+00   5.5752500e-01  -1.0881600e+06
   6.9095600e+00  -1.0713400e+00   6.0298000e+00   2.8766400e+00   5.2561800e+00   5.5644600e-01  -1.0881600e+06
   6.9093500e+00  -1.0713400e+00   6.0297000e+00   2.8766400e+00   5.2562600e+00   5.5640800e-01  -1.0881600e+06
   6.9093600e+00  -1.0713400e+00   6.0297500e+00   2.8765400e+00   5.2564200e+00   5.5671700e-01  -1.0881500e+06
   6.9092400e+00  -1.0713400e+00   6.0297700e+00   2.8768100e+00   5.2565600e+00   5.5683400e-01  -1.0881500e+06
   6.9092300e+00  -1.0713400e+00   6.0297300e+00   2.8768200e+00   5.2565900e+00   5.5695100e-01  -1.0881500e+06
   6.9093700e+00  -1.0713400e+00   6.0296900e+00   2.8768900e+00   5.2563800e+00   5.5711400e-01  -1.0881600e+06
   6.9090900e+00  -1.0713400e+00   6.0297200e+00   2.8770200e+00   5.2568600e+00   5.5746000e-01  -1.0881500e+06
   6.9091800e+00  -1.0713400e+00   6.0296700e+00   2.8768000e+00   5.2567200e+00   5.5711800e-01  -1.0881600e+06
   6.9089700e+00  -1.0713400e+00   6.0297300e+00   2.8767900e+00   5.2570600e+00   5.5765800e-01  -1.0881500e+06
   6.9093700e+00  -1.0713400e+00   6.0297300e+00   2.8765400e+00   5.2564000e+00   5.5662700e-01  -1.0881500e+06
   6.9092300e+00  -1.0713400e+00   6.0297400e+00   2.8766700e+00   5.2565300e+00   5.5715000e-01  -1.0881500e+06
   6.9089200e+00  -1.0713400e+00   6.0297700e+00   2.8768100e+00   5.2570000e+00   5.5752100e-01  -1.0881500e+06
   6.9091200e+00  -1.0713400e+00   6.0297300e+00   2.8766400e+00   5.2567700e+00   5.5684300e-01  -1.0881500e+06
   6.9089300e+00  -1.0713400e+00   6.0297800e+00   2.8767200e+00   5.2571300e+00   5.5746300e-01  -1.0881500e+06
   6.9089200e+00  -1.0713400e+00   6.0297500e+00   2.8768000e+00   5.2570300e+00   5.5709600e-01  -1.0881500e+06
   6.9092000e+00  -1.0713400e+00   6.0297400e+00   2.8768400e+00   5.2565400e+00   5.5710100e-01  -1.0881500e+06
   6.9091300e+00  -1.0713400e+00   6.0297400e+00   2.8770000e+00   5.2568200e+00   5.5718700e-01  -1.0881500e+06
   6.9092900e+00  -1.0713400e+00   6.0296800e+00   2.8772300e+00   5.2563700e+00   5.5694400e-01  -1.0881500e+06
   6.9092000e+00  -1.0713400e+00   6.0297300e+00   2.8772500e+00   5.2566700e+00   5.5710100e-01  -1.0881500e+06
   6.9093400e+00  -1.0713400e+00   6.0297500e+00   2.8773300e+00   5.2566000e+00   5.5674500e-01  -1.0881600e+06
   6.9095600e+00  -1.0713400e+00   6.0296900e+00   2.8772300e+00   5.2560400e+00   5.5637500e-01  -1.0881600e+06
   6.9089800e+00  -1.0713400e+00   6.0297100e+00   2.8770100e+00   5.2570600e+00   5.5721300e-01  -1.0881500e+06
   6.9089500e+00  -1.0713400e+00   6.0297300e+00   2.8771400e+00   5.2569800e+00   5.5758700e-01  -1.0881500e+06
   6.9089100e+00  -1.0713400e+00   6.0297500e+00   2.8770900e+00   5.2570800e+00   5.5735000e-01  -1.0881500e+06
   6.9092300e+00  -1.0713400e+00   6.0297400e+00   2.8768300e+00   5.2566400e+00   5.5719300e-01  -1.0881500e+06
   6.9091400e+00  -1.0713400e+00   6.0297200e+00   2.8768200e+00   5.2568100e+00   5.5731300e-01  -1.0881500e+06
   6.9091800e+00  -1.0713400e+00   6.0297200e+00   2.8767600e+00   5.2567200e+00   5.5690900e-01  -1.0881500e+06
   6.9091600e+00  -1.0713400e+00   6.0296600e+00   2.8766900e+00   5.2566300e+00   5.5682800e-01  -1.0881600e+06
   6.9092700e+00  -1.0713400e+00   6.0297300e+00   2.8766100e+00   5.2566100e+00   5.5690300e-01  -1.0881500e+06
   6.9091400e+00  -1.0713400e+00   6.0297300e+00   2.8766200e+00   5.2566400e+00   5.5714800e-01  -1.0881500e+06
   6.9093100e+00  -1.0713400e+00   6.0297800e+00   2.8765800e+00   5.2567200e+00   5.5699800e-01  -1.0881500e+06
   6.9090000e+00  -1.0713400e+00   6.0297300e+00   2.8763000e+00   5.2568900e+00   5.5735600e-01  -1.0881500e+06
   6.9093300e+00  -1.0713400e+00   6.0297400e+00   2.8762000e+00   5.2564800e+00   5.5680100e-01  -1.0881500e+06
   6.9090300e+00  -1.0713400e+00   6.0298300e+00   2.8762000e+00   5.2572600e+00   5.5723800e-01  -1.0881600e+06
   6.9091500e+00  -1.0713400e+00   6.0297600e+00   2.8762900e+00   5.2567100e+00   5.5722000e-01  -1.0881500e+06
   6.9092400e+00  -1.0713400e+00   6.0297900e+00   2.8762400e+00   5.2567900e+00   5.5679800e-01  -1.0881500e+06
   6.9093300e+00  -1.0713400e+00   6.0297600e+00   2.8763400e+00   5.2565800e+00   5.5668100e-01  -1.0881500e+06
   6.9089500e+00  -1.0713400e+00   6.0297500e+00   2.8763100e+00   5.2570600e+00   5.5720000e-01  -1.0881500e+06
   6.9092500e+00  -1.0713400e+00   6.0297700e+00   2.8763500e+00   5.2565400e+00   5.5681900e-01  -1.0881500e+06
   6.9092200e+00  -1.0713400e+00   6.0297400e+00   2.8764200e+00   5.2564800e+00   5.5689300e-01  -1.0881500e+06
   6.9089200e+00  -1.0713400e+00   6.0298100e+00   2.8761500e+00   5.2571800e+00   5.5768900e-01  -1.0881600e+06
   6.9092100e+00  -1.0713400e+00   6.0297600e+00   2.8760500e+00   5.2566700e+00   5.5682900e-01  -1.0881500e+06
   6.9094700e+00  -1.0713400e+00   6.0297300e+00   2.8762000e+00   5.2562600e+00   5.5679500e-01  -1.0881600e+06
   6.9091100e+00  -1.0713400e+00   6.0296900e+00   2.8762500e+00   5.2568800e+00   5.5743800e-01  -1.0881600e+06
   6.9090300e+00  -1.0713400e+00   6.0297500e+00   2.8763900e+00   5.2569200e+00   5.5735500e-01  -1.0881500e+06
   6.9089800e+00  -1.0713400e+00   6.0297700e+00   2.8765400e+00   5.2571900e+00   5.5758500e-01  -1.0881500e+06
   6.9089900e+00  -1.0713400e+00   6.0297700e+00   2.8762900e+00   5.2571900e+00   5.5762800e-01  -1.0881500e+06
   6.9092800e+00  -1.0713400e+00   6.0297700e+00   2.8763600e+00   5.2566800e+00   5.5709300e-01  -1.0881500e+06
   6.9089700e+00  -1.0713400e+00   6.0297500e+00   2.8764000e+00   5.2571000e+00   5.5709700e-01  -1.0881500e+06
   6.9089200e+00  -1.0713400e+00   6.0297700e+00   2.8760400e+00   5.2570100e+00   5.5712000e-01  -1.0881500e+06
   6.9092200e+00  -1.0713400e+00   6.0297800e+00   2.8762400e+00   5.2565900e+00   5.5703500e-01  -1.0881500e+06
   6.9090200e+00  -1.0713400e+00   6.0297900e+00   2.8762000e+00   5.2569500e+00   5.5696700e-01  -1.0881500e+06
   6.9090800e+00  -1.0713400e+00   6.0297600e+00   2.8760500e+00   5.2570200e+00   5.5706000e-01  -1.0881500e+06
   6.9091700e+00  -1.0713400e+00   6.0297800e+00   2.8760200e+00   5.2566200e+00   5.5704800e-01  -1.0881500e+06
   6.9090100e+00  -1.0713400e+00   6.0297700e+00   2.8761400e+00   5.2571800e+00   5.5755600e-01  -1.0881500e+06
   6.9093100e+00  -1.0713400e+00   6.0298000e+00   2.8762800e+00   5.2565300e+00   5.5678700e-01  -1.0881500e+06
   6.9092100e+00  -1.0713400e+00   6.0297700e+00   2.8765400e+00   5.2566700e+00   5.5720300e-01  -1.0881500e+06
   6.9091300e+00  -1.0713400e+00   6.0297300e+00   2.8767400e+00   5.2568100e+00   5.5704000e-01  -1.0881500e+06
   6.9093100e+00  -1.0713400e+00   6.0297100e+00   2.8768800e+00   5.2564400e+00   5.5673000e-01  -1.0881500e+06
   6.9092400e+00  -1.0713400e+00   6.0296900e+00   2.8768000e+00   5.2566400e+00   5.5700200e-01  -1.0881500e+06
   6.9091300e+00  -1.0713400e+00   6.0297300e+00   2.8769000e+00   5.2569000e+00   5.5708700e-01  -1.0881500e+06
   6.9090100e+00  -1.0713400e+00   6.0297900e+00   2.8770200e+00   5.2569600e+00   5.5727900e-01  -1.0881500e+06
   6.9093300e+00  -1.0713400e+00   6.0296500e+00   2.8772700e+00   5.2563400e+00   5.5651700e-01  -1.0881600e+06
   6.9090500e+00  -1.0713400e+00   6.0297300e+00   2.8772700e+00   5.2568300e+00   5.5711900e-01  -1.0881500e+06
   6.9092500e+00  -1.0713400e+00   6.0297100e+00   2.8771100e+00   5.2567200e+00   5.5708200e-01  -1.0881500e+06
   6.9091400e+00  -1.0713400e+00   6.0297600e+00   2.8771400e+00   5.2566800e+00   5.5706800e-01  -1.0881500e+06
   6.9090300e+00  -1.0713400e+00   6.0297800e+00   2.8770500e+00   5.2570500e+00   5.5743000e-01  -1.0881500e+06
   6.9093300e+00  -1.0713400e+00   6.0297600e+00   2.8770200e+00   5.2564300e+00   5.5653000e-01  -1.0881500e+06
   6.9091300e+00  -1.0713400e+00   6.0297900e+00   2.8769500e+00   5.2567700e+00   5.5718700e-01  -1.0881500e+06
   6.9090000e+00  -1.0713400e+00   6.0297900e+00   2.8768300e+00   5.2570400e+00   5.5742100e-01  -1.0881500e+06
   6.9090300e+00  -1.0713400e+00   6.0297400e+00   2.8768500e+00   5.2569900e+00   5.5731000e-01  -1.0881500e+06
   6.9089600e+00  -1.0713400e+00   6.0297500e+00   2.8767700e+00   5.2572300e+00   5.5749200e-01  -1.0881500e+06
   6.9092000e+00  -1.0713400e+00   6.0297400e+00   2.8768800e+00   5.2566600e+00   5.5709900e-01  -1.0881500e+06
   6.9093700e+00  -1.0713400e+00   6.0296900e+00   2.8769200e+00   5.2564000e+00   5.5682400e-01  -1.0881500e+06
   6.9087700e+00  -1.0713400e+00   6.0297900e+00   2.8769200e+00   5.2573400e+00   5.5773200e-01  -1.0881600e+06
   6.9091300e+00  -1.0713400e+00   6.0297200e+00   2.8767900e+00   5.2568500e+00   5.5723300e-01  -1.0881500e+06
   6.9092100e+00  -1.0713400e+00   6.0297000e+00   2.8766500e+00   5.2567100e+00   5.5689100e-01  -1.0881500e+06
   6.9094200e+00  -1.0713400e+00   6.0296600e+00   2.8768200e+00   5.2560500e+00   5.5647700e-01  -1.0881600e+06
   6.9090600e+00  -1.0713400e+00   6.0297500e+00   2.8768000e+00   5.2567300e+00   5.5688500e-01  -1.0881500e+06
   6.9095300e+00  -1.0713400e+00   6.0296800e+00   2.8767200e+00   5.2562900e+00   5.5640300e-01  -1.0881600e+06
   6.9091500e+00  -1.0713400e+00   6.0297100e+00   2.8767700e+00   5.2568100e+00   5.5681300e-01  -1.0881600e+06
   6.9089700e+00  -1.0713400e+00   6.0297400e+00   2.8766800e+00   5.2569800e+00   5.5736700e-01  -1.0881500e+06
   6.9096600e+00  -1.0713400e+00   6.0297500e+00   2.8766100e+00   5.2559700e+00   5.5615700e-01  -1.0881600e+06
   6.9092500e+00  -1.0713400e+00   6.0297700e+00   2.8766500e+00   5.2566400e+00   5.5725300e-01  -1.0881500e+06
   6.9091000e+00  -1.0713400e+00   6.0297200e+00   2.8768800e+00   5.2568900e+00   5.5732900e-01  -1.0881500e+06
   6.9093600e+00  -1.0713400e+00   6.0297700e+00   2.8767600e+00   5.2563500e+00   5.5698800e-01  -1.0881600e+06
   6.9092000e+00  -1.0713400e+00   6.0297200e+00   2.8766100e+00   5.2567200e+00   5.5704400e-01  -1.0881500e+06
   6.9090400e+00  -1.0713400e+00   6.0297800e+00   2.8767600e+00   5.2569200e+00   5.5691900e-01  -1.0881500e+06
   6.9091100e+00  -1.0713400e+00   6.0297700e+00   2.8767300e+00   5.2568800e+00   5.5719100e-01  -1.0881500e+06
   6.9089100e+00  -1.0713400e+00   6.0297800e+00   2.8761800e+00   5.2572200e+00   5.5734300e-01  -1.0881500e+06
   6.9090800e+00  -1.0713400e+00   6.0297800e+00   2.8762800e+00   5.2568800e+00   5.5712500e-01  -1.0881500e+06
   6.9091300e+00  -1.0713400e+00   6.0297700e+00   2.8763800e+00   5.2569800e+00   5.5761000e-01  -1.0881600e+06
   6.9090900e+00  -1.0713400e+00   6.0296900e+00   2.8764900e+00   5.2567800e+00   5.5734900e-01  -1.0881500e+06
   6.9094400e+00  -1.0713400e+00   6.0296900e+00   2.8766800e+00   5.2562600e+00   5.5648400e-01  -1.0881600e+06
   6.9089400e+00  -1.0713400e+00   6.0297900e+00   2.8764800e+00   5.2571700e+00   5.5738400e-01  -1.0881500e+06
   6.9092500e+00  -1.0713400e+00   6.0298000e+00   2.8765900e+00   5.2566600e+00   5.5690800e-01  -1.0881500e+06
   6.9090900e+00  -1.0713400e+00   6.0297000e+00   2.8765000e+00   5.2569800e+00   5.5718500e-01  -1.0881600e+06
   6.9093100e+00  -1.0713400e+00   6.0297200e+00   2.8766500e+00   5.2564500e+00   5.5684700e-01  -1.0881500e+06
   6.9092100e+00  -1.0713400e+00   6.0297200e+00   2.8767800e+00   5.2566000e+00   5.5686800e-01  -1.0881500e+06
   6.9088400e+00  -1.0713400e+00   6.0297800e+00   2.8771800e+00   5.2573100e+00   5.5739900e-01  -1.0881600e+06
   6.9090800e+00  -1.0713400e+00   6.0297000e+00   2.8772700e+00   5.2568600e+00   5.5692400e-01  -1.0881600e+06
   6.9094400e+00  -1.0713400e+00   6.0297200e+00   2.8772400e+00   5.2562500e+00   5.5662000e-01  -1.0881500e+06
   6.9091400e+00  -1.0713400e+00   6.0297300e+00   2.8771800e+00   5.2565900e+00   5.5729000e-01  -1.0881500e+06
   6.9090600e+00  -1.0713400e+00   6.0297600e+00   2.8771900e+00   5.2570500e+00   5.5742300e-01  -1.0881500e+06
   6.9090700e+00  -1.0713400e+00   6.0297600e+00   2.8771400e+00   5.2567900e+00   5.5720100e-01  -1.0881500e+06
   6.9093300e+00  -1.0713400e+00   6.0297600e+00   2.8771600e+00   5.2563800e+00   5.5692100e-01  -1.0881500e+06
   6.9091200e+00  -1.0713400e+00   6.0297700e+00   2.8774000e+00   5.2570900e+00   5.5734200e-01  -1.0881600e+06
   6.9092100e+00  -1.0713400e+00   6.0297000e+00   2.8772300e+00   5.2565900e+00   5.5687600e-01  -1.0881500e+06
   6.9090600e+00  -1.0713400e+00   6.0297200e+00   2.8773900e+00   5.2567300e+00   5.5733200e-01  -1.0881500e+06
   6.9091000e+00  -1.0713400e+00   6.0297400e+00   2.8773800e+00   5.2567800e+00   5.5714200e-01  -1.0881500e+06
   6.9092400e+00  -1.0713400e+00   6.0297300e+00   2.8775300e+00   5.2566000e+00   5.5681500e-01  -1.0881500e+06
   6.9092400e+00  -1.0713400e+00   6.0297500e+00   2.8774300e+00   5.2565700e+00   5.5682200e-01  -1.0881500e+06
   6.9090900e+00  -1.0713400e+00   6.0297300e+00   2.8773200e+00   5.2569400e+00   5.5736500e-01  -1.0881500e+06
   6.9092200e+00  -1.0713400e+00   6.0297800e+00   2.8772000e+00   5.2565800e+00   5.5691900e-01  -1.0881500e+06
   6.9091500e+00  -1.0713400e+00   6.0297300e+00   2.8771700e+00   5.2566500e+00   5.5707000e-01  -1.0881500e+06
   6.9091700e+00  -1.0713400e+00   6.0297900e+00   2.8771400e+00   5.2568500e+00   5.5712000e-01  -1.0881500e+06
   6.9091600e+00  -1.0713400e+00   6.0297400e+00   2.8771300e+00   5.2566500e+00   5.5715900e-01  -1.0881500e+06
   6.9093900e+00  -1.0713400e+00   6.0297100e+00   2.8770300e+00   5.2561900e+00   5.5641800e-01  -1.0881600e+06
   6.9090800e+00  -1.0713400e+00   6.0296900e+00   2.8770300e+00   5.2566600e+00   5.5708000e-01  -1.0881500e+06
   6.9088900e+00  -1.0713400e+00   6.0297800e+00   2.8769500e+00   5.2570800e+00   5.5731600e-01  -1.0881600e+06
   6.9094400e+00  -1.0713400e+00   6.0297800e+00   2.8768400e+00   5.2562200e+00   5.5656200e-01  -1.0881600e+06
   6.9088200e+00  -1.0713400e+00   6.0297500e+00   2.8766800e+00   5.2572300e+00   5.5758300e-01  -1.0881500e+06
   6.9090900e+00  -1.0713400e+00   6.0296900e+00   2.8766500e+00   5.2567500e+00   5.5716000e-01  -1.0881500e+06
   6.9089500e+00  -1.0713400e+00   6.0298300e+00   2.8765400e+00   5.2572600e+00   5.5746600e-01  -1.0881600e+06
   6.9093400e+00  -1.0713400e+00   6.0297300e+00   2.8767900e+00   5.2562600e+00   5.5666600e-01  -1.0881500e+06
   6.9090500e+00  -1.0713400e+00   6.0297500e+00   2.8770500e+00   5.2570700e+00   5.5746100e-01  -1.0881500e+06
   6.9090700e+00  -1.0713400e+00   6.0296900e+00   2.8771500e+00   5.2568600e+00   5.5724500e-01  -1.0881500e+06
   6.9091300e+00  -1.0713400e+00   6.0297700e+00   2.8770600e+00   5.2569200e+00   5.5731800e-01  -1.0881500e+06
   6.9092700e+00  -1.0713400e+00   6.0297100e+00   2.8771000e+00   5.2566900e+00   5.5727200e-01  -1.0881600e+06
   6.9092200e+00  -1.0713400e+00   6.0297400e+00   2.8769700e+00   5.2565200e+00   5.5698200e-01  -1.0881500e+06
   6.9093200e+00  -1.0713400e+00   6.0297200e+00   2.8767600e+00   5.2566700e+00   5.5698200e-01  -1.0881500e+06
   6.9092000e+00  -1.0713400e+00   6.0296700e+00   2.8767200e+00   5.2564500e+00   5.5709000e-01  -1.0881600e+06
   6.9095000e+00  -1.0713400e+00   6.0297100e+00   2.8764500e+00   5.2561100e+00   5.5657300e-01  -1.0881600e+06
   6.9090000e+00  -1.0713400e+00   6.0297700e+00   2.8762300e+00   5.2571300e+00   5.5723700e-01  -1.0881500e+06
   6.9093100e+00  -1.0713400e+00   6.0297200e+00   2.8759300e+00   5.2565100e+00   5.5656200e-01  -1.0881600e+06
   6.9092600e+00  -1.0713400e+00   6.0297700e+00   2.8757700e+00   5.2566800e+00   5.5665200e-01  -1.0881600e+06
   6.9090600e+00  -1.0713400e+00   6.0297600e+00   2.8760400e+00   5.2565800e+00   5.5716300e-01  -1.0881600e+06
   6.9090000e+00  -1.0713400e+00   6.0297500e+00   2.8760500e+00   5.2569500e+00   5.5692800e-01  -1.0881500e+06
   6.9087400e+00  -1.0713400e+00   6.0298000e+00   2.8760600e+00   5.2575200e+00   5.5749800e-01  -1.0881600e+06
   6.9091900e+00  -1.0713400e+00   6.0297500e+00   2.8761500e+00   5.2567800e+00   5.5687000e-01  -1.0881500e+06
   6.9092200e+00  -1.0713400e+00   6.0297500e+00   2.8762700e+00   5.2566000e+00   5.5694400e-01  -1.0881500e+06
   6.9089800e+00  -1.0713400e+00   6.0297100e+00   2.8762100e+00   5.2570100e+00   5.5737900e-01  -1.0881500e+06
   6.9089400e+00  -1.0713400e+00   6.0298100e+00   2.8762000e+00   5.2570200e+00   5.5724000e-01  -1.0881600e+06
   6.9092500e+00  -1.0713400e+00   6.0297800e+00   2.8764700e+00   5.2567900e+00   5.5710000e-01  -1.0881500e+06
   6.9089500e+00  -1.0713400e+00   6.0297700e+00   2.8762900e+00   5.2570600e+00   5.5735000e-01  -1.0881500e+06
   6.9089200e+00  -1.0713400e+00   6.0297700e+00   2.8763900e+00   5.2570300e+00   5.5759300e-01  -1.0881500e+06
   6.9093200e+00  -1.0713400e+00   6.0297300e+00   2.8763100e+00   5.2564000e+00   5.5674100e-01  -1.0881500e+06
   6.9088800e+00  -1.0713400e+00   6.0297500e+00   2.8763300e+00   5.2571800e+00   5.5761500e-01  -1.0881500e+06
   6.9090400e+00  -1.0713400e+00   6.0298200e+00   2.8764200e+00   5.2568900e+00   5.5718100e-01  -1.0881600e+06
   6.9091900e+00  -1.0713400e+00   6.0297800e+00   2.8764600e+00   5.2568300e+00   5.5716800e-01  -1.0881500e+06
   6.9090700e+00  -1.0713400e+00   6.0297100e+00   2.8765600e+00   5.2568200e+00   5.5692400e-01  -1.0881500e+06
   6.9091200e+00  -1.0713400e+00   6.0297300e+00   2.8764300e+00   5.2567000e+00   5.5679700e-01  -1.0881500e+06
   6.9094600e+00  -1.0713400e+00   6.0297100e+00   2.8762800e+00   5.2562300e+00   5.5674400e-01  -1.0881600e+06
   6.9089500e+00  -1.0713400e+00   6.0297700e+00   2.8762700e+00   5.2571700e+00   5.5721000e-01  -1.0881500e+06
   6.9090800e+00  -1.0713400e+00   6.0297100e+00   2.8763900e+00   5.2568000e+00   5.5719900e-01  -1.0881500e+06
   6.9091100e+00  -1.0713400e+00   6.0297700e+00   2.8767700e+00   5.2567100e+00   5.5719500e-01  -1.0881500e+06
   6.9093000e+00  -1.0713400e+00   6.0298100e+00   2.8767600e+00   5.2566200e+00   5.5683900e-01  -1.0881500e+06
   6.9091300e+00  -1.0713400e+00   6.0298100e+00   2.8769000e+00   5.2567800e+00   5.5708300e-01  -1.0881600e+06
   6.9092300e+00  -1.0713400e+00   6.0297100e+00   2.8768100e+00   5.2563700e+00   5.5710200e-01  -1.0881600e+06
   6.9091000e+00  -1.0713400e+00   6.0297700e+00   2.8765500e+00   5.2567100e+00   5.5729800e-01  -1.0881500e+06
   6.9089700e+00  -1.0713400e+00   6.0298000e+00   2.8764800e+00   5.2572000e+00   5.5774300e-01  -1.0881600e+06
   6.9092300e+00  -1.0713400e+00   6.0297800e+00   2.8765500e+00   5.2565400e+00   5.5709400e-01  -1.0881500e+06
   6.9090100e+00  -1.0713400e+00   6.0297900e+00   2.8762700e+00   5.2571500e+00   5.5726800e-01  -1.0881500e+06
   6.9090100e+00  -1.0713400e+00   6.0297200e+00   2.8763000e+00   5.2569900e+00   5.5721400e-01  -1.0881500e+06
   6.9092900e+00  -1.0713400e+00   6.0297500e+00   2.8763300e+00   5.2565500e+00   5.5657200e-01  -1.0881500e+06
   6.9091900e+00  -1.0713400e+00   6.0297100e+00   2.8766700e+00   5.2565400e+00   5.5674700e-01  -1.0881500e+06
   6.9090800e+00  -1.0713400e+00   6.0297900e+00   2.8766100e+00   5.2569700e+00   5.5744500e-01  -1.0881500e+06
   6.9090300e+00  -1.0713400e+00   6.0297000e+00   2.8765100e+00   5.2568500e+00   5.5735400e-01  -1.0881500e+06
   6.9095000e+00  -1.0713400e+00   6.0297700e+00   2.8767500e+00   5.2564300e+00   5.5671200e-01  -1.0881600e+06
   6.9094100e+00  -1.0713400e+00   6.0297400e+00   2.8768800e+00   5.2564500e+00   5.5700400e-01  -1.0881500e+06
   6.9091600e+00  -1.0713400e+00   6.0297900e+00   2.8771600e+00   5.2567600e+00   5.5721500e-01  -1.0881500e+06
   6.9091700e+00  -1.0713400e+00   6.0297500e+00   2.8770400e+00   5.2568200e+00   5.5735000e-01  -1.0881500e+06
   6.9092000e+00  -1.0713400e+00   6.0297700e+00   2.8770200e+00   5.2566400e+00   5.5722400e-01  -1.0881500e+06
   6.9092100e+00  -1.0713400e+00   6.0297100e+00   2.8771300e+00   5.2565700e+00   5.5722700e-01  -1.0881500e+06
   6.9092100e+00  -1.0713400e+00   6.0297600e+00   2.8769300e+00   5.2566900e+00   5.5716100e-01  -1.0881500e+06
   6.9089400e+00  -1.0713400e+00   6.0298000e+00   2.8769600e+00   5.2572000e+00   5.5721300e-01  -1.0881600e+06
   6.9091500e+00  -1.0713400e+00   6.0297400e+00   2.8768800e+00   5.2566900e+00   5.5695500e-01  -1.0881500e+06
   6.9090500e+00  -1.0713400e+00   6.0297100e+00   2.8769400e+00   5.2568400e+00   5.5727600e-01  -1.0881500e+06
   6.9089700e+00  -1.0713400e+00   6.0296900e+00   2.8769000e+00   5.2570400e+00   5.5748600e-01  -1.0881500e+06
   6.9091000e+00  -1.0713400e+00   6.0297300e+00   2.8768600e+00   5.2568000e+00   5.5726500e-01  -1.0881500e+06
   6.9091000e+00  -1.0713400e+00   6.0297300e+00   2.8768800e+00   5.2568300e+00   5.5703000e-01  -1.0881500e+06
   6.9092700e+00  -1.0713400e+00   6.0297700e+00   2.8769600e+00   5.2564800e+00   5.5699000e-01  -1.0881500e+06
   6.9090700e+00  -1.0713400e+00   6.0297500e+00   2.8770100e+00   5.2571000e+00   5.5749000e-01  -1.0881500e+06
   6.9092800e+00  -1.0713400e+00   6.0297500e+00   2.8770600e+00   5.2564200e+00   5.5703100e-01  -1.0881500e+06
   6.9094300e+00  -1.0713400e+00   6.0297400e+00   2.8770200e+00   5.2562300e+00   5.5645800e-01  -1.0881500e+06
   6.9090500e+00  -1.0713400e+00   6.0297400e+00   2.8772300e+00   5.2570500e+00   5.5726600e-01  -1.0881500e+06
   6.9093400e+00  -1.0713400e+00   6.0297400e+00   2.8770100e+00   5.2563400e+00   5.5672800e-01  -1.0881500e+06
   6.9089800e+00  -1.0713400e+00   6.0297500e+00   2.8771800e+00   5.2570100e+00   5.5747000e-01  -1.0881500e+06
   6.9094200e+00  -1.0713400e+00   6.0297600e+00   2.8771600e+00   5.2564200e+00   5.5667400e-01  -1.0881500e+06
   6.9091200e+00  -1.0713400e+00   6.0296700e+00   2.8772600e+00   5.2568000e+00   5.5714200e-01  -1.0881500e+06
   6.9091300e+00  -1.0713400e+00   6.0296800e+00   2.8769700e+00   5.2565200e+00   5.5708500e-01  -1.0881600e+06
   6.9091300e+00  -1.0713400e+00   6.0297800e+00   2.8766800e+00   5.2568500e+00   5.5734900e-01  -1.0881500e+06
   6.9090300e+00  -1.0713400e+00   6.0297900e+00   2.8765500e+00   5.2570900e+00   5.5753000e-01  -1.0881500e+06
   6.9086600e+00  -1.0713300e+00   6.0298200e+00   2.8762300e+00   5.2575900e+00   5.5777800e-01  -1.0881600e+06
   6.9090800e+00  -1.0713300e+00   6.0297300e+00   2.8763200e+00   5.2569000e+00   5.5734700e-01  -1.0881500e+06
   6.9089800e+00  -1.0713300e+00   6.0297900e+00   2.8762500e+00   5.2570500e+00   5.5731500e-01  -1.0881500e+06
   6.9091700e+00  -1.0713400e+00   6.0296800e+00   2.8764400e+00   5.2565800e+00   5.5690000e-01  -1.0881600e+06
   6.9093400e+00  -1.0713300e+00   6.0297400e+00   2.8765100e+00   5.2565500e+00   5.5699900e-01  -1.0881500e+06
   6.9093100e+00  -1.0713300e+00   6.0297300e+00   2.8764200e+00   5.2566300e+00   5.5691700e-01  -1.0881500e+06
   6.9092200e+00  -1.0713400e+00   6.0297500e+00   2.8765000e+00   5.2565900e+00   5.5680600e-01  -1.0881500e+06
   6.9094100e+00  -1.0713400e+00   6.0297700e+00   2.8762900e+00   5.2563000e+00   5.5677600e-01  -1.0881500e+06
   6.9089600e+00  -1.0713300e+00   6.0297500e+00   2.8761600e+00   5.2570900e+00   5.5733800e-01  -1.0881500e+06
   6.9089700e+00  -1.0713300e+00   6.0298000e+00   2.8759800e+00   5.2570900e+00   5.5731800e-01  -1.0881500e+06
   6.9089600e+00  -1.0713300e+00   6.0297600e+00   2.8760200e+00   5.2569500e+00   5.5720900e-01  -1.0881500e+06
   6.9093400e+00  -1.0713300e+00   6.0298100e+00   2.8761100e+00   5.2566100e+00   5.5668700e-01  -1.0881500e+06
   6.9090000e+00  -1.0713300e+00   6.0297600e+00   2.8764000e+00   5.2570000e+00   5.5719900e-01  -1.0881500e+06
   6.9091800e+00  -1.0713300e+00   6.0297300e+00   2.8766800e+00   5.2568100e+00   5.5681800e-01  -1.0881500e+06
   6.9094100e+00  -1.0713300e+00   6.0297800e+00   2.8767600e+00   5.2565000e+00   5.5667300e-01  -1.0881500e+06
   6.9090100e+00  -1.0713300e+00   6.0297600e+00   2.8769900e+00   5.2570300e+00   5.5730000e-01  -1.0881500e+06
   6.9093500e+00  -1.0713300e+00   6.0296600e+00   2.8769400e+00   5.2563200e+00   5.5662200e-01  -1.0881600e+06
   6.9094200e+00  -1.0713300e+00   6.0297400e+00   2.8768300e+00   5.2563800e+00   5.5696700e-01  -1.0881500e+06
   6.9093300e+00  -1.0713300e+00   6.0297100e+00   2.8769900e+00   5.2563500e+00   5.5650000e-01  -1.0881500e+06
   6.9092900e+00  -1.0713300e+00   6.0297400e+00   2.8770300e+00   5.2563500e+00   5.5679100e-01  -1.0881500e+06
   6.9090000e+00  -1.0713300e+00   6.0297400e+00   2.8769900e+00   5.2568800e+00   5.5689500e-01  -1.0881600e+06
   6.9092000e+00  -1.0713300e+00   6.0297300e+00   2.8772700e+00   5.2565400e+00   5.5680500e-01  -1.0881500e+06
   6.9089800e+00  -1.0713300e+00   6.0297600e+00   2.8772200e+00   5.2570200e+00   5.5729800e-01  -1.0881500e+06
   6.9090100e+00  -1.0713300e+00   6.0297500e+00   2.8774900e+00   5.2571400e+00   5.5758300e-01  -1.0881600e+06
   6.9090600e+00  -1.0713300e+00   6.0297400e+00   2.8775700e+00   5.2569100e+00   5.5770400e-01  -1.0881600e+06
   6.9091600e+00  -1.0713300e+00   6.0297200e+00   2.8773900e+00   5.2566000e+00   5.5703400e-01  -1.0881500e+06
   6.9090400e+00  -1.0713300e+00   6.0296700e+00   2.8776800e+00   5.2569200e+00   5.5726000e-01  -1.0881600e+06
   6.9092600e+00  -1.0713300e+00   6.0297500e+00   2.8777200e+00   5.2565500e+00   5.5688300e-01  -1.0881600e+06
   6.9093900e+00  -1.0713300e+00   6.0296500e+00   2.8777800e+00   5.2562000e+00   5.5685600e-01  -1.0881600e+06
   6.9092700e+00  -1.0713300e+00   6.0297300e+00   2.8779000e+00   5.2562900e+00   5.5707700e-01  -1.0881600e+06
   6.9093300e+00  -1.0713300e+00   6.0297500e+00   2.8777900e+00   5.2564500e+00   5.5689900e-01  -1.0881600e+06
   6.9090400e+00  -1.0713300e+00   6.0296900e+00   2.8775900e+00   5.2569700e+00   5.5758000e-01  -1.0881600e+06
   6.9090000e+00  -1.0713300e+00   6.0297000e+00   2.8772600e+00   5.2568800e+00   5.5744300e-01  -1.0881500e+06
   6.9092900e+00  -1.0713300e+00   6.0297100e+00   2.8772800e+00   5.2565100e+00   5.5677600e-01  -1.0881500e+06
   6.9092600e+00  -1.0713300e+00   6.0296400e+00   2.8772400e+00   5.2565300e+00   5.5700300e-01  -1.0881600e+06
   6.9092300e+00  -1.0713300e+00   6.0296900e+00   2.8770200e+00   5.2563600e+00   5.5646800e-01  -1.0881600e+06
   6.9090700e+00  -1.0713300e+00   6.0297600e+00   2.8770500e+00   5.2569800e+00   5.5725600e-01  -1.0881500e+06
   6.9091200e+00  -1.0713300e+00   6.0297200e+00   2.8770600e+00   5.2567000e+00   5.5729500e-01  -1.0881500e+06
   6.9090400e+00  -1.0713300e+00   6.0298000e+00   2.8765800e+00   5.2568400e+00   5.5720800e-01  -1.0881500e+06
   6.9088800e+00  -1.0713300e+00   6.0297600e+00   2.8766200e+00   5.2572700e+00   5.5737500e-01  -1.0881500e+06
   6.9090900e+00  -1.0713300e+00   6.0298100e+00   2.8765000e+00   5.2569600e+00   5.5712700e-01  -1.0881500e+06
   6.9090100e+00  -1.0713300e+00   6.0297400e+00   2.8763400e+00   5.2570200e+00   5.5735900e-01  -1.0881500e+06
   6.9087600e+00  -1.0713300e+00   6.0297100e+00   2.8766100e+00   5.2574000e+00   5.5761800e-01  -1.0881600e+06
   6.9093000e+00  -1.0713300e+00   6.0296900e+00   2.8766800e+00   5.2564600e+00   5.5682300e-01  -1.0881500e+06
   6.9091500e+00  -1.0713300e+00   6.0297600e+00   2.8768800e+00   5.2568400e+00   5.5714800e-01  -1.0881500e+06
   6.9089900e+00  -1.0713300e+00   6.0297300e+00   2.8771100e+00   5.2569800e+00   5.5741600e-01  -1.0881500e+06
   6.9090800e+00  -1.0713300e+00   6.0297600e+00   2.8768800e+00   5.2569800e+00   5.5727000e-01  -1.0881500e+06
   6.9093000e+00  -1.0713300e+00   6.0297900e+00   2.8770200e+00   5.2564800e+00   5.5689600e-01  -1.0881500e+06
   6.9088700e+00  -1.0713300e+00   6.0297100e+00   2.8768900e+00   5.2569200e+00   5.5742100e-01  -1.0881600e+06
   6.9090900e+00  -1.0713300e+00   6.0297200e+00   2.8767200e+00   5.2566500e+00   5.5700900e-01  -1.0881500e+06
   6.9089900e+00  -1.0713300e+00   6.0298000e+00   2.8764200e+00   5.2569900e+00   5.5733100e-01  -1.0881500e+06
   6.9089700e+00  -1.0713300e+00   6.0297600e+00   2.8764100e+00   5.2569600e+00   5.5712700e-01  -1.0881500e+06
   6.9092400e+00  -1.0713300e+00   6.0297600e+00   2.8764500e+00   5.2567400e+00   5.5655200e-01  -1.0881600e+06
   6.9091000e+00  -1.0713300e+00   6.0297500e+00   2.8762200e+00   5.2570100e+00   5.5740600e-01  -1.0881500e+06
   6.9091300e+00  -1.0713300e+00   6.0297400e+00   2.8762800e+00   5.2567600e+00   5.5739900e-01  -1.0881500e+06
   6.9091100e+00  -1.0713300e+00   6.0297900e+00   2.8761300e+00   5.2568800e+00   5.5727600e-01  -1.0881500e+06
   6.9089100e+00  -1.0713300e+00   6.0297900e+00   2.8760800e+00   5.2572300e+00   5.5745600e-01  -1.0881500e+06
