   6.9087800e+00  -1.0728300e+00   6.0297200e+00   2.8761100e+00   5.2576200e+00   5.5734900e-01  -6.0453400e+05
   6.9090500e+00  -1.0733200e+00   6.0298200e+00   2.8761800e+00   5.2570500e+00   5.5737700e-01  -6.0453100e+05
   6.9090800e+00  -1.0735600e+00   6.0297000e+00   2.8762100e+00   5.2568600e+00   5.5738400e-01  -6.0452900e+05
   6.9087700e+00  -1.0725200e+00   6.0297300e+00   2.8762900e+00   5.2572400e+00   5.5748900e-01  -6.0453100e+05
   6.9089000e+00  -1.0729500e+00   6.0297600e+00   2.8763000e+00   5.2574600e+00   5.5751800e-01  -6.0453000e+05
   6.9088800e+00  -1.0725000e+00   6.0298500e+00   2.8763200e+00   5.2574500e+00   5.5749300e-01  -6.0453200e+05
   6.9087800e+00  -1.0731200e+00   6.0297800e+00   2.8763500e+00   5.2573400e+00   5.5744900e-01  -6.0453200e+05
   6.9091200e+00  -1.0730100e+00   6.0296800e+00   2.8763800e+00   5.2569000e+00   5.5737100e-01  -6.0452900e+05
   6.9091300e+00  -1.0744400e+00   6.0296400e+00   2.8763900e+00   5.2568400e+00   5.5744800e-01  -6.0453100e+05
   6.9091200e+00  -1.0743500e+00   6.0297800e+00   2.8764700e+00   5.2571600e+00   5.5752700e-01  -6.0453000e+05
   6.9090200e+00  -1.0740800e+00   6.0297500e+00   2.8763000e+00   5.2572000e+00   5.5762000e-01  -6.0452800e+05
   6.9088200e+00  -1.0730100e+00   6.0297000e+00   2.8762300e+00   5.2572300e+00   5.5775100e-01  -6.0453100e+05
   6.9088100e+00  -1.0731500e+00   6.0297700e+00   2.8761800e+00   5.2573900e+00   5.5763400e-01  -6.0453000e+05
   6.9091100e+00  -1.0720800e+00   6.0297600e+00   2.8761400e+00   5.2569300e+00   5.5759200e-01  -6.0453000e+05
   6.9089300e+00  -1.0722300e+00   6.0296700e+00   2.8761900e+00   5.2573800e+00   5.5761200e-01  -6.0453500e+05
   6.9088700e+00  -1.0729300e+00   6.0297900e+00   2.8761200e+00   5.2575800e+00   5.5758800e-01  -6.0453100e+05
   6.9087700e+00  -1.0713200e+00   6.0298000e+00   2.8760500e+00   5.2572700e+00   5.5755500e-01  -6.0453100e+05
   6.9090400e+00  -1.0719800e+00   6.0297600e+00   2.8759700e+00   5.2571400e+00   5.5758000e-01  -6.0453000e+05
   6.9090800e+00  -1.0718400e+00   6.0297500e+00   2.8761300e+00   5.2570700e+00   5.5744600e-01  -6.0453000e+05
   6.9088700e+00  -1.0723600e+00   6.0297200e+00   2.8762500e+00   5.2573500e+00   5.5737800e-01  -6.0453100e+05
   6.9091300e+00  -1.0720000e+00   6.0298100e+00   2.8762900e+00   5.2567800e+00   5.5734900e-01  -6.0453100e+05
   6.9089500e+00  -1.0713300e+00   6.0298100e+00   2.8763200e+00   5.2573500e+00   5.5733900e-01  -6.0453100e+05
   6.9088900e+00  -1.0719000e+00   6.0297800e+00   2.8764100e+00   5.2572200e+00   5.5725100e-01  -6.0453000e+05
   6.9088400e+00  -1.0717400e+00   6.0297900e+00   2.8763600e+00   5.2572300e+00   5.5738400e-01  -6.0453000e+05
   6.9090300e+00  -1.0713800e+00   6.0297500e+00   2.8763200e+00   5.2569600e+00   5.5732500e-01  -6.0452900e+05
   6.9087000e+00  -1.0719400e+00   6.0298100e+00   2.8763200e+00   5.2574200e+00   5.5742900e-01  -6.0453300e+05
   6.9090200e+00  -1.0706100e+00   6.0297800e+00   2.8763700e+00   5.2571400e+00   5.5726800e-01  -6.0453000e+05
   6.9091600e+00  -1.0710200e+00   6.0298200e+00   2.8763400e+00   5.2568500e+00   5.5718000e-01  -6.0453000e+05
   6.9092300e+00  -1.0715900e+00   6.0297500e+00   2.8763400e+00   5.2565000e+00   5.5710800e-01  -6.0453000e+05
   6.9090800e+00  -1.0712300e+00   6.0298200e+00   2.8763500e+00   5.2571300e+00   5.5723100e-01  -6.0453100e+05
   6.9093800e+00  -1.0713900e+00   6.0298500e+00   2.8764800e+00   5.2565900e+00   5.5720300e-01  -6.0453500e+05
   6.9091500e+00  -1.0704900e+00   6.0296800e+00   2.8765400e+00   5.2566900e+00   5.5711900e-01  -6.0453200e+05
   6.9092300e+00  -1.0711400e+00   6.0297400e+00   2.8765600e+00   5.2566200e+00   5.5693900e-01  -6.0452900e+05
   6.9091300e+00  -1.0706900e+00   6.0297900e+00   2.8766300e+00   5.2568400e+00   5.5700400e-01  -6.0452900e+05
   6.9093200e+00  -1.0718700e+00   6.0297400e+00   2.8766800e+00   5.2566300e+00   5.5697700e-01  -6.0452900e+05
   6.9091300e+00  -1.0711200e+00   6.0298200e+00   2.8766400e+00   5.2567800e+00   5.5710100e-01  -6.0453000e+05
   6.9090800e+00  -1.0727700e+00   6.0297700e+00   2.8766800e+00   5.2568000e+00   5.5728400e-01  -6.0453000e+05
   6.9091400e+00  -1.0732200e+00   6.0297400e+00   2.8766800e+00   5.2568800e+00   5.5727500e-01  -6.0452900e+05
   6.9091200e+00  -1.0724100e+00   6.0298000e+00   2.8766800e+00   5.2570300e+00   5.5738500e-01  -6.0453000e+05
   6.9089400e+00  -1.0701400e+00   6.0297600e+00   2.8766400e+00   5.2570800e+00   5.5744200e-01  -6.0453000e+05
   6.9088100e+00  -1.0694100e+00   6.0297500e+00   2.8766200e+00   5.2572900e+00   5.5743900e-01  -6.0453200e+05
   6.9090600e+00  -1.0720900e+00   6.0297900e+00   2.8766000e+00   5.2569700e+00   5.5750100e-01  -6.0453000e+05
   6.9090000e+00  -1.0714900e+00   6.0297900e+00   2.8765600e+00   5.2568900e+00   5.5735800e-01  -6.0453000e+05
   6.9088300e+00  -1.0717600e+00   6.0297800e+00   2.8764600e+00   5.2573000e+00   5.5743500e-01  -6.0453000e+05
   6.9090700e+00  -1.0727100e+00   6.0296900e+00   2.8765900e+00   5.2569500e+00   5.5745300e-01  -6.0452900e+05
   6.9092400e+00  -1.0736300e+00   6.0297100e+00   2.8765700e+00   5.2567100e+00   5.5732200e-01  -6.0452900e+05
   6.9089800e+00  -1.0712000e+00   6.0296900e+00   2.8766300e+00   5.2566100e+00   5.5738500e-01  -6.0453500e+05
   6.9091700e+00  -1.0711200e+00   6.0297300e+00   2.8767000e+00   5.2567300e+00   5.5737100e-01  -6.0453000e+05
   6.9091400e+00  -1.0727400e+00   6.0297200e+00   2.8767100e+00   5.2570000e+00   5.5746300e-01  -6.0452900e+05
   6.9091300e+00  -1.0726400e+00   6.0296700e+00   2.8767500e+00   5.2566300e+00   5.5738000e-01  -6.0453100e+05
   6.9089000e+00  -1.0722900e+00   6.0297600e+00   2.8767200e+00   5.2570800e+00   5.5725400e-01  -6.0453000e+05
   6.9092200e+00  -1.0724700e+00   6.0297600e+00   2.8766600e+00   5.2567800e+00   5.5739500e-01  -6.0453000e+05
   6.9091800e+00  -1.0732000e+00   6.0296900e+00   2.8768000e+00   5.2568800e+00   5.5746900e-01  -6.0452900e+05
   6.9093100e+00  -1.0747700e+00   6.0297300e+00   2.8768300e+00   5.2567200e+00   5.5738500e-01  -6.0453000e+05
   6.9092100e+00  -1.0746000e+00   6.0297500e+00   2.8768100e+00   5.2570100e+00   5.5718800e-01  -6.0453100e+05
   6.9091500e+00  -1.0753200e+00   6.0296400e+00   2.8768300e+00   5.2569300e+00   5.5728400e-01  -6.0453000e+05
   6.9093100e+00  -1.0743500e+00   6.0296600e+00   2.8769100e+00   5.2567300e+00   5.5727700e-01  -6.0453000e+05
   6.9092400e+00  -1.0736500e+00   6.0296600e+00   2.8769300e+00   5.2568900e+00   5.5733300e-01  -6.0453100e+05
   6.9090500e+00  -1.0730200e+00   6.0297400e+00   2.8769200e+00   5.2568500e+00   5.5734500e-01  -6.0453000e+05
   6.9090500e+00  -1.0719600e+00   6.0297000e+00   2.8768900e+00   5.2570200e+00   5.5737400e-01  -6.0452900e+05
   6.9089600e+00  -1.0725700e+00   6.0297700e+00   2.8768500e+00   5.2571700e+00   5.5738200e-01  -6.0453000e+05
   6.9093000e+00  -1.0712200e+00   6.0296900e+00   2.8768300e+00   5.2569000e+00   5.5736900e-01  -6.0453700e+05
   6.9089900e+00  -1.0712400e+00   6.0297300e+00   2.8768500e+00   5.2568800e+00   5.5734800e-01  -6.0453000e+05
   6.9090900e+00  -1.0709300e+00   6.0296900e+00   2.8768500e+00   5.2567700e+00   5.5723700e-01  -6.0453000e+05
   6.9092200e+00  -1.0713300e+00   6.0297700e+00   2.8767500e+00   5.2566600e+00   5.5714900e-01  -6.0452900e+05
   6.9093300e+00  -1.0717800e+00   6.0297500e+00   2.8768400e+00   5.2564200e+00   5.5712400e-01  -6.0453000e+05
   6.9092600e+00  -1.0717000e+00   6.0297200e+00   2.8768100e+00   5.2565200e+00   5.5686200e-01  -6.0452900e+05
   6.9093300e+00  -1.0717800e+00   6.0297000e+00   2.8768200e+00   5.2564300e+00   5.5701400e-01  -6.0453000e+05
   6.9089500e+00  -1.0714000e+00   6.0296700e+00   2.8768400e+00   5.2569800e+00   5.5709800e-01  -6.0453200e+05
   6.9091500e+00  -1.0720500e+00   6.0296900e+00   2.8768300e+00   5.2566900e+00   5.5724300e-01  -6.0452900e+05
   6.9092100e+00  -1.0716000e+00   6.0298500e+00   2.8769000e+00   5.2567900e+00   5.5720600e-01  -6.0453400e+05
   6.9091300e+00  -1.0714000e+00   6.0297500e+00   2.8768100e+00   5.2569900e+00   5.5709400e-01  -6.0453000e+05
   6.9091700e+00  -1.0714000e+00   6.0297500e+00   2.8768800e+00   5.2565200e+00   5.5718100e-01  -6.0453100e+05
   6.9091000e+00  -1.0718800e+00   6.0296600e+00   2.8768300e+00   5.2569600e+00   5.5707400e-01  -6.0453200e+05
   6.9092600e+00  -1.0718700e+00   6.0297300e+00   2.8769000e+00   5.2567600e+00   5.5710300e-01  -6.0452900e+05
   6.9090200e+00  -1.0707000e+00   6.0297100e+00   2.8769600e+00   5.2569100e+00   5.5715400e-01  -6.0453000e+05
   6.9092600e+00  -1.0714000e+00   6.0298000e+00   2.8771100e+00   5.2568200e+00   5.5719500e-01  -6.0453200e+05
   6.9091300e+00  -1.0720600e+00   6.0297600e+00   2.8770400e+00   5.2570400e+00   5.5724600e-01  -6.0453000e+05
   6.9092500e+00  -1.0731000e+00   6.0297300e+00   2.8770000e+00   5.2565900e+00   5.5720500e-01  -6.0453000e+05
   6.9091400e+00  -1.0730500e+00   6.0296900e+00   2.8771300e+00   5.2569800e+00   5.5706600e-01  -6.0453100e+05
   6.9090900e+00  -1.0728700e+00   6.0296600e+00   2.8771300e+00   5.2568900e+00   5.5695300e-01  -6.0453200e+05
   6.9092500e+00  -1.0729600e+00   6.0296000e+00   2.8771700e+00   5.2562400e+00   5.5695500e-01  -6.0453500e+05
   6.9092400e+00  -1.0719200e+00   6.0296900e+00   2.8770700e+00   5.2567800e+00   5.5695600e-01  -6.0453100e+05
   6.9089700e+00  -1.0717000e+00   6.0297200e+00   2.8770200e+00   5.2571200e+00   5.5702700e-01  -6.0453100e+05
   6.9092300e+00  -1.0710000e+00   6.0296600e+00   2.8769700e+00   5.2566200e+00   5.5707500e-01  -6.0453100e+05
   6.9091200e+00  -1.0718100e+00   6.0297100e+00   2.8770400e+00   5.2569400e+00   5.5706400e-01  -6.0453000e+05
   6.9090900e+00  -1.0729200e+00   6.0297200e+00   2.8769800e+00   5.2568700e+00   5.5726400e-01  -6.0452900e+05
   6.9092600e+00  -1.0724200e+00   6.0297600e+00   2.8770200e+00   5.2565200e+00   5.5730400e-01  -6.0453200e+05
   6.9089700e+00  -1.0719400e+00   6.0297100e+00   2.8770900e+00   5.2571500e+00   5.5717700e-01  -6.0453100e+05
   6.9091600e+00  -1.0708200e+00   6.0297600e+00   2.8772400e+00   5.2567100e+00   5.5700100e-01  -6.0452900e+05
   6.9093400e+00  -1.0703100e+00   6.0297100e+00   2.8772300e+00   5.2566000e+00   5.5697700e-01  -6.0453200e+05
   6.9092500e+00  -1.0698600e+00   6.0297600e+00   2.8772400e+00   5.2563900e+00   5.5704200e-01  -6.0453100e+05
   6.9090800e+00  -1.0694700e+00   6.0297700e+00   2.8772600e+00   5.2567700e+00   5.5706800e-01  -6.0453000e+05
   6.9090300e+00  -1.0682000e+00   6.0297600e+00   2.8773200e+00   5.2566800e+00   5.5701500e-01  -6.0453100e+05
   6.9090800e+00  -1.0691600e+00   6.0297500e+00   2.8772700e+00   5.2565400e+00   5.5692100e-01  -6.0453000e+05
   6.9092200e+00  -1.0698700e+00   6.0297700e+00   2.8772300e+00   5.2565700e+00   5.5688400e-01  -6.0452900e+05
   6.9089800e+00  -1.0682400e+00   6.0296600e+00   2.8771900e+00   5.2568000e+00   5.5688600e-01  -6.0453600e+05
   6.9091900e+00  -1.0682300e+00   6.0297600e+00   2.8772100e+00   5.2563600e+00   5.5686600e-01  -6.0453100e+05
   6.9093700e+00  -1.0692000e+00   6.0298000e+00   2.8771700e+00   5.2562300e+00   5.5693000e-01  -6.0453300e+05
   6.9091500e+00  -1.0710900e+00   6.0297700e+00   2.8771700e+00   5.2568500e+00   5.5703400e-01  -6.0453000e+05
   6.9093700e+00  -1.0722300e+00   6.0297800e+00   2.8770100e+00   5.2567300e+00   5.5701300e-01  -6.0453200e+05
   6.9090000e+00  -1.0710000e+00   6.0297100e+00   2.8769500e+00   5.2568000e+00   5.5701400e-01  -6.0453000e+05
   6.9091700e+00  -1.0703000e+00   6.0296700e+00   2.8770100e+00   5.2564800e+00   5.5692100e-01  -6.0453100e+05
   6.9092200e+00  -1.0702900e+00   6.0297600e+00   2.8769600e+00   5.2566600e+00   5.5679800e-01  -6.0452900e+05
   6.9092700e+00  -1.0715800e+00   6.0296900e+00   2.8769600e+00   5.2564400e+00   5.5675000e-01  -6.0453000e+05
   6.9092000e+00  -1.0715400e+00   6.0298000e+00   2.8769200e+00   5.2568600e+00   5.5677300e-01  -6.0453200e+05
   6.9094800e+00  -1.0723700e+00   6.0296900e+00   2.8769100e+00   5.2563700e+00   5.5686600e-01  -6.0453100e+05
   6.9092100e+00  -1.0714900e+00   6.0297300e+00   2.8769300e+00   5.2565400e+00   5.5690400e-01  -6.0452900e+05
   6.9093700e+00  -1.0738200e+00   6.0296900e+00   2.8769800e+00   5.2565900e+00   5.5701500e-01  -6.0453000e+05
   6.9093300e+00  -1.0728200e+00   6.0297200e+00   2.8769600e+00   5.2563800e+00   5.5695500e-01  -6.0453000e+05
   6.9091400e+00  -1.0737200e+00   6.0297900e+00   2.8770100e+00   5.2567800e+00   5.5698900e-01  -6.0453400e+05
   6.9092700e+00  -1.0738900e+00   6.0298000e+00   2.8770200e+00   5.2567700e+00   5.5687000e-01  -6.0453400e+05
   6.9094100e+00  -1.0742700e+00   6.0296600e+00   2.8770000e+00   5.2562800e+00   5.5690800e-01  -6.0453100e+05
   6.9089800e+00  -1.0733000e+00   6.0296700e+00   2.8770600e+00   5.2570900e+00   5.5688000e-01  -6.0453500e+05
   6.9091900e+00  -1.0727000e+00   6.0297300e+00   2.8770500e+00   5.2565700e+00   5.5711200e-01  -6.0453000e+05
   6.9092500e+00  -1.0732700e+00   6.0297800e+00   2.8769300e+00   5.2566400e+00   5.5720600e-01  -6.0453100e+05
   6.9090300e+00  -1.0727200e+00   6.0297200e+00   2.8770300e+00   5.2567800e+00   5.5726900e-01  -6.0453100e+05
   6.9091600e+00  -1.0699600e+00   6.0297400e+00   2.8770300e+00   5.2564400e+00   5.5723700e-01  -6.0453200e+05
   6.9089400e+00  -1.0698500e+00   6.0297000e+00   2.8770700e+00   5.2569300e+00   5.5733600e-01  -6.0453100e+05
   6.9089000e+00  -1.0695500e+00   6.0297900e+00   2.8771300e+00   5.2569900e+00   5.5724900e-01  -6.0453100e+05
   6.9091000e+00  -1.0699400e+00   6.0297400e+00   2.8771600e+00   5.2566100e+00   5.5725200e-01  -6.0453100e+05
   6.9089800e+00  -1.0699700e+00   6.0297600e+00   2.8771700e+00   5.2568400e+00   5.5725800e-01  -6.0453000e+05
   6.9089400e+00  -1.0708900e+00   6.0297100e+00   2.8772200e+00   5.2568900e+00   5.5728000e-01  -6.0453000e+05
   6.9088900e+00  -1.0712800e+00   6.0297000e+00   2.8771400e+00   5.2571600e+00   5.5727300e-01  -6.0453100e+05
   6.9091700e+00  -1.0722600e+00   6.0297400e+00   2.8770800e+00   5.2566400e+00   5.5741600e-01  -6.0453100e+05
   6.9088600e+00  -1.0728000e+00   6.0296500e+00   2.8770000e+00   5.2570900e+00   5.5749600e-01  -6.0453200e+05
   6.9089200e+00  -1.0731200e+00   6.0297200e+00   2.8770900e+00   5.2573700e+00   5.5754400e-01  -6.0453000e+05
   6.9089800e+00  -1.0734200e+00   6.0296700e+00   2.8771400e+00   5.2570700e+00   5.5748100e-01  -6.0453000e+05
   6.9090600e+00  -1.0721800e+00   6.0297500e+00   2.8772800e+00   5.2571700e+00   5.5754700e-01  -6.0453100e+05
   6.9088100e+00  -1.0714700e+00   6.0297900e+00   2.8772400e+00   5.2572500e+00   5.5747600e-01  -6.0453200e+05
   6.9088000e+00  -1.0711600e+00   6.0297200e+00   2.8772800e+00   5.2570500e+00   5.5764600e-01  -6.0453200e+05
   6.9090200e+00  -1.0713300e+00   6.0298300e+00   2.8772800e+00   5.2570800e+00   5.5749300e-01  -6.0453300e+05
   6.9089200e+00  -1.0705400e+00   6.0297000e+00   2.8772200e+00   5.2570900e+00   5.5737200e-01  -6.0453100e+05
   6.9090300e+00  -1.0711700e+00   6.0297300e+00   2.8771700e+00   5.2569100e+00   5.5744300e-01  -6.0453000e+05
   6.9090800e+00  -1.0706200e+00   6.0298100e+00   2.8771700e+00   5.2568400e+00   5.5727700e-01  -6.0453100e+05
   6.9091400e+00  -1.0720600e+00   6.0297000e+00   2.8771300e+00   5.2569200e+00   5.5738100e-01  -6.0453000e+05
   6.9092500e+00  -1.0723400e+00   6.0297100e+00   2.8770800e+00   5.2567600e+00   5.5739200e-01  -6.0453000e+05
   6.9089900e+00  -1.0703900e+00   6.0297900e+00   2.8771000e+00   5.2569600e+00   5.5740900e-01  -6.0453000e+05
   6.9090600e+00  -1.0701500e+00   6.0297300e+00   2.8771800e+00   5.2567600e+00   5.5740600e-01  -6.0453100e+05
   6.9089400e+00  -1.0691700e+00   6.0297400e+00   2.8771700e+00   5.2567800e+00   5.5721100e-01  -6.0453100e+05
   6.9088200e+00  -1.0688200e+00   6.0297800e+00   2.8772300e+00   5.2571800e+00   5.5732300e-01  -6.0453200e+05
   6.9090700e+00  -1.0693800e+00   6.0297800e+00   2.8771500e+00   5.2569800e+00   5.5728800e-01  -6.0453100e+05
   6.9090400e+00  -1.0691700e+00   6.0297400e+00   2.8769900e+00   5.2567500e+00   5.5719500e-01  -6.0453000e+05
   6.9091800e+00  -1.0700300e+00   6.0297200e+00   2.8769000e+00   5.2564800e+00   5.5709300e-01  -6.0453000e+05
   6.9088800e+00  -1.0701200e+00   6.0297800e+00   2.8768500e+00   5.2572800e+00   5.5711900e-01  -6.0453200e+05
   6.9090300e+00  -1.0704600e+00   6.0297300e+00   2.8769400e+00   5.2568300e+00   5.5708900e-01  -6.0452900e+05
   6.9090800e+00  -1.0701800e+00   6.0298100e+00   2.8768600e+00   5.2569400e+00   5.5712100e-01  -6.0453000e+05
   6.9089200e+00  -1.0702900e+00   6.0297200e+00   2.8768600e+00   5.2569300e+00   5.5719700e-01  -6.0453000e+05
   6.9089800e+00  -1.0696300e+00   6.0297300e+00   2.8768900e+00   5.2567200e+00   5.5724100e-01  -6.0453100e+05
   6.9087800e+00  -1.0699700e+00   6.0297100e+00   2.8768600e+00   5.2570500e+00   5.5731000e-01  -6.0453300e+05
   6.9088900e+00  -1.0714900e+00   6.0297500e+00   2.8768500e+00   5.2571200e+00   5.5721800e-01  -6.0453000e+05
   6.9090200e+00  -1.0721800e+00   6.0296500e+00   2.8768300e+00   5.2568500e+00   5.5722900e-01  -6.0453100e+05
   6.9091700e+00  -1.0728400e+00   6.0297300e+00   2.8766600e+00   5.2568500e+00   5.5736300e-01  -6.0452900e+05
   6.9088400e+00  -1.0747400e+00   6.0297100e+00   2.8766500e+00   5.2570700e+00   5.5738700e-01  -6.0453500e+05
   6.9093300e+00  -1.0746300e+00   6.0297400e+00   2.8766800e+00   5.2566800e+00   5.5739000e-01  -6.0453000e+05
   6.9090100e+00  -1.0730200e+00   6.0297400e+00   2.8765200e+00   5.2570700e+00   5.5732100e-01  -6.0452900e+05
   6.9093600e+00  -1.0730700e+00   6.0297700e+00   2.8764800e+00   5.2568800e+00   5.5731800e-01  -6.0453200e+05
   6.9092900e+00  -1.0735100e+00   6.0297600e+00   2.8764400e+00   5.2564900e+00   5.5723700e-01  -6.0453200e+05
   6.9091200e+00  -1.0744800e+00   6.0296900e+00   2.8763400e+00   5.2570400e+00   5.5734500e-01  -6.0452900e+05
   6.9092000e+00  -1.0753700e+00   6.0297300e+00   2.8763200e+00   5.2569300e+00   5.5742000e-01  -6.0452900e+05
   6.9092500e+00  -1.0759300e+00   6.0297200e+00   2.8762800e+00   5.2569400e+00   5.5740100e-01  -6.0452900e+05
   6.9090700e+00  -1.0767900e+00   6.0297500e+00   2.8762800e+00   5.2570700e+00   5.5756200e-01  -6.0453200e+05
   6.9090100e+00  -1.0763300e+00   6.0296700e+00   2.8763300e+00   5.2571900e+00   5.5770500e-01  -6.0452900e+05
   6.9090600e+00  -1.0767300e+00   6.0296300e+00   2.8762800e+00   5.2572100e+00   5.5769600e-01  -6.0453000e+05
   6.9093000e+00  -1.0790600e+00   6.0296800e+00   2.8763200e+00   5.2571500e+00   5.5763500e-01  -6.0453200e+05
   6.9091900e+00  -1.0775000e+00   6.0296100e+00   2.8763000e+00   5.2571500e+00   5.5752400e-01  -6.0453200e+05
   6.9091100e+00  -1.0775200e+00   6.0296500e+00   2.8762900e+00   5.2573400e+00   5.5756000e-01  -6.0453100e+05
   6.9091700e+00  -1.0774000e+00   6.0297400e+00   2.8761900e+00   5.2572000e+00   5.5765600e-01  -6.0453000e+05
   6.9091800e+00  -1.0774700e+00   6.0296400e+00   2.8762300e+00   5.2570700e+00   5.5765000e-01  -6.0453000e+05
   6.9090400e+00  -1.0758000e+00   6.0296700e+00   2.8762200e+00   5.2572000e+00   5.5767900e-01  -6.0452900e+05
   6.9090000e+00  -1.0735500e+00   6.0297000e+00   2.8762100e+00   5.2570700e+00   5.5765400e-01  -6.0452900e+05
   6.9093200e+00  -1.0747000e+00   6.0297400e+00   2.8762000e+00   5.2568300e+00   5.5764200e-01  -6.0453100e+05
   6.9089100e+00  -1.0741000e+00   6.0296700e+00   2.8761900e+00   5.2570500e+00   5.5771900e-01  -6.0453100e+05
   6.9087500e+00  -1.0730600e+00   6.0297600e+00   2.8762400e+00   5.2574300e+00   5.5768500e-01  -6.0453000e+05
   6.9087200e+00  -1.0732900e+00   6.0297600e+00   2.8762700e+00   5.2577400e+00   5.5772700e-01  -6.0453100e+05
   6.9089000e+00  -1.0741600e+00   6.0296900e+00   2.8761600e+00   5.2572200e+00   5.5782700e-01  -6.0453000e+05
   6.9088700e+00  -1.0738800e+00   6.0297600e+00   2.8761100e+00   5.2573700e+00   5.5780600e-01  -6.0452900e+05
   6.9089800e+00  -1.0732800e+00   6.0297300e+00   2.8760400e+00   5.2570400e+00   5.5792800e-01  -6.0453200e+05
   6.9090000e+00  -1.0732500e+00   6.0297300e+00   2.8759700e+00   5.2571300e+00   5.5797500e-01  -6.0453200e+05
   6.9088700e+00  -1.0738600e+00   6.0298100e+00   2.8760800e+00   5.2577600e+00   5.5798900e-01  -6.0453200e+05
   6.9086700e+00  -1.0739500e+00   6.0297500e+00   2.8760900e+00   5.2578500e+00   5.5792600e-01  -6.0453000e+05
   6.9091100e+00  -1.0745300e+00   6.0296900e+00   2.8761600e+00   5.2571300e+00   5.5792200e-01  -6.0453100e+05
   6.9088600e+00  -1.0749700e+00   6.0297800e+00   2.8761300e+00   5.2576300e+00   5.5791300e-01  -6.0453000e+05
   6.9090700e+00  -1.0758200e+00   6.0297300e+00   2.8761000e+00   5.2574700e+00   5.5781800e-01  -6.0453000e+05
   6.9090100e+00  -1.0753600e+00   6.0296700e+00   2.8761000e+00   5.2572500e+00   5.5785100e-01  -6.0452900e+05
   6.9088200e+00  -1.0747100e+00   6.0296900e+00   2.8759600e+00   5.2574700e+00   5.5789100e-01  -6.0452900e+05
   6.9087300e+00  -1.0750400e+00   6.0297700e+00   2.8760600e+00   5.2575800e+00   5.5789300e-01  -6.0453100e+05
   6.9086800e+00  -1.0745300e+00   6.0296900e+00   2.8760800e+00   5.2578400e+00   5.5798600e-01  -6.0453100e+05
   6.9088200e+00  -1.0747100e+00   6.0297200e+00   2.8761000e+00   5.2576200e+00   5.5787800e-01  -6.0452900e+05
   6.9089200e+00  -1.0753700e+00   6.0297100e+00   2.8761400e+00   5.2574900e+00   5.5784600e-01  -6.0452900e+05
   6.9090800e+00  -1.0757500e+00   6.0297100e+00   2.8761400e+00   5.2572500e+00   5.5776400e-01  -6.0452900e+05
   6.9089000e+00  -1.0745900e+00   6.0297100e+00   2.8761900e+00   5.2573200e+00   5.5801800e-01  -6.0452900e+05
   6.9086000e+00  -1.0728900e+00   6.0297600e+00   2.8762100e+00   5.2579900e+00   5.5802200e-01  -6.0453200e+05
   6.9088400e+00  -1.0738700e+00   6.0297200e+00   2.8762300e+00   5.2576300e+00   5.5795600e-01  -6.0453000e+05
   6.9089200e+00  -1.0739600e+00   6.0297600e+00   2.8763000e+00   5.2573000e+00   5.5786000e-01  -6.0452900e+05
   6.9088300e+00  -1.0751500e+00   6.0298000e+00   2.8762700e+00   5.2577300e+00   5.5797700e-01  -6.0453100e+05
   6.9090200e+00  -1.0752600e+00   6.0297700e+00   2.8761400e+00   5.2575500e+00   5.5788100e-01  -6.0453100e+05
   6.9086800e+00  -1.0759300e+00   6.0297200e+00   2.8761400e+00   5.2576900e+00   5.5783700e-01  -6.0453100e+05
   6.9091600e+00  -1.0764200e+00   6.0296100e+00   2.8761400e+00   5.2570800e+00   5.5790400e-01  -6.0453200e+05
   6.9087900e+00  -1.0751600e+00   6.0297300e+00   2.8762100e+00   5.2574000e+00   5.5777600e-01  -6.0453100e+05
   6.9088600e+00  -1.0747100e+00   6.0297500e+00   2.8763200e+00   5.2573500e+00   5.5783900e-01  -6.0453000e+05
   6.9089900e+00  -1.0745900e+00   6.0297700e+00   2.8762300e+00   5.2574900e+00   5.5780800e-01  -6.0453000e+05
   6.9089400e+00  -1.0762500e+00   6.0296900e+00   2.8761700e+00   5.2574500e+00   5.5793100e-01  -6.0452800e+05
   6.9090200e+00  -1.0768900e+00   6.0296800e+00   2.8761300e+00   5.2573300e+00   5.5791200e-01  -6.0452900e+05
   6.9090400e+00  -1.0768300e+00   6.0297500e+00   2.8760100e+00   5.2575300e+00   5.5790300e-01  -6.0453000e+05
   6.9089400e+00  -1.0783700e+00   6.0296600e+00   2.8761400e+00   5.2576100e+00   5.5784300e-01  -6.0453100e+05
   6.9089600e+00  -1.0777500e+00   6.0296300e+00   2.8760700e+00   5.2575500e+00   5.5786100e-01  -6.0453100e+05
   6.9090600e+00  -1.0778600e+00   6.0296900e+00   2.8760300e+00   5.2575200e+00   5.5790800e-01  -6.0453000e+05
   6.9093700e+00  -1.0789300e+00   6.0296700e+00   2.8760600e+00   5.2571600e+00   5.5780600e-01  -6.0453300e+05
   6.9088300e+00  -1.0763500e+00   6.0296400e+00   2.8760700e+00   5.2573500e+00   5.5785300e-01  -6.0453200e+05
   6.9090000e+00  -1.0761000e+00   6.0297200e+00   2.8761300e+00   5.2573400e+00   5.5787500e-01  -6.0452800e+05
   6.9091200e+00  -1.0763400e+00   6.0296500e+00   2.8761900e+00   5.2569300e+00   5.5780400e-01  -6.0453100e+05
   6.9089500e+00  -1.0764800e+00   6.0297600e+00   2.8762500e+00   5.2574900e+00   5.5793600e-01  -6.0453000e+05
   6.9089500e+00  -1.0756700e+00   6.0296900e+00   2.8762600e+00   5.2575200e+00   5.5789800e-01  -6.0452900e+05
   6.9087300e+00  -1.0748300e+00   6.0297100e+00   2.8763700e+00   5.2577600e+00   5.5799600e-01  -6.0453000e+05
   6.9089000e+00  -1.0745700e+00   6.0297200e+00   2.8763500e+00   5.2571500e+00   5.5804200e-01  -6.0453200e+05
   6.9087100e+00  -1.0746700e+00   6.0297600e+00   2.8763800e+00   5.2577500e+00   5.5804200e-01  -6.0453000e+05
   6.9090500e+00  -1.0755300e+00   6.0297500e+00   2.8764100e+00   5.2573800e+00   5.5799300e-01  -6.0453000e+05
   6.9088400e+00  -1.0737300e+00   6.0297500e+00   2.8764700e+00   5.2574600e+00   5.5801700e-01  -6.0452900e+05
   6.9085700e+00  -1.0732900e+00   6.0297000e+00   2.8763600e+00   5.2578700e+00   5.5815400e-01  -6.0453200e+05
   6.9087100e+00  -1.0741300e+00   6.0297400e+00   2.8763700e+00   5.2577200e+00   5.5817300e-01  -6.0453000e+05
   6.9088900e+00  -1.0742900e+00   6.0297700e+00   2.8763700e+00   5.2574600e+00   5.5808900e-01  -6.0453000e+05
   6.9089600e+00  -1.0751800e+00   6.0298400e+00   2.8763600e+00   5.2575600e+00   5.5806900e-01  -6.0453400e+05
   6.9086600e+00  -1.0740100e+00   6.0297800e+00   2.8762900e+00   5.2579200e+00   5.5816400e-01  -6.0453100e+05
   6.9087900e+00  -1.0742600e+00   6.0297700e+00   2.8762800e+00   5.2573200e+00   5.5817000e-01  -6.0453400e+05
   6.9088800e+00  -1.0738900e+00   6.0297400e+00   2.8763100e+00   5.2572700e+00   5.5814300e-01  -6.0453100e+05
   6.9087500e+00  -1.0739700e+00   6.0297300e+00   2.8763700e+00   5.2576100e+00   5.5804500e-01  -6.0452900e+05
   6.9089000e+00  -1.0736100e+00   6.0297600e+00   2.8763800e+00   5.2573400e+00   5.5807800e-01  -6.0453000e+05
   6.9087000e+00  -1.0744400e+00   6.0297500e+00   2.8764400e+00   5.2577000e+00   5.5807400e-01  -6.0453000e+05
   6.9089100e+00  -1.0748200e+00   6.0296900e+00   2.8765200e+00   5.2576300e+00   5.5812300e-01  -6.0453100e+05
   6.9088500e+00  -1.0756500e+00   6.0297400e+00   2.8764700e+00   5.2577800e+00   5.5819000e-01  -6.0453000e+05
   6.9087300e+00  -1.0748700e+00   6.0297200e+00   2.8764000e+00   5.2573900e+00   5.5810200e-01  -6.0453200e+05
   6.9090300e+00  -1.0759700e+00   6.0297300e+00   2.8763700e+00   5.2575300e+00   5.5818400e-01  -6.0453100e+05
   6.9088100e+00  -1.0749500e+00   6.0296700e+00   2.8764500e+00   5.2574600e+00   5.5810800e-01  -6.0453000e+05
   6.9089600e+00  -1.0762400e+00   6.0297000e+00   2.8764300e+00   5.2574700e+00   5.5796800e-01  -6.0452900e+05
   6.9087500e+00  -1.0743600e+00   6.0297400e+00   2.8763800e+00   5.2577700e+00   5.5804000e-01  -6.0453000e+05
   6.9089400e+00  -1.0753800e+00   6.0297700e+00   2.8764200e+00   5.2576700e+00   5.5805000e-01  -6.0453100e+05
   6.9089600e+00  -1.0763000e+00   6.0297200e+00   2.8764500e+00   5.2572500e+00   5.5799000e-01  -6.0453000e+05
   6.9087200e+00  -1.0754100e+00   6.0296600e+00   2.8763700e+00   5.2576600e+00   5.5797800e-01  -6.0453100e+05
   6.9090900e+00  -1.0762700e+00   6.0297500e+00   2.8762600e+00   5.2575000e+00   5.5812200e-01  -6.0453200e+05
   6.9088200e+00  -1.0766100e+00   6.0296900e+00   2.8761500e+00   5.2576500e+00   5.5816600e-01  -6.0452900e+05
   6.9090400e+00  -1.0766400e+00   6.0296300e+00   2.8762000e+00   5.2573600e+00   5.5822500e-01  -6.0453200e+05
   6.9088100e+00  -1.0774500e+00   6.0297400e+00   2.8761800e+00   5.2576000e+00   5.5817100e-01  -6.0453100e+05
   6.9090300e+00  -1.0779900e+00   6.0297000e+00   2.8760900e+00   5.2577300e+00   5.5823000e-01  -6.0453100e+05
   6.9089200e+00  -1.0772900e+00   6.0296900e+00   2.8760100e+00   5.2576200e+00   5.5825100e-01  -6.0452900e+05
   6.9088700e+00  -1.0778400e+00   6.0296200e+00   2.8760800e+00   5.2574700e+00   5.5817700e-01  -6.0453100e+05
   6.9088500e+00  -1.0779600e+00   6.0296900e+00   2.8761800e+00   5.2575700e+00   5.5819300e-01  -6.0452900e+05
   6.9088800e+00  -1.0774100e+00   6.0297900e+00   2.8762700e+00   5.2576000e+00   5.5834400e-01  -6.0453300e+05
   6.9088700e+00  -1.0776700e+00   6.0296700e+00   2.8763200e+00   5.2577800e+00   5.5848000e-01  -6.0453000e+05
   6.9086800e+00  -1.0781100e+00   6.0297400e+00   2.8762200e+00   5.2578500e+00   5.5851100e-01  -6.0453100e+05
   6.9086400e+00  -1.0782100e+00   6.0296400e+00   2.8762400e+00   5.2579600e+00   5.5854600e-01  -6.0453000e+05
   6.9090500e+00  -1.0780600e+00   6.0297400e+00   2.8762600e+00   5.2574500e+00   5.5850400e-01  -6.0453300e+05
   6.9088100e+00  -1.0779700e+00   6.0297200e+00   2.8762900e+00   5.2579200e+00   5.5832500e-01  -6.0453000e+05
   6.9087800e+00  -1.0772200e+00   6.0296200e+00   2.8761700e+00   5.2578100e+00   5.5826600e-01  -6.0453200e+05
   6.9086200e+00  -1.0782900e+00   6.0296600e+00   2.8762100e+00   5.2579400e+00   5.5840900e-01  -6.0453100e+05
   6.9092200e+00  -1.0809400e+00   6.0296400e+00   2.8761700e+00   5.2573500e+00   5.5839200e-01  -6.0453300e+05
   6.9088300e+00  -1.0798400e+00   6.0296200e+00   2.8762500e+00   5.2576800e+00   5.5827000e-01  -6.0453100e+05
   6.9090200e+00  -1.0787700e+00   6.0296100e+00   2.8762700e+00   5.2574700e+00   5.5816600e-01  -6.0453000e+05
   6.9088700e+00  -1.0783900e+00   6.0296300e+00   2.8762800e+00   5.2576100e+00   5.5811600e-01  -6.0453000e+05
   6.9090300e+00  -1.0787200e+00   6.0296400e+00   2.8763000e+00   5.2575700e+00   5.5827000e-01  -6.0453000e+05
   6.9088500e+00  -1.0791700e+00   6.0297100e+00   2.8762400e+00   5.2578100e+00   5.5846000e-01  -6.0453000e+05
   6.9088700e+00  -1.0788500e+00   6.0296500e+00   2.8761700e+00   5.2577500e+00   5.5847900e-01  -6.0452900e+05
   6.9087700e+00  -1.0785500e+00   6.0296500e+00   2.8761700e+00   5.2578200e+00   5.5850800e-01  -6.0452900e+05
   6.9087000e+00  -1.0785700e+00   6.0297200e+00   2.8761800e+00   5.2578200e+00   5.5848700e-01  -6.0453100e+05
   6.9086200e+00  -1.0792500e+00   6.0296400e+00   2.8762400e+00   5.2579200e+00   5.5852600e-01  -6.0453200e+05
   6.9087400e+00  -1.0787400e+00   6.0297200e+00   2.8762400e+00   5.2579500e+00   5.5854100e-01  -6.0453000e+05
   6.9085700e+00  -1.0797000e+00   6.0296800e+00   2.8762700e+00   5.2582700e+00   5.5861900e-01  -6.0453100e+05
   6.9088000e+00  -1.0788400e+00   6.0297300e+00   2.8763000e+00   5.2578800e+00   5.5852600e-01  -6.0453000e+05
   6.9087100e+00  -1.0789400e+00   6.0296100e+00   2.8762500e+00   5.2578100e+00   5.5850300e-01  -6.0453100e+05
   6.9090000e+00  -1.0785800e+00   6.0296900e+00   2.8762100e+00   5.2574200e+00   5.5849800e-01  -6.0453100e+05
   6.9089800e+00  -1.0794500e+00   6.0296300e+00   2.8761900e+00   5.2574700e+00   5.5852500e-01  -6.0453100e+05
   6.9087600e+00  -1.0786700e+00   6.0296300e+00   2.8761700e+00   5.2577400e+00   5.5863600e-01  -6.0453100e+05
   6.9088700e+00  -1.0783900e+00   6.0297000e+00   2.8761700e+00   5.2580000e+00   5.5876500e-01  -6.0453200e+05
   6.9087100e+00  -1.0790300e+00   6.0297300e+00   2.8762300e+00   5.2580100e+00   5.5856800e-01  -6.0453100e+05
   6.9087200e+00  -1.0785800e+00   6.0296700e+00   2.8762800e+00   5.2578400e+00   5.5851500e-01  -6.0453000e+05
   6.9088300e+00  -1.0774200e+00   6.0297400e+00   2.8763600e+00   5.2580500e+00   5.5848400e-01  -6.0453200e+05
   6.9088400e+00  -1.0768200e+00   6.0296600e+00   2.8763600e+00   5.2579200e+00   5.5849000e-01  -6.0453200e+05
   6.9087500e+00  -1.0771500e+00   6.0296700e+00   2.8763800e+00   5.2576700e+00   5.5847300e-01  -6.0453000e+05
   6.9090000e+00  -1.0768800e+00   6.0297200e+00   2.8763200e+00   5.2577600e+00   5.5843000e-01  -6.0453300e+05
   6.9087700e+00  -1.0759200e+00   6.0296900e+00   2.8762300e+00   5.2578100e+00   5.5827600e-01  -6.0453000e+05
   6.9086700e+00  -1.0750300e+00   6.0297300e+00   2.8761600e+00   5.2577600e+00   5.5833600e-01  -6.0453000e+05
   6.9085800e+00  -1.0760700e+00   6.0297000e+00   2.8761400e+00   5.2580000e+00   5.5823800e-01  -6.0453100e+05
   6.9087800e+00  -1.0769300e+00   6.0296700e+00   2.8761900e+00   5.2577300e+00   5.5819300e-01  -6.0452900e+05
   6.9090500e+00  -1.0765700e+00   6.0296300e+00   2.8762200e+00   5.2575100e+00   5.5820700e-01  -6.0453300e+05
   6.9087700e+00  -1.0751600e+00   6.0296800e+00   2.8762200e+00   5.2577400e+00   5.5822500e-01  -6.0453000e+05
   6.9089200e+00  -1.0758200e+00   6.0297700e+00   2.8762000e+00   5.2576300e+00   5.5829800e-01  -6.0453100e+05
   6.9088300e+00  -1.0756300e+00   6.0296900e+00   2.8762200e+00   5.2576500e+00   5.5834000e-01  -6.0453000e+05
   6.9087500e+00  -1.0742500e+00   6.0296800e+00   2.8762300e+00   5.2575600e+00   5.5846900e-01  -6.0453300e+05
   6.9085300e+00  -1.0746400e+00   6.0297800e+00   2.8762500e+00   5.2580500e+00   5.5847300e-01  -6.0453100e+05
   6.9085500e+00  -1.0751800e+00   6.0298300e+00   2.8761900e+00   5.2580700e+00   5.5849000e-01  -6.0453400e+05
   6.9083800e+00  -1.0737600e+00   6.0297300e+00   2.8762400e+00   5.2578100e+00   5.5838300e-01  -6.0453700e+05
   6.9085100e+00  -1.0723800e+00   6.0298500e+00   2.8761900e+00   5.2582500e+00   5.5846400e-01  -6.0453600e+05
   6.9084300e+00  -1.0740700e+00   6.0297100e+00   2.8762300e+00   5.2581900e+00   5.5845700e-01  -6.0453300e+05
   6.9085500e+00  -1.0747500e+00   6.0297100e+00   2.8763200e+00   5.2580900e+00   5.5847000e-01  -6.0453100e+05
   6.9086800e+00  -1.0744700e+00   6.0297400e+00   2.8763900e+00   5.2580700e+00   5.5846300e-01  -6.0453300e+05
   6.9084100e+00  -1.0742900e+00   6.0296600e+00   2.8763500e+00   5.2577000e+00   5.5860200e-01  -6.0453900e+05
   6.9085300e+00  -1.0748300e+00   6.0297100e+00   2.8763200e+00   5.2581600e+00   5.5863000e-01  -6.0453200e+05
   6.9087300e+00  -1.0746400e+00   6.0297600e+00   2.8762600e+00   5.2579200e+00   5.5852800e-01  -6.0453200e+05
   6.9085300e+00  -1.0740400e+00   6.0297200e+00   2.8762100e+00   5.2580700e+00   5.5833100e-01  -6.0453200e+05
   6.9089000e+00  -1.0744800e+00   6.0297900e+00   2.8762000e+00   5.2574500e+00   5.5838300e-01  -6.0453300e+05
   6.9088400e+00  -1.0753700e+00   6.0296800e+00   2.8760800e+00   5.2576600e+00   5.5836400e-01  -6.0453100e+05
   6.9086600e+00  -1.0748400e+00   6.0297600e+00   2.8761900e+00   5.2579200e+00   5.5833700e-01  -6.0453000e+05
   6.9085200e+00  -1.0737700e+00   6.0297400e+00   2.8762100e+00   5.2580300e+00   5.5842300e-01  -6.0453100e+05
   6.9086100e+00  -1.0743600e+00   6.0297400e+00   2.8761400e+00   5.2579000e+00   5.5841100e-01  -6.0453000e+05
   6.9084900e+00  -1.0756100e+00   6.0297200e+00   2.8760300e+00   5.2584800e+00   5.5841000e-01  -6.0453600e+05
   6.9087000e+00  -1.0759700e+00   6.0297600e+00   2.8759600e+00   5.2578300e+00   5.5841200e-01  -6.0453000e+05
   6.9085800e+00  -1.0752600e+00   6.0297800e+00   2.8759600e+00   5.2582400e+00   5.5837000e-01  -6.0453200e+05
   6.9087900e+00  -1.0755600e+00   6.0297500e+00   2.8760000e+00   5.2579300e+00   5.5833100e-01  -6.0453100e+05
   6.9086400e+00  -1.0753700e+00   6.0297000e+00   2.8759800e+00   5.2578800e+00   5.5842200e-01  -6.0453000e+05
   6.9087000e+00  -1.0760300e+00   6.0297200e+00   2.8759000e+00   5.2577000e+00   5.5843200e-01  -6.0453000e+05
   6.9086000e+00  -1.0763500e+00   6.0297400e+00   2.8758900e+00   5.2577900e+00   5.5839400e-01  -6.0453100e+05
   6.9084700e+00  -1.0761700e+00   6.0297800e+00   2.8758600e+00   5.2584000e+00   5.5846100e-01  -6.0453300e+05
   6.9089400e+00  -1.0761900e+00   6.0297400e+00   2.8759200e+00   5.2577100e+00   5.5843100e-01  -6.0453200e+05
   6.9088300e+00  -1.0768100e+00   6.0297600e+00   2.8758500e+00   5.2578700e+00   5.5822500e-01  -6.0453000e+05
   6.9086500e+00  -1.0771300e+00   6.0297500e+00   2.8757600e+00   5.2579400e+00   5.5820800e-01  -6.0453000e+05
   6.9089100e+00  -1.0763500e+00   6.0297800e+00   2.8756900e+00   5.2577600e+00   5.5811300e-01  -6.0453000e+05
   6.9086500e+00  -1.0753900e+00   6.0297600e+00   2.8758100e+00   5.2581000e+00   5.5817000e-01  -6.0453100e+05
   6.9089600e+00  -1.0778800e+00   6.0296800e+00   2.8758100e+00   5.2573200e+00   5.5806600e-01  -6.0453000e+05
   6.9087600e+00  -1.0761000e+00   6.0297700e+00   2.8758000e+00   5.2578900e+00   5.5811300e-01  -6.0453000e+05
   6.9088300e+00  -1.0776600e+00   6.0297800e+00   2.8756400e+00   5.2577100e+00   5.5803300e-01  -6.0453100e+05
   6.9089100e+00  -1.0781800e+00   6.0297300e+00   2.8756900e+00   5.2575800e+00   5.5811200e-01  -6.0453000e+05
   6.9088800e+00  -1.0760000e+00   6.0297000e+00   2.8757100e+00   5.2577200e+00   5.5807900e-01  -6.0453000e+05
   6.9089100e+00  -1.0758700e+00   6.0297800e+00   2.8757400e+00   5.2577900e+00   5.5817100e-01  -6.0453100e+05
   6.9089100e+00  -1.0756500e+00   6.0296800e+00   2.8757700e+00   5.2577700e+00   5.5833000e-01  -6.0453400e+05
   6.9085900e+00  -1.0757400e+00   6.0297300e+00   2.8758400e+00   5.2579600e+00   5.5822200e-01  -6.0453000e+05
   6.9086900e+00  -1.0758500e+00   6.0297300e+00   2.8757800e+00   5.2577300e+00   5.5814100e-01  -6.0453000e+05
   6.9089800e+00  -1.0764900e+00   6.0296800e+00   2.8757400e+00   5.2573700e+00   5.5801000e-01  -6.0452900e+05
   6.9091100e+00  -1.0762800e+00   6.0297000e+00   2.8757800e+00   5.2572100e+00   5.5788800e-01  -6.0452900e+05
   6.9091000e+00  -1.0754000e+00   6.0297700e+00   2.8757300e+00   5.2572200e+00   5.5780700e-01  -6.0453000e+05
   6.9089100e+00  -1.0754000e+00   6.0297300e+00   2.8756800e+00   5.2572900e+00   5.5782600e-01  -6.0453000e+05
   6.9090400e+00  -1.0747700e+00   6.0297000e+00   2.8757100e+00   5.2570200e+00   5.5776800e-01  -6.0453100e+05
   6.9088800e+00  -1.0731600e+00   6.0297800e+00   2.8756900e+00   5.2575600e+00   5.5780900e-01  -6.0453000e+05
   6.9087300e+00  -1.0744500e+00   6.0297700e+00   2.8756800e+00   5.2577700e+00   5.5784300e-01  -6.0453000e+05
   6.9088600e+00  -1.0754200e+00   6.0296600e+00   2.8757400e+00   5.2574400e+00   5.5777300e-01  -6.0453100e+05
   6.9089100e+00  -1.0768600e+00   6.0297500e+00   2.8757100e+00   5.2575000e+00   5.5780000e-01  -6.0453000e+05
   6.9091500e+00  -1.0770700e+00   6.0296400e+00   2.8756800e+00   5.2571500e+00   5.5771000e-01  -6.0453100e+05
   6.9092200e+00  -1.0778600e+00   6.0297200e+00   2.8756900e+00   5.2574100e+00   5.5774900e-01  -6.0453200e+05
   6.9092400e+00  -1.0760400e+00   6.0297700e+00   2.8756400e+00   5.2571100e+00   5.5766500e-01  -6.0453100e+05
   6.9090900e+00  -1.0774000e+00   6.0296700e+00   2.8756400e+00   5.2571700e+00   5.5760100e-01  -6.0453000e+05
   6.9091700e+00  -1.0774200e+00   6.0297100e+00   2.8756300e+00   5.2571100e+00   5.5747700e-01  -6.0453000e+05
   6.9092400e+00  -1.0770900e+00   6.0297000e+00   2.8756600e+00   5.2568500e+00   5.5749400e-01  -6.0453100e+05
   6.9092300e+00  -1.0767000e+00   6.0297300e+00   2.8756600e+00   5.2572000e+00   5.5755600e-01  -6.0453000e+05
   6.9089400e+00  -1.0775000e+00   6.0297100e+00   2.8756300e+00   5.2575700e+00   5.5772700e-01  -6.0453000e+05
   6.9090400e+00  -1.0775100e+00   6.0297000e+00   2.8757200e+00   5.2574400e+00   5.5767400e-01  -6.0453000e+05
   6.9091700e+00  -1.0770800e+00   6.0296300e+00   2.8757300e+00   5.2571000e+00   5.5755800e-01  -6.0453200e+05
   6.9089900e+00  -1.0743200e+00   6.0297300e+00   2.8757000e+00   5.2572800e+00   5.5757700e-01  -6.0452900e+05
   6.9091100e+00  -1.0759800e+00   6.0297900e+00   2.8755900e+00   5.2574200e+00   5.5753400e-01  -6.0453100e+05
   6.9092900e+00  -1.0757100e+00   6.0297400e+00   2.8757600e+00   5.2570600e+00   5.5755000e-01  -6.0453100e+05
   6.9091400e+00  -1.0751500e+00   6.0297800e+00   2.8757500e+00   5.2572300e+00   5.5758500e-01  -6.0453000e+05
   6.9090500e+00  -1.0747900e+00   6.0297700e+00   2.8757700e+00   5.2573500e+00   5.5753200e-01  -6.0452900e+05
   6.9089000e+00  -1.0741000e+00   6.0296800e+00   2.8757500e+00   5.2574000e+00   5.5769800e-01  -6.0453100e+05
   6.9089800e+00  -1.0748900e+00   6.0297000e+00   2.8756900e+00   5.2574900e+00   5.5767100e-01  -6.0453100e+05
   6.9089000e+00  -1.0745500e+00   6.0297500e+00   2.8757000e+00   5.2572400e+00   5.5768700e-01  -6.0453000e+05
   6.9090400e+00  -1.0745700e+00   6.0297500e+00   2.8756700e+00   5.2574900e+00   5.5777300e-01  -6.0453100e+05
   6.9088700e+00  -1.0744100e+00   6.0298000e+00   2.8756800e+00   5.2578100e+00   5.5787800e-01  -6.0453200e+05
   6.9089500e+00  -1.0735600e+00   6.0298100e+00   2.8756900e+00   5.2574600e+00   5.5779000e-01  -6.0453000e+05
   6.9086900e+00  -1.0731500e+00   6.0297100e+00   2.8757500e+00   5.2576400e+00   5.5777700e-01  -6.0453200e+05
   6.9088400e+00  -1.0728100e+00   6.0297700e+00   2.8755900e+00   5.2573600e+00   5.5758100e-01  -6.0453000e+05
   6.9088600e+00  -1.0720800e+00   6.0298200e+00   2.8756400e+00   5.2573200e+00   5.5759000e-01  -6.0453100e+05
   6.9087100e+00  -1.0720100e+00   6.0297900e+00   2.8756100e+00   5.2575900e+00   5.5773200e-01  -6.0453100e+05
   6.9089000e+00  -1.0727000e+00   6.0297500e+00   2.8755800e+00   5.2574500e+00   5.5773200e-01  -6.0453100e+05
   6.9087300e+00  -1.0725600e+00   6.0297300e+00   2.8755600e+00   5.2573200e+00   5.5785500e-01  -6.0453300e+05
   6.9090000e+00  -1.0721900e+00   6.0297200e+00   2.8755000e+00   5.2572800e+00   5.5789000e-01  -6.0453500e+05
   6.9088600e+00  -1.0728200e+00   6.0298400e+00   2.8754200e+00   5.2577200e+00   5.5792200e-01  -6.0453300e+05
   6.9089100e+00  -1.0736400e+00   6.0297700e+00   2.8754300e+00   5.2576000e+00   5.5791700e-01  -6.0453100e+05
   6.9088500e+00  -1.0741800e+00   6.0297600e+00   2.8753900e+00   5.2574300e+00   5.5792000e-01  -6.0453000e+05
   6.9089700e+00  -1.0769500e+00   6.0297200e+00   2.8753500e+00   5.2573600e+00   5.5791200e-01  -6.0453000e+05
   6.9090700e+00  -1.0767100e+00   6.0297400e+00   2.8753200e+00   5.2573200e+00   5.5781800e-01  -6.0453000e+05
   6.9089300e+00  -1.0761800e+00   6.0297300e+00   2.8753100e+00   5.2574400e+00   5.5782300e-01  -6.0452900e+05
   6.9090900e+00  -1.0770600e+00   6.0298100e+00   2.8752600e+00   5.2573500e+00   5.5796400e-01  -6.0453300e+05
   6.9088300e+00  -1.0755200e+00   6.0297600e+00   2.8752200e+00   5.2578700e+00   5.5789300e-01  -6.0453100e+05
   6.9089400e+00  -1.0766800e+00   6.0297600e+00   2.8750900e+00   5.2574200e+00   5.5780800e-01  -6.0453100e+05
   6.9090500e+00  -1.0762000e+00   6.0297400e+00   2.8750700e+00   5.2573100e+00   5.5773000e-01  -6.0453000e+05
   6.9088700e+00  -1.0769000e+00   6.0296900e+00   2.8750300e+00   5.2575800e+00   5.5782700e-01  -6.0453100e+05
   6.9086900e+00  -1.0762800e+00   6.0297300e+00   2.8751800e+00   5.2578700e+00   5.5785100e-01  -6.0453200e+05
   6.9088900e+00  -1.0773700e+00   6.0297200e+00   2.8751300e+00   5.2576200e+00   5.5780000e-01  -6.0453000e+05
   6.9088400e+00  -1.0770300e+00   6.0297700e+00   2.8751800e+00   5.2578100e+00   5.5785100e-01  -6.0453100e+05
   6.9090400e+00  -1.0768000e+00   6.0297100e+00   2.8752200e+00   5.2573000e+00   5.5784400e-01  -6.0453000e+05
   6.9088800e+00  -1.0762100e+00   6.0296500e+00   2.8751100e+00   5.2574700e+00   5.5765700e-01  -6.0453400e+05
   6.9089300e+00  -1.0765900e+00   6.0297500e+00   2.8750400e+00   5.2576000e+00   5.5765900e-01  -6.0453100e+05
   6.9093900e+00  -1.0770800e+00   6.0297300e+00   2.8750500e+00   5.2570000e+00   5.5758900e-01  -6.0453300e+05
   6.9088100e+00  -1.0757500e+00   6.0297700e+00   2.8750400e+00   5.2578400e+00   5.5753600e-01  -6.0453400e+05
   6.9088700e+00  -1.0740200e+00   6.0297500e+00   2.8751600e+00   5.2574400e+00   5.5759400e-01  -6.0453100e+05
   6.9090700e+00  -1.0734200e+00   6.0297900e+00   2.8752700e+00   5.2572700e+00   5.5750900e-01  -6.0453100e+05
   6.9088100e+00  -1.0717700e+00   6.0297900e+00   2.8753000e+00   5.2572700e+00   5.5744800e-01  -6.0453200e+05
   6.9088600e+00  -1.0725200e+00   6.0298000e+00   2.8752800e+00   5.2573600e+00   5.5736500e-01  -6.0453100e+05
   6.9089800e+00  -1.0714000e+00   6.0297900e+00   2.8753800e+00   5.2572100e+00   5.5737300e-01  -6.0453100e+05
   6.9091700e+00  -1.0714100e+00   6.0298000e+00   2.8753700e+00   5.2569700e+00   5.5748700e-01  -6.0453300e+05
   6.9092800e+00  -1.0718400e+00   6.0298000e+00   2.8753700e+00   5.2568400e+00   5.5744300e-01  -6.0453400e+05
   6.9092500e+00  -1.0736300e+00   6.0297000e+00   2.8753900e+00   5.2567300e+00   5.5736400e-01  -6.0453200e+05
   6.9093500e+00  -1.0742800e+00   6.0296800e+00   2.8753400e+00   5.2568400e+00   5.5735800e-01  -6.0453500e+05
   6.9092600e+00  -1.0748800e+00   6.0298000e+00   2.8753100e+00   5.2570000e+00   5.5738100e-01  -6.0453100e+05
   6.9091700e+00  -1.0744500e+00   6.0297500e+00   2.8752500e+00   5.2570400e+00   5.5739100e-01  -6.0453000e+05
   6.9090500e+00  -1.0744300e+00   6.0298200e+00   2.8752700e+00   5.2573300e+00   5.5736200e-01  -6.0453100e+05
   6.9088100e+00  -1.0746900e+00   6.0297400e+00   2.8752400e+00   5.2576300e+00   5.5747000e-01  -6.0453200e+05
   6.9091200e+00  -1.0757700e+00   6.0297900e+00   2.8752400e+00   5.2571800e+00   5.5744100e-01  -6.0453100e+05
   6.9091300e+00  -1.0771300e+00   6.0297100e+00   2.8751500e+00   5.2570500e+00   5.5739600e-01  -6.0453200e+05
   6.9090600e+00  -1.0762300e+00   6.0296900e+00   2.8752100e+00   5.2570100e+00   5.5729900e-01  -6.0453300e+05
   6.9091700e+00  -1.0764200e+00   6.0297400e+00   2.8752200e+00   5.2569600e+00   5.5740500e-01  -6.0453200e+05
   6.9091500e+00  -1.0764800e+00   6.0297800e+00   2.8752000e+00   5.2571400e+00   5.5752300e-01  -6.0453100e+05
   6.9092400e+00  -1.0762000e+00   6.0297400e+00   2.8752600e+00   5.2569700e+00   5.5758500e-01  -6.0453100e+05
   6.9090900e+00  -1.0769500e+00   6.0297800e+00   2.8753100e+00   5.2573000e+00   5.5767300e-01  -6.0453100e+05
   6.9089900e+00  -1.0761400e+00   6.0297200e+00   2.8754000e+00   5.2573900e+00   5.5765400e-01  -6.0452900e+05
   6.9088600e+00  -1.0754400e+00   6.0296900e+00   2.8754100e+00   5.2573200e+00   5.5763800e-01  -6.0453200e+05
   6.9091000e+00  -1.0758600e+00   6.0296200e+00   2.8754100e+00   5.2570800e+00   5.5759600e-01  -6.0453400e+05
   6.9091000e+00  -1.0757800e+00   6.0297700e+00   2.8753700e+00   5.2571200e+00   5.5749100e-01  -6.0453100e+05
   6.9093300e+00  -1.0779300e+00   6.0297100e+00   2.8753600e+00   5.2568100e+00   5.5741600e-01  -6.0453300e+05
   6.9089500e+00  -1.0776700e+00   6.0297400e+00   2.8753400e+00   5.2578500e+00   5.5753800e-01  -6.0453600e+05
   6.9091400e+00  -1.0776200e+00   6.0297500e+00   2.8753600e+00   5.2574300e+00   5.5753500e-01  -6.0453200e+05
   6.9092900e+00  -1.0780100e+00   6.0296800e+00   2.8754000e+00   5.2571200e+00   5.5753100e-01  -6.0453200e+05
   6.9090200e+00  -1.0784200e+00   6.0296200e+00   2.8752800e+00   5.2573200e+00   5.5751200e-01  -6.0453500e+05
   6.9092400e+00  -1.0790700e+00   6.0297100e+00   2.8752500e+00   5.2571200e+00   5.5747900e-01  -6.0453300e+05
   6.9090600e+00  -1.0790200e+00   6.0296200e+00   2.8752000e+00   5.2571100e+00   5.5743000e-01  -6.0453700e+05
   6.9091800e+00  -1.0772100e+00   6.0297100e+00   2.8751700e+00   5.2571400e+00   5.5741300e-01  -6.0453100e+05
   6.9090900e+00  -1.0765500e+00   6.0296600e+00   2.8750900e+00   5.2573000e+00   5.5753000e-01  -6.0453300e+05
   6.9090400e+00  -1.0756400e+00   6.0297900e+00   2.8751400e+00   5.2574500e+00   5.5749200e-01  -6.0453100e+05
   6.9089500e+00  -1.0758500e+00   6.0298200e+00   2.8752500e+00   5.2573000e+00   5.5736100e-01  -6.0453500e+05
   6.9090800e+00  -1.0755200e+00   6.0298100e+00   2.8752700e+00   5.2571700e+00   5.5717700e-01  -6.0453300e+05
   6.9091500e+00  -1.0758800e+00   6.0297500e+00   2.8753700e+00   5.2571200e+00   5.5720300e-01  -6.0453100e+05
   6.9093400e+00  -1.0767700e+00   6.0297000e+00   2.8753600e+00   5.2568600e+00   5.5719200e-01  -6.0453200e+05
   6.9091400e+00  -1.0771200e+00   6.0297600e+00   2.8755000e+00   5.2572400e+00   5.5736300e-01  -6.0453200e+05
   6.9090100e+00  -1.0761700e+00   6.0297100e+00   2.8755400e+00   5.2573800e+00   5.5745000e-01  -6.0453100e+05
   6.9090800e+00  -1.0751200e+00   6.0297100e+00   2.8754500e+00   5.2573200e+00   5.5753300e-01  -6.0453000e+05
   6.9089800e+00  -1.0745300e+00   6.0297200e+00   2.8755000e+00   5.2574000e+00   5.5749200e-01  -6.0453000e+05
   6.9088100e+00  -1.0763900e+00   6.0297000e+00   2.8757000e+00   5.2576200e+00   5.5758500e-01  -6.0453200e+05
   6.9090600e+00  -1.0749800e+00   6.0297300e+00   2.8757700e+00   5.2571700e+00   5.5743200e-01  -6.0452900e+05
   6.9091400e+00  -1.0760700e+00   6.0297500e+00   2.8757400e+00   5.2573000e+00   5.5744900e-01  -6.0453000e+05
   6.9091200e+00  -1.0745700e+00   6.0298000e+00   2.8757900e+00   5.2571600e+00   5.5736700e-01  -6.0453000e+05
   6.9093300e+00  -1.0746200e+00   6.0297400e+00   2.8757000e+00   5.2568800e+00   5.5739000e-01  -6.0453100e+05
   6.9091000e+00  -1.0749800e+00   6.0296800e+00   2.8756100e+00   5.2571100e+00   5.5738900e-01  -6.0453100e+05
   6.9089400e+00  -1.0751900e+00   6.0297100e+00   2.8755500e+00   5.2573200e+00   5.5736100e-01  -6.0453100e+05
   6.9093100e+00  -1.0755100e+00   6.0297800e+00   2.8755300e+00   5.2568700e+00   5.5731300e-01  -6.0453100e+05
   6.9089600e+00  -1.0769000e+00   6.0296500e+00   2.8754200e+00   5.2571900e+00   5.5736200e-01  -6.0453500e+05
   6.9090100e+00  -1.0778600e+00   6.0296400e+00   2.8753500e+00   5.2572700e+00   5.5755600e-01  -6.0453300e+05
   6.9089500e+00  -1.0760800e+00   6.0297300e+00   2.8753200e+00   5.2573100e+00   5.5752800e-01  -6.0453100e+05
   6.9092100e+00  -1.0761100e+00   6.0297100e+00   2.8754500e+00   5.2571100e+00   5.5758700e-01  -6.0453000e+05
   6.9087700e+00  -1.0762400e+00   6.0297100e+00   2.8754600e+00   5.2578000e+00   5.5781700e-01  -6.0453100e+05
   6.9088800e+00  -1.0763500e+00   6.0297400e+00   2.8755300e+00   5.2576300e+00   5.5786300e-01  -6.0452900e+05
   6.9089400e+00  -1.0751500e+00   6.0298200e+00   2.8755500e+00   5.2574100e+00   5.5789100e-01  -6.0453100e+05
   6.9088900e+00  -1.0769000e+00   6.0297200e+00   2.8756200e+00   5.2575200e+00   5.5798000e-01  -6.0452900e+05
   6.9087800e+00  -1.0763100e+00   6.0297200e+00   2.8756800e+00   5.2578000e+00   5.5782400e-01  -6.0453100e+05
   6.9092900e+00  -1.0767500e+00   6.0297500e+00   2.8756900e+00   5.2572100e+00   5.5778100e-01  -6.0453200e+05
   6.9089100e+00  -1.0755200e+00   6.0297500e+00   2.8756500e+00   5.2573500e+00   5.5772600e-01  -6.0452900e+05
   6.9089300e+00  -1.0750800e+00   6.0297900e+00   2.8757300e+00   5.2575200e+00   5.5781000e-01  -6.0452900e+05
   6.9089000e+00  -1.0762800e+00   6.0298000e+00   2.8757600e+00   5.2575000e+00   5.5777900e-01  -6.0453100e+05
   6.9090300e+00  -1.0763000e+00   6.0297300e+00   2.8757300e+00   5.2573500e+00   5.5775400e-01  -6.0452900e+05
   6.9089700e+00  -1.0769200e+00   6.0296500e+00   2.8756400e+00   5.2572100e+00   5.5772700e-01  -6.0453100e+05
   6.9090300e+00  -1.0758300e+00   6.0297100e+00   2.8756200e+00   5.2572500e+00   5.5757400e-01  -6.0452900e+05
   6.9090800e+00  -1.0767500e+00   6.0296700e+00   2.8755200e+00   5.2571600e+00   5.5764300e-01  -6.0453000e+05
   6.9089600e+00  -1.0757300e+00   6.0297300e+00   2.8755400e+00   5.2574700e+00   5.5761500e-01  -6.0453000e+05
   6.9089700e+00  -1.0763500e+00   6.0297700e+00   2.8756600e+00   5.2576400e+00   5.5759200e-01  -6.0453100e+05
   6.9089900e+00  -1.0758300e+00   6.0296700e+00   2.8756400e+00   5.2572600e+00   5.5761600e-01  -6.0453000e+05
   6.9093000e+00  -1.0755400e+00   6.0296800e+00   2.8757100e+00   5.2567800e+00   5.5775900e-01  -6.0453300e+05
   6.9089300e+00  -1.0760800e+00   6.0296800e+00   2.8757100e+00   5.2574300e+00   5.5787800e-01  -6.0452900e+05
   6.9088200e+00  -1.0763400e+00   6.0297000e+00   2.8757300e+00   5.2573300e+00   5.5792500e-01  -6.0453200e+05
   6.9086900e+00  -1.0754300e+00   6.0297100e+00   2.8757700e+00   5.2578300e+00   5.5805200e-01  -6.0453000e+05
   6.9088800e+00  -1.0766100e+00   6.0296700e+00   2.8757200e+00   5.2576000e+00   5.5806700e-01  -6.0452900e+05
   6.9090600e+00  -1.0775700e+00   6.0296900e+00   2.8756900e+00   5.2570400e+00   5.5813800e-01  -6.0453400e+05
   6.9089000e+00  -1.0767000e+00   6.0297000e+00   2.8757700e+00   5.2575600e+00   5.5816200e-01  -6.0452900e+05
   6.9089000e+00  -1.0767500e+00   6.0297100e+00   2.8757800e+00   5.2573700e+00   5.5811100e-01  -6.0453000e+05
   6.9088500e+00  -1.0777500e+00   6.0296500e+00   2.8757800e+00   5.2577500e+00   5.5813100e-01  -6.0453000e+05
   6.9088800e+00  -1.0782200e+00   6.0296900e+00   2.8758100e+00   5.2578500e+00   5.5818300e-01  -6.0453000e+05
   6.9091800e+00  -1.0783800e+00   6.0296900e+00   2.8758500e+00   5.2572700e+00   5.5810500e-01  -6.0453100e+05
   6.9088000e+00  -1.0778000e+00   6.0296900e+00   2.8757600e+00   5.2578500e+00   5.5815100e-01  -6.0452900e+05
   6.9087300e+00  -1.0784900e+00   6.0296800e+00   2.8757300e+00   5.2578700e+00   5.5811400e-01  -6.0453100e+05
   6.9089600e+00  -1.0775800e+00   6.0297300e+00   2.8756600e+00   5.2576000e+00   5.5812100e-01  -6.0452900e+05
   6.9090600e+00  -1.0782700e+00   6.0296800e+00   2.8756500e+00   5.2573800e+00   5.5805700e-01  -6.0452900e+05
   6.9090400e+00  -1.0778100e+00   6.0297600e+00   2.8757000e+00   5.2576200e+00   5.5810700e-01  -6.0453000e+05
   6.9087600e+00  -1.0770000e+00   6.0297500e+00   2.8758100e+00   5.2578000e+00   5.5813800e-01  -6.0453000e+05
   6.9089100e+00  -1.0775500e+00   6.0297600e+00   2.8757700e+00   5.2576000e+00   5.5807600e-01  -6.0453000e+05
   6.9088500e+00  -1.0761100e+00   6.0297500e+00   2.8758800e+00   5.2573700e+00   5.5789600e-01  -6.0453100e+05
   6.9088700e+00  -1.0760100e+00   6.0297400e+00   2.8759400e+00   5.2577600e+00   5.5796200e-01  -6.0453000e+05
   6.9088600e+00  -1.0783700e+00   6.0297300e+00   2.8759300e+00   5.2577300e+00   5.5788500e-01  -6.0453100e+05
   6.9091900e+00  -1.0784000e+00   6.0296800e+00   2.8759200e+00   5.2573600e+00   5.5781400e-01  -6.0453000e+05
   6.9090400e+00  -1.0773500e+00   6.0296600e+00   2.8759900e+00   5.2571300e+00   5.5779300e-01  -6.0453000e+05
   6.9088800e+00  -1.0775800e+00   6.0296900e+00   2.8759700e+00   5.2577200e+00   5.5785600e-01  -6.0453000e+05
   6.9090100e+00  -1.0771000e+00   6.0296500e+00   2.8759500e+00   5.2574700e+00   5.5786300e-01  -6.0453000e+05
   6.9090500e+00  -1.0771000e+00   6.0295900e+00   2.8758800e+00   5.2572700e+00   5.5777800e-01  -6.0453300e+05
   6.9088300e+00  -1.0769700e+00   6.0297000e+00   2.8758700e+00   5.2574800e+00   5.5767800e-01  -6.0453100e+05
   6.9090800e+00  -1.0775800e+00   6.0296500e+00   2.8758100e+00   5.2572300e+00   5.5766500e-01  -6.0453000e+05
   6.9089500e+00  -1.0772300e+00   6.0296700e+00   2.8757600e+00   5.2573300e+00   5.5753700e-01  -6.0453100e+05
   6.9089000e+00  -1.0757800e+00   6.0297900e+00   2.8757600e+00   5.2573000e+00   5.5767600e-01  -6.0453300e+05
   6.9090500e+00  -1.0774200e+00   6.0296900e+00   2.8757500e+00   5.2572100e+00   5.5766000e-01  -6.0453000e+05
   6.9088600e+00  -1.0772400e+00   6.0298200e+00   2.8756800e+00   5.2575300e+00   5.5768500e-01  -6.0453600e+05
   6.9089400e+00  -1.0755900e+00   6.0296900e+00   2.8756900e+00   5.2577100e+00   5.5768900e-01  -6.0453300e+05
   6.9090000e+00  -1.0755100e+00   6.0297900e+00   2.8756000e+00   5.2574200e+00   5.5768200e-01  -6.0453000e+05
   6.9090600e+00  -1.0757200e+00   6.0296700e+00   2.8756800e+00   5.2572900e+00   5.5774900e-01  -6.0453000e+05
   6.9090800e+00  -1.0756600e+00   6.0297700e+00   2.8758000e+00   5.2575300e+00   5.5771800e-01  -6.0453100e+05
   6.9088800e+00  -1.0750500e+00   6.0298400e+00   2.8758800e+00   5.2576300e+00   5.5765200e-01  -6.0453300e+05
