   6.9093400e+00  -1.0738500e+00   6.0297300e+00   2.8760700e+00   5.2565400e+00   5.5709400e-01  -7.2543600e+05
   6.9092300e+00  -1.0738100e+00   6.0297000e+00   2.8761300e+00   5.2568800e+00   5.5725900e-01  -7.2543500e+05
   6.9089700e+00  -1.0738000e+00   6.0297700e+00   2.8759100e+00   5.2571900e+00   5.5753700e-01  -7.2543500e+05
   6.9088000e+00  -1.0737700e+00   6.0297700e+00   2.8757200e+00   5.2575600e+00   5.5767000e-01  -7.2543600e+05
   6.9089400e+00  -1.0737500e+00   6.0297800e+00   2.8762000e+00   5.2573700e+00   5.5776100e-01  -7.2543500e+05
   6.9091400e+00  -1.0737500e+00   6.0297400e+00   2.8762900e+00   5.2569100e+00   5.5750500e-01  -7.2543500e+05
   6.9089000e+00  -1.0737400e+00   6.0298100e+00   2.8760400e+00   5.2575300e+00   5.5768600e-01  -7.2543700e+05
   6.9088600e+00  -1.0737500e+00   6.0297400e+00   2.8760000e+00   5.2573600e+00   5.5793900e-01  -7.2543500e+05
   6.9087900e+00  -1.0737400e+00   6.0297700e+00   2.8756800e+00   5.2577500e+00   5.5779200e-01  -7.2543700e+05
   6.9089700e+00  -1.0737200e+00   6.0298100e+00   2.8758200e+00   5.2571100e+00   5.5750600e-01  -7.2543800e+05
   6.9090000e+00  -1.0736800e+00   6.0297200e+00   2.8756600e+00   5.2572300e+00   5.5775900e-01  -7.2543600e+05
   6.9090700e+00  -1.0737000e+00   6.0297800e+00   2.8756300e+00   5.2571300e+00   5.5733900e-01  -7.2543500e+05
   6.9091200e+00  -1.0736700e+00   6.0297500e+00   2.8757300e+00   5.2570800e+00   5.5728500e-01  -7.2543500e+05
   6.9091100e+00  -1.0736900e+00   6.0297900e+00   2.8756600e+00   5.2570500e+00   5.5710000e-01  -7.2543600e+05
   6.9091400e+00  -1.0736900e+00   6.0297600e+00   2.8759200e+00   5.2571000e+00   5.5731300e-01  -7.2543500e+05
   6.9090900e+00  -1.0737300e+00   6.0297700e+00   2.8759200e+00   5.2572700e+00   5.5739400e-01  -7.2543600e+05
   6.9089000e+00  -1.0737200e+00   6.0296900e+00   2.8761700e+00   5.2573100e+00   5.5756400e-01  -7.2543600e+05
   6.9087800e+00  -1.0737000e+00   6.0297000e+00   2.8762700e+00   5.2574600e+00   5.5747400e-01  -7.2543700e+05
   6.9089400e+00  -1.0737400e+00   6.0296900e+00   2.8759500e+00   5.2571300e+00   5.5757000e-01  -7.2543600e+05
   6.9086900e+00  -1.0737700e+00   6.0298100e+00   2.8761100e+00   5.2577300e+00   5.5797400e-01  -7.2543700e+05
   6.9088000e+00  -1.0737700e+00   6.0297600e+00   2.8758800e+00   5.2575600e+00   5.5806500e-01  -7.2543600e+05
   6.9088000e+00  -1.0737300e+00   6.0296900e+00   2.8761300e+00   5.2571600e+00   5.5788900e-01  -7.2544000e+05
   6.9088500e+00  -1.0737600e+00   6.0297700e+00   2.8761500e+00   5.2573900e+00   5.5759000e-01  -7.2543500e+05
   6.9088000e+00  -1.0737600e+00   6.0297700e+00   2.8760000e+00   5.2573500e+00   5.5770000e-01  -7.2543600e+05
   6.9090300e+00  -1.0737700e+00   6.0297500e+00   2.8757100e+00   5.2571300e+00   5.5747400e-01  -7.2543500e+05
   6.9088000e+00  -1.0738000e+00   6.0297300e+00   2.8752100e+00   5.2577200e+00   5.5779400e-01  -7.2543900e+05
   6.9087200e+00  -1.0738200e+00   6.0298000e+00   2.8751300e+00   5.2578500e+00   5.5794600e-01  -7.2543800e+05
   6.9089000e+00  -1.0737800e+00   6.0298200e+00   2.8759700e+00   5.2575200e+00   5.5781100e-01  -7.2543600e+05
   6.9088300e+00  -1.0737600e+00   6.0297800e+00   2.8758900e+00   5.2574900e+00   5.5795600e-01  -7.2543600e+05
   6.9086300e+00  -1.0737200e+00   6.0297500e+00   2.8756200e+00   5.2577600e+00   5.5834100e-01  -7.2543800e+05
   6.9084200e+00  -1.0737000e+00   6.0297400e+00   2.8754400e+00   5.2580200e+00   5.5827200e-01  -7.2544100e+05
   6.9088300e+00  -1.0736700e+00   6.0297400e+00   2.8753700e+00   5.2575000e+00   5.5828400e-01  -7.2544000e+05
   6.9085500e+00  -1.0736900e+00   6.0298300e+00   2.8754000e+00   5.2582200e+00   5.5838000e-01  -7.2544000e+05
   6.9086200e+00  -1.0736700e+00   6.0297500e+00   2.8756700e+00   5.2580800e+00   5.5857000e-01  -7.2544100e+05
   6.9085200e+00  -1.0736400e+00   6.0297500e+00   2.8758800e+00   5.2579000e+00   5.5853500e-01  -7.2543900e+05
   6.9086200e+00  -1.0736500e+00   6.0297300e+00   2.8761000e+00   5.2578600e+00   5.5822100e-01  -7.2543700e+05
   6.9087800e+00  -1.0736300e+00   6.0297800e+00   2.8760600e+00   5.2576300e+00   5.5830500e-01  -7.2543800e+05
   6.9086000e+00  -1.0736700e+00   6.0297200e+00   2.8762300e+00   5.2579800e+00   5.5849000e-01  -7.2543900e+05
   6.9086500e+00  -1.0736700e+00   6.0297700e+00   2.8761400e+00   5.2579800e+00   5.5827200e-01  -7.2543800e+05
   6.9084400e+00  -1.0736700e+00   6.0297300e+00   2.8765100e+00   5.2580800e+00   5.5860800e-01  -7.2543900e+05
   6.9085200e+00  -1.0736600e+00   6.0297200e+00   2.8764500e+00   5.2580100e+00   5.5862400e-01  -7.2543900e+05
   6.9087000e+00  -1.0737000e+00   6.0296900e+00   2.8764200e+00   5.2578400e+00   5.5854400e-01  -7.2544100e+05
   6.9088200e+00  -1.0736600e+00   6.0296900e+00   2.8762900e+00   5.2575900e+00   5.5820800e-01  -7.2543800e+05
   6.9089000e+00  -1.0736600e+00   6.0297600e+00   2.8765200e+00   5.2573300e+00   5.5805700e-01  -7.2543600e+05
   6.9088700e+00  -1.0736500e+00   6.0297700e+00   2.8760600e+00   5.2574000e+00   5.5808100e-01  -7.2543600e+05
   6.9088700e+00  -1.0736600e+00   6.0297300e+00   2.8763100e+00   5.2572700e+00   5.5786100e-01  -7.2543500e+05
   6.9088200e+00  -1.0736800e+00   6.0298300e+00   2.8760500e+00   5.2578100e+00   5.5768500e-01  -7.2544000e+05
   6.9091400e+00  -1.0736900e+00   6.0297000e+00   2.8759800e+00   5.2569700e+00   5.5735400e-01  -7.2543500e+05
   6.9092100e+00  -1.0736800e+00   6.0297800e+00   2.8763800e+00   5.2570100e+00   5.5737700e-01  -7.2543600e+05
   6.9091300e+00  -1.0736600e+00   6.0296500e+00   2.8763900e+00   5.2569600e+00   5.5719600e-01  -7.2543700e+05
   6.9090600e+00  -1.0736400e+00   6.0296700e+00   2.8764700e+00   5.2569500e+00   5.5770600e-01  -7.2543600e+05
   6.9088500e+00  -1.0736500e+00   6.0298200e+00   2.8760100e+00   5.2575500e+00   5.5793700e-01  -7.2543700e+05
   6.9090800e+00  -1.0736300e+00   6.0297800e+00   2.8759700e+00   5.2571500e+00   5.5745400e-01  -7.2543500e+05
   6.9089700e+00  -1.0736100e+00   6.0297300e+00   2.8758900e+00   5.2571000e+00   5.5758100e-01  -7.2543500e+05
   6.9091100e+00  -1.0736100e+00   6.0297200e+00   2.8762800e+00   5.2570000e+00   5.5788500e-01  -7.2543700e+05
   6.9090900e+00  -1.0736200e+00   6.0297400e+00   2.8763200e+00   5.2570500e+00   5.5796100e-01  -7.2543800e+05
   6.9089200e+00  -1.0736300e+00   6.0297000e+00   2.8763800e+00   5.2574300e+00   5.5785500e-01  -7.2543600e+05
   6.9088700e+00  -1.0736400e+00   6.0297400e+00   2.8763400e+00   5.2573600e+00   5.5770300e-01  -7.2543400e+05
   6.9088800e+00  -1.0736500e+00   6.0297600e+00   2.8763000e+00   5.2574200e+00   5.5770500e-01  -7.2543400e+05
   6.9089100e+00  -1.0736500e+00   6.0297400e+00   2.8763500e+00   5.2571300e+00   5.5747900e-01  -7.2543600e+05
   6.9089700e+00  -1.0736500e+00   6.0296800e+00   2.8762600e+00   5.2573100e+00   5.5723400e-01  -7.2543900e+05
   6.9091000e+00  -1.0736400e+00   6.0297300e+00   2.8763000e+00   5.2571100e+00   5.5728600e-01  -7.2543500e+05
   6.9095600e+00  -1.0736000e+00   6.0296900e+00   2.8765000e+00   5.2561100e+00   5.5662400e-01  -7.2543800e+05
   6.9093200e+00  -1.0736000e+00   6.0297700e+00   2.8765600e+00   5.2564900e+00   5.5646100e-01  -7.2544200e+05
   6.9095100e+00  -1.0735900e+00   6.0297800e+00   2.8768800e+00   5.2563300e+00   5.5642400e-01  -7.2544100e+05
   6.9095700e+00  -1.0735800e+00   6.0297200e+00   2.8767200e+00   5.2563100e+00   5.5656100e-01  -7.2543800e+05
   6.9093600e+00  -1.0735800e+00   6.0296400e+00   2.8765200e+00   5.2564200e+00   5.5650700e-01  -7.2544100e+05
   6.9092500e+00  -1.0735700e+00   6.0297300e+00   2.8765200e+00   5.2566200e+00   5.5660100e-01  -7.2543900e+05
   6.9094400e+00  -1.0735600e+00   6.0297500e+00   2.8765400e+00   5.2563900e+00   5.5672200e-01  -7.2543700e+05
   6.9091400e+00  -1.0735300e+00   6.0297300e+00   2.8763300e+00   5.2568000e+00   5.5704400e-01  -7.2543500e+05
   6.9093400e+00  -1.0735500e+00   6.0297800e+00   2.8765700e+00   5.2567000e+00   5.5724500e-01  -7.2543700e+05
   6.9091000e+00  -1.0735300e+00   6.0297400e+00   2.8763400e+00   5.2571500e+00   5.5766000e-01  -7.2543500e+05
   6.9091200e+00  -1.0735400e+00   6.0297500e+00   2.8768100e+00   5.2571900e+00   5.5750700e-01  -7.2543600e+05
   6.9088700e+00  -1.0735600e+00   6.0297200e+00   2.8768700e+00   5.2574300e+00   5.5773200e-01  -7.2543500e+05
   6.9090700e+00  -1.0735500e+00   6.0297900e+00   2.8765500e+00   5.2571600e+00   5.5764600e-01  -7.2543600e+05
   6.9091600e+00  -1.0735700e+00   6.0297300e+00   2.8766900e+00   5.2568500e+00   5.5740900e-01  -7.2543400e+05
   6.9089700e+00  -1.0735700e+00   6.0297000e+00   2.8764500e+00   5.2573900e+00   5.5751600e-01  -7.2543700e+05
   6.9092900e+00  -1.0735500e+00   6.0297300e+00   2.8765100e+00   5.2565600e+00   5.5707700e-01  -7.2543600e+05
   6.9092000e+00  -1.0735600e+00   6.0297300e+00   2.8768000e+00   5.2568000e+00   5.5706600e-01  -7.2543500e+05
   6.9091100e+00  -1.0735500e+00   6.0297100e+00   2.8770500e+00   5.2568400e+00   5.5701500e-01  -7.2543700e+05
   6.9089700e+00  -1.0735700e+00   6.0297100e+00   2.8769300e+00   5.2570600e+00   5.5728500e-01  -7.2543600e+05
   6.9090300e+00  -1.0735500e+00   6.0297600e+00   2.8768000e+00   5.2571400e+00   5.5772700e-01  -7.2543500e+05
   6.9091300e+00  -1.0735500e+00   6.0297600e+00   2.8765700e+00   5.2570300e+00   5.5783500e-01  -7.2543700e+05
   6.9088900e+00  -1.0735500e+00   6.0297600e+00   2.8769400e+00   5.2573900e+00   5.5815500e-01  -7.2543800e+05
   6.9088100e+00  -1.0735500e+00   6.0297500e+00   2.8768000e+00   5.2572300e+00   5.5806900e-01  -7.2543900e+05
   6.9086400e+00  -1.0735600e+00   6.0297700e+00   2.8769700e+00   5.2578000e+00   5.5804200e-01  -7.2543800e+05
   6.9085700e+00  -1.0735600e+00   6.0297100e+00   2.8769300e+00   5.2578700e+00   5.5832300e-01  -7.2543800e+05
   6.9085500e+00  -1.0735600e+00   6.0297300e+00   2.8774000e+00   5.2579300e+00   5.5858500e-01  -7.2544100e+05
   6.9085000e+00  -1.0736000e+00   6.0296800e+00   2.8773700e+00   5.2579000e+00   5.5825300e-01  -7.2544100e+05
   6.9090900e+00  -1.0736000e+00   6.0297100e+00   2.8770600e+00   5.2570200e+00   5.5816400e-01  -7.2544100e+05
   6.9086700e+00  -1.0735900e+00   6.0298100e+00   2.8768700e+00   5.2578100e+00   5.5812000e-01  -7.2543900e+05
   6.9087800e+00  -1.0735900e+00   6.0297200e+00   2.8766400e+00   5.2577800e+00   5.5799500e-01  -7.2543800e+05
   6.9089000e+00  -1.0735900e+00   6.0297800e+00   2.8765900e+00   5.2574300e+00   5.5784300e-01  -7.2543600e+05
   6.9089400e+00  -1.0735700e+00   6.0297800e+00   2.8767500e+00   5.2572900e+00   5.5762400e-01  -7.2543600e+05
   6.9089400e+00  -1.0735700e+00   6.0297000e+00   2.8767200e+00   5.2571400e+00   5.5772100e-01  -7.2543500e+05
   6.9090300e+00  -1.0735800e+00   6.0297200e+00   2.8769500e+00   5.2570500e+00   5.5760700e-01  -7.2543500e+05
   6.9088300e+00  -1.0735900e+00   6.0297800e+00   2.8767100e+00   5.2574700e+00   5.5800600e-01  -7.2543600e+05
   6.9089800e+00  -1.0735900e+00   6.0297000e+00   2.8767800e+00   5.2574200e+00   5.5779000e-01  -7.2543700e+05
   6.9088300e+00  -1.0736100e+00   6.0297200e+00   2.8766500e+00   5.2574800e+00   5.5776600e-01  -7.2543500e+05
   6.9088300e+00  -1.0736200e+00   6.0296800e+00   2.8768500e+00   5.2574700e+00   5.5766200e-01  -7.2543700e+05
   6.9086600e+00  -1.0736100e+00   6.0296500e+00   2.8767700e+00   5.2575400e+00   5.5782100e-01  -7.2543900e+05
   6.9091000e+00  -1.0735600e+00   6.0296800e+00   2.8766700e+00   5.2570600e+00   5.5748300e-01  -7.2543500e+05
   6.9092200e+00  -1.0735500e+00   6.0296700e+00   2.8764100e+00   5.2568700e+00   5.5722900e-01  -7.2543600e+05
   6.9093300e+00  -1.0735400e+00   6.0297500e+00   2.8767600e+00   5.2567200e+00   5.5708600e-01  -7.2543600e+05
   6.9094300e+00  -1.0735000e+00   6.0297400e+00   2.8769700e+00   5.2564000e+00   5.5689400e-01  -7.2543700e+05
   6.9094500e+00  -1.0734700e+00   6.0297400e+00   2.8771800e+00   5.2563600e+00   5.5686300e-01  -7.2543800e+05
   6.9088500e+00  -1.0734500e+00   6.0297300e+00   2.8767300e+00   5.2574100e+00   5.5753400e-01  -7.2543600e+05
   6.9090900e+00  -1.0734600e+00   6.0297400e+00   2.8765800e+00   5.2570200e+00   5.5744200e-01  -7.2543400e+05
   6.9092100e+00  -1.0734400e+00   6.0297200e+00   2.8762400e+00   5.2569600e+00   5.5712000e-01  -7.2543600e+05
   6.9092600e+00  -1.0734600e+00   6.0297800e+00   2.8764100e+00   5.2567200e+00   5.5701100e-01  -7.2543600e+05
   6.9093600e+00  -1.0734800e+00   6.0297400e+00   2.8764000e+00   5.2563800e+00   5.5690800e-01  -7.2543700e+05
   6.9092400e+00  -1.0734800e+00   6.0297400e+00   2.8763100e+00   5.2568200e+00   5.5693000e-01  -7.2543600e+05
   6.9095800e+00  -1.0734900e+00   6.0297300e+00   2.8763500e+00   5.2562900e+00   5.5666400e-01  -7.2543800e+05
   6.9096500e+00  -1.0734800e+00   6.0296900e+00   2.8768100e+00   5.2557600e+00   5.5642400e-01  -7.2544200e+05
   6.9093300e+00  -1.0734800e+00   6.0297300e+00   2.8769000e+00   5.2566900e+00   5.5687500e-01  -7.2543600e+05
   6.9090300e+00  -1.0735000e+00   6.0297400e+00   2.8766200e+00   5.2569300e+00   5.5747700e-01  -7.2543600e+05
   6.9091000e+00  -1.0734900e+00   6.0297700e+00   2.8765600e+00   5.2570700e+00   5.5754300e-01  -7.2543500e+05
   6.9090200e+00  -1.0735000e+00   6.0298000e+00   2.8762200e+00   5.2571600e+00   5.5743800e-01  -7.2543600e+05
   6.9087500e+00  -1.0735300e+00   6.0298100e+00   2.8758300e+00   5.2574400e+00   5.5733900e-01  -7.2544100e+05
   6.9090700e+00  -1.0735500e+00   6.0298200e+00   2.8758600e+00   5.2572700e+00   5.5753900e-01  -7.2543700e+05
   6.9087000e+00  -1.0735400e+00   6.0297300e+00   2.8760600e+00   5.2575000e+00   5.5760800e-01  -7.2543700e+05
   6.9089100e+00  -1.0735500e+00   6.0297200e+00   2.8758800e+00   5.2572900e+00   5.5749000e-01  -7.2543500e+05
   6.9089400e+00  -1.0735400e+00   6.0297800e+00   2.8758700e+00   5.2572000e+00   5.5738200e-01  -7.2543600e+05
   6.9089400e+00  -1.0735200e+00   6.0297200e+00   2.8759200e+00   5.2573200e+00   5.5783900e-01  -7.2543600e+05
   6.9085300e+00  -1.0735000e+00   6.0297400e+00   2.8759200e+00   5.2579600e+00   5.5810300e-01  -7.2543800e+05
   6.9088600e+00  -1.0734700e+00   6.0298200e+00   2.8756800e+00   5.2576300e+00   5.5805500e-01  -7.2543800e+05
   6.9088200e+00  -1.0735000e+00   6.0297200e+00   2.8758500e+00   5.2574500e+00   5.5826500e-01  -7.2543900e+05
   6.9087900e+00  -1.0735300e+00   6.0297400e+00   2.8757900e+00   5.2576600e+00   5.5801100e-01  -7.2543600e+05
   6.9086500e+00  -1.0735300e+00   6.0297400e+00   2.8752300e+00   5.2576900e+00   5.5815800e-01  -7.2543900e+05
   6.9087700e+00  -1.0735500e+00   6.0298500e+00   2.8751100e+00   5.2578600e+00   5.5833800e-01  -7.2544200e+05
   6.9084200e+00  -1.0735400e+00   6.0297600e+00   2.8753400e+00   5.2582700e+00   5.5828500e-01  -7.2544100e+05
   6.9087500e+00  -1.0735200e+00   6.0298500e+00   2.8756600e+00   5.2577700e+00   5.5815700e-01  -7.2544000e+05
   6.9088200e+00  -1.0735200e+00   6.0297500e+00   2.8762700e+00   5.2573800e+00   5.5798800e-01  -7.2543600e+05
   6.9088300e+00  -1.0735000e+00   6.0297300e+00   2.8765700e+00   5.2573100e+00   5.5780500e-01  -7.2543500e+05
   6.9087900e+00  -1.0735100e+00   6.0297800e+00   2.8762500e+00   5.2575500e+00   5.5769700e-01  -7.2543600e+05
   6.9090000e+00  -1.0734800e+00   6.0296800e+00   2.8762100e+00   5.2571300e+00   5.5788000e-01  -7.2543700e+05
   6.9090000e+00  -1.0734800e+00   6.0297200e+00   2.8759700e+00   5.2572500e+00   5.5781300e-01  -7.2543600e+05
   6.9090700e+00  -1.0734700e+00   6.0297600e+00   2.8760600e+00   5.2572500e+00   5.5795800e-01  -7.2543800e+05
   6.9086500e+00  -1.0734700e+00   6.0297500e+00   2.8761100e+00   5.2575500e+00   5.5820300e-01  -7.2543800e+05
   6.9087300e+00  -1.0734600e+00   6.0297400e+00   2.8758100e+00   5.2578400e+00   5.5820100e-01  -7.2543800e+05
   6.9087300e+00  -1.0734900e+00   6.0296900e+00   2.8758200e+00   5.2577100e+00   5.5827800e-01  -7.2544000e+05
   6.9087100e+00  -1.0734900e+00   6.0297300e+00   2.8759000e+00   5.2577400e+00   5.5834200e-01  -7.2543800e+05
   6.9086900e+00  -1.0734600e+00   6.0297800e+00   2.8759700e+00   5.2577400e+00   5.5815200e-01  -7.2543600e+05
   6.9084900e+00  -1.0734500e+00   6.0297600e+00   2.8757300e+00   5.2579900e+00   5.5827900e-01  -7.2543800e+05
   6.9085800e+00  -1.0734400e+00   6.0297600e+00   2.8757300e+00   5.2577500e+00   5.5811700e-01  -7.2543800e+05
   6.9087700e+00  -1.0734300e+00   6.0297700e+00   2.8761700e+00   5.2577400e+00   5.5801700e-01  -7.2543600e+05
   6.9089700e+00  -1.0734300e+00   6.0297600e+00   2.8762400e+00   5.2572000e+00   5.5805200e-01  -7.2543800e+05
   6.9087400e+00  -1.0734400e+00   6.0297400e+00   2.8764600e+00   5.2573400e+00   5.5801500e-01  -7.2543800e+05
   6.9087800e+00  -1.0734400e+00   6.0297600e+00   2.8763000e+00   5.2574200e+00   5.5800000e-01  -7.2543600e+05
   6.9089500e+00  -1.0734500e+00   6.0296600e+00   2.8762900e+00   5.2571100e+00   5.5799400e-01  -7.2543900e+05
   6.9089500e+00  -1.0734500e+00   6.0297100e+00   2.8761100e+00   5.2572000e+00   5.5768200e-01  -7.2543500e+05
   6.9088600e+00  -1.0734600e+00   6.0298000e+00   2.8762700e+00   5.2573400e+00   5.5777700e-01  -7.2543600e+05
   6.9091300e+00  -1.0734900e+00   6.0297400e+00   2.8764300e+00   5.2570500e+00   5.5774500e-01  -7.2543600e+05
   6.9088300e+00  -1.0735300e+00   6.0297700e+00   2.8763100e+00   5.2575900e+00   5.5787300e-01  -7.2543500e+05
   6.9087200e+00  -1.0735400e+00   6.0297600e+00   2.8763800e+00   5.2575000e+00   5.5823200e-01  -7.2543800e+05
   6.9086600e+00  -1.0735400e+00   6.0297700e+00   2.8764400e+00   5.2576900e+00   5.5818400e-01  -7.2543700e+05
   6.9086200e+00  -1.0735500e+00   6.0297400e+00   2.8765400e+00   5.2576100e+00   5.5827200e-01  -7.2543800e+05
   6.9089500e+00  -1.0735200e+00   6.0296600e+00   2.8765800e+00   5.2575400e+00   5.5774700e-01  -7.2544200e+05
   6.9091100e+00  -1.0735400e+00   6.0297900e+00   2.8767200e+00   5.2571000e+00   5.5755200e-01  -7.2543600e+05
   6.9093200e+00  -1.0735500e+00   6.0296600e+00   2.8770900e+00   5.2566900e+00   5.5725000e-01  -7.2543700e+05
   6.9090400e+00  -1.0735500e+00   6.0296500e+00   2.8771100e+00   5.2569700e+00   5.5763500e-01  -7.2543600e+05
   6.9090300e+00  -1.0735300e+00   6.0297200e+00   2.8767900e+00   5.2569800e+00   5.5757900e-01  -7.2543500e+05
   6.9088700e+00  -1.0735000e+00   6.0297200e+00   2.8766800e+00   5.2571800e+00   5.5770200e-01  -7.2543600e+05
   6.9090700e+00  -1.0735200e+00   6.0297300e+00   2.8765200e+00   5.2570100e+00   5.5760400e-01  -7.2543400e+05
   6.9090800e+00  -1.0735300e+00   6.0296700e+00   2.8767000e+00   5.2569100e+00   5.5749000e-01  -7.2543500e+05
   6.9090100e+00  -1.0735100e+00   6.0296900e+00   2.8767200e+00   5.2571900e+00   5.5746000e-01  -7.2543500e+05
   6.9091400e+00  -1.0735000e+00   6.0296900e+00   2.8769700e+00   5.2568800e+00   5.5729400e-01  -7.2543500e+05
   6.9089300e+00  -1.0735100e+00   6.0297000e+00   2.8766300e+00   5.2570500e+00   5.5757500e-01  -7.2543600e+05
   6.9091200e+00  -1.0735100e+00   6.0296200e+00   2.8767600e+00   5.2569000e+00   5.5726300e-01  -7.2543800e+05
   6.9090400e+00  -1.0735200e+00   6.0297500e+00   2.8767700e+00   5.2571500e+00   5.5755200e-01  -7.2543500e+05
   6.9091000e+00  -1.0735400e+00   6.0297200e+00   2.8776100e+00   5.2568700e+00   5.5770300e-01  -7.2543800e+05
   6.9091500e+00  -1.0735000e+00   6.0296700e+00   2.8777400e+00   5.2567700e+00   5.5760600e-01  -7.2543700e+05
   6.9090300e+00  -1.0734900e+00   6.0297600e+00   2.8773400e+00   5.2570900e+00   5.5751300e-01  -7.2543700e+05
   6.9093500e+00  -1.0735000e+00   6.0296600e+00   2.8774800e+00   5.2563100e+00   5.5742800e-01  -7.2544000e+05
   6.9091000e+00  -1.0735100e+00   6.0296800e+00   2.8772900e+00   5.2569700e+00   5.5779100e-01  -7.2543700e+05
   6.9091900e+00  -1.0734800e+00   6.0297200e+00   2.8771200e+00   5.2567600e+00   5.5743200e-01  -7.2543500e+05
   6.9088300e+00  -1.0734800e+00   6.0297200e+00   2.8770500e+00   5.2575800e+00   5.5801000e-01  -7.2543700e+05
   6.9088600e+00  -1.0734900e+00   6.0297000e+00   2.8769100e+00   5.2572800e+00   5.5783700e-01  -7.2543500e+05
   6.9089200e+00  -1.0734900e+00   6.0296900e+00   2.8764900e+00   5.2572300e+00   5.5790200e-01  -7.2543600e+05
   6.9089300e+00  -1.0734900e+00   6.0297300e+00   2.8764700e+00   5.2573400e+00   5.5800700e-01  -7.2543600e+05
   6.9088500e+00  -1.0734900e+00   6.0296900e+00   2.8766200e+00   5.2573600e+00   5.5801300e-01  -7.2543600e+05
   6.9089600e+00  -1.0735000e+00   6.0297000e+00   2.8769500e+00   5.2574200e+00   5.5800600e-01  -7.2543800e+05
   6.9085200e+00  -1.0735200e+00   6.0297400e+00   2.8768500e+00   5.2579300e+00   5.5827200e-01  -7.2543800e+05
   6.9089100e+00  -1.0735000e+00   6.0296900e+00   2.8767900e+00   5.2572400e+00   5.5797600e-01  -7.2543600e+05
   6.9088100e+00  -1.0734900e+00   6.0297000e+00   2.8763500e+00   5.2575000e+00   5.5793000e-01  -7.2543600e+05
   6.9090100e+00  -1.0734700e+00   6.0297500e+00   2.8763100e+00   5.2570900e+00   5.5821500e-01  -7.2544200e+05
   6.9086300e+00  -1.0734500e+00   6.0297500e+00   2.8759100e+00   5.2577500e+00   5.5820500e-01  -7.2543700e+05
   6.9088300e+00  -1.0734700e+00   6.0297700e+00   2.8760400e+00   5.2572800e+00   5.5790900e-01  -7.2543700e+05
   6.9088200e+00  -1.0734600e+00   6.0298000e+00   2.8764300e+00   5.2575400e+00   5.5775500e-01  -7.2543600e+05
   6.9089200e+00  -1.0734800e+00   6.0297400e+00   2.8769100e+00   5.2571600e+00   5.5765900e-01  -7.2543500e+05
   6.9089300e+00  -1.0734700e+00   6.0297400e+00   2.8771400e+00   5.2571800e+00   5.5776500e-01  -7.2543600e+05
   6.9089400e+00  -1.0734700e+00   6.0297200e+00   2.8775700e+00   5.2571400e+00   5.5788000e-01  -7.2543800e+05
   6.9091100e+00  -1.0734800e+00   6.0296800e+00   2.8780100e+00   5.2569400e+00   5.5792900e-01  -7.2544000e+05
   6.9086800e+00  -1.0734800e+00   6.0296500e+00   2.8777300e+00   5.2572200e+00   5.5800700e-01  -7.2544300e+05
   6.9089500e+00  -1.0734600e+00   6.0297400e+00   2.8772600e+00   5.2571500e+00   5.5771800e-01  -7.2543600e+05
   6.9088900e+00  -1.0734200e+00   6.0297500e+00   2.8768300e+00   5.2571800e+00   5.5759700e-01  -7.2543600e+05
   6.9089400e+00  -1.0734400e+00   6.0296900e+00   2.8764200e+00   5.2571200e+00   5.5776900e-01  -7.2543600e+05
   6.9088900e+00  -1.0734100e+00   6.0298300e+00   2.8758600e+00   5.2573800e+00   5.5761000e-01  -7.2543700e+05
   6.9087200e+00  -1.0734100e+00   6.0297900e+00   2.8750300e+00   5.2577200e+00   5.5797400e-01  -7.2543800e+05
   6.9087700e+00  -1.0734000e+00   6.0298300e+00   2.8751400e+00   5.2578500e+00   5.5820400e-01  -7.2544000e+05
   6.9087300e+00  -1.0733900e+00   6.0297300e+00   2.8748000e+00   5.2579100e+00   5.5826500e-01  -7.2544500e+05
   6.9088400e+00  -1.0733600e+00   6.0297800e+00   2.8749500e+00   5.2573400e+00   5.5787900e-01  -7.2544000e+05
   6.9087200e+00  -1.0733700e+00   6.0297600e+00   2.8755600e+00   5.2578800e+00   5.5785600e-01  -7.2543900e+05
   6.9089800e+00  -1.0733700e+00   6.0297800e+00   2.8761400e+00   5.2572800e+00   5.5766000e-01  -7.2543500e+05
   6.9089700e+00  -1.0734000e+00   6.0297300e+00   2.8760200e+00   5.2571400e+00   5.5718300e-01  -7.2543600e+05
   6.9089400e+00  -1.0734000e+00   6.0297500e+00   2.8765900e+00   5.2573800e+00   5.5751300e-01  -7.2543500e+05
   6.9088800e+00  -1.0734300e+00   6.0297200e+00   2.8765500e+00   5.2571600e+00   5.5753100e-01  -7.2543600e+05
   6.9088200e+00  -1.0734200e+00   6.0298100e+00   2.8769700e+00   5.2573000e+00   5.5804900e-01  -7.2544200e+05
   6.9086800e+00  -1.0734500e+00   6.0297600e+00   2.8770500e+00   5.2580000e+00   5.5857000e-01  -7.2544300e+05
   6.9089200e+00  -1.0734500e+00   6.0296700e+00   2.8766200e+00   5.2572200e+00   5.5806100e-01  -7.2543800e+05
   6.9089900e+00  -1.0734400e+00   6.0296800e+00   2.8764400e+00   5.2569700e+00   5.5784800e-01  -7.2543800e+05
   6.9088900e+00  -1.0734300e+00   6.0297400e+00   2.8765300e+00   5.2574900e+00   5.5786700e-01  -7.2543500e+05
   6.9089800e+00  -1.0734300e+00   6.0296400e+00   2.8763800e+00   5.2570600e+00   5.5737200e-01  -7.2543800e+05
   6.9091100e+00  -1.0734400e+00   6.0297400e+00   2.8764300e+00   5.2570100e+00   5.5727900e-01  -7.2543400e+05
   6.9090500e+00  -1.0734300e+00   6.0297700e+00   2.8759200e+00   5.2572400e+00   5.5748600e-01  -7.2543500e+05
   6.9090200e+00  -1.0734300e+00   6.0298000e+00   2.8763300e+00   5.2571200e+00   5.5748400e-01  -7.2543600e+05
   6.9089200e+00  -1.0734200e+00   6.0297400e+00   2.8760300e+00   5.2571300e+00   5.5776200e-01  -7.2543600e+05
   6.9086900e+00  -1.0734200e+00   6.0298300e+00   2.8756100e+00   5.2579000e+00   5.5795000e-01  -7.2543800e+05
   6.9088300e+00  -1.0734000e+00   6.0297700e+00   2.8763100e+00   5.2574500e+00   5.5780000e-01  -7.2543500e+05
   6.9091100e+00  -1.0734000e+00   6.0297000e+00   2.8762300e+00   5.2571500e+00   5.5761300e-01  -7.2543700e+05
   6.9088000e+00  -1.0733800e+00   6.0297100e+00   2.8763900e+00   5.2574900e+00   5.5827200e-01  -7.2543800e+05
   6.9088900e+00  -1.0733900e+00   6.0297600e+00   2.8760600e+00   5.2574300e+00   5.5801600e-01  -7.2543600e+05
   6.9090100e+00  -1.0734300e+00   6.0297900e+00   2.8757400e+00   5.2572800e+00   5.5772200e-01  -7.2543600e+05
   6.9087600e+00  -1.0734500e+00   6.0297800e+00   2.8756000e+00   5.2576100e+00   5.5758300e-01  -7.2543700e+05
   6.9088100e+00  -1.0734500e+00   6.0297300e+00   2.8760300e+00   5.2574800e+00   5.5772800e-01  -7.2543500e+05
   6.9090100e+00  -1.0733900e+00   6.0297400e+00   2.8764200e+00   5.2569100e+00   5.5730600e-01  -7.2543600e+05
   6.9088900e+00  -1.0734000e+00   6.0297700e+00   2.8757900e+00   5.2576100e+00   5.5775600e-01  -7.2543700e+05
   6.9092100e+00  -1.0734000e+00   6.0297300e+00   2.8758900e+00   5.2567000e+00   5.5729700e-01  -7.2543600e+05
   6.9089300e+00  -1.0733700e+00   6.0297600e+00   2.8763400e+00   5.2573400e+00   5.5741100e-01  -7.2543500e+05
   6.9089000e+00  -1.0734000e+00   6.0298000e+00   2.8764900e+00   5.2575800e+00   5.5762700e-01  -7.2543800e+05
   6.9090800e+00  -1.0734100e+00   6.0297900e+00   2.8764500e+00   5.2571500e+00   5.5771300e-01  -7.2543600e+05
   6.9090800e+00  -1.0733900e+00   6.0296900e+00   2.8764000e+00   5.2569500e+00   5.5756200e-01  -7.2543500e+05
   6.9092000e+00  -1.0733900e+00   6.0297200e+00   2.8763900e+00   5.2567800e+00   5.5736000e-01  -7.2543500e+05
   6.9088800e+00  -1.0733800e+00   6.0297700e+00   2.8761100e+00   5.2575900e+00   5.5783700e-01  -7.2543600e+05
   6.9091600e+00  -1.0733800e+00   6.0297600e+00   2.8762700e+00   5.2572700e+00   5.5752700e-01  -7.2543800e+05
   6.9090800e+00  -1.0733700e+00   6.0297600e+00   2.8763200e+00   5.2569100e+00   5.5760400e-01  -7.2543600e+05
   6.9088500e+00  -1.0733600e+00   6.0298000e+00   2.8761600e+00   5.2575300e+00   5.5748100e-01  -7.2543700e+05
   6.9088000e+00  -1.0733600e+00   6.0297800e+00   2.8759000e+00   5.2574600e+00   5.5774300e-01  -7.2543600e+05
   6.9088300e+00  -1.0733600e+00   6.0297400e+00   2.8760200e+00   5.2576100e+00   5.5793000e-01  -7.2543600e+05
   6.9090400e+00  -1.0733800e+00   6.0296700e+00   2.8761100e+00   5.2569900e+00   5.5742600e-01  -7.2543600e+05
   6.9089800e+00  -1.0733800e+00   6.0297900e+00   2.8756600e+00   5.2572900e+00   5.5762600e-01  -7.2543500e+05
   6.9088200e+00  -1.0733600e+00   6.0297600e+00   2.8758300e+00   5.2574600e+00   5.5789500e-01  -7.2543500e+05
   6.9089100e+00  -1.0733600e+00   6.0297400e+00   2.8759400e+00   5.2572500e+00   5.5798200e-01  -7.2543700e+05
   6.9089200e+00  -1.0733500e+00   6.0297700e+00   2.8759600e+00   5.2572500e+00   5.5768400e-01  -7.2543500e+05
   6.9089000e+00  -1.0733400e+00   6.0298000e+00   2.8759900e+00   5.2574000e+00   5.5737900e-01  -7.2543600e+05
   6.9089600e+00  -1.0733600e+00   6.0298000e+00   2.8759400e+00   5.2573000e+00   5.5755900e-01  -7.2543500e+05
   6.9088300e+00  -1.0733600e+00   6.0297400e+00   2.8760800e+00   5.2573800e+00   5.5791200e-01  -7.2543500e+05
   6.9086100e+00  -1.0733700e+00   6.0297800e+00   2.8760900e+00   5.2579600e+00   5.5781000e-01  -7.2543900e+05
   6.9089500e+00  -1.0733700e+00   6.0298000e+00   2.8762100e+00   5.2573500e+00   5.5783500e-01  -7.2543600e+05
   6.9088300e+00  -1.0733900e+00   6.0297100e+00   2.8762900e+00   5.2575500e+00   5.5771400e-01  -7.2543600e+05
   6.9088700e+00  -1.0733500e+00   6.0297600e+00   2.8762700e+00   5.2573300e+00   5.5798600e-01  -7.2543600e+05
   6.9088300e+00  -1.0733700e+00   6.0297700e+00   2.8758900e+00   5.2574900e+00   5.5766000e-01  -7.2543500e+05
   6.9091500e+00  -1.0733600e+00   6.0298000e+00   2.8759000e+00   5.2569500e+00   5.5739200e-01  -7.2543600e+05
   6.9092200e+00  -1.0733700e+00   6.0297600e+00   2.8757400e+00   5.2567200e+00   5.5715800e-01  -7.2543600e+05
   6.9088700e+00  -1.0733700e+00   6.0297200e+00   2.8757900e+00   5.2571300e+00   5.5721000e-01  -7.2543900e+05
   6.9092500e+00  -1.0733800e+00   6.0297800e+00   2.8760900e+00   5.2567500e+00   5.5713000e-01  -7.2543600e+05
   6.9091400e+00  -1.0733600e+00   6.0297800e+00   2.8762800e+00   5.2569300e+00   5.5723600e-01  -7.2543500e+05
   6.9092500e+00  -1.0733600e+00   6.0297400e+00   2.8762600e+00   5.2563700e+00   5.5675600e-01  -7.2544100e+05
   6.9093200e+00  -1.0733600e+00   6.0297600e+00   2.8761200e+00   5.2567600e+00   5.5698300e-01  -7.2543600e+05
   6.9092700e+00  -1.0733800e+00   6.0296500e+00   2.8760600e+00   5.2566400e+00   5.5680800e-01  -7.2543900e+05
   6.9094800e+00  -1.0733900e+00   6.0296600e+00   2.8763000e+00   5.2564800e+00   5.5647600e-01  -7.2544200e+05
   6.9094400e+00  -1.0734100e+00   6.0297800e+00   2.8760800e+00   5.2565400e+00   5.5664600e-01  -7.2543800e+05
   6.9094100e+00  -1.0733900e+00   6.0297200e+00   2.8763800e+00   5.2563700e+00   5.5679300e-01  -7.2543600e+05
   6.9094300e+00  -1.0733900e+00   6.0296600e+00   2.8761700e+00   5.2563800e+00   5.5710900e-01  -7.2543900e+05
   6.9091000e+00  -1.0734100e+00   6.0296700e+00   2.8760600e+00   5.2568600e+00   5.5708500e-01  -7.2543800e+05
   6.9091900e+00  -1.0734400e+00   6.0297100e+00   2.8760100e+00   5.2571100e+00   5.5729200e-01  -7.2543800e+05
   6.9088000e+00  -1.0734600e+00   6.0297000e+00   2.8759600e+00   5.2574600e+00   5.5755900e-01  -7.2543700e+05
   6.9088300e+00  -1.0734600e+00   6.0297600e+00   2.8758800e+00   5.2575700e+00   5.5779100e-01  -7.2543500e+05
   6.9091200e+00  -1.0734500e+00   6.0297800e+00   2.8758500e+00   5.2571500e+00   5.5755400e-01  -7.2543600e+05
   6.9088600e+00  -1.0734500e+00   6.0297000e+00   2.8760800e+00   5.2573000e+00   5.5759000e-01  -7.2543600e+05
   6.9088600e+00  -1.0734500e+00   6.0297200e+00   2.8762400e+00   5.2574300e+00   5.5748700e-01  -7.2543600e+05
   6.9090000e+00  -1.0734400e+00   6.0297500e+00   2.8761700e+00   5.2572300e+00   5.5753200e-01  -7.2543400e+05
   6.9090700e+00  -1.0734400e+00   6.0296900e+00   2.8759800e+00   5.2570700e+00   5.5758700e-01  -7.2543600e+05
   6.9090500e+00  -1.0734100e+00   6.0297300e+00   2.8758800e+00   5.2570200e+00   5.5754300e-01  -7.2543500e+05
   6.9091800e+00  -1.0734200e+00   6.0297600e+00   2.8763300e+00   5.2567100e+00   5.5714100e-01  -7.2543600e+05
   6.9093900e+00  -1.0734000e+00   6.0297600e+00   2.8762300e+00   5.2564800e+00   5.5689400e-01  -7.2543600e+05
   6.9091300e+00  -1.0733900e+00   6.0297600e+00   2.8761300e+00   5.2571000e+00   5.5722800e-01  -7.2543500e+05
   6.9089200e+00  -1.0733900e+00   6.0296900e+00   2.8760300e+00   5.2572000e+00   5.5753300e-01  -7.2543600e+05
   6.9091300e+00  -1.0733600e+00   6.0297300e+00   2.8758900e+00   5.2569100e+00   5.5709700e-01  -7.2543500e+05
   6.9088900e+00  -1.0733600e+00   6.0297600e+00   2.8759700e+00   5.2574900e+00   5.5724900e-01  -7.2543800e+05
   6.9092700e+00  -1.0733600e+00   6.0297500e+00   2.8760300e+00   5.2567700e+00   5.5700700e-01  -7.2543500e+05
   6.9093300e+00  -1.0733600e+00   6.0297200e+00   2.8762800e+00   5.2564600e+00   5.5707700e-01  -7.2543600e+05
   6.9092100e+00  -1.0733700e+00   6.0297000e+00   2.8767300e+00   5.2569100e+00   5.5730300e-01  -7.2543500e+05
   6.9089800e+00  -1.0733700e+00   6.0297500e+00   2.8769400e+00   5.2571000e+00   5.5738800e-01  -7.2543600e+05
   6.9091600e+00  -1.0733800e+00   6.0296700e+00   2.8768000e+00   5.2568400e+00   5.5753900e-01  -7.2543600e+05
   6.9088800e+00  -1.0733800e+00   6.0297500e+00   2.8764900e+00   5.2575100e+00   5.5784400e-01  -7.2543500e+05
   6.9087800e+00  -1.0733800e+00   6.0297400e+00   2.8764200e+00   5.2576500e+00   5.5821300e-01  -7.2543700e+05
   6.9090300e+00  -1.0733700e+00   6.0297000e+00   2.8766300e+00   5.2569200e+00   5.5778500e-01  -7.2543700e+05
   6.9089500e+00  -1.0733600e+00   6.0296800e+00   2.8764000e+00   5.2571200e+00   5.5779400e-01  -7.2543600e+05
   6.9090600e+00  -1.0733600e+00   6.0296900e+00   2.8764300e+00   5.2571300e+00   5.5737700e-01  -7.2543500e+05
   6.9092100e+00  -1.0733600e+00   6.0297100e+00   2.8764900e+00   5.2567100e+00   5.5706200e-01  -7.2543500e+05
   6.9090200e+00  -1.0733600e+00   6.0296900e+00   2.8762300e+00   5.2571200e+00   5.5691500e-01  -7.2544000e+05
   6.9090900e+00  -1.0733400e+00   6.0296600e+00   2.8765000e+00   5.2570700e+00   5.5738000e-01  -7.2543700e+05
   6.9092500e+00  -1.0733300e+00   6.0296700e+00   2.8769700e+00   5.2565400e+00   5.5696400e-01  -7.2543600e+05
   6.9091100e+00  -1.0733600e+00   6.0296900e+00   2.8770800e+00   5.2568400e+00   5.5704800e-01  -7.2543600e+05
   6.9092400e+00  -1.0733500e+00   6.0296800e+00   2.8768000e+00   5.2564900e+00   5.5689700e-01  -7.2543700e+05
   6.9095100e+00  -1.0733400e+00   6.0296600e+00   2.8772700e+00   5.2564200e+00   5.5663300e-01  -7.2544000e+05
   6.9094600e+00  -1.0733400e+00   6.0296900e+00   2.8770100e+00   5.2566100e+00   5.5689300e-01  -7.2543800e+05
   6.9092500e+00  -1.0733500e+00   6.0297400e+00   2.8770400e+00   5.2567600e+00   5.5715500e-01  -7.2543500e+05
   6.9092800e+00  -1.0733500e+00   6.0297100e+00   2.8766700e+00   5.2566800e+00   5.5722000e-01  -7.2543500e+05
   6.9093300e+00  -1.0733500e+00   6.0297500e+00   2.8769800e+00   5.2565000e+00   5.5698200e-01  -7.2543700e+05
   6.9092500e+00  -1.0733500e+00   6.0297400e+00   2.8769900e+00   5.2568700e+00   5.5716200e-01  -7.2543600e+05
   6.9089500e+00  -1.0733500e+00   6.0296700e+00   2.8771200e+00   5.2571700e+00   5.5775400e-01  -7.2543600e+05
   6.9090400e+00  -1.0733700e+00   6.0296700e+00   2.8767600e+00   5.2571200e+00   5.5763100e-01  -7.2543600e+05
   6.9088100e+00  -1.0733900e+00   6.0297900e+00   2.8766200e+00   5.2575400e+00   5.5774600e-01  -7.2543600e+05
   6.9089300e+00  -1.0733800e+00   6.0297000e+00   2.8764000e+00   5.2574300e+00   5.5789000e-01  -7.2543700e+05
   6.9088900e+00  -1.0733900e+00   6.0297400e+00   2.8766000e+00   5.2571200e+00   5.5751200e-01  -7.2543600e+05
   6.9089200e+00  -1.0733600e+00   6.0297100e+00   2.8767500e+00   5.2572700e+00   5.5743000e-01  -7.2543500e+05
   6.9092200e+00  -1.0733700e+00   6.0297000e+00   2.8766600e+00   5.2565600e+00   5.5716100e-01  -7.2543600e+05
   6.9092000e+00  -1.0733500e+00   6.0297000e+00   2.8765300e+00   5.2566600e+00   5.5725400e-01  -7.2543500e+05
   6.9088800e+00  -1.0733500e+00   6.0297700e+00   2.8762800e+00   5.2573400e+00   5.5765400e-01  -7.2543500e+05
   6.9089900e+00  -1.0733700e+00   6.0297200e+00   2.8760100e+00   5.2571700e+00   5.5748700e-01  -7.2543500e+05
   6.9089800e+00  -1.0733500e+00   6.0298000e+00   2.8758000e+00   5.2571100e+00   5.5724500e-01  -7.2543700e+05
   6.9090000e+00  -1.0733400e+00   6.0298100e+00   2.8756700e+00   5.2571300e+00   5.5717800e-01  -7.2543700e+05
   6.9089400e+00  -1.0733500e+00   6.0297600e+00   2.8752200e+00   5.2571400e+00   5.5724700e-01  -7.2543800e+05
   6.9092000e+00  -1.0733400e+00   6.0296900e+00   2.8754700e+00   5.2571000e+00   5.5742100e-01  -7.2544100e+05
   6.9092200e+00  -1.0733400e+00   6.0298300e+00   2.8753600e+00   5.2567500e+00   5.5730700e-01  -7.2544000e+05
   6.9090000e+00  -1.0733600e+00   6.0297700e+00   2.8751400e+00   5.2575700e+00   5.5736900e-01  -7.2544200e+05
   6.9092900e+00  -1.0734100e+00   6.0297100e+00   2.8755600e+00   5.2569100e+00   5.5720200e-01  -7.2543900e+05
   6.9092000e+00  -1.0734100e+00   6.0297800e+00   2.8754400e+00   5.2567300e+00   5.5711600e-01  -7.2543800e+05
   6.9092900e+00  -1.0733900e+00   6.0297400e+00   2.8751800e+00   5.2566900e+00   5.5691600e-01  -7.2543800e+05
   6.9091400e+00  -1.0733600e+00   6.0297000e+00   2.8753000e+00   5.2569700e+00   5.5713000e-01  -7.2543800e+05
   6.9091100e+00  -1.0733800e+00   6.0297900e+00   2.8754700e+00   5.2569400e+00   5.5722000e-01  -7.2543600e+05
   6.9092100e+00  -1.0734200e+00   6.0297200e+00   2.8752700e+00   5.2569700e+00   5.5707100e-01  -7.2543900e+05
   6.9090800e+00  -1.0734100e+00   6.0297500e+00   2.8753500e+00   5.2569500e+00   5.5726400e-01  -7.2543700e+05
   6.9090700e+00  -1.0733900e+00   6.0297300e+00   2.8756100e+00   5.2569500e+00   5.5756200e-01  -7.2543700e+05
   6.9089600e+00  -1.0734000e+00   6.0297900e+00   2.8759100e+00   5.2571600e+00   5.5741000e-01  -7.2543600e+05
   6.9088300e+00  -1.0734000e+00   6.0297600e+00   2.8756300e+00   5.2575600e+00   5.5768500e-01  -7.2543600e+05
   6.9088300e+00  -1.0733900e+00   6.0297500e+00   2.8753400e+00   5.2574500e+00   5.5782800e-01  -7.2543700e+05
   6.9087300e+00  -1.0733700e+00   6.0297600e+00   2.8755800e+00   5.2575400e+00   5.5795000e-01  -7.2543700e+05
   6.9088000e+00  -1.0733800e+00   6.0297600e+00   2.8758400e+00   5.2573300e+00   5.5781800e-01  -7.2543700e+05
   6.9089000e+00  -1.0733600e+00   6.0297000e+00   2.8756900e+00   5.2572900e+00   5.5765500e-01  -7.2543700e+05
   6.9089000e+00  -1.0734000e+00   6.0297900e+00   2.8755700e+00   5.2574900e+00   5.5773500e-01  -7.2543600e+05
   6.9091500e+00  -1.0733800e+00   6.0297400e+00   2.8754700e+00   5.2571300e+00   5.5745700e-01  -7.2543700e+05
   6.9090000e+00  -1.0733800e+00   6.0297300e+00   2.8752300e+00   5.2571400e+00   5.5755900e-01  -7.2543700e+05
   6.9089800e+00  -1.0734000e+00   6.0297300e+00   2.8753000e+00   5.2573400e+00   5.5751200e-01  -7.2543800e+05
   6.9089800e+00  -1.0734100e+00   6.0297700e+00   2.8753600e+00   5.2573500e+00   5.5752500e-01  -7.2543600e+05
   6.9088900e+00  -1.0734000e+00   6.0297700e+00   2.8753400e+00   5.2574500e+00   5.5754000e-01  -7.2543600e+05
   6.9087300e+00  -1.0734200e+00   6.0298100e+00   2.8753100e+00   5.2576800e+00   5.5767200e-01  -7.2543800e+05
   6.9090200e+00  -1.0734300e+00   6.0296900e+00   2.8752900e+00   5.2571400e+00   5.5752000e-01  -7.2543900e+05
   6.9089100e+00  -1.0734100e+00   6.0298000e+00   2.8753500e+00   5.2575900e+00   5.5767700e-01  -7.2543700e+05
   6.9092200e+00  -1.0734100e+00   6.0298000e+00   2.8754900e+00   5.2566300e+00   5.5718300e-01  -7.2544000e+05
   6.9093300e+00  -1.0734300e+00   6.0297400e+00   2.8755200e+00   5.2567400e+00   5.5695700e-01  -7.2543700e+05
   6.9091400e+00  -1.0734300e+00   6.0297900e+00   2.8754200e+00   5.2572900e+00   5.5714200e-01  -7.2543900e+05
   6.9091200e+00  -1.0734100e+00   6.0296900e+00   2.8755400e+00   5.2568000e+00   5.5713000e-01  -7.2543800e+05
   6.9092400e+00  -1.0734100e+00   6.0297100e+00   2.8757400e+00   5.2567900e+00   5.5727800e-01  -7.2543600e+05
   6.9092500e+00  -1.0734200e+00   6.0297500e+00   2.8760000e+00   5.2567500e+00   5.5718100e-01  -7.2543500e+05
   6.9090500e+00  -1.0734100e+00   6.0297000e+00   2.8756200e+00   5.2570100e+00   5.5735000e-01  -7.2543700e+05
   6.9090300e+00  -1.0734200e+00   6.0297500e+00   2.8753300e+00   5.2572400e+00   5.5730400e-01  -7.2543700e+05
   6.9088600e+00  -1.0734300e+00   6.0297500e+00   2.8756200e+00   5.2573100e+00   5.5777500e-01  -7.2543600e+05
   6.9088200e+00  -1.0734500e+00   6.0297200e+00   2.8758300e+00   5.2575500e+00   5.5767800e-01  -7.2543600e+05
   6.9091900e+00  -1.0734500e+00   6.0297200e+00   2.8759800e+00   5.2565900e+00   5.5718800e-01  -7.2543800e+05
   6.9090800e+00  -1.0734500e+00   6.0297300e+00   2.8759800e+00   5.2570100e+00   5.5716100e-01  -7.2543500e+05
   6.9092300e+00  -1.0734200e+00   6.0297600e+00   2.8760500e+00   5.2569000e+00   5.5715300e-01  -7.2543500e+05
   6.9090100e+00  -1.0734000e+00   6.0297200e+00   2.8762300e+00   5.2571400e+00   5.5758300e-01  -7.2543400e+05
   6.9089100e+00  -1.0734000e+00   6.0297400e+00   2.8759200e+00   5.2572500e+00   5.5772100e-01  -7.2543500e+05
   6.9087600e+00  -1.0734000e+00   6.0296900e+00   2.8765100e+00   5.2573300e+00   5.5783700e-01  -7.2543700e+05
   6.9089500e+00  -1.0733800e+00   6.0296700e+00   2.8762000e+00   5.2571200e+00   5.5752300e-01  -7.2543700e+05
   6.9089700e+00  -1.0733700e+00   6.0296900e+00   2.8762600e+00   5.2570600e+00   5.5753700e-01  -7.2543600e+05
   6.9088500e+00  -1.0733600e+00   6.0298000e+00   2.8764800e+00   5.2573500e+00   5.5790800e-01  -7.2543700e+05
   6.9087500e+00  -1.0734000e+00   6.0297100e+00   2.8763000e+00   5.2576000e+00   5.5813300e-01  -7.2543700e+05
   6.9088400e+00  -1.0733900e+00   6.0297000e+00   2.8763900e+00   5.2575500e+00   5.5799600e-01  -7.2543700e+05
   6.9088300e+00  -1.0733800e+00   6.0297100e+00   2.8770200e+00   5.2575200e+00   5.5803400e-01  -7.2543700e+05
   6.9088400e+00  -1.0733700e+00   6.0297000e+00   2.8766200e+00   5.2575100e+00   5.5797200e-01  -7.2543600e+05
   6.9089000e+00  -1.0733800e+00   6.0297800e+00   2.8769600e+00   5.2574300e+00   5.5801100e-01  -7.2543800e+05
   6.9087400e+00  -1.0733800e+00   6.0297600e+00   2.8770900e+00   5.2575200e+00   5.5775200e-01  -7.2543800e+05
   6.9088100e+00  -1.0733800e+00   6.0297900e+00   2.8765700e+00   5.2576800e+00   5.5809200e-01  -7.2543700e+05
   6.9086800e+00  -1.0733900e+00   6.0297500e+00   2.8766300e+00   5.2579300e+00   5.5809900e-01  -7.2543900e+05
   6.9085900e+00  -1.0733800e+00   6.0297000e+00   2.8766300e+00   5.2579100e+00   5.5776100e-01  -7.2544200e+05
   6.9088400e+00  -1.0733900e+00   6.0297300e+00   2.8763900e+00   5.2574600e+00   5.5774300e-01  -7.2543500e+05
   6.9089800e+00  -1.0734000e+00   6.0297700e+00   2.8762400e+00   5.2570900e+00   5.5756300e-01  -7.2543500e+05
   6.9090300e+00  -1.0734200e+00   6.0296900e+00   2.8765700e+00   5.2569800e+00   5.5748200e-01  -7.2543500e+05
   6.9089900e+00  -1.0734100e+00   6.0297900e+00   2.8764700e+00   5.2571100e+00   5.5751600e-01  -7.2543600e+05
   6.9088100e+00  -1.0734300e+00   6.0297800e+00   2.8763300e+00   5.2576000e+00   5.5809400e-01  -7.2543600e+05
   6.9087100e+00  -1.0734200e+00   6.0297400e+00   2.8762100e+00   5.2578300e+00   5.5830500e-01  -7.2543800e+05
   6.9089300e+00  -1.0734100e+00   6.0297100e+00   2.8764200e+00   5.2574100e+00   5.5786800e-01  -7.2543600e+05
   6.9088200e+00  -1.0733900e+00   6.0297500e+00   2.8764800e+00   5.2575700e+00   5.5778100e-01  -7.2543500e+05
   6.9088500e+00  -1.0734000e+00   6.0297800e+00   2.8763300e+00   5.2573900e+00   5.5789800e-01  -7.2543500e+05
   6.9088600e+00  -1.0734100e+00   6.0297200e+00   2.8764500e+00   5.2572800e+00   5.5768300e-01  -7.2543500e+05
   6.9089800e+00  -1.0734200e+00   6.0297500e+00   2.8763600e+00   5.2571700e+00   5.5764700e-01  -7.2543400e+05
   6.9089200e+00  -1.0734300e+00   6.0298400e+00   2.8758300e+00   5.2576000e+00   5.5790700e-01  -7.2543900e+05
   6.9091400e+00  -1.0734300e+00   6.0297200e+00   2.8759500e+00   5.2573000e+00   5.5790100e-01  -7.2544200e+05
   6.9088000e+00  -1.0734400e+00   6.0297600e+00   2.8761900e+00   5.2576800e+00   5.5819500e-01  -7.2543700e+05
   6.9088700e+00  -1.0734300e+00   6.0297600e+00   2.8765400e+00   5.2573400e+00   5.5791500e-01  -7.2543600e+05
   6.9089600e+00  -1.0734200e+00   6.0298100e+00   2.8765500e+00   5.2572700e+00   5.5767500e-01  -7.2543700e+05
   6.9090100e+00  -1.0734000e+00   6.0297500e+00   2.8760300e+00   5.2572800e+00   5.5761600e-01  -7.2543500e+05
   6.9088700e+00  -1.0734100e+00   6.0296900e+00   2.8765000e+00   5.2576800e+00   5.5823700e-01  -7.2544100e+05
   6.9090100e+00  -1.0734000e+00   6.0297200e+00   2.8761900e+00   5.2573600e+00   5.5791400e-01  -7.2543700e+05
   6.9088000e+00  -1.0734000e+00   6.0297700e+00   2.8757700e+00   5.2575800e+00   5.5762100e-01  -7.2543600e+05
   6.9090600e+00  -1.0734000e+00   6.0297600e+00   2.8756600e+00   5.2570900e+00   5.5800800e-01  -7.2544000e+05
   6.9089800e+00  -1.0734100e+00   6.0297800e+00   2.8754900e+00   5.2574000e+00   5.5735900e-01  -7.2543700e+05
   6.9089000e+00  -1.0734000e+00   6.0297800e+00   2.8756600e+00   5.2574600e+00   5.5748300e-01  -7.2543600e+05
   6.9091300e+00  -1.0733800e+00   6.0297800e+00   2.8752000e+00   5.2567000e+00   5.5707500e-01  -7.2544100e+05
   6.9094200e+00  -1.0733800e+00   6.0297100e+00   2.8757500e+00   5.2565500e+00   5.5677500e-01  -7.2543800e+05
   6.9094100e+00  -1.0733700e+00   6.0296600e+00   2.8764100e+00   5.2562700e+00   5.5678600e-01  -7.2543800e+05
   6.9095000e+00  -1.0733900e+00   6.0296900e+00   2.8765600e+00   5.2563000e+00   5.5674500e-01  -7.2543700e+05
   6.9089900e+00  -1.0733700e+00   6.0297800e+00   2.8764900e+00   5.2572000e+00   5.5750200e-01  -7.2543500e+05
   6.9089600e+00  -1.0733500e+00   6.0297700e+00   2.8769100e+00   5.2574700e+00   5.5782900e-01  -7.2543700e+05
   6.9092200e+00  -1.0733500e+00   6.0297200e+00   2.8770100e+00   5.2567700e+00   5.5736900e-01  -7.2543500e+05
   6.9090300e+00  -1.0733300e+00   6.0298000e+00   2.8768700e+00   5.2573400e+00   5.5758200e-01  -7.2543800e+05
   6.9090800e+00  -1.0733200e+00   6.0296600e+00   2.8770500e+00   5.2567900e+00   5.5766500e-01  -7.2543700e+05
   6.9091700e+00  -1.0733200e+00   6.0297400e+00   2.8771300e+00   5.2567700e+00   5.5741500e-01  -7.2543600e+05
   6.9089600e+00  -1.0733500e+00   6.0297400e+00   2.8766700e+00   5.2569300e+00   5.5732300e-01  -7.2543700e+05
   6.9090000e+00  -1.0733600e+00   6.0296600e+00   2.8769800e+00   5.2571700e+00   5.5762200e-01  -7.2543700e+05
   6.9087900e+00  -1.0733600e+00   6.0297500e+00   2.8769800e+00   5.2575500e+00   5.5752500e-01  -7.2543800e+05
   6.9089400e+00  -1.0733400e+00   6.0296900e+00   2.8768800e+00   5.2571300e+00   5.5737300e-01  -7.2543600e+05
   6.9090900e+00  -1.0733600e+00   6.0297600e+00   2.8768600e+00   5.2570600e+00   5.5736300e-01  -7.2543500e+05
   6.9090500e+00  -1.0733700e+00   6.0297500e+00   2.8768300e+00   5.2571400e+00   5.5743000e-01  -7.2543500e+05
   6.9093300e+00  -1.0733600e+00   6.0297900e+00   2.8762200e+00   5.2567300e+00   5.5711000e-01  -7.2543600e+05
   6.9091200e+00  -1.0733700e+00   6.0297900e+00   2.8760900e+00   5.2571900e+00   5.5717500e-01  -7.2543700e+05
   6.9091100e+00  -1.0733700e+00   6.0297800e+00   2.8761800e+00   5.2567300e+00   5.5709500e-01  -7.2543900e+05
   6.9093700e+00  -1.0733900e+00   6.0297000e+00   2.8763400e+00   5.2566400e+00   5.5707400e-01  -7.2543600e+05
   6.9090500e+00  -1.0733800e+00   6.0296500e+00   2.8761700e+00   5.2569100e+00   5.5728300e-01  -7.2543800e+05
   6.9089200e+00  -1.0733700e+00   6.0297400e+00   2.8760500e+00   5.2575600e+00   5.5773200e-01  -7.2543700e+05
   6.9090100e+00  -1.0733800e+00   6.0297900e+00   2.8760100e+00   5.2571400e+00   5.5732000e-01  -7.2543500e+05
   6.9088300e+00  -1.0733600e+00   6.0297600e+00   2.8763400e+00   5.2573900e+00   5.5767000e-01  -7.2543500e+05
   6.9092200e+00  -1.0733500e+00   6.0297000e+00   2.8761100e+00   5.2570100e+00   5.5754600e-01  -7.2543800e+05
   6.9089800e+00  -1.0733400e+00   6.0297400e+00   2.8759300e+00   5.2567900e+00   5.5720400e-01  -7.2544000e+05
   6.9093900e+00  -1.0733400e+00   6.0297300e+00   2.8764500e+00   5.2565300e+00   5.5706600e-01  -7.2543600e+05
   6.9091400e+00  -1.0733200e+00   6.0297500e+00   2.8765500e+00   5.2567800e+00   5.5725600e-01  -7.2543500e+05
   6.9089100e+00  -1.0733100e+00   6.0297100e+00   2.8765200e+00   5.2571900e+00   5.5741600e-01  -7.2543500e+05
   6.9089000e+00  -1.0733100e+00   6.0297200e+00   2.8764700e+00   5.2572000e+00   5.5759700e-01  -7.2543500e+05
   6.9089900e+00  -1.0733200e+00   6.0297000e+00   2.8767700e+00   5.2571300e+00   5.5764700e-01  -7.2543500e+05
   6.9090000e+00  -1.0733200e+00   6.0297000e+00   2.8769800e+00   5.2569700e+00   5.5740500e-01  -7.2543500e+05
   6.9089500e+00  -1.0733400e+00   6.0297300e+00   2.8771100e+00   5.2571900e+00   5.5774400e-01  -7.2543500e+05
   6.9090400e+00  -1.0733400e+00   6.0296800e+00   2.8772900e+00   5.2572700e+00   5.5802400e-01  -7.2544000e+05
   6.9089500e+00  -1.0733400e+00   6.0297200e+00   2.8774300e+00   5.2572900e+00   5.5810900e-01  -7.2543800e+05
   6.9087000e+00  -1.0733500e+00   6.0296600e+00   2.8777100e+00   5.2574700e+00   5.5786100e-01  -7.2544000e+05
   6.9090900e+00  -1.0733700e+00   6.0297200e+00   2.8774800e+00   5.2570000e+00   5.5766200e-01  -7.2543600e+05
   6.9088200e+00  -1.0733600e+00   6.0296600e+00   2.8770100e+00   5.2574300e+00   5.5776400e-01  -7.2543800e+05
   6.9090800e+00  -1.0733400e+00   6.0297100e+00   2.8766200e+00   5.2570500e+00   5.5780600e-01  -7.2543600e+05
   6.9093100e+00  -1.0733200e+00   6.0296300e+00   2.8769100e+00   5.2566200e+00   5.5726700e-01  -7.2543800e+05
   6.9092300e+00  -1.0733200e+00   6.0296100e+00   2.8772300e+00   5.2567500e+00   5.5691600e-01  -7.2544100e+05
   6.9092500e+00  -1.0733200e+00   6.0296700e+00   2.8773100e+00   5.2567900e+00   5.5717000e-01  -7.2543600e+05
   6.9090700e+00  -1.0733200e+00   6.0297500e+00   2.8768200e+00   5.2572300e+00   5.5728100e-01  -7.2543700e+05
   6.9092800e+00  -1.0733200e+00   6.0296500e+00   2.8770200e+00   5.2565400e+00   5.5726200e-01  -7.2543700e+05
   6.9092200e+00  -1.0732700e+00   6.0297600e+00   2.8770100e+00   5.2568500e+00   5.5713500e-01  -7.2543600e+05
   6.9093800e+00  -1.0733100e+00   6.0297200e+00   2.8771300e+00   5.2564400e+00   5.5710000e-01  -7.2543600e+05
   6.9095300e+00  -1.0733300e+00   6.0297200e+00   2.8770700e+00   5.2563600e+00   5.5689300e-01  -7.2543700e+05
   6.9092700e+00  -1.0733300e+00   6.0297300e+00   2.8772000e+00   5.2566400e+00   5.5683200e-01  -7.2543700e+05
   6.9094300e+00  -1.0733200e+00   6.0296800e+00   2.8769600e+00   5.2563300e+00   5.5680300e-01  -7.2543600e+05
   6.9094000e+00  -1.0733100e+00   6.0297000e+00   2.8769000e+00   5.2564600e+00   5.5705100e-01  -7.2543600e+05
   6.9092700e+00  -1.0733200e+00   6.0296900e+00   2.8771000e+00   5.2565600e+00   5.5714400e-01  -7.2543500e+05
   6.9093700e+00  -1.0733100e+00   6.0296300e+00   2.8765200e+00   5.2566300e+00   5.5697500e-01  -7.2544000e+05
   6.9090900e+00  -1.0733300e+00   6.0297100e+00   2.8762200e+00   5.2568800e+00   5.5713200e-01  -7.2543500e+05
   6.9094000e+00  -1.0733000e+00   6.0297500e+00   2.8760900e+00   5.2564900e+00   5.5696000e-01  -7.2543600e+05
   6.9095600e+00  -1.0733100e+00   6.0296800e+00   2.8763500e+00   5.2562600e+00   5.5684800e-01  -7.2543800e+05
   6.9093100e+00  -1.0732900e+00   6.0298000e+00   2.8759600e+00   5.2567000e+00   5.5691000e-01  -7.2543700e+05
   6.9093900e+00  -1.0733100e+00   6.0297700e+00   2.8758700e+00   5.2565300e+00   5.5667200e-01  -7.2543700e+05
   6.9091800e+00  -1.0733300e+00   6.0297500e+00   2.8759500e+00   5.2567400e+00   5.5714300e-01  -7.2543500e+05
   6.9091300e+00  -1.0733400e+00   6.0297100e+00   2.8759100e+00   5.2569700e+00   5.5718200e-01  -7.2543600e+05
   6.9091900e+00  -1.0733400e+00   6.0297700e+00   2.8755500e+00   5.2569000e+00   5.5709100e-01  -7.2543600e+05
   6.9092500e+00  -1.0733300e+00   6.0297500e+00   2.8753200e+00   5.2570300e+00   5.5701200e-01  -7.2543900e+05
   6.9091100e+00  -1.0733400e+00   6.0297800e+00   2.8758400e+00   5.2569000e+00   5.5723900e-01  -7.2543600e+05
   6.9091700e+00  -1.0733200e+00   6.0297400e+00   2.8756000e+00   5.2568200e+00   5.5703800e-01  -7.2543600e+05
   6.9090200e+00  -1.0733300e+00   6.0297900e+00   2.8755500e+00   5.2574200e+00   5.5721300e-01  -7.2543900e+05
   6.9088400e+00  -1.0733400e+00   6.0297800e+00   2.8754000e+00   5.2575000e+00   5.5762000e-01  -7.2543600e+05
   6.9089000e+00  -1.0733400e+00   6.0297800e+00   2.8755400e+00   5.2573700e+00   5.5772100e-01  -7.2543600e+05
   6.9088100e+00  -1.0733500e+00   6.0297700e+00   2.8753400e+00   5.2577300e+00   5.5801900e-01  -7.2543800e+05
   6.9089500e+00  -1.0733300e+00   6.0297300e+00   2.8753900e+00   5.2572400e+00   5.5762400e-01  -7.2543700e+05
   6.9088900e+00  -1.0733500e+00   6.0297000e+00   2.8755500e+00   5.2569400e+00   5.5739500e-01  -7.2544200e+05
   6.9088900e+00  -1.0733200e+00   6.0298000e+00   2.8752900e+00   5.2575800e+00   5.5763400e-01  -7.2543700e+05
   6.9092900e+00  -1.0733200e+00   6.0297000e+00   2.8755800e+00   5.2567900e+00   5.5746900e-01  -7.2544000e+05
   6.9089700e+00  -1.0733400e+00   6.0298600e+00   2.8755100e+00   5.2573600e+00   5.5747200e-01  -7.2543900e+05
   6.9088700e+00  -1.0733500e+00   6.0297200e+00   2.8756300e+00   5.2572300e+00   5.5747100e-01  -7.2543700e+05
   6.9088800e+00  -1.0733400e+00   6.0298100e+00   2.8756800e+00   5.2575200e+00   5.5753600e-01  -7.2543600e+05
   6.9092200e+00  -1.0733300e+00   6.0297500e+00   2.8760500e+00   5.2569500e+00   5.5744800e-01  -7.2543600e+05
   6.9091200e+00  -1.0733200e+00   6.0297600e+00   2.8763300e+00   5.2568300e+00   5.5717700e-01  -7.2543500e+05
   6.9089900e+00  -1.0733200e+00   6.0297400e+00   2.8761500e+00   5.2572600e+00   5.5741400e-01  -7.2543500e+05
   6.9089500e+00  -1.0733300e+00   6.0297000e+00   2.8766700e+00   5.2572600e+00   5.5757600e-01  -7.2543500e+05
   6.9090500e+00  -1.0733100e+00   6.0297000e+00   2.8767500e+00   5.2571300e+00   5.5726000e-01  -7.2543600e+05
   6.9090900e+00  -1.0732900e+00   6.0296800e+00   2.8771200e+00   5.2569800e+00   5.5723900e-01  -7.2543600e+05
   6.9091700e+00  -1.0733000e+00   6.0297100e+00   2.8771500e+00   5.2569100e+00   5.5731400e-01  -7.2543500e+05
   6.9091900e+00  -1.0732900e+00   6.0297100e+00   2.8776400e+00   5.2567100e+00   5.5747700e-01  -7.2543700e+05
   6.9090900e+00  -1.0732900e+00   6.0296600e+00   2.8776200e+00   5.2569900e+00   5.5770100e-01  -7.2543700e+05
   6.9090800e+00  -1.0732800e+00   6.0296700e+00   2.8772200e+00   5.2570700e+00   5.5749200e-01  -7.2543600e+05
   6.9089900e+00  -1.0733000e+00   6.0298000e+00   2.8768300e+00   5.2571700e+00   5.5738800e-01  -7.2543800e+05
   6.9089900e+00  -1.0732900e+00   6.0297700e+00   2.8771000e+00   5.2572700e+00   5.5766400e-01  -7.2543600e+05
   6.9091800e+00  -1.0732900e+00   6.0296600e+00   2.8774300e+00   5.2568300e+00   5.5741100e-01  -7.2543600e+05
   6.9088600e+00  -1.0732800e+00   6.0297300e+00   2.8772200e+00   5.2572900e+00   5.5764600e-01  -7.2543600e+05
   6.9090500e+00  -1.0732700e+00   6.0296900e+00   2.8774900e+00   5.2569900e+00   5.5773700e-01  -7.2543600e+05
   6.9088700e+00  -1.0732600e+00   6.0296900e+00   2.8771300e+00   5.2571400e+00   5.5791700e-01  -7.2543700e+05
   6.9087400e+00  -1.0732700e+00   6.0297500e+00   2.8768000e+00   5.2577300e+00   5.5790700e-01  -7.2543700e+05
   6.9089300e+00  -1.0732700e+00   6.0296300e+00   2.8768900e+00   5.2569800e+00   5.5758500e-01  -7.2543900e+05
   6.9091500e+00  -1.0732600e+00   6.0297200e+00   2.8767900e+00   5.2569300e+00   5.5746700e-01  -7.2543500e+05
   6.9089800e+00  -1.0732800e+00   6.0296800e+00   2.8766400e+00   5.2570700e+00   5.5751700e-01  -7.2543500e+05
   6.9091100e+00  -1.0732700e+00   6.0296800e+00   2.8767400e+00   5.2569600e+00   5.5718000e-01  -7.2543600e+05
   6.9094100e+00  -1.0732500e+00   6.0297100e+00   2.8764500e+00   5.2560900e+00   5.5708300e-01  -7.2544300e+05
   6.9088800e+00  -1.0732700e+00   6.0297100e+00   2.8760000e+00   5.2573000e+00   5.5739200e-01  -7.2543600e+05
   6.9091200e+00  -1.0732700e+00   6.0297300e+00   2.8758100e+00   5.2569100e+00   5.5721400e-01  -7.2543500e+05
   6.9090800e+00  -1.0732700e+00   6.0298000e+00   2.8758000e+00   5.2570900e+00   5.5751700e-01  -7.2543600e+05
   6.9091000e+00  -1.0732600e+00   6.0296900e+00   2.8763200e+00   5.2571200e+00   5.5746400e-01  -7.2543600e+05
   6.9091800e+00  -1.0732400e+00   6.0297700e+00   2.8763100e+00   5.2567700e+00   5.5723900e-01  -7.2543500e+05
   6.9090700e+00  -1.0732500e+00   6.0297300e+00   2.8766100e+00   5.2571800e+00   5.5723200e-01  -7.2543600e+05
   6.9092500e+00  -1.0732400e+00   6.0298100e+00   2.8762500e+00   5.2568700e+00   5.5713700e-01  -7.2543700e+05
   6.9088700e+00  -1.0732700e+00   6.0297900e+00   2.8768400e+00   5.2574500e+00   5.5755900e-01  -7.2543700e+05
   6.9092700e+00  -1.0732800e+00   6.0296600e+00   2.8768400e+00   5.2567300e+00   5.5720800e-01  -7.2543600e+05
   6.9091400e+00  -1.0732900e+00   6.0297800e+00   2.8765800e+00   5.2570100e+00   5.5728900e-01  -7.2543500e+05
   6.9089900e+00  -1.0732700e+00   6.0297400e+00   2.8765100e+00   5.2572200e+00   5.5767800e-01  -7.2543400e+05
   6.9089900e+00  -1.0732600e+00   6.0297600e+00   2.8765200e+00   5.2573400e+00   5.5790700e-01  -7.2543600e+05
   6.9086800e+00  -1.0732800e+00   6.0297600e+00   2.8767800e+00   5.2576300e+00   5.5795700e-01  -7.2543700e+05
   6.9089200e+00  -1.0732900e+00   6.0297300e+00   2.8766600e+00   5.2573300e+00   5.5776600e-01  -7.2543500e+05
   6.9088500e+00  -1.0732800e+00   6.0297100e+00   2.8767000e+00   5.2573100e+00   5.5750900e-01  -7.2543600e+05
   6.9091900e+00  -1.0732700e+00   6.0297600e+00   2.8765000e+00   5.2570800e+00   5.5727400e-01  -7.2543600e+05
   6.9091500e+00  -1.0732600e+00   6.0296800e+00   2.8766500e+00   5.2570500e+00   5.5740200e-01  -7.2543700e+05
   6.9087800e+00  -1.0732300e+00   6.0296600e+00   2.8767700e+00   5.2573400e+00   5.5755600e-01  -7.2543800e+05
   6.9092100e+00  -1.0732300e+00   6.0297200e+00   2.8770300e+00   5.2568200e+00   5.5723100e-01  -7.2543500e+05
   6.9090300e+00  -1.0732400e+00   6.0297400e+00   2.8769900e+00   5.2570200e+00   5.5734600e-01  -7.2543500e+05
   6.9091500e+00  -1.0732300e+00   6.0298000e+00   2.8769100e+00   5.2571300e+00   5.5732000e-01  -7.2543800e+05
   6.9092700e+00  -1.0732100e+00   6.0297000e+00   2.8769800e+00   5.2568000e+00   5.5742500e-01  -7.2543600e+05
   6.9088900e+00  -1.0732000e+00   6.0297600e+00   2.8768400e+00   5.2573500e+00   5.5762900e-01  -7.2543500e+05
   6.9090900e+00  -1.0731700e+00   6.0297100e+00   2.8772000e+00   5.2570600e+00   5.5742100e-01  -7.2543500e+05
   6.9091400e+00  -1.0731900e+00   6.0297200e+00   2.8772100e+00   5.2567500e+00   5.5736900e-01  -7.2543600e+05
   6.9093100e+00  -1.0731800e+00   6.0296700e+00   2.8771700e+00   5.2566000e+00   5.5745300e-01  -7.2543700e+05
