   6.0253200e+00  -3.9560000e+00   6.2389900e+00   3.4011900e+00   5.6872100e+00   3.4011900e+00  -3.2678600e+07
   6.0251400e+00  -3.9559500e+00   6.2388600e+00   3.4011900e+00   5.6872100e+00   3.4012000e+00  -3.2678600e+07
   6.0252300e+00  -3.9559100e+00   6.2390700e+00   3.4011900e+00   5.6873300e+00   3.4012000e+00  -3.2678600e+07
   6.0252400e+00  -3.9559600e+00   6.2390600e+00   3.4011500e+00   5.6872200e+00   3.4012000e+00  -3.2678600e+07
   6.0250800e+00  -3.9559200e+00   6.2390400e+00   3.4011900e+00   5.6873600e+00   3.4012000e+00  -3.2678600e+07
   6.0251900e+00  -3.9558800e+00   6.2388200e+00   3.4012000e+00   5.6873200e+00   3.4012000e+00  -3.2678600e+07
   6.0249500e+00  -3.9558900e+00   6.2388300e+00   3.4011900e+00   5.6873600e+00   3.4011900e+00  -3.2678600e+07
   6.0250600e+00  -3.9559200e+00   6.2390200e+00   3.4012000e+00   5.6873900e+00   3.4012000e+00  -3.2678600e+07
   6.0251400e+00  -3.9559700e+00   6.2388100e+00   3.4011700e+00   5.6872700e+00   3.4012000e+00  -3.2678600e+07
   6.0252600e+00  -3.9560000e+00   6.2389700e+00   3.4012000e+00   5.6872900e+00   3.4012000e+00  -3.2678600e+07
   6.0251000e+00  -3.9559900e+00   6.2388600e+00   3.4011900e+00   5.6872900e+00   3.4012000e+00  -3.2678600e+07
   6.0250800e+00  -3.9559800e+00   6.2389300e+00   3.4012000e+00   5.6872500e+00   3.4012000e+00  -3.2678600e+07
   6.0250600e+00  -3.9560500e+00   6.2389700e+00   3.4012000e+00   5.6872900e+00   3.4011900e+00  -3.2678600e+07
   6.0251900e+00  -3.9559800e+00   6.2386900e+00   3.4011900e+00   5.6872400e+00   3.4012000e+00  -3.2678600e+07
   6.0250700e+00  -3.9559100e+00   6.2388600e+00   3.4011900e+00   5.6872900e+00   3.4011900e+00  -3.2678600e+07
   6.0251900e+00  -3.9559300e+00   6.2388800e+00   3.4011900e+00   5.6872900e+00   3.4012000e+00  -3.2678600e+07
   6.0252200e+00  -3.9558700e+00   6.2388200e+00   3.4012000e+00   5.6872500e+00   3.4012000e+00  -3.2678600e+07
   6.0253700e+00  -3.9558300e+00   6.2390900e+00   3.4011900e+00   5.6872000e+00   3.4011900e+00  -3.2678600e+07
   6.0250200e+00  -3.9558200e+00   6.2387700e+00   3.4012000e+00   5.6872400e+00   3.4012000e+00  -3.2678600e+07
   6.0252000e+00  -3.9558100e+00   6.2388000e+00   3.4011800e+00   5.6872800e+00   3.4012000e+00  -3.2678600e+07
   6.0252400e+00  -3.9558200e+00   6.2390100e+00   3.4011900e+00   5.6872900e+00   3.4012000e+00  -3.2678600e+07
   6.0250900e+00  -3.9558100e+00   6.2390400e+00   3.4011900e+00   5.6872900e+00   3.4012000e+00  -3.2678600e+07
   6.0250900e+00  -3.9558100e+00   6.2389800e+00   3.4012000e+00   5.6872800e+00   3.4012000e+00  -3.2678600e+07
   6.0251300e+00  -3.9559700e+00   6.2389800e+00   3.4011800e+00   5.6873200e+00   3.4012000e+00  -3.2678600e+07
   6.0251600e+00  -3.9560100e+00   6.2388500e+00   3.4011900e+00   5.6873600e+00   3.4012000e+00  -3.2678600e+07
   6.0251500e+00  -3.9559700e+00   6.2388800e+00   3.4011900e+00   5.6872200e+00   3.4011900e+00  -3.2678600e+07
   6.0252400e+00  -3.9559700e+00   6.2390200e+00   3.4012000e+00   5.6873800e+00   3.4012000e+00  -3.2678600e+07
   6.0251600e+00  -3.9559000e+00   6.2388800e+00   3.4011800e+00   5.6873200e+00   3.4012000e+00  -3.2678600e+07
   6.0251200e+00  -3.9559000e+00   6.2388400e+00   3.4011900e+00   5.6873100e+00   3.4011900e+00  -3.2678600e+07
   6.0250500e+00  -3.9558700e+00   6.2388200e+00   3.4012000e+00   5.6873000e+00   3.4012000e+00  -3.2678600e+07
   6.0252200e+00  -3.9558800e+00   6.2390700e+00   3.4011900e+00   5.6873000e+00   3.4011900e+00  -3.2678600e+07
   6.0252400e+00  -3.9558700e+00   6.2388900e+00   3.4011900e+00   5.6871300e+00   3.4012000e+00  -3.2678600e+07
   6.0251300e+00  -3.9558700e+00   6.2388900e+00   3.4011900e+00   5.6872500e+00   3.4012000e+00  -3.2678600e+07
   6.0251700e+00  -3.9558900e+00   6.2388600e+00   3.4012000e+00   5.6871900e+00   3.4011900e+00  -3.2678600e+07
   6.0252600e+00  -3.9558000e+00   6.2390400e+00   3.4011900e+00   5.6873100e+00   3.4012000e+00  -3.2678600e+07
   6.0250200e+00  -3.9557000e+00   6.2388300e+00   3.4011800e+00   5.6873000e+00   3.4012000e+00  -3.2678600e+07
   6.0251700e+00  -3.9557000e+00   6.2389900e+00   3.4011900e+00   5.6872300e+00   3.4012000e+00  -3.2678600e+07
   6.0251000e+00  -3.9556800e+00   6.2391800e+00   3.4011900e+00   5.6874500e+00   3.4012000e+00  -3.2678600e+07
   6.0250400e+00  -3.9557300e+00   6.2388000e+00   3.4011800e+00   5.6872600e+00   3.4012000e+00  -3.2678600e+07
   6.0250100e+00  -3.9558000e+00   6.2388400e+00   3.4011900e+00   5.6872700e+00   3.4012000e+00  -3.2678600e+07
   6.0252100e+00  -3.9558100e+00   6.2391900e+00   3.4011900e+00   5.6872300e+00   3.4012000e+00  -3.2678600e+07
   6.0250100e+00  -3.9558800e+00   6.2387700e+00   3.4011900e+00   5.6873800e+00   3.4012000e+00  -3.2678600e+07
   6.0253400e+00  -3.9558900e+00   6.2391900e+00   3.4011900e+00   5.6872500e+00   3.4012000e+00  -3.2678600e+07
   6.0250200e+00  -3.9558300e+00   6.2390200e+00   3.4012000e+00   5.6873200e+00   3.4012000e+00  -3.2678600e+07
   6.0249400e+00  -3.9558400e+00   6.2388000e+00   3.4011900e+00   5.6873900e+00   3.4011900e+00  -3.2678600e+07
   6.0250000e+00  -3.9559200e+00   6.2388800e+00   3.4012000e+00   5.6874100e+00   3.4012000e+00  -3.2678600e+07
   6.0250500e+00  -3.9560200e+00   6.2389400e+00   3.4011800e+00   5.6873200e+00   3.4012000e+00  -3.2678600e+07
   6.0251800e+00  -3.9559000e+00   6.2390600e+00   3.4011900e+00   5.6873400e+00   3.4011900e+00  -3.2678600e+07
   6.0253000e+00  -3.9558400e+00   6.2389300e+00   3.4011800e+00   5.6872800e+00   3.4012000e+00  -3.2678600e+07
   6.0250300e+00  -3.9558100e+00   6.2388900e+00   3.4011900e+00   5.6873000e+00   3.4012000e+00  -3.2678600e+07
   6.0250600e+00  -3.9558000e+00   6.2389700e+00   3.4011900e+00   5.6873500e+00   3.4011900e+00  -3.2678600e+07
   6.0250300e+00  -3.9558400e+00   6.2388900e+00   3.4011900e+00   5.6873300e+00   3.4012000e+00  -3.2678600e+07
   6.0250300e+00  -3.9557800e+00   6.2388700e+00   3.4011900e+00   5.6873300e+00   3.4012000e+00  -3.2678600e+07
   6.0250200e+00  -3.9557500e+00   6.2388500e+00   3.4012000e+00   5.6872800e+00   3.4011900e+00  -3.2678600e+07
   6.0249100e+00  -3.9556900e+00   6.2388600e+00   3.4011900e+00   5.6873500e+00   3.4012000e+00  -3.2678600e+07
   6.0249500e+00  -3.9556800e+00   6.2387500e+00   3.4012000e+00   5.6873000e+00   3.4012000e+00  -3.2678600e+07
   6.0249800e+00  -3.9557200e+00   6.2388900e+00   3.4011900e+00   5.6872500e+00   3.4012000e+00  -3.2678600e+07
   6.0248800e+00  -3.9556400e+00   6.2387000e+00   3.4011900e+00   5.6873200e+00   3.4011900e+00  -3.2678600e+07
   6.0249600e+00  -3.9556600e+00   6.2389000e+00   3.4011900e+00   5.6873300e+00   3.4011900e+00  -3.2678600e+07
   6.0250100e+00  -3.9556700e+00   6.2390200e+00   3.4011800e+00   5.6874600e+00   3.4012000e+00  -3.2678600e+07
   6.0250700e+00  -3.9557200e+00   6.2390200e+00   3.4011900e+00   5.6873100e+00   3.4012000e+00  -3.2678600e+07
   6.0250000e+00  -3.9557100e+00   6.2387900e+00   3.4011900e+00   5.6873400e+00   3.4012000e+00  -3.2678600e+07
   6.0250000e+00  -3.9557200e+00   6.2389400e+00   3.4012000e+00   5.6873100e+00   3.4011900e+00  -3.2678600e+07
   6.0251800e+00  -3.9557400e+00   6.2390400e+00   3.4011800e+00   5.6873800e+00   3.4012000e+00  -3.2678600e+07
   6.0252500e+00  -3.9557500e+00   6.2392100e+00   3.4011900e+00   5.6873100e+00   3.4012000e+00  -3.2678600e+07
   6.0250500e+00  -3.9557900e+00   6.2391000e+00   3.4012000e+00   5.6873700e+00   3.4012000e+00  -3.2678600e+07
   6.0249700e+00  -3.9557700e+00   6.2388900e+00   3.4011900e+00   5.6873200e+00   3.4012000e+00  -3.2678600e+07
   6.0250800e+00  -3.9558000e+00   6.2389900e+00   3.4012000e+00   5.6872500e+00   3.4012000e+00  -3.2678600e+07
   6.0251100e+00  -3.9557900e+00   6.2389500e+00   3.4011900e+00   5.6873400e+00   3.4011900e+00  -3.2678600e+07
   6.0251500e+00  -3.9558100e+00   6.2390800e+00   3.4012000e+00   5.6873500e+00   3.4012000e+00  -3.2678600e+07
   6.0250500e+00  -3.9557800e+00   6.2389200e+00   3.4012000e+00   5.6873700e+00   3.4012000e+00  -3.2678600e+07
   6.0249900e+00  -3.9557600e+00   6.2389300e+00   3.4011900e+00   5.6873400e+00   3.4012000e+00  -3.2678600e+07
   6.0249800e+00  -3.9557500e+00   6.2389100e+00   3.4012000e+00   5.6872600e+00   3.4012000e+00  -3.2678600e+07
   6.0251100e+00  -3.9557300e+00   6.2389900e+00   3.4011900e+00   5.6873300e+00   3.4011900e+00  -3.2678600e+07
   6.0252200e+00  -3.9557300e+00   6.2391500e+00   3.4012000e+00   5.6874400e+00   3.4012000e+00  -3.2678600e+07
   6.0249600e+00  -3.9557500e+00   6.2388400e+00   3.4011900e+00   5.6873300e+00   3.4012000e+00  -3.2678600e+07
   6.0250400e+00  -3.9557100e+00   6.2390200e+00   3.4011900e+00   5.6873200e+00   3.4012000e+00  -3.2678600e+07
   6.0249800e+00  -3.9556900e+00   6.2390300e+00   3.4011900e+00   5.6872700e+00   3.4012000e+00  -3.2678600e+07
   6.0251200e+00  -3.9557500e+00   6.2391000e+00   3.4011900e+00   5.6872400e+00   3.4012000e+00  -3.2678600e+07
   6.0249100e+00  -3.9557500e+00   6.2387300e+00   3.4011900e+00   5.6872000e+00   3.4011900e+00  -3.2678600e+07
   6.0251800e+00  -3.9558100e+00   6.2390300e+00   3.4011800e+00   5.6873000e+00   3.4011900e+00  -3.2678600e+07
   6.0252700e+00  -3.9557900e+00   6.2392000e+00   3.4011900e+00   5.6872000e+00   3.4012000e+00  -3.2678600e+07
   6.0250500e+00  -3.9558000e+00   6.2388500e+00   3.4012000e+00   5.6873600e+00   3.4012000e+00  -3.2678600e+07
   6.0249700e+00  -3.9557900e+00   6.2387200e+00   3.4012000e+00   5.6873600e+00   3.4012000e+00  -3.2678600e+07
   6.0252100e+00  -3.9558300e+00   6.2389500e+00   3.4011900e+00   5.6872400e+00   3.4012000e+00  -3.2678600e+07
   6.0252100e+00  -3.9558200e+00   6.2389500e+00   3.4012000e+00   5.6873200e+00   3.4011900e+00  -3.2678600e+07
   6.0251200e+00  -3.9557700e+00   6.2390100e+00   3.4011800e+00   5.6873600e+00   3.4012000e+00  -3.2678600e+07
   6.0250600e+00  -3.9557000e+00   6.2389200e+00   3.4011900e+00   5.6872100e+00   3.4012000e+00  -3.2678600e+07
   6.0249900e+00  -3.9557600e+00   6.2390200e+00   3.4012000e+00   5.6873600e+00   3.4011900e+00  -3.2678600e+07
   6.0250900e+00  -3.9557000e+00   6.2389200e+00   3.4011800e+00   5.6871800e+00   3.4012000e+00  -3.2678600e+07
   6.0250100e+00  -3.9557100e+00   6.2389600e+00   3.4011800e+00   5.6873300e+00   3.4012000e+00  -3.2678600e+07
   6.0251000e+00  -3.9557300e+00   6.2390600e+00   3.4011900e+00   5.6872100e+00   3.4012000e+00  -3.2678600e+07
   6.0251200e+00  -3.9558000e+00   6.2388500e+00   3.4011900e+00   5.6872600e+00   3.4012000e+00  -3.2678600e+07
   6.0251000e+00  -3.9557300e+00   6.2390800e+00   3.4011900e+00   5.6872800e+00   3.4012000e+00  -3.2678600e+07
   6.0249000e+00  -3.9556800e+00   6.2389300e+00   3.4012000e+00   5.6872800e+00   3.4012000e+00  -3.2678600e+07
   6.0248400e+00  -3.9556100e+00   6.2386900e+00   3.4012000e+00   5.6872800e+00   3.4012000e+00  -3.2678600e+07
   6.0249300e+00  -3.9555800e+00   6.2390700e+00   3.4011900e+00   5.6873100e+00   3.4012000e+00  -3.2678600e+07
   6.0250800e+00  -3.9556200e+00   6.2389800e+00   3.4012000e+00   5.6872900e+00   3.4012000e+00  -3.2678600e+07
   6.0248900e+00  -3.9556100e+00   6.2388700e+00   3.4011900e+00   5.6872500e+00   3.4012000e+00  -3.2678600e+07
   6.0251200e+00  -3.9556100e+00   6.2390900e+00   3.4011900e+00   5.6873300e+00   3.4012000e+00  -3.2678600e+07
   6.0248900e+00  -3.9555300e+00   6.2388100e+00   3.4011900e+00   5.6872900e+00   3.4012000e+00  -3.2678600e+07
   6.0250300e+00  -3.9555500e+00   6.2390000e+00   3.4012000e+00   5.6873000e+00   3.4012000e+00  -3.2678600e+07
   6.0249800e+00  -3.9555300e+00   6.2389300e+00   3.4011900e+00   5.6872500e+00   3.4011900e+00  -3.2678600e+07
   6.0249300e+00  -3.9555100e+00   6.2389400e+00   3.4011900e+00   5.6873200e+00   3.4011900e+00  -3.2678600e+07
   6.0249800e+00  -3.9555900e+00   6.2389400e+00   3.4011900e+00   5.6874100e+00   3.4011900e+00  -3.2678600e+07
   6.0249300e+00  -3.9556700e+00   6.2388300e+00   3.4012000e+00   5.6873900e+00   3.4012000e+00  -3.2678600e+07
   6.0251200e+00  -3.9555800e+00   6.2391300e+00   3.4011900e+00   5.6873000e+00   3.4012000e+00  -3.2678600e+07
   6.0249600e+00  -3.9556000e+00   6.2391000e+00   3.4012000e+00   5.6873600e+00   3.4012000e+00  -3.2678600e+07
   6.0249500e+00  -3.9555500e+00   6.2389400e+00   3.4012000e+00   5.6873000e+00   3.4012000e+00  -3.2678600e+07
   6.0249800e+00  -3.9555400e+00   6.2390400e+00   3.4011900e+00   5.6872000e+00   3.4012000e+00  -3.2678600e+07
   6.0250000e+00  -3.9555900e+00   6.2391800e+00   3.4011900e+00   5.6872800e+00   3.4011900e+00  -3.2678600e+07
   6.0250600e+00  -3.9556300e+00   6.2389300e+00   3.4011900e+00   5.6872600e+00   3.4012000e+00  -3.2678600e+07
   6.0251700e+00  -3.9556300e+00   6.2391800e+00   3.4011800e+00   5.6874100e+00   3.4012000e+00  -3.2678600e+07
   6.0250000e+00  -3.9557200e+00   6.2387900e+00   3.4011800e+00   5.6872600e+00   3.4012000e+00  -3.2678600e+07
   6.0250900e+00  -3.9558100e+00   6.2390600e+00   3.4011700e+00   5.6873400e+00   3.4012000e+00  -3.2678600e+07
   6.0250900e+00  -3.9558600e+00   6.2389600e+00   3.4011900e+00   5.6872900e+00   3.4011900e+00  -3.2678600e+07
   6.0250900e+00  -3.9558200e+00   6.2389100e+00   3.4011900e+00   5.6873700e+00   3.4012000e+00  -3.2678600e+07
   6.0250600e+00  -3.9557800e+00   6.2389600e+00   3.4011800e+00   5.6872600e+00   3.4012000e+00  -3.2678600e+07
   6.0249100e+00  -3.9558200e+00   6.2387300e+00   3.4011900e+00   5.6872800e+00   3.4012000e+00  -3.2678600e+07
   6.0251400e+00  -3.9558400e+00   6.2389700e+00   3.4011900e+00   5.6872700e+00   3.4012000e+00  -3.2678600e+07
   6.0251600e+00  -3.9558500e+00   6.2389500e+00   3.4011900e+00   5.6873100e+00   3.4011900e+00  -3.2678600e+07
   6.0251300e+00  -3.9558900e+00   6.2390000e+00   3.4011900e+00   5.6872700e+00   3.4012000e+00  -3.2678600e+07
   6.0249200e+00  -3.9558300e+00   6.2387700e+00   3.4011900e+00   5.6872600e+00   3.4012000e+00  -3.2678600e+07
   6.0250000e+00  -3.9557800e+00   6.2386700e+00   3.4012000e+00   5.6872600e+00   3.4011900e+00  -3.2678600e+07
   6.0251700e+00  -3.9558000e+00   6.2388900e+00   3.4011900e+00   5.6872300e+00   3.4012000e+00  -3.2678600e+07
   6.0251400e+00  -3.9557900e+00   6.2391100e+00   3.4011900e+00   5.6873200e+00   3.4012000e+00  -3.2678600e+07
   6.0252100e+00  -3.9558200e+00   6.2391500e+00   3.4012000e+00   5.6873300e+00   3.4012000e+00  -3.2678600e+07
   6.0251600e+00  -3.9558500e+00   6.2390300e+00   3.4011900e+00   5.6873500e+00   3.4012000e+00  -3.2678600e+07
   6.0249800e+00  -3.9557700e+00   6.2388800e+00   3.4012000e+00   5.6872900e+00   3.4012000e+00  -3.2678600e+07
   6.0249600e+00  -3.9557800e+00   6.2387800e+00   3.4012000e+00   5.6872600e+00   3.4012000e+00  -3.2678600e+07
   6.0251200e+00  -3.9557900e+00   6.2389000e+00   3.4011900e+00   5.6872900e+00   3.4011900e+00  -3.2678600e+07
   6.0250000e+00  -3.9557300e+00   6.2389400e+00   3.4012000e+00   5.6873300e+00   3.4012000e+00  -3.2678600e+07
   6.0250700e+00  -3.9557200e+00   6.2387400e+00   3.4012000e+00   5.6872300e+00   3.4012000e+00  -3.2678600e+07
   6.0249900e+00  -3.9556700e+00   6.2390100e+00   3.4011700e+00   5.6872600e+00   3.4012000e+00  -3.2678600e+07
   6.0250400e+00  -3.9556300e+00   6.2387900e+00   3.4012000e+00   5.6872800e+00   3.4011900e+00  -3.2678600e+07
   6.0252200e+00  -3.9555900e+00   6.2392900e+00   3.4011800e+00   5.6872700e+00   3.4012000e+00  -3.2678600e+07
   6.0248800e+00  -3.9555800e+00   6.2388200e+00   3.4012000e+00   5.6872100e+00   3.4012000e+00  -3.2678600e+07
   6.0251100e+00  -3.9555900e+00   6.2390500e+00   3.4011900e+00   5.6873000e+00   3.4012000e+00  -3.2678600e+07
   6.0250700e+00  -3.9556500e+00   6.2389800e+00   3.4011900e+00   5.6872400e+00   3.4012000e+00  -3.2678600e+07
   6.0250300e+00  -3.9556900e+00   6.2389600e+00   3.4011800e+00   5.6873200e+00   3.4012000e+00  -3.2678600e+07
   6.0249100e+00  -3.9556700e+00   6.2388600e+00   3.4012000e+00   5.6872100e+00   3.4011900e+00  -3.2678600e+07
   6.0249500e+00  -3.9556500e+00   6.2389100e+00   3.4012000e+00   5.6873100e+00   3.4012000e+00  -3.2678600e+07
   6.0251400e+00  -3.9556700e+00   6.2390200e+00   3.4011700e+00   5.6873100e+00   3.4012000e+00  -3.2678600e+07
   6.0250300e+00  -3.9557500e+00   6.2389200e+00   3.4011900e+00   5.6873300e+00   3.4012000e+00  -3.2678600e+07
   6.0249600e+00  -3.9557100e+00   6.2387900e+00   3.4011900e+00   5.6872600e+00   3.4012000e+00  -3.2678600e+07
   6.0248800e+00  -3.9557100e+00   6.2387300e+00   3.4011900e+00   5.6873000e+00   3.4012000e+00  -3.2678600e+07
   6.0252100e+00  -3.9558000e+00   6.2390500e+00   3.4011900e+00   5.6872000e+00   3.4012000e+00  -3.2678600e+07
   6.0251100e+00  -3.9558400e+00   6.2389000e+00   3.4011900e+00   5.6872800e+00   3.4011900e+00  -3.2678600e+07
   6.0249500e+00  -3.9558500e+00   6.2389100e+00   3.4012000e+00   5.6873300e+00   3.4012000e+00  -3.2678600e+07
   6.0251100e+00  -3.9558700e+00   6.2389900e+00   3.4011900e+00   5.6873000e+00   3.4012000e+00  -3.2678600e+07
   6.0251200e+00  -3.9558700e+00   6.2388300e+00   3.4011900e+00   5.6873100e+00   3.4012000e+00  -3.2678600e+07
   6.0251700e+00  -3.9558200e+00   6.2389600e+00   3.4012000e+00   5.6873100e+00   3.4011900e+00  -3.2678600e+07
   6.0250900e+00  -3.9558700e+00   6.2389400e+00   3.4012000e+00   5.6873200e+00   3.4011900e+00  -3.2678600e+07
   6.0251300e+00  -3.9558100e+00   6.2389800e+00   3.4011900e+00   5.6873100e+00   3.4012000e+00  -3.2678600e+07
   6.0250400e+00  -3.9557900e+00   6.2390100e+00   3.4011900e+00   5.6873200e+00   3.4012000e+00  -3.2678600e+07
   6.0250600e+00  -3.9557500e+00   6.2388600e+00   3.4011900e+00   5.6873400e+00   3.4012000e+00  -3.2678600e+07
   6.0248800e+00  -3.9557300e+00   6.2386500e+00   3.4012000e+00   5.6873100e+00   3.4012000e+00  -3.2678600e+07
   6.0249000e+00  -3.9557300e+00   6.2387500e+00   3.4011900e+00   5.6872900e+00   3.4012000e+00  -3.2678600e+07
   6.0249000e+00  -3.9557600e+00   6.2388800e+00   3.4011800e+00   5.6873300e+00   3.4012000e+00  -3.2678600e+07
   6.0251600e+00  -3.9558500e+00   6.2389800e+00   3.4011900e+00   5.6872800e+00   3.4012000e+00  -3.2678600e+07
   6.0250900e+00  -3.9558400e+00   6.2389900e+00   3.4012000e+00   5.6872800e+00   3.4012000e+00  -3.2678600e+07
   6.0251900e+00  -3.9558200e+00   6.2390200e+00   3.4011900e+00   5.6872300e+00   3.4011900e+00  -3.2678600e+07
   6.0250400e+00  -3.9559100e+00   6.2388200e+00   3.4011800e+00   5.6873500e+00   3.4012000e+00  -3.2678600e+07
   6.0252200e+00  -3.9559400e+00   6.2390200e+00   3.4011900e+00   5.6872200e+00   3.4012000e+00  -3.2678600e+07
   6.0251800e+00  -3.9559600e+00   6.2391100e+00   3.4011900e+00   5.6873700e+00   3.4012000e+00  -3.2678600e+07
   6.0251500e+00  -3.9560000e+00   6.2389700e+00   3.4011900e+00   5.6873300e+00   3.4012000e+00  -3.2678600e+07
   6.0250200e+00  -3.9559900e+00   6.2387300e+00   3.4012000e+00   5.6873500e+00   3.4012000e+00  -3.2678600e+07
   6.0251600e+00  -3.9560000e+00   6.2389100e+00   3.4011900e+00   5.6873300e+00   3.4012000e+00  -3.2678600e+07
   6.0252300e+00  -3.9559600e+00   6.2388500e+00   3.4011900e+00   5.6873300e+00   3.4012000e+00  -3.2678600e+07
   6.0251700e+00  -3.9559000e+00   6.2389000e+00   3.4011900e+00   5.6872700e+00   3.4012000e+00  -3.2678600e+07
   6.0251700e+00  -3.9559300e+00   6.2388100e+00   3.4011800e+00   5.6871800e+00   3.4011900e+00  -3.2678600e+07
   6.0251500e+00  -3.9559200e+00   6.2389500e+00   3.4011900e+00   5.6872500e+00   3.4012000e+00  -3.2678600e+07
   6.0250700e+00  -3.9558300e+00   6.2390400e+00   3.4011900e+00   5.6872700e+00   3.4012000e+00  -3.2678600e+07
   6.0250300e+00  -3.9557600e+00   6.2387800e+00   3.4011800e+00   5.6873200e+00   3.4012000e+00  -3.2678600e+07
   6.0251300e+00  -3.9557900e+00   6.2390000e+00   3.4011800e+00   5.6872700e+00   3.4012000e+00  -3.2678600e+07
   6.0251000e+00  -3.9558000e+00   6.2391000e+00   3.4012000e+00   5.6873200e+00   3.4012000e+00  -3.2678600e+07
   6.0250000e+00  -3.9558100e+00   6.2387200e+00   3.4011900e+00   5.6873400e+00   3.4012000e+00  -3.2678600e+07
   6.0250400e+00  -3.9558400e+00   6.2388900e+00   3.4011800e+00   5.6873300e+00   3.4012000e+00  -3.2678600e+07
   6.0251200e+00  -3.9557300e+00   6.2388600e+00   3.4011900e+00   5.6872500e+00   3.4012000e+00  -3.2678600e+07
   6.0250600e+00  -3.9557100e+00   6.2387700e+00   3.4011900e+00   5.6872500e+00   3.4012000e+00  -3.2678600e+07
   6.0249500e+00  -3.9556800e+00   6.2390400e+00   3.4011900e+00   5.6874100e+00   3.4012000e+00  -3.2678600e+07
   6.0249800e+00  -3.9556700e+00   6.2388100e+00   3.4011700e+00   5.6873100e+00   3.4012000e+00  -3.2678600e+07
   6.0252200e+00  -3.9556700e+00   6.2391000e+00   3.4011900e+00   5.6873000e+00   3.4012000e+00  -3.2678600e+07
   6.0250700e+00  -3.9556800e+00   6.2389500e+00   3.4012000e+00   5.6873100e+00   3.4012000e+00  -3.2678600e+07
   6.0249900e+00  -3.9556800e+00   6.2388000e+00   3.4011600e+00   5.6872400e+00   3.4012000e+00  -3.2678600e+07
   6.0250400e+00  -3.9556100e+00   6.2388100e+00   3.4012000e+00   5.6873000e+00   3.4012000e+00  -3.2678600e+07
   6.0249700e+00  -3.9556100e+00   6.2387100e+00   3.4011900e+00   5.6872600e+00   3.4012000e+00  -3.2678600e+07
   6.0249700e+00  -3.9555600e+00   6.2387300e+00   3.4012000e+00   5.6871900e+00   3.4011900e+00  -3.2678600e+07
   6.0251300e+00  -3.9555600e+00   6.2391100e+00   3.4011900e+00   5.6873700e+00   3.4012000e+00  -3.2678600e+07
   6.0250300e+00  -3.9555700e+00   6.2390100e+00   3.4011900e+00   5.6873000e+00   3.4011900e+00  -3.2678600e+07
   6.0249700e+00  -3.9555700e+00   6.2389700e+00   3.4012000e+00   5.6873800e+00   3.4012000e+00  -3.2678600e+07
   6.0249000e+00  -3.9554700e+00   6.2388500e+00   3.4011900e+00   5.6872100e+00   3.4012000e+00  -3.2678600e+07
   6.0249100e+00  -3.9553900e+00   6.2390100e+00   3.4012000e+00   5.6872900e+00   3.4012000e+00  -3.2678600e+07
   6.0249100e+00  -3.9553400e+00   6.2391500e+00   3.4011900e+00   5.6873100e+00   3.4012000e+00  -3.2678600e+07
   6.0249500e+00  -3.9553100e+00   6.2391500e+00   3.4012000e+00   5.6873500e+00   3.4011900e+00  -3.2678600e+07
   6.0249300e+00  -3.9552600e+00   6.2389400e+00   3.4011800e+00   5.6873000e+00   3.4012000e+00  -3.2678600e+07
   6.0247500e+00  -3.9552400e+00   6.2389800e+00   3.4012000e+00   5.6873200e+00   3.4012000e+00  -3.2678600e+07
   6.0249000e+00  -3.9552500e+00   6.2389600e+00   3.4011800e+00   5.6873200e+00   3.4012000e+00  -3.2678600e+07
   6.0246300e+00  -3.9552600e+00   6.2386600e+00   3.4011900e+00   5.6872600e+00   3.4012000e+00  -3.2678600e+07
   6.0249000e+00  -3.9552900e+00   6.2392400e+00   3.4011800e+00   5.6873400e+00   3.4012000e+00  -3.2678600e+07
   6.0247900e+00  -3.9552900e+00   6.2387700e+00   3.4011900e+00   5.6873300e+00   3.4012000e+00  -3.2678600e+07
   6.0248700e+00  -3.9553800e+00   6.2390900e+00   3.4011800e+00   5.6873000e+00   3.4011900e+00  -3.2678600e+07
   6.0251100e+00  -3.9553700e+00   6.2392500e+00   3.4011900e+00   5.6872700e+00   3.4012000e+00  -3.2678600e+07
   6.0249600e+00  -3.9553900e+00   6.2391300e+00   3.4011800e+00   5.6873500e+00   3.4012000e+00  -3.2678600e+07
   6.0249000e+00  -3.9553900e+00   6.2389400e+00   3.4011900e+00   5.6873400e+00   3.4012000e+00  -3.2678600e+07
   6.0246600e+00  -3.9553900e+00   6.2389200e+00   3.4011900e+00   5.6873600e+00   3.4012000e+00  -3.2678600e+07
   6.0248700e+00  -3.9553900e+00   6.2390300e+00   3.4012000e+00   5.6873200e+00   3.4012000e+00  -3.2678600e+07
   6.0249600e+00  -3.9553700e+00   6.2390400e+00   3.4011900e+00   5.6872900e+00   3.4012000e+00  -3.2678600e+07
   6.0249100e+00  -3.9553400e+00   6.2390600e+00   3.4011900e+00   5.6873700e+00   3.4012000e+00  -3.2678600e+07
   6.0246400e+00  -3.9553500e+00   6.2387000e+00   3.4011800e+00   5.6872700e+00   3.4012000e+00  -3.2678600e+07
   6.0248400e+00  -3.9553500e+00   6.2387500e+00   3.4011900e+00   5.6873200e+00   3.4012000e+00  -3.2678600e+07
   6.0246900e+00  -3.9554500e+00   6.2388400e+00   3.4011800e+00   5.6873900e+00   3.4012000e+00  -3.2678600e+07
   6.0248200e+00  -3.9554000e+00   6.2387100e+00   3.4012000e+00   5.6872800e+00   3.4011900e+00  -3.2678600e+07
   6.0248700e+00  -3.9554100e+00   6.2389900e+00   3.4012000e+00   5.6874100e+00   3.4011900e+00  -3.2678600e+07
   6.0249200e+00  -3.9554300e+00   6.2387800e+00   3.4011900e+00   5.6873600e+00   3.4012000e+00  -3.2678600e+07
   6.0248900e+00  -3.9554700e+00   6.2389400e+00   3.4011900e+00   5.6873100e+00   3.4012000e+00  -3.2678600e+07
   6.0249700e+00  -3.9554800e+00   6.2389000e+00   3.4011600e+00   5.6873300e+00   3.4012000e+00  -3.2678600e+07
   6.0248100e+00  -3.9554700e+00   6.2389400e+00   3.4011900e+00   5.6873400e+00   3.4012000e+00  -3.2678600e+07
   6.0249100e+00  -3.9554200e+00   6.2389900e+00   3.4011900e+00   5.6874400e+00   3.4012000e+00  -3.2678600e+07
   6.0249100e+00  -3.9554100e+00   6.2389600e+00   3.4012000e+00   5.6873300e+00   3.4012000e+00  -3.2678600e+07
   6.0249500e+00  -3.9553900e+00   6.2388500e+00   3.4011800e+00   5.6872500e+00   3.4012000e+00  -3.2678600e+07
   6.0248900e+00  -3.9553900e+00   6.2390400e+00   3.4012000e+00   5.6872600e+00   3.4012000e+00  -3.2678600e+07
   6.0249300e+00  -3.9554000e+00   6.2390200e+00   3.4011900e+00   5.6871700e+00   3.4012000e+00  -3.2678600e+07
   6.0248100e+00  -3.9554900e+00   6.2386700e+00   3.4012000e+00   5.6873000e+00   3.4012000e+00  -3.2678600e+07
   6.0248400e+00  -3.9554700e+00   6.2388900e+00   3.4012000e+00   5.6873300e+00   3.4012000e+00  -3.2678600e+07
   6.0249500e+00  -3.9554500e+00   6.2388000e+00   3.4011700e+00   5.6872600e+00   3.4012000e+00  -3.2678600e+07
   6.0248600e+00  -3.9554200e+00   6.2388900e+00   3.4011900e+00   5.6873600e+00   3.4012000e+00  -3.2678600e+07
   6.0250400e+00  -3.9554300e+00   6.2389900e+00   3.4011900e+00   5.6872100e+00   3.4012000e+00  -3.2678600e+07
   6.0249700e+00  -3.9555000e+00   6.2391400e+00   3.4011900e+00   5.6873600e+00   3.4011900e+00  -3.2678600e+07
   6.0249600e+00  -3.9554800e+00   6.2389300e+00   3.4011800e+00   5.6873300e+00   3.4012000e+00  -3.2678600e+07
   6.0247400e+00  -3.9553900e+00   6.2388500e+00   3.4011700e+00   5.6872900e+00   3.4011900e+00  -3.2678600e+07
   6.0247600e+00  -3.9553200e+00   6.2388500e+00   3.4011800e+00   5.6873400e+00   3.4012000e+00  -3.2678600e+07
   6.0248500e+00  -3.9553400e+00   6.2388100e+00   3.4011900e+00   5.6873200e+00   3.4012000e+00  -3.2678600e+07
   6.0247900e+00  -3.9553200e+00   6.2389300e+00   3.4011800e+00   5.6873700e+00   3.4012000e+00  -3.2678600e+07
   6.0247600e+00  -3.9552800e+00   6.2388300e+00   3.4011800e+00   5.6873100e+00   3.4011900e+00  -3.2678600e+07
   6.0247300e+00  -3.9552600e+00   6.2387500e+00   3.4011900e+00   5.6873300e+00   3.4012000e+00  -3.2678600e+07
   6.0247300e+00  -3.9552400e+00   6.2387100e+00   3.4011900e+00   5.6872900e+00   3.4012000e+00  -3.2678600e+07
   6.0249000e+00  -3.9552800e+00   6.2391100e+00   3.4011900e+00   5.6874000e+00   3.4012000e+00  -3.2678600e+07
   6.0250100e+00  -3.9553400e+00   6.2389500e+00   3.4012000e+00   5.6873200e+00   3.4012000e+00  -3.2678600e+07
   6.0250600e+00  -3.9554400e+00   6.2391100e+00   3.4011900e+00   5.6873400e+00   3.4012000e+00  -3.2678600e+07
   6.0251500e+00  -3.9554500e+00   6.2392200e+00   3.4011900e+00   5.6872200e+00   3.4012000e+00  -3.2678600e+07
   6.0248500e+00  -3.9554700e+00   6.2389500e+00   3.4011800e+00   5.6873700e+00   3.4012000e+00  -3.2678600e+07
   6.0249700e+00  -3.9554600e+00   6.2390300e+00   3.4011900e+00   5.6873900e+00   3.4012000e+00  -3.2678600e+07
   6.0249300e+00  -3.9554900e+00   6.2390600e+00   3.4011900e+00   5.6873600e+00   3.4012000e+00  -3.2678600e+07
   6.0249600e+00  -3.9555100e+00   6.2390900e+00   3.4011800e+00   5.6872900e+00   3.4012000e+00  -3.2678600e+07
   6.0249200e+00  -3.9555700e+00   6.2388600e+00   3.4011900e+00   5.6872800e+00   3.4012000e+00  -3.2678600e+07
   6.0249100e+00  -3.9555200e+00   6.2388300e+00   3.4011800e+00   5.6873200e+00   3.4012000e+00  -3.2678600e+07
   6.0250300e+00  -3.9555200e+00   6.2390200e+00   3.4011900e+00   5.6872300e+00   3.4012000e+00  -3.2678600e+07
   6.0251400e+00  -3.9555000e+00   6.2391900e+00   3.4011800e+00   5.6873800e+00   3.4012000e+00  -3.2678600e+07
   6.0251300e+00  -3.9554900e+00   6.2390600e+00   3.4011900e+00   5.6872600e+00   3.4012000e+00  -3.2678600e+07
   6.0248700e+00  -3.9554500e+00   6.2390200e+00   3.4012000e+00   5.6873300e+00   3.4011900e+00  -3.2678600e+07
   6.0250700e+00  -3.9555400e+00   6.2390300e+00   3.4012000e+00   5.6872400e+00   3.4012000e+00  -3.2678600e+07
   6.0249200e+00  -3.9555600e+00   6.2389200e+00   3.4011900e+00   5.6873300e+00   3.4012000e+00  -3.2678600e+07
   6.0249700e+00  -3.9555100e+00   6.2389200e+00   3.4011900e+00   5.6873200e+00   3.4012000e+00  -3.2678600e+07
   6.0249200e+00  -3.9555500e+00   6.2386700e+00   3.4011900e+00   5.6871900e+00   3.4011900e+00  -3.2678600e+07
   6.0250600e+00  -3.9555300e+00   6.2390100e+00   3.4011900e+00   5.6872800e+00   3.4011900e+00  -3.2678600e+07
   6.0249100e+00  -3.9555500e+00   6.2390000e+00   3.4011900e+00   5.6873100e+00   3.4011900e+00  -3.2678600e+07
   6.0249600e+00  -3.9555700e+00   6.2389100e+00   3.4012000e+00   5.6873000e+00   3.4012000e+00  -3.2678600e+07
   6.0248200e+00  -3.9554900e+00   6.2388200e+00   3.4011800e+00   5.6872600e+00   3.4012000e+00  -3.2678600e+07
   6.0250700e+00  -3.9555000e+00   6.2390900e+00   3.4011900e+00   5.6872700e+00   3.4012000e+00  -3.2678600e+07
   6.0249100e+00  -3.9554300e+00   6.2389500e+00   3.4011900e+00   5.6873300e+00   3.4012000e+00  -3.2678600e+07
   6.0250200e+00  -3.9554300e+00   6.2392100e+00   3.4011900e+00   5.6873600e+00   3.4012000e+00  -3.2678600e+07
   6.0249200e+00  -3.9554500e+00   6.2389600e+00   3.4011900e+00   5.6872300e+00   3.4012000e+00  -3.2678600e+07
   6.0249800e+00  -3.9554600e+00   6.2390800e+00   3.4012000e+00   5.6872600e+00   3.4011900e+00  -3.2678600e+07
   6.0249400e+00  -3.9555000e+00   6.2387900e+00   3.4012000e+00   5.6872900e+00   3.4012000e+00  -3.2678600e+07
   6.0249000e+00  -3.9554700e+00   6.2390000e+00   3.4012000e+00   5.6872900e+00   3.4011900e+00  -3.2678600e+07
   6.0249800e+00  -3.9555300e+00   6.2388900e+00   3.4012000e+00   5.6873800e+00   3.4012000e+00  -3.2678600e+07
   6.0250800e+00  -3.9555600e+00   6.2391600e+00   3.4011900e+00   5.6874000e+00   3.4012000e+00  -3.2678600e+07
   6.0250400e+00  -3.9555600e+00   6.2387800e+00   3.4011900e+00   5.6871100e+00   3.4012000e+00  -3.2678600e+07
   6.0249400e+00  -3.9555900e+00   6.2390400e+00   3.4011900e+00   5.6873400e+00   3.4012000e+00  -3.2678600e+07
   6.0249600e+00  -3.9556000e+00   6.2388600e+00   3.4011800e+00   5.6874000e+00   3.4012000e+00  -3.2678600e+07
   6.0249300e+00  -3.9556000e+00   6.2387600e+00   3.4011900e+00   5.6872500e+00   3.4011900e+00  -3.2678600e+07
   6.0250000e+00  -3.9556900e+00   6.2389500e+00   3.4012000e+00   5.6872700e+00   3.4012000e+00  -3.2678600e+07
   6.0250400e+00  -3.9556800e+00   6.2389400e+00   3.4011900e+00   5.6873400e+00   3.4012000e+00  -3.2678600e+07
   6.0250500e+00  -3.9557100e+00   6.2388800e+00   3.4011800e+00   5.6872400e+00   3.4011900e+00  -3.2678600e+07
   6.0251800e+00  -3.9557300e+00   6.2388600e+00   3.4011900e+00   5.6872200e+00   3.4012000e+00  -3.2678600e+07
   6.0251500e+00  -3.9557200e+00   6.2390600e+00   3.4011800e+00   5.6873800e+00   3.4012000e+00  -3.2678600e+07
   6.0251700e+00  -3.9557800e+00   6.2388100e+00   3.4011900e+00   5.6872100e+00   3.4012000e+00  -3.2678600e+07
   6.0250500e+00  -3.9557400e+00   6.2388800e+00   3.4012000e+00   5.6872900e+00   3.4012000e+00  -3.2678600e+07
   6.0250300e+00  -3.9557100e+00   6.2390100e+00   3.4012000e+00   5.6873400e+00   3.4011900e+00  -3.2678600e+07
   6.0252100e+00  -3.9557700e+00   6.2390400e+00   3.4012000e+00   5.6872700e+00   3.4012000e+00  -3.2678600e+07
   6.0250400e+00  -3.9557200e+00   6.2387700e+00   3.4011800e+00   5.6872500e+00   3.4012000e+00  -3.2678600e+07
   6.0249500e+00  -3.9556500e+00   6.2389400e+00   3.4011900e+00   5.6872100e+00   3.4012000e+00  -3.2678600e+07
   6.0249800e+00  -3.9556200e+00   6.2389500e+00   3.4011900e+00   5.6872900e+00   3.4012000e+00  -3.2678600e+07
   6.0250400e+00  -3.9556100e+00   6.2389400e+00   3.4011900e+00   5.6873100e+00   3.4012000e+00  -3.2678600e+07
   6.0250000e+00  -3.9556300e+00   6.2388200e+00   3.4012000e+00   5.6872100e+00   3.4012000e+00  -3.2678600e+07
   6.0248800e+00  -3.9556400e+00   6.2390500e+00   3.4012000e+00   5.6873300e+00   3.4011900e+00  -3.2678600e+07
   6.0249200e+00  -3.9556500e+00   6.2388100e+00   3.4011800e+00   5.6873400e+00   3.4011900e+00  -3.2678600e+07
   6.0249800e+00  -3.9556200e+00   6.2389600e+00   3.4011800e+00   5.6873300e+00   3.4012000e+00  -3.2678600e+07
   6.0249500e+00  -3.9555100e+00   6.2389600e+00   3.4011900e+00   5.6873200e+00   3.4011900e+00  -3.2678600e+07
   6.0248300e+00  -3.9554200e+00   6.2387600e+00   3.4011900e+00   5.6872900e+00   3.4012000e+00  -3.2678600e+07
   6.0247300e+00  -3.9554100e+00   6.2387200e+00   3.4011800e+00   5.6872800e+00   3.4011900e+00  -3.2678600e+07
   6.0248300e+00  -3.9553800e+00   6.2389800e+00   3.4011800e+00   5.6873700e+00   3.4012000e+00  -3.2678600e+07
   6.0249300e+00  -3.9553900e+00   6.2390400e+00   3.4011900e+00   5.6873600e+00   3.4012000e+00  -3.2678600e+07
   6.0248400e+00  -3.9553200e+00   6.2390700e+00   3.4011900e+00   5.6874100e+00   3.4011900e+00  -3.2678600e+07
   6.0249900e+00  -3.9553600e+00   6.2388900e+00   3.4011900e+00   5.6872800e+00   3.4012000e+00  -3.2678600e+07
   6.0251300e+00  -3.9554500e+00   6.2392700e+00   3.4012000e+00   5.6872900e+00   3.4012000e+00  -3.2678600e+07
   6.0247300e+00  -3.9554400e+00   6.2386800e+00   3.4011900e+00   5.6872700e+00   3.4012000e+00  -3.2678600e+07
   6.0249000e+00  -3.9555100e+00   6.2389000e+00   3.4011900e+00   5.6873500e+00   3.4012000e+00  -3.2678600e+07
   6.0249600e+00  -3.9554400e+00   6.2390000e+00   3.4012000e+00   5.6872200e+00   3.4012000e+00  -3.2678600e+07
   6.0249900e+00  -3.9554300e+00   6.2391900e+00   3.4012000e+00   5.6873500e+00   3.4012000e+00  -3.2678600e+07
   6.0248900e+00  -3.9554400e+00   6.2387200e+00   3.4011900e+00   5.6873000e+00   3.4011900e+00  -3.2678600e+07
   6.0247800e+00  -3.9553800e+00   6.2389900e+00   3.4012000e+00   5.6873100e+00   3.4012000e+00  -3.2678600e+07
   6.0249800e+00  -3.9554100e+00   6.2389600e+00   3.4011900e+00   5.6872700e+00   3.4012000e+00  -3.2678600e+07
   6.0248900e+00  -3.9554200e+00   6.2387700e+00   3.4012000e+00   5.6872700e+00   3.4012000e+00  -3.2678600e+07
   6.0250600e+00  -3.9554100e+00   6.2390900e+00   3.4012000e+00   5.6872600e+00   3.4012000e+00  -3.2678600e+07
   6.0248000e+00  -3.9553300e+00   6.2389400e+00   3.4011900e+00   5.6874000e+00   3.4012000e+00  -3.2678600e+07
   6.0249700e+00  -3.9552900e+00   6.2390100e+00   3.4011900e+00   5.6873000e+00   3.4012000e+00  -3.2678600e+07
   6.0248400e+00  -3.9552900e+00   6.2389500e+00   3.4011900e+00   5.6872400e+00   3.4012000e+00  -3.2678600e+07
   6.0248200e+00  -3.9553100e+00   6.2390600e+00   3.4011900e+00   5.6873300e+00   3.4012000e+00  -3.2678600e+07
   6.0248000e+00  -3.9553300e+00   6.2389500e+00   3.4011800e+00   5.6873800e+00   3.4012000e+00  -3.2678600e+07
   6.0249900e+00  -3.9553600e+00   6.2390500e+00   3.4011900e+00   5.6872900e+00   3.4012000e+00  -3.2678600e+07
   6.0250300e+00  -3.9553800e+00   6.2390600e+00   3.4011600e+00   5.6873200e+00   3.4012000e+00  -3.2678600e+07
   6.0249200e+00  -3.9553600e+00   6.2391300e+00   3.4011900e+00   5.6872300e+00   3.4012000e+00  -3.2678600e+07
   6.0248200e+00  -3.9553400e+00   6.2390300e+00   3.4012000e+00   5.6873100e+00   3.4012000e+00  -3.2678600e+07
   6.0249700e+00  -3.9552600e+00   6.2390500e+00   3.4011900e+00   5.6872400e+00   3.4012000e+00  -3.2678600e+07
   6.0248600e+00  -3.9552400e+00   6.2389800e+00   3.4011900e+00   5.6873100e+00   3.4012000e+00  -3.2678600e+07
   6.0249200e+00  -3.9552500e+00   6.2391400e+00   3.4011700e+00   5.6873300e+00   3.4012000e+00  -3.2678600e+07
   6.0248200e+00  -3.9553400e+00   6.2389400e+00   3.4012000e+00   5.6874200e+00   3.4012000e+00  -3.2678600e+07
   6.0248800e+00  -3.9553000e+00   6.2389400e+00   3.4012000e+00   5.6872800e+00   3.4012000e+00  -3.2678600e+07
   6.0247900e+00  -3.9552700e+00   6.2388300e+00   3.4011900e+00   5.6873800e+00   3.4012000e+00  -3.2678600e+07
   6.0248600e+00  -3.9553700e+00   6.2389300e+00   3.4011900e+00   5.6872900e+00   3.4012000e+00  -3.2678600e+07
   6.0249100e+00  -3.9553100e+00   6.2389500e+00   3.4011900e+00   5.6872200e+00   3.4012000e+00  -3.2678600e+07
   6.0249000e+00  -3.9553100e+00   6.2389700e+00   3.4011800e+00   5.6873200e+00   3.4012000e+00  -3.2678600e+07
   6.0248800e+00  -3.9553800e+00   6.2389900e+00   3.4011800e+00   5.6872400e+00   3.4012000e+00  -3.2678600e+07
   6.0248900e+00  -3.9554100e+00   6.2388500e+00   3.4012000e+00   5.6873700e+00   3.4012000e+00  -3.2678600e+07
   6.0248800e+00  -3.9554800e+00   6.2390700e+00   3.4011800e+00   5.6873000e+00   3.4012000e+00  -3.2678600e+07
   6.0250400e+00  -3.9554400e+00   6.2392400e+00   3.4011900e+00   5.6873600e+00   3.4012000e+00  -3.2678600e+07
   6.0250000e+00  -3.9555200e+00   6.2388400e+00   3.4011800e+00   5.6873200e+00   3.4012000e+00  -3.2678600e+07
   6.0248400e+00  -3.9554800e+00   6.2390500e+00   3.4012000e+00   5.6873600e+00   3.4012000e+00  -3.2678600e+07
   6.0249500e+00  -3.9555300e+00   6.2389100e+00   3.4011700e+00   5.6873400e+00   3.4012000e+00  -3.2678600e+07
   6.0250000e+00  -3.9555300e+00   6.2390000e+00   3.4011900e+00   5.6874500e+00   3.4011900e+00  -3.2678600e+07
   6.0250600e+00  -3.9555700e+00   6.2390900e+00   3.4011500e+00   5.6873200e+00   3.4012000e+00  -3.2678600e+07
   6.0248000e+00  -3.9555400e+00   6.2389200e+00   3.4012000e+00   5.6873800e+00   3.4012000e+00  -3.2678600e+07
   6.0250100e+00  -3.9555000e+00   6.2391100e+00   3.4011800e+00   5.6873600e+00   3.4012000e+00  -3.2678600e+07
   6.0250500e+00  -3.9555900e+00   6.2390300e+00   3.4011900e+00   5.6873500e+00   3.4012000e+00  -3.2678600e+07
   6.0250800e+00  -3.9556800e+00   6.2389800e+00   3.4011900e+00   5.6873300e+00   3.4012000e+00  -3.2678600e+07
   6.0250600e+00  -3.9556700e+00   6.2389400e+00   3.4011800e+00   5.6873000e+00   3.4011900e+00  -3.2678600e+07
   6.0250000e+00  -3.9557200e+00   6.2387200e+00   3.4012000e+00   5.6872300e+00   3.4012000e+00  -3.2678600e+07
   6.0248900e+00  -3.9557300e+00   6.2386400e+00   3.4011800e+00   5.6872700e+00   3.4012000e+00  -3.2678600e+07
   6.0250100e+00  -3.9557100e+00   6.2387800e+00   3.4012000e+00   5.6873700e+00   3.4012000e+00  -3.2678600e+07
   6.0250000e+00  -3.9557200e+00   6.2389800e+00   3.4011900e+00   5.6873000e+00   3.4012000e+00  -3.2678600e+07
   6.0250700e+00  -3.9557200e+00   6.2389600e+00   3.4011900e+00   5.6872400e+00   3.4012000e+00  -3.2678600e+07
   6.0251200e+00  -3.9557100e+00   6.2388100e+00   3.4011700e+00   5.6872900e+00   3.4012000e+00  -3.2678600e+07
   6.0251200e+00  -3.9557400e+00   6.2390200e+00   3.4011900e+00   5.6873100e+00   3.4012000e+00  -3.2678600e+07
   6.0248100e+00  -3.9557100e+00   6.2388100e+00   3.4011900e+00   5.6873600e+00   3.4012000e+00  -3.2678600e+07
   6.0249600e+00  -3.9557700e+00   6.2389500e+00   3.4011900e+00   5.6873400e+00   3.4012000e+00  -3.2678600e+07
   6.0250900e+00  -3.9557600e+00   6.2390000e+00   3.4012000e+00   5.6873500e+00   3.4011900e+00  -3.2678600e+07
   6.0252200e+00  -3.9557200e+00   6.2392800e+00   3.4012000e+00   5.6874400e+00   3.4012000e+00  -3.2678600e+07
   6.0249400e+00  -3.9556200e+00   6.2390300e+00   3.4011900e+00   5.6873400e+00   3.4012000e+00  -3.2678600e+07
   6.0250000e+00  -3.9555900e+00   6.2389200e+00   3.4011900e+00   5.6872600e+00   3.4011900e+00  -3.2678600e+07
   6.0250200e+00  -3.9555700e+00   6.2388200e+00   3.4011900e+00   5.6873200e+00   3.4011900e+00  -3.2678600e+07
   6.0248200e+00  -3.9555900e+00   6.2387800e+00   3.4012000e+00   5.6873300e+00   3.4012000e+00  -3.2678600e+07
   6.0249300e+00  -3.9555200e+00   6.2391500e+00   3.4011900e+00   5.6873600e+00   3.4011900e+00  -3.2678600e+07
   6.0250300e+00  -3.9555300e+00   6.2389400e+00   3.4011900e+00   5.6873200e+00   3.4012000e+00  -3.2678600e+07
   6.0249500e+00  -3.9555500e+00   6.2389100e+00   3.4011900e+00   5.6872800e+00   3.4012000e+00  -3.2678600e+07
   6.0250500e+00  -3.9555500e+00   6.2389800e+00   3.4011900e+00   5.6872900e+00   3.4012000e+00  -3.2678600e+07
   6.0250400e+00  -3.9555700e+00   6.2391500e+00   3.4011900e+00   5.6873200e+00   3.4012000e+00  -3.2678600e+07
   6.0250000e+00  -3.9555800e+00   6.2387700e+00   3.4011900e+00   5.6872400e+00   3.4012000e+00  -3.2678600e+07
   6.0251000e+00  -3.9555700e+00   6.2392500e+00   3.4011900e+00   5.6872800e+00   3.4012000e+00  -3.2678600e+07
   6.0249100e+00  -3.9556700e+00   6.2389900e+00   3.4011900e+00   5.6873700e+00   3.4012000e+00  -3.2678600e+07
   6.0250700e+00  -3.9556200e+00   6.2389800e+00   3.4011700e+00   5.6872200e+00   3.4012000e+00  -3.2678600e+07
   6.0250600e+00  -3.9555400e+00   6.2390400e+00   3.4011800e+00   5.6873000e+00   3.4012000e+00  -3.2678600e+07
   6.0247900e+00  -3.9555000e+00   6.2388300e+00   3.4012000e+00   5.6873400e+00   3.4012000e+00  -3.2678600e+07
   6.0250100e+00  -3.9555300e+00   6.2390200e+00   3.4012000e+00   5.6873300e+00   3.4011900e+00  -3.2678600e+07
   6.0251100e+00  -3.9556300e+00   6.2390200e+00   3.4012000e+00   5.6872500e+00   3.4012000e+00  -3.2678600e+07
   6.0250000e+00  -3.9556300e+00   6.2389800e+00   3.4011800e+00   5.6872600e+00   3.4012000e+00  -3.2678600e+07
   6.0249200e+00  -3.9556100e+00   6.2389400e+00   3.4011900e+00   5.6873200e+00   3.4012000e+00  -3.2678600e+07
   6.0250300e+00  -3.9555700e+00   6.2390900e+00   3.4012000e+00   5.6873400e+00   3.4012000e+00  -3.2678600e+07
   6.0251900e+00  -3.9555700e+00   6.2390600e+00   3.4011800e+00   5.6872500e+00   3.4012000e+00  -3.2678600e+07
   6.0249600e+00  -3.9556100e+00   6.2389300e+00   3.4012000e+00   5.6873500e+00   3.4012000e+00  -3.2678600e+07
   6.0250600e+00  -3.9556200e+00   6.2390100e+00   3.4011900e+00   5.6873300e+00   3.4011900e+00  -3.2678600e+07
   6.0251200e+00  -3.9556500e+00   6.2391800e+00   3.4012000e+00   5.6873500e+00   3.4012000e+00  -3.2678600e+07
   6.0250000e+00  -3.9557000e+00   6.2387100e+00   3.4011800e+00   5.6872600e+00   3.4012000e+00  -3.2678600e+07
   6.0249400e+00  -3.9555900e+00   6.2388900e+00   3.4011900e+00   5.6874300e+00   3.4012000e+00  -3.2678600e+07
   6.0250000e+00  -3.9555200e+00   6.2387000e+00   3.4011800e+00   5.6872900e+00   3.4012000e+00  -3.2678600e+07
   6.0250000e+00  -3.9554900e+00   6.2389800e+00   3.4011900e+00   5.6872200e+00   3.4012000e+00  -3.2678600e+07
   6.0249300e+00  -3.9555700e+00   6.2389100e+00   3.4011900e+00   5.6872500e+00   3.4012000e+00  -3.2678600e+07
   6.0250300e+00  -3.9556500e+00   6.2390200e+00   3.4011900e+00   5.6873200e+00   3.4012000e+00  -3.2678600e+07
   6.0252000e+00  -3.9556700e+00   6.2390100e+00   3.4011900e+00   5.6872300e+00   3.4012000e+00  -3.2678600e+07
   6.0251600e+00  -3.9557600e+00   6.2390600e+00   3.4011800e+00   5.6872500e+00   3.4012000e+00  -3.2678600e+07
   6.0251000e+00  -3.9557500e+00   6.2388600e+00   3.4011900e+00   5.6872700e+00   3.4012000e+00  -3.2678600e+07
   6.0250400e+00  -3.9556600e+00   6.2391200e+00   3.4012000e+00   5.6874000e+00   3.4012000e+00  -3.2678600e+07
   6.0249700e+00  -3.9556800e+00   6.2388800e+00   3.4011900e+00   5.6872600e+00   3.4012000e+00  -3.2678600e+07
   6.0250600e+00  -3.9556500e+00   6.2390100e+00   3.4011900e+00   5.6873300e+00   3.4012000e+00  -3.2678600e+07
   6.0251300e+00  -3.9556100e+00   6.2390400e+00   3.4011900e+00   5.6873300e+00   3.4012000e+00  -3.2678600e+07
   6.0248800e+00  -3.9554800e+00   6.2388800e+00   3.4011900e+00   5.6872600e+00   3.4012000e+00  -3.2678600e+07
   6.0249000e+00  -3.9555300e+00   6.2389200e+00   3.4011900e+00   5.6873300e+00   3.4012000e+00  -3.2678600e+07
   6.0249800e+00  -3.9555500e+00   6.2389100e+00   3.4011900e+00   5.6873100e+00   3.4012000e+00  -3.2678600e+07
   6.0251600e+00  -3.9555900e+00   6.2391900e+00   3.4011900e+00   5.6872800e+00   3.4012000e+00  -3.2678600e+07
   6.0249100e+00  -3.9556200e+00   6.2387400e+00   3.4011900e+00   5.6872000e+00   3.4012000e+00  -3.2678600e+07
   6.0249400e+00  -3.9556000e+00   6.2390000e+00   3.4012000e+00   5.6873900e+00   3.4012000e+00  -3.2678600e+07
   6.0250700e+00  -3.9556300e+00   6.2390900e+00   3.4011900e+00   5.6873500e+00   3.4011900e+00  -3.2678600e+07
   6.0250500e+00  -3.9556400e+00   6.2389500e+00   3.4012000e+00   5.6873100e+00   3.4012000e+00  -3.2678600e+07
   6.0251600e+00  -3.9556700e+00   6.2390200e+00   3.4011900e+00   5.6873300e+00   3.4012000e+00  -3.2678600e+07
   6.0249500e+00  -3.9556500e+00   6.2388200e+00   3.4011900e+00   5.6873100e+00   3.4012000e+00  -3.2678600e+07
   6.0251600e+00  -3.9557300e+00   6.2390100e+00   3.4012000e+00   5.6873800e+00   3.4012000e+00  -3.2678600e+07
   6.0248400e+00  -3.9557200e+00   6.2388600e+00   3.4011800e+00   5.6874000e+00   3.4012000e+00  -3.2678600e+07
   6.0250000e+00  -3.9556200e+00   6.2389200e+00   3.4012000e+00   5.6873700e+00   3.4012000e+00  -3.2678600e+07
   6.0249600e+00  -3.9556100e+00   6.2391000e+00   3.4011800e+00   5.6874300e+00   3.4012000e+00  -3.2678600e+07
   6.0249000e+00  -3.9555800e+00   6.2388700e+00   3.4011800e+00   5.6872700e+00   3.4012000e+00  -3.2678600e+07
   6.0250400e+00  -3.9556500e+00   6.2391200e+00   3.4011900e+00   5.6873300e+00   3.4012000e+00  -3.2678600e+07
   6.0248500e+00  -3.9556300e+00   6.2386800e+00   3.4011900e+00   5.6873800e+00   3.4012000e+00  -3.2678600e+07
   6.0249900e+00  -3.9555300e+00   6.2389400e+00   3.4011800e+00   5.6873600e+00   3.4012000e+00  -3.2678600e+07
   6.0249900e+00  -3.9554300e+00   6.2388500e+00   3.4012000e+00   5.6872600e+00   3.4012000e+00  -3.2678600e+07
   6.0248200e+00  -3.9554200e+00   6.2387400e+00   3.4011900e+00   5.6873000e+00   3.4011900e+00  -3.2678600e+07
   6.0247800e+00  -3.9554000e+00   6.2387900e+00   3.4012000e+00   5.6872700e+00   3.4012000e+00  -3.2678600e+07
   6.0249500e+00  -3.9554000e+00   6.2390700e+00   3.4011900e+00   5.6873400e+00   3.4012000e+00  -3.2678600e+07
   6.0249200e+00  -3.9554100e+00   6.2389700e+00   3.4011900e+00   5.6872200e+00   3.4012000e+00  -3.2678600e+07
   6.0248700e+00  -3.9554100e+00   6.2388600e+00   3.4012000e+00   5.6873200e+00   3.4011900e+00  -3.2678600e+07
   6.0248800e+00  -3.9554200e+00   6.2388800e+00   3.4011800e+00   5.6873100e+00   3.4011900e+00  -3.2678600e+07
   6.0248900e+00  -3.9554100e+00   6.2389100e+00   3.4011800e+00   5.6872700e+00   3.4011900e+00  -3.2678600e+07
   6.0247800e+00  -3.9553500e+00   6.2388100e+00   3.4011600e+00   5.6872400e+00   3.4012000e+00  -3.2678600e+07
   6.0248900e+00  -3.9553100e+00   6.2390000e+00   3.4011900e+00   5.6872900e+00   3.4012000e+00  -3.2678600e+07
   6.0249700e+00  -3.9553000e+00   6.2390900e+00   3.4011900e+00   5.6873000e+00   3.4012000e+00  -3.2678600e+07
   6.0249000e+00  -3.9553400e+00   6.2390600e+00   3.4011900e+00   5.6873600e+00   3.4012000e+00  -3.2678600e+07
   6.0250600e+00  -3.9553600e+00   6.2391400e+00   3.4011900e+00   5.6872800e+00   3.4011900e+00  -3.2678600e+07
   6.0248100e+00  -3.9554000e+00   6.2388900e+00   3.4011900e+00   5.6873600e+00   3.4012000e+00  -3.2678600e+07
   6.0249500e+00  -3.9554000e+00   6.2391700e+00   3.4011900e+00   5.6872600e+00   3.4012000e+00  -3.2678600e+07
   6.0249100e+00  -3.9553200e+00   6.2388500e+00   3.4011900e+00   5.6872400e+00   3.4012000e+00  -3.2678600e+07
   6.0247700e+00  -3.9553500e+00   6.2388100e+00   3.4011900e+00   5.6872700e+00   3.4012000e+00  -3.2678600e+07
   6.0248000e+00  -3.9553200e+00   6.2388500e+00   3.4011900e+00   5.6872900e+00   3.4012000e+00  -3.2678600e+07
   6.0248900e+00  -3.9552800e+00   6.2388700e+00   3.4011900e+00   5.6872400e+00   3.4012000e+00  -3.2678600e+07
   6.0249400e+00  -3.9553100e+00   6.2390500e+00   3.4011800e+00   5.6872200e+00   3.4012000e+00  -3.2678600e+07
   6.0249300e+00  -3.9553000e+00   6.2391000e+00   3.4011600e+00   5.6873300e+00   3.4012000e+00  -3.2678600e+07
   6.0248700e+00  -3.9552400e+00   6.2390900e+00   3.4011900e+00   5.6873000e+00   3.4012000e+00  -3.2678600e+07
   6.0247400e+00  -3.9552400e+00   6.2387800e+00   3.4011900e+00   5.6872600e+00   3.4012000e+00  -3.2678600e+07
   6.0249100e+00  -3.9551800e+00   6.2389000e+00   3.4011900e+00   5.6872500e+00   3.4011900e+00  -3.2678600e+07
   6.0249800e+00  -3.9551500e+00   6.2390500e+00   3.4012000e+00   5.6873300e+00   3.4012000e+00  -3.2678600e+07
   6.0246700e+00  -3.9551300e+00   6.2388700e+00   3.4011800e+00   5.6873600e+00   3.4012000e+00  -3.2678600e+07
   6.0245700e+00  -3.9550600e+00   6.2385400e+00   3.4011900e+00   5.6873600e+00   3.4012000e+00  -3.2678600e+07
   6.0246100e+00  -3.9550200e+00   6.2386600e+00   3.4011900e+00   5.6872400e+00   3.4012000e+00  -3.2678600e+07
   6.0247000e+00  -3.9550000e+00   6.2389000e+00   3.4012000e+00   5.6872600e+00   3.4012000e+00  -3.2678600e+07
   6.0247900e+00  -3.9549600e+00   6.2391000e+00   3.4011900e+00   5.6873100e+00   3.4012000e+00  -3.2678600e+07
   6.0246800e+00  -3.9549600e+00   6.2390500e+00   3.4012000e+00   5.6873100e+00   3.4012000e+00  -3.2678600e+07
   6.0248300e+00  -3.9549900e+00   6.2390800e+00   3.4012000e+00   5.6873200e+00   3.4011900e+00  -3.2678600e+07
   6.0246300e+00  -3.9550800e+00   6.2389100e+00   3.4011900e+00   5.6873900e+00   3.4012000e+00  -3.2678600e+07
   6.0249600e+00  -3.9551000e+00   6.2391400e+00   3.4011900e+00   5.6873200e+00   3.4012000e+00  -3.2678600e+07
   6.0247700e+00  -3.9550800e+00   6.2393200e+00   3.4011900e+00   5.6874300e+00   3.4011900e+00  -3.2678600e+07
   6.0247100e+00  -3.9551200e+00   6.2389800e+00   3.4011800e+00   5.6872600e+00   3.4012000e+00  -3.2678600e+07
   6.0248200e+00  -3.9551400e+00   6.2390600e+00   3.4011900e+00   5.6873400e+00   3.4011900e+00  -3.2678600e+07
   6.0247200e+00  -3.9551700e+00   6.2389100e+00   3.4011800e+00   5.6873500e+00   3.4012000e+00  -3.2678600e+07
   6.0247400e+00  -3.9551900e+00   6.2387300e+00   3.4011900e+00   5.6872900e+00   3.4011900e+00  -3.2678600e+07
   6.0248000e+00  -3.9552300e+00   6.2389100e+00   3.4011900e+00   5.6873600e+00   3.4012000e+00  -3.2678600e+07
   6.0249700e+00  -3.9552300e+00   6.2390600e+00   3.4012000e+00   5.6873700e+00   3.4012000e+00  -3.2678600e+07
   6.0247400e+00  -3.9552500e+00   6.2388600e+00   3.4011900e+00   5.6873500e+00   3.4012000e+00  -3.2678600e+07
   6.0247600e+00  -3.9552600e+00   6.2386900e+00   3.4012000e+00   5.6872400e+00   3.4012000e+00  -3.2678600e+07
   6.0248600e+00  -3.9552200e+00   6.2388600e+00   3.4011900e+00   5.6872500e+00   3.4012000e+00  -3.2678600e+07
   6.0247000e+00  -3.9552500e+00   6.2387900e+00   3.4011800e+00   5.6872700e+00   3.4012000e+00  -3.2678600e+07
   6.0247600e+00  -3.9552100e+00   6.2391100e+00   3.4012000e+00   5.6872200e+00   3.4012000e+00  -3.2678600e+07
   6.0249200e+00  -3.9552400e+00   6.2389600e+00   3.4011900e+00   5.6873000e+00   3.4012000e+00  -3.2678600e+07
   6.0247600e+00  -3.9551700e+00   6.2388400e+00   3.4011900e+00   5.6873000e+00   3.4012000e+00  -3.2678600e+07
   6.0247300e+00  -3.9551400e+00   6.2391100e+00   3.4011900e+00   5.6872900e+00   3.4012000e+00  -3.2678600e+07
   6.0249800e+00  -3.9551000e+00   6.2388900e+00   3.4011800e+00   5.6871500e+00   3.4012000e+00  -3.2678600e+07
   6.0248900e+00  -3.9551200e+00   6.2390400e+00   3.4012000e+00   5.6872700e+00   3.4012000e+00  -3.2678600e+07
   6.0246700e+00  -3.9550500e+00   6.2390600e+00   3.4011900e+00   5.6873400e+00   3.4012000e+00  -3.2678600e+07
   6.0245500e+00  -3.9551000e+00   6.2388200e+00   3.4011900e+00   5.6873800e+00   3.4012000e+00  -3.2678600e+07
   6.0247600e+00  -3.9550900e+00   6.2389300e+00   3.4011800e+00   5.6872200e+00   3.4012000e+00  -3.2678600e+07
   6.0246000e+00  -3.9550900e+00   6.2388300e+00   3.4012000e+00   5.6873600e+00   3.4012000e+00  -3.2678600e+07
   6.0247100e+00  -3.9551400e+00   6.2387900e+00   3.4011900e+00   5.6872700e+00   3.4012000e+00  -3.2678600e+07
   6.0247500e+00  -3.9551500e+00   6.2386600e+00   3.4011900e+00   5.6872300e+00   3.4011900e+00  -3.2678600e+07
   6.0248200e+00  -3.9552300e+00   6.2389800e+00   3.4011900e+00   5.6873100e+00   3.4012000e+00  -3.2678600e+07
   6.0247800e+00  -3.9551700e+00   6.2389500e+00   3.4011900e+00   5.6872100e+00   3.4011900e+00  -3.2678600e+07
   6.0248500e+00  -3.9552100e+00   6.2390300e+00   3.4011900e+00   5.6873600e+00   3.4011900e+00  -3.2678600e+07
   6.0247200e+00  -3.9552200e+00   6.2388700e+00   3.4012000e+00   5.6872900e+00   3.4012000e+00  -3.2678600e+07
   6.0248200e+00  -3.9552800e+00   6.2388200e+00   3.4011900e+00   5.6872200e+00   3.4012000e+00  -3.2678600e+07
   6.0250100e+00  -3.9552700e+00   6.2390900e+00   3.4011800e+00   5.6872700e+00   3.4012000e+00  -3.2678600e+07
   6.0247800e+00  -3.9553500e+00   6.2387200e+00   3.4011900e+00   5.6871700e+00   3.4012000e+00  -3.2678600e+07
   6.0247600e+00  -3.9552900e+00   6.2388600e+00   3.4011900e+00   5.6873500e+00   3.4012000e+00  -3.2678600e+07
   6.0248300e+00  -3.9552000e+00   6.2390000e+00   3.4011800e+00   5.6872800e+00   3.4012000e+00  -3.2678600e+07
   6.0247100e+00  -3.9552100e+00   6.2389100e+00   3.4012000e+00   5.6873400e+00   3.4011900e+00  -3.2678600e+07
   6.0248800e+00  -3.9551700e+00   6.2389800e+00   3.4011900e+00   5.6873100e+00   3.4012000e+00  -3.2678600e+07
   6.0249200e+00  -3.9551900e+00   6.2390200e+00   3.4012000e+00   5.6873400e+00   3.4012000e+00  -3.2678600e+07
   6.0250300e+00  -3.9552300e+00   6.2390400e+00   3.4012000e+00   5.6872200e+00   3.4012000e+00  -3.2678600e+07
   6.0249300e+00  -3.9551900e+00   6.2390600e+00   3.4011900e+00   5.6873300e+00   3.4012000e+00  -3.2678600e+07
   6.0247500e+00  -3.9551800e+00   6.2389600e+00   3.4011900e+00   5.6873000e+00   3.4012000e+00  -3.2678600e+07
   6.0248400e+00  -3.9551300e+00   6.2390100e+00   3.4011900e+00   5.6873300e+00   3.4011900e+00  -3.2678600e+07
   6.0249300e+00  -3.9550900e+00   6.2389800e+00   3.4011900e+00   5.6872900e+00   3.4012000e+00  -3.2678600e+07
   6.0249200e+00  -3.9550500e+00   6.2391300e+00   3.4011900e+00   5.6872900e+00   3.4012000e+00  -3.2678600e+07
   6.0245500e+00  -3.9550700e+00   6.2389200e+00   3.4012000e+00   5.6873600e+00   3.4012000e+00  -3.2678600e+07
   6.0247700e+00  -3.9550400e+00   6.2387800e+00   3.4011900e+00   5.6872200e+00   3.4012000e+00  -3.2678600e+07
   6.0247900e+00  -3.9550200e+00   6.2390000e+00   3.4011900e+00   5.6871900e+00   3.4012000e+00  -3.2678600e+07
   6.0246100e+00  -3.9549600e+00   6.2389000e+00   3.4012000e+00   5.6873900e+00   3.4011900e+00  -3.2678600e+07
   6.0247400e+00  -3.9549700e+00   6.2387700e+00   3.4011800e+00   5.6873000e+00   3.4012000e+00  -3.2678600e+07
