   6.0264700e+00  -3.9587700e+00   6.2390600e+00   3.4011000e+00   5.6873500e+00   3.4011700e+00  -3.6309500e+06
   6.0267400e+00  -3.9582500e+00   6.2394500e+00   3.4011600e+00   5.6870100e+00   3.4011600e+00  -3.6309600e+06
   6.0264300e+00  -3.9584000e+00   6.2389700e+00   3.4011500e+00   5.6872100e+00   3.4011800e+00  -3.6309500e+06
   6.0267000e+00  -3.9580100e+00   6.2393300e+00   3.4011800e+00   5.6872000e+00   3.4011700e+00  -3.6309600e+06
   6.0267100e+00  -3.9588300e+00   6.2386800e+00   3.4011200e+00   5.6873300e+00   3.4011900e+00  -3.6309500e+06
   6.0269100e+00  -3.9592100e+00   6.2390200e+00   3.4011800e+00   5.6873100e+00   3.4011900e+00  -3.6309500e+06
   6.0262900e+00  -3.9590400e+00   6.2387000e+00   3.4010900e+00   5.6873500e+00   3.4011900e+00  -3.6309500e+06
   6.0268500e+00  -3.9595300e+00   6.2397400e+00   3.4010900e+00   5.6874500e+00   3.4012000e+00  -3.6309500e+06
   6.0270300e+00  -3.9597600e+00   6.2385700e+00   3.4011400e+00   5.6872700e+00   3.4011900e+00  -3.6309500e+06
   6.0270200e+00  -3.9601200e+00   6.2387000e+00   3.4011800e+00   5.6871000e+00   3.4011700e+00  -3.6309500e+06
   6.0271600e+00  -3.9600900e+00   6.2393600e+00   3.4011900e+00   5.6872900e+00   3.4011700e+00  -3.6309500e+06
   6.0266100e+00  -3.9591300e+00   6.2389400e+00   3.4011300e+00   5.6874800e+00   3.4011900e+00  -3.6309500e+06
   6.0263500e+00  -3.9590300e+00   6.2387300e+00   3.4011700e+00   5.6873200e+00   3.4011900e+00  -3.6309500e+06
   6.0266500e+00  -3.9589100e+00   6.2387900e+00   3.4011700e+00   5.6875400e+00   3.4012000e+00  -3.6309500e+06
   6.0262800e+00  -3.9589200e+00   6.2383000e+00   3.4011000e+00   5.6873700e+00   3.4011800e+00  -3.6309500e+06
   6.0265200e+00  -3.9592800e+00   6.2387500e+00   3.4010600e+00   5.6873400e+00   3.4011600e+00  -3.6309500e+06
   6.0261300e+00  -3.9593500e+00   6.2379300e+00   3.4011500e+00   5.6874700e+00   3.4011900e+00  -3.6309500e+06
   6.0264600e+00  -3.9590100e+00   6.2389500e+00   3.4010300e+00   5.6871500e+00   3.4011900e+00  -3.6309500e+06
   6.0271700e+00  -3.9591500e+00   6.2393500e+00   3.4011900e+00   5.6871100e+00   3.4011800e+00  -3.6309500e+06
   6.0263800e+00  -3.9595500e+00   6.2388200e+00   3.4011500e+00   5.6874800e+00   3.4011900e+00  -3.6309500e+06
   6.0267400e+00  -3.9601400e+00   6.2387000e+00   3.4011100e+00   5.6873300e+00   3.4012000e+00  -3.6309500e+06
   6.0274400e+00  -3.9611200e+00   6.2387100e+00   3.4011700e+00   5.6871800e+00   3.4012000e+00  -3.6309500e+06
   6.0280000e+00  -3.9620600e+00   6.2386600e+00   3.4011700e+00   5.6874000e+00   3.4011700e+00  -3.6309500e+06
   6.0280400e+00  -3.9619200e+00   6.2386200e+00   3.4010400e+00   5.6871700e+00   3.4011800e+00  -3.6309500e+06
   6.0277900e+00  -3.9616500e+00   6.2386500e+00   3.4011800e+00   5.6874600e+00   3.4011900e+00  -3.6309500e+06
   6.0276300e+00  -3.9617800e+00   6.2384500e+00   3.4011500e+00   5.6870500e+00   3.4011800e+00  -3.6309500e+06
   6.0274700e+00  -3.9612200e+00   6.2389000e+00   3.4011200e+00   5.6872200e+00   3.4011700e+00  -3.6309500e+06
   6.0271400e+00  -3.9615800e+00   6.2382000e+00   3.4011400e+00   5.6874600e+00   3.4011900e+00  -3.6309500e+06
   6.0271300e+00  -3.9608900e+00   6.2380900e+00   3.4010400e+00   5.6871600e+00   3.4011900e+00  -3.6309500e+06
   6.0269500e+00  -3.9602000e+00   6.2388800e+00   3.4011900e+00   5.6873800e+00   3.4012000e+00  -3.6309500e+06
   6.0265700e+00  -3.9598600e+00   6.2382600e+00   3.4011700e+00   5.6877000e+00   3.4011900e+00  -3.6309500e+06
   6.0265500e+00  -3.9596800e+00   6.2391700e+00   3.4011600e+00   5.6873900e+00   3.4011700e+00  -3.6309500e+06
   6.0269700e+00  -3.9592700e+00   6.2389800e+00   3.4011900e+00   5.6872100e+00   3.4011800e+00  -3.6309500e+06
   6.0268100e+00  -3.9594000e+00   6.2387200e+00   3.4011500e+00   5.6871000e+00   3.4011900e+00  -3.6309500e+06
   6.0264800e+00  -3.9597200e+00   6.2383700e+00   3.4011100e+00   5.6871800e+00   3.4012000e+00  -3.6309500e+06
   6.0276300e+00  -3.9603100e+00   6.2387200e+00   3.4011800e+00   5.6872600e+00   3.4011700e+00  -3.6309500e+06
   6.0272700e+00  -3.9600800e+00   6.2391000e+00   3.4011700e+00   5.6872700e+00   3.4011800e+00  -3.6309500e+06
   6.0269700e+00  -3.9595800e+00   6.2395100e+00   3.4011500e+00   5.6875200e+00   3.4011900e+00  -3.6309500e+06
   6.0270000e+00  -3.9595300e+00   6.2391000e+00   3.4010500e+00   5.6872400e+00   3.4011800e+00  -3.6309500e+06
   6.0268900e+00  -3.9599200e+00   6.2393200e+00   3.4011300e+00   5.6874200e+00   3.4011800e+00  -3.6309500e+06
   6.0270200e+00  -3.9596900e+00   6.2387000e+00   3.4011900e+00   5.6874800e+00   3.4011900e+00  -3.6309500e+06
   6.0267000e+00  -3.9595200e+00   6.2383200e+00   3.4011800e+00   5.6870900e+00   3.4011900e+00  -3.6309500e+06
   6.0265800e+00  -3.9591100e+00   6.2386100e+00   3.4011000e+00   5.6873000e+00   3.4011900e+00  -3.6309500e+06
   6.0266600e+00  -3.9596500e+00   6.2392100e+00   3.4011800e+00   5.6874700e+00   3.4011900e+00  -3.6309500e+06
   6.0266600e+00  -3.9596300e+00   6.2387800e+00   3.4011900e+00   5.6873700e+00   3.4011800e+00  -3.6309500e+06
   6.0270300e+00  -3.9602100e+00   6.2383200e+00   3.4011900e+00   5.6872900e+00   3.4012000e+00  -3.6309500e+06
   6.0272300e+00  -3.9605500e+00   6.2388400e+00   3.4010700e+00   5.6870500e+00   3.4011900e+00  -3.6309500e+06
   6.0272500e+00  -3.9604800e+00   6.2386800e+00   3.4011600e+00   5.6871100e+00   3.4012000e+00  -3.6309500e+06
   6.0263900e+00  -3.9596000e+00   6.2382600e+00   3.4011700e+00   5.6875100e+00   3.4011900e+00  -3.6309500e+06
   6.0273400e+00  -3.9593300e+00   6.2396000e+00   3.4011800e+00   5.6871700e+00   3.4011900e+00  -3.6309500e+06
   6.0270900e+00  -3.9599300e+00   6.2390200e+00   3.4011900e+00   5.6872900e+00   3.4011900e+00  -3.6309500e+06
   6.0268900e+00  -3.9605300e+00   6.2383100e+00   3.4010900e+00   5.6872100e+00   3.4011800e+00  -3.6309500e+06
   6.0274900e+00  -3.9604200e+00   6.2391000e+00   3.4011800e+00   5.6873400e+00   3.4011800e+00  -3.6309500e+06
   6.0268700e+00  -3.9600900e+00   6.2391100e+00   3.4011900e+00   5.6872000e+00   3.4012000e+00  -3.6309500e+06
   6.0269200e+00  -3.9608200e+00   6.2385900e+00   3.4011200e+00   5.6874700e+00   3.4012000e+00  -3.6309500e+06
   6.0275600e+00  -3.9613300e+00   6.2382700e+00   3.4010400e+00   5.6872900e+00   3.4011800e+00  -3.6309500e+06
   6.0277900e+00  -3.9617100e+00   6.2390200e+00   3.4011800e+00   5.6873100e+00   3.4011800e+00  -3.6309500e+06
   6.0283900e+00  -3.9617000e+00   6.2393100e+00   3.4011900e+00   5.6869600e+00   3.4011800e+00  -3.6309500e+06
   6.0277700e+00  -3.9614600e+00   6.2386500e+00   3.4009800e+00   5.6873300e+00   3.4011900e+00  -3.6309500e+06
   6.0276500e+00  -3.9611200e+00   6.2390600e+00   3.4011400e+00   5.6875000e+00   3.4011900e+00  -3.6309500e+06
   6.0271400e+00  -3.9606700e+00   6.2389900e+00   3.4011700e+00   5.6873200e+00   3.4011900e+00  -3.6309500e+06
   6.0270500e+00  -3.9598200e+00   6.2386700e+00   3.4011600e+00   5.6872100e+00   3.4011900e+00  -3.6309500e+06
   6.0262600e+00  -3.9583500e+00   6.2389700e+00   3.4011700e+00   5.6869300e+00   3.4011800e+00  -3.6309600e+06
   6.0265700e+00  -3.9588200e+00   6.2382700e+00   3.4011000e+00   5.6871400e+00   3.4011600e+00  -3.6309600e+06
   6.0260200e+00  -3.9584800e+00   6.2389400e+00   3.4011300e+00   5.6874100e+00   3.4011800e+00  -3.6309500e+06
   6.0267300e+00  -3.9592100e+00   6.2394800e+00   3.4010600e+00   5.6873700e+00   3.4011900e+00  -3.6309500e+06
   6.0262600e+00  -3.9584000e+00   6.2389000e+00   3.4011900e+00   5.6873100e+00   3.4012000e+00  -3.6309500e+06
   6.0257800e+00  -3.9583000e+00   6.2386800e+00   3.4011500e+00   5.6874700e+00   3.4011900e+00  -3.6309500e+06
   6.0265000e+00  -3.9581200e+00   6.2389300e+00   3.4011300e+00   5.6874000e+00   3.4011900e+00  -3.6309500e+06
   6.0257800e+00  -3.9571200e+00   6.2387000e+00   3.4011600e+00   5.6872200e+00   3.4011900e+00  -3.6309500e+06
   6.0258500e+00  -3.9583900e+00   6.2391200e+00   3.4011600e+00   5.6875100e+00   3.4011900e+00  -3.6309500e+06
   6.0265300e+00  -3.9588600e+00   6.2390500e+00   3.4010200e+00   5.6874700e+00   3.4011900e+00  -3.6309500e+06
   6.0261700e+00  -3.9584800e+00   6.2386600e+00   3.4011500e+00   5.6872700e+00   3.4011900e+00  -3.6309500e+06
   6.0260100e+00  -3.9582400e+00   6.2386900e+00   3.4011500e+00   5.6872500e+00   3.4011900e+00  -3.6309500e+06
   6.0267400e+00  -3.9582700e+00   6.2394100e+00   3.4011200e+00   5.6871400e+00   3.4011900e+00  -3.6309500e+06
   6.0256500e+00  -3.9575700e+00   6.2391600e+00   3.4010900e+00   5.6874700e+00   3.4011900e+00  -3.6309500e+06
   6.0259400e+00  -3.9574200e+00   6.2386200e+00   3.4011400e+00   5.6872900e+00   3.4011900e+00  -3.6309500e+06
   6.0254700e+00  -3.9575500e+00   6.2388800e+00   3.4011700e+00   5.6875500e+00   3.4011900e+00  -3.6309500e+06
   6.0264000e+00  -3.9584800e+00   6.2391100e+00   3.4011600e+00   5.6874200e+00   3.4011900e+00  -3.6309500e+06
   6.0263300e+00  -3.9580500e+00   6.2385800e+00   3.4010500e+00   5.6872300e+00   3.4011900e+00  -3.6309500e+06
   6.0264600e+00  -3.9588000e+00   6.2390200e+00   3.4011600e+00   5.6872100e+00   3.4011800e+00  -3.6309500e+06
   6.0263300e+00  -3.9591600e+00   6.2390300e+00   3.4010400e+00   5.6872900e+00   3.4011900e+00  -3.6309500e+06
   6.0270300e+00  -3.9599600e+00   6.2392800e+00   3.4011700e+00   5.6871600e+00   3.4012000e+00  -3.6309500e+06
   6.0267800e+00  -3.9596600e+00   6.2387700e+00   3.4011900e+00   5.6875300e+00   3.4011900e+00  -3.6309500e+06
   6.0266800e+00  -3.9595200e+00   6.2393000e+00   3.4011400e+00   5.6874800e+00   3.4012000e+00  -3.6309500e+06
   6.0261000e+00  -3.9592800e+00   6.2383500e+00   3.4011700e+00   5.6872600e+00   3.4011900e+00  -3.6309500e+06
   6.0268200e+00  -3.9594600e+00   6.2384700e+00   3.4011900e+00   5.6873800e+00   3.4012000e+00  -3.6309500e+06
   6.0269600e+00  -3.9595600e+00   6.2386100e+00   3.4011100e+00   5.6872900e+00   3.4011900e+00  -3.6309500e+06
   6.0268100e+00  -3.9594800e+00   6.2390600e+00   3.4011900e+00   5.6874600e+00   3.4011900e+00  -3.6309500e+06
   6.0270300e+00  -3.9602500e+00   6.2387000e+00   3.4010200e+00   5.6872400e+00   3.4011900e+00  -3.6309500e+06
   6.0273000e+00  -3.9599700e+00   6.2386800e+00   3.4011800e+00   5.6870400e+00   3.4011800e+00  -3.6309500e+06
   6.0277800e+00  -3.9608000e+00   6.2390400e+00   3.4011700e+00   5.6872200e+00   3.4011900e+00  -3.6309500e+06
   6.0276900e+00  -3.9609400e+00   6.2383200e+00   3.4011100e+00   5.6873200e+00   3.4011600e+00  -3.6309500e+06
   6.0277700e+00  -3.9608400e+00   6.2392900e+00   3.4011000e+00   5.6874800e+00   3.4011900e+00  -3.6309500e+06
   6.0273100e+00  -3.9608200e+00   6.2386000e+00   3.4011700e+00   5.6871800e+00   3.4011800e+00  -3.6309500e+06
   6.0281100e+00  -3.9612400e+00   6.2392900e+00   3.4011600e+00   5.6870100e+00   3.4012000e+00  -3.6309500e+06
   6.0274200e+00  -3.9609700e+00   6.2387400e+00   3.4012000e+00   5.6876700e+00   3.4011900e+00  -3.6309500e+06
   6.0275300e+00  -3.9609600e+00   6.2383700e+00   3.4010800e+00   5.6873400e+00   3.4011900e+00  -3.6309500e+06
   6.0267700e+00  -3.9602000e+00   6.2382300e+00   3.4011100e+00   5.6870400e+00   3.4011900e+00  -3.6309500e+06
   6.0266000e+00  -3.9596100e+00   6.2387100e+00   3.4011800e+00   5.6874000e+00   3.4011900e+00  -3.6309500e+06
   6.0268600e+00  -3.9596300e+00   6.2385900e+00   3.4011300e+00   5.6871200e+00   3.4011900e+00  -3.6309500e+06
   6.0269700e+00  -3.9598800e+00   6.2384700e+00   3.4011600e+00   5.6873800e+00   3.4011800e+00  -3.6309500e+06
   6.0271800e+00  -3.9599800e+00   6.2389200e+00   3.4006400e+00   5.6868900e+00   3.4011900e+00  -3.6309600e+06
   6.0272000e+00  -3.9597100e+00   6.2392900e+00   3.4011500e+00   5.6871900e+00   3.4011800e+00  -3.6309500e+06
   6.0269000e+00  -3.9602800e+00   6.2384600e+00   3.4011700e+00   5.6873800e+00   3.4011900e+00  -3.6309500e+06
   6.0271500e+00  -3.9605200e+00   6.2386900e+00   3.4010100e+00   5.6873600e+00   3.4011800e+00  -3.6309500e+06
   6.0271100e+00  -3.9607000e+00   6.2382400e+00   3.4011900e+00   5.6870000e+00   3.4011900e+00  -3.6309500e+06
   6.0271100e+00  -3.9606100e+00   6.2380900e+00   3.4011800e+00   5.6872300e+00   3.4011700e+00  -3.6309500e+06
   6.0272400e+00  -3.9604700e+00   6.2391800e+00   3.4011300e+00   5.6874100e+00   3.4011900e+00  -3.6309500e+06
   6.0277200e+00  -3.9600500e+00   6.2395600e+00   3.4011900e+00   5.6875100e+00   3.4012000e+00  -3.6309500e+06
   6.0270500e+00  -3.9599100e+00   6.2381300e+00   3.4009800e+00   5.6870400e+00   3.4011700e+00  -3.6309600e+06
   6.0279000e+00  -3.9609400e+00   6.2397400e+00   3.4011400e+00   5.6873300e+00   3.4012000e+00  -3.6309500e+06
   6.0271500e+00  -3.9606500e+00   6.2381400e+00   3.4011000e+00   5.6871600e+00   3.4011900e+00  -3.6309500e+06
   6.0274600e+00  -3.9605700e+00   6.2390200e+00   3.4011800e+00   5.6874300e+00   3.4011800e+00  -3.6309500e+06
   6.0278100e+00  -3.9611700e+00   6.2386100e+00   3.4011700e+00   5.6873500e+00   3.4011900e+00  -3.6309500e+06
   6.0272800e+00  -3.9612400e+00   6.2389500e+00   3.4011800e+00   5.6876900e+00   3.4012000e+00  -3.6309500e+06
   6.0271600e+00  -3.9612800e+00   6.2386000e+00   3.4011600e+00   5.6874000e+00   3.4011800e+00  -3.6309500e+06
   6.0268400e+00  -3.9599000e+00   6.2391300e+00   3.4011300e+00   5.6873700e+00   3.4011900e+00  -3.6309500e+06
   6.0266400e+00  -3.9590200e+00   6.2389800e+00   3.4010700e+00   5.6874200e+00   3.4011900e+00  -3.6309500e+06
   6.0269200e+00  -3.9595600e+00   6.2389600e+00   3.4011400e+00   5.6871600e+00   3.4011700e+00  -3.6309500e+06
   6.0266800e+00  -3.9591400e+00   6.2387200e+00   3.4011700e+00   5.6872600e+00   3.4011900e+00  -3.6309500e+06
   6.0269400e+00  -3.9590800e+00   6.2389600e+00   3.4010800e+00   5.6871700e+00   3.4011900e+00  -3.6309500e+06
   6.0263600e+00  -3.9594300e+00   6.2380400e+00   3.4010300e+00   5.6871100e+00   3.4011800e+00  -3.6309500e+06
   6.0268700e+00  -3.9590600e+00   6.2385300e+00   3.4010800e+00   5.6871400e+00   3.4011800e+00  -3.6309500e+06
   6.0268900e+00  -3.9597400e+00   6.2390200e+00   3.4011700e+00   5.6873800e+00   3.4012000e+00  -3.6309500e+06
   6.0269600e+00  -3.9601100e+00   6.2392400e+00   3.4011900e+00   5.6873900e+00   3.4011900e+00  -3.6309500e+06
   6.0269500e+00  -3.9600400e+00   6.2391500e+00   3.4009800e+00   5.6875500e+00   3.4012000e+00  -3.6309500e+06
   6.0265300e+00  -3.9596400e+00   6.2386600e+00   3.4011600e+00   5.6873700e+00   3.4011500e+00  -3.6309500e+06
   6.0269600e+00  -3.9600500e+00   6.2391000e+00   3.4011400e+00   5.6872400e+00   3.4011900e+00  -3.6309500e+06
   6.0268000e+00  -3.9605200e+00   6.2383600e+00   3.4011700e+00   5.6873000e+00   3.4011900e+00  -3.6309500e+06
   6.0269200e+00  -3.9607900e+00   6.2385400e+00   3.4010400e+00   5.6870800e+00   3.4011900e+00  -3.6309500e+06
   6.0268300e+00  -3.9607200e+00   6.2383100e+00   3.4011800e+00   5.6874100e+00   3.4011900e+00  -3.6309500e+06
   6.0272900e+00  -3.9601300e+00   6.2385700e+00   3.4011700e+00   5.6872500e+00   3.4011900e+00  -3.6309500e+06
   6.0268400e+00  -3.9605100e+00   6.2382700e+00   3.4011500e+00   5.6871900e+00   3.4011900e+00  -3.6309500e+06
   6.0269900e+00  -3.9602500e+00   6.2386000e+00   3.4011600e+00   5.6870900e+00   3.4011900e+00  -3.6309500e+06
   6.0263500e+00  -3.9601600e+00   6.2381800e+00   3.4011300e+00   5.6875600e+00   3.4011800e+00  -3.6309500e+06
   6.0265400e+00  -3.9598100e+00   6.2385200e+00   3.4011900e+00   5.6872300e+00   3.4011800e+00  -3.6309500e+06
   6.0274400e+00  -3.9595000e+00   6.2393100e+00   3.4011100e+00   5.6874100e+00   3.4012000e+00  -3.6309500e+06
   6.0266700e+00  -3.9591400e+00   6.2388100e+00   3.4011900e+00   5.6871900e+00   3.4012000e+00  -3.6309500e+06
   6.0271400e+00  -3.9597000e+00   6.2390300e+00   3.4010800e+00   5.6873100e+00   3.4011600e+00  -3.6309500e+06
   6.0264200e+00  -3.9598800e+00   6.2386600e+00   3.4011900e+00   5.6874100e+00   3.4011800e+00  -3.6309500e+06
   6.0269300e+00  -3.9596400e+00   6.2383900e+00   3.4011700e+00   5.6871600e+00   3.4011900e+00  -3.6309500e+06
   6.0267700e+00  -3.9595600e+00   6.2387700e+00   3.4011300e+00   5.6874200e+00   3.4011900e+00  -3.6309500e+06
   6.0266400e+00  -3.9597500e+00   6.2386500e+00   3.4011600e+00   5.6874800e+00   3.4011900e+00  -3.6309500e+06
   6.0265400e+00  -3.9593700e+00   6.2385600e+00   3.4011700e+00   5.6873200e+00   3.4011900e+00  -3.6309500e+06
   6.0270400e+00  -3.9596600e+00   6.2389800e+00   3.4011500e+00   5.6872400e+00   3.4011600e+00  -3.6309500e+06
   6.0271700e+00  -3.9593100e+00   6.2394000e+00   3.4010900e+00   5.6872400e+00   3.4011700e+00  -3.6309500e+06
   6.0261600e+00  -3.9587400e+00   6.2378900e+00   3.4011200e+00   5.6869800e+00   3.4011800e+00  -3.6309600e+06
   6.0265500e+00  -3.9591800e+00   6.2387700e+00   3.4011800e+00   5.6870000e+00   3.4011900e+00  -3.6309500e+06
   6.0268800e+00  -3.9589500e+00   6.2393500e+00   3.4011000e+00   5.6872600e+00   3.4011700e+00  -3.6309500e+06
   6.0261100e+00  -3.9587700e+00   6.2384500e+00   3.4011400e+00   5.6874400e+00   3.4011800e+00  -3.6309500e+06
   6.0265500e+00  -3.9591800e+00   6.2383500e+00   3.4011900e+00   5.6872500e+00   3.4011800e+00  -3.6309500e+06
   6.0268200e+00  -3.9597700e+00   6.2387600e+00   3.4011500e+00   5.6873600e+00   3.4011800e+00  -3.6309500e+06
   6.0271500e+00  -3.9599800e+00   6.2385900e+00   3.4011400e+00   5.6872900e+00   3.4011900e+00  -3.6309500e+06
   6.0266100e+00  -3.9599700e+00   6.2385500e+00   3.4011600e+00   5.6873800e+00   3.4011800e+00  -3.6309500e+06
   6.0268500e+00  -3.9594300e+00   6.2385300e+00   3.4010800e+00   5.6871000e+00   3.4011900e+00  -3.6309500e+06
   6.0267400e+00  -3.9594500e+00   6.2393300e+00   3.4011600e+00   5.6873900e+00   3.4011900e+00  -3.6309500e+06
   6.0267000e+00  -3.9588200e+00   6.2391700e+00   3.4011200e+00   5.6873600e+00   3.4011900e+00  -3.6309500e+06
   6.0264100e+00  -3.9593700e+00   6.2382200e+00   3.4011600e+00   5.6873600e+00   3.4012000e+00  -3.6309500e+06
   6.0267200e+00  -3.9590400e+00   6.2390300e+00   3.4011900e+00   5.6872400e+00   3.4011900e+00  -3.6309500e+06
   6.0266600e+00  -3.9592600e+00   6.2387000e+00   3.4011600e+00   5.6874000e+00   3.4011900e+00  -3.6309500e+06
   6.0268600e+00  -3.9597500e+00   6.2386900e+00   3.4011900e+00   5.6870900e+00   3.4011600e+00  -3.6309500e+06
   6.0266300e+00  -3.9597000e+00   6.2392100e+00   3.4011900e+00   5.6875400e+00   3.4011800e+00  -3.6309500e+06
   6.0264300e+00  -3.9592000e+00   6.2383700e+00   3.4010700e+00   5.6871500e+00   3.4011500e+00  -3.6309500e+06
   6.0263500e+00  -3.9594500e+00   6.2388100e+00   3.4011900e+00   5.6873900e+00   3.4011800e+00  -3.6309500e+06
   6.0268500e+00  -3.9594300e+00   6.2393600e+00   3.4010700e+00   5.6874400e+00   3.4011900e+00  -3.6309500e+06
   6.0265000e+00  -3.9599900e+00   6.2380800e+00   3.4011900e+00   5.6874300e+00   3.4011800e+00  -3.6309500e+06
   6.0272500e+00  -3.9598000e+00   6.2392100e+00   3.4011900e+00   5.6872100e+00   3.4011800e+00  -3.6309500e+06
   6.0265600e+00  -3.9589800e+00   6.2386600e+00   3.4010900e+00   5.6871600e+00   3.4011900e+00  -3.6309500e+06
   6.0269300e+00  -3.9594400e+00   6.2392200e+00   3.4011100e+00   5.6872200e+00   3.4012000e+00  -3.6309500e+06
   6.0270400e+00  -3.9599700e+00   6.2391500e+00   3.4011800e+00   5.6873700e+00   3.4011800e+00  -3.6309500e+06
   6.0265900e+00  -3.9590500e+00   6.2391900e+00   3.4011800e+00   5.6872900e+00   3.4011900e+00  -3.6309500e+06
   6.0266100e+00  -3.9593100e+00   6.2387200e+00   3.4010900e+00   5.6871900e+00   3.4011900e+00  -3.6309500e+06
   6.0268200e+00  -3.9593700e+00   6.2385100e+00   3.4011800e+00   5.6870900e+00   3.4012000e+00  -3.6309500e+06
   6.0269300e+00  -3.9594300e+00   6.2389500e+00   3.4010900e+00   5.6874000e+00   3.4011800e+00  -3.6309500e+06
   6.0263800e+00  -3.9590600e+00   6.2386300e+00   3.4011800e+00   5.6872800e+00   3.4011700e+00  -3.6309500e+06
   6.0262000e+00  -3.9585500e+00   6.2387400e+00   3.4010300e+00   5.6871400e+00   3.4011900e+00  -3.6309500e+06
   6.0263200e+00  -3.9585500e+00   6.2386100e+00   3.4011700e+00   5.6871000e+00   3.4011600e+00  -3.6309500e+06
   6.0262400e+00  -3.9591300e+00   6.2386600e+00   3.4011600e+00   5.6873100e+00   3.4011700e+00  -3.6309500e+06
   6.0266900e+00  -3.9595900e+00   6.2384300e+00   3.4011900e+00   5.6873300e+00   3.4011700e+00  -3.6309500e+06
   6.0270300e+00  -3.9597500e+00   6.2388300e+00   3.4011600e+00   5.6873700e+00   3.4011900e+00  -3.6309500e+06
   6.0266000e+00  -3.9599800e+00   6.2389900e+00   3.4011500e+00   5.6875700e+00   3.4011400e+00  -3.6309500e+06
   6.0268400e+00  -3.9602700e+00   6.2385000e+00   3.4011700e+00   5.6873900e+00   3.4011800e+00  -3.6309500e+06
   6.0271600e+00  -3.9605000e+00   6.2390300e+00   3.4011900e+00   5.6877000e+00   3.4011900e+00  -3.6309500e+06
   6.0271100e+00  -3.9599500e+00   6.2390600e+00   3.4011100e+00   5.6872600e+00   3.4011900e+00  -3.6309500e+06
   6.0266100e+00  -3.9599200e+00   6.2391300e+00   3.4011100e+00   5.6874500e+00   3.4011700e+00  -3.6309500e+06
   6.0264900e+00  -3.9601700e+00   6.2387200e+00   3.4011500e+00   5.6875000e+00   3.4011300e+00  -3.6309600e+06
   6.0267200e+00  -3.9597900e+00   6.2387900e+00   3.4011700e+00   5.6873900e+00   3.4011900e+00  -3.6309500e+06
   6.0273200e+00  -3.9602200e+00   6.2386800e+00   3.4011000e+00   5.6871300e+00   3.4011800e+00  -3.6309500e+06
   6.0269400e+00  -3.9602100e+00   6.2378600e+00   3.4011500e+00   5.6873000e+00   3.4012000e+00  -3.6309500e+06
   6.0272600e+00  -3.9600100e+00   6.2385800e+00   3.4011800e+00   5.6871700e+00   3.4011900e+00  -3.6309500e+06
   6.0266200e+00  -3.9595700e+00   6.2388200e+00   3.4011800e+00   5.6872600e+00   3.4011900e+00  -3.6309500e+06
   6.0267300e+00  -3.9596600e+00   6.2382400e+00   3.4011000e+00   5.6871600e+00   3.4011900e+00  -3.6309500e+06
   6.0271500e+00  -3.9599200e+00   6.2386700e+00   3.4011000e+00   5.6873700e+00   3.4011900e+00  -3.6309500e+06
   6.0274400e+00  -3.9601400e+00   6.2387500e+00   3.4011500e+00   5.6870800e+00   3.4011600e+00  -3.6309500e+06
   6.0267300e+00  -3.9601100e+00   6.2386700e+00   3.4010200e+00   5.6873400e+00   3.4011900e+00  -3.6309500e+06
   6.0274900e+00  -3.9600500e+00   6.2391600e+00   3.4011900e+00   5.6870300e+00   3.4011900e+00  -3.6309500e+06
   6.0277900e+00  -3.9610800e+00   6.2387400e+00   3.4011600e+00   5.6870900e+00   3.4011900e+00  -3.6309500e+06
   6.0277500e+00  -3.9613800e+00   6.2392300e+00   3.4011100e+00   5.6871600e+00   3.4011900e+00  -3.6309500e+06
   6.0278400e+00  -3.9615700e+00   6.2385700e+00   3.4010500e+00   5.6872900e+00   3.4011700e+00  -3.6309500e+06
   6.0272000e+00  -3.9609800e+00   6.2384300e+00   3.4011900e+00   5.6871800e+00   3.4011900e+00  -3.6309500e+06
   6.0276400e+00  -3.9618100e+00   6.2386200e+00   3.4011200e+00   5.6873100e+00   3.4011900e+00  -3.6309500e+06
   6.0280100e+00  -3.9617200e+00   6.2392500e+00   3.4011900e+00   5.6876300e+00   3.4011900e+00  -3.6309500e+06
   6.0280300e+00  -3.9619900e+00   6.2390000e+00   3.4010900e+00   5.6872400e+00   3.4011300e+00  -3.6309500e+06
   6.0283200e+00  -3.9624500e+00   6.2393600e+00   3.4011700e+00   5.6874000e+00   3.4011800e+00  -3.6309500e+06
   6.0277300e+00  -3.9620500e+00   6.2386900e+00   3.4011400e+00   5.6875200e+00   3.4011700e+00  -3.6309500e+06
   6.0280800e+00  -3.9617600e+00   6.2394400e+00   3.4010800e+00   5.6874000e+00   3.4011900e+00  -3.6309500e+06
   6.0278000e+00  -3.9609400e+00   6.2393000e+00   3.4011600e+00   5.6873300e+00   3.4012000e+00  -3.6309500e+06
   6.0271600e+00  -3.9603500e+00   6.2388000e+00   3.4011900e+00   5.6873500e+00   3.4011900e+00  -3.6309500e+06
   6.0268800e+00  -3.9595600e+00   6.2397100e+00   3.4011500e+00   5.6876200e+00   3.4011900e+00  -3.6309500e+06
   6.0265900e+00  -3.9597900e+00   6.2386500e+00   3.4011900e+00   5.6871500e+00   3.4011900e+00  -3.6309500e+06
   6.0262300e+00  -3.9595100e+00   6.2383000e+00   3.4011100e+00   5.6873700e+00   3.4011800e+00  -3.6309500e+06
   6.0268800e+00  -3.9594300e+00   6.2387200e+00   3.4011700e+00   5.6872700e+00   3.4011800e+00  -3.6309500e+06
   6.0267300e+00  -3.9590200e+00   6.2388300e+00   3.4011600e+00   5.6873900e+00   3.4011900e+00  -3.6309500e+06
   6.0264300e+00  -3.9590000e+00   6.2392100e+00   3.4011800e+00   5.6875800e+00   3.4011800e+00  -3.6309500e+06
   6.0267100e+00  -3.9585500e+00   6.2387700e+00   3.4011300e+00   5.6870700e+00   3.4011800e+00  -3.6309500e+06
   6.0266200e+00  -3.9589200e+00   6.2390700e+00   3.4011100e+00   5.6872100e+00   3.4011800e+00  -3.6309500e+06
   6.0270800e+00  -3.9583000e+00   6.2393300e+00   3.4011900e+00   5.6870400e+00   3.4011900e+00  -3.6309600e+06
   6.0262400e+00  -3.9584000e+00   6.2380700e+00   3.4011800e+00   5.6873100e+00   3.4011800e+00  -3.6309500e+06
   6.0262100e+00  -3.9583400e+00   6.2391700e+00   3.4010300e+00   5.6873300e+00   3.4011900e+00  -3.6309500e+06
   6.0263900e+00  -3.9584600e+00   6.2394600e+00   3.4011700e+00   5.6871900e+00   3.4011900e+00  -3.6309500e+06
   6.0260900e+00  -3.9579500e+00   6.2385700e+00   3.4011700e+00   5.6872800e+00   3.4011900e+00  -3.6309500e+06
   6.0259100e+00  -3.9583400e+00   6.2390400e+00   3.4011700e+00   5.6875200e+00   3.4012000e+00  -3.6309500e+06
   6.0260400e+00  -3.9582400e+00   6.2384600e+00   3.4011500e+00   5.6874300e+00   3.4011700e+00  -3.6309500e+06
   6.0261600e+00  -3.9581200e+00   6.2390300e+00   3.4012000e+00   5.6872700e+00   3.4011700e+00  -3.6309500e+06
   6.0256400e+00  -3.9573700e+00   6.2386700e+00   3.4011100e+00   5.6872000e+00   3.4011800e+00  -3.6309500e+06
   6.0263200e+00  -3.9584700e+00   6.2391900e+00   3.4011500e+00   5.6873200e+00   3.4012000e+00  -3.6309500e+06
   6.0263200e+00  -3.9582400e+00   6.2386700e+00   3.4010400e+00   5.6870600e+00   3.4012000e+00  -3.6309500e+06
   6.0261300e+00  -3.9578100e+00   6.2386800e+00   3.4011800e+00   5.6872200e+00   3.4011900e+00  -3.6309500e+06
   6.0255900e+00  -3.9573300e+00   6.2388300e+00   3.4011900e+00   5.6872300e+00   3.4011800e+00  -3.6309500e+06
   6.0257600e+00  -3.9573400e+00   6.2393100e+00   3.4009700e+00   5.6873200e+00   3.4011700e+00  -3.6309600e+06
   6.0263300e+00  -3.9574300e+00   6.2398900e+00   3.4011900e+00   5.6871700e+00   3.4011900e+00  -3.6309600e+06
   6.0260200e+00  -3.9574800e+00   6.2389400e+00   3.4011700e+00   5.6872200e+00   3.4011500e+00  -3.6309600e+06
   6.0270600e+00  -3.9582400e+00   6.2396200e+00   3.4010600e+00   5.6869100e+00   3.4011800e+00  -3.6309600e+06
   6.0258900e+00  -3.9579700e+00   6.2391100e+00   3.4011600e+00   5.6872700e+00   3.4011700e+00  -3.6309500e+06
   6.0259900e+00  -3.9581500e+00   6.2388200e+00   3.4010200e+00   5.6872100e+00   3.4012000e+00  -3.6309500e+06
   6.0262000e+00  -3.9579000e+00   6.2385100e+00   3.4011700e+00   5.6870500e+00   3.4011900e+00  -3.6309500e+06
   6.0262000e+00  -3.9578400e+00   6.2393600e+00   3.4011000e+00   5.6874900e+00   3.4011800e+00  -3.6309500e+06
   6.0258900e+00  -3.9577500e+00   6.2389200e+00   3.4011800e+00   5.6870900e+00   3.4011900e+00  -3.6309500e+06
   6.0260200e+00  -3.9582300e+00   6.2391700e+00   3.4011000e+00   5.6874600e+00   3.4011800e+00  -3.6309500e+06
   6.0262700e+00  -3.9580300e+00   6.2385100e+00   3.4011800e+00   5.6872400e+00   3.4012000e+00  -3.6309500e+06
   6.0263200e+00  -3.9587600e+00   6.2389500e+00   3.4011800e+00   5.6871900e+00   3.4011800e+00  -3.6309500e+06
   6.0261200e+00  -3.9579800e+00   6.2390500e+00   3.4011000e+00   5.6873700e+00   3.4011900e+00  -3.6309500e+06
   6.0260500e+00  -3.9582100e+00   6.2390700e+00   3.4011700e+00   5.6872000e+00   3.4011900e+00  -3.6309500e+06
   6.0262600e+00  -3.9581100e+00   6.2391700e+00   3.4009500e+00   5.6870800e+00   3.4011800e+00  -3.6309600e+06
   6.0264800e+00  -3.9589500e+00   6.2382300e+00   3.4011700e+00   5.6871900e+00   3.4011800e+00  -3.6309500e+06
   6.0266200e+00  -3.9591200e+00   6.2387200e+00   3.4011600e+00   5.6868000e+00   3.4011800e+00  -3.6309600e+06
   6.0258700e+00  -3.9586800e+00   6.2385200e+00   3.4010900e+00   5.6874500e+00   3.4011800e+00  -3.6309500e+06
   6.0267000e+00  -3.9592800e+00   6.2388200e+00   3.4011800e+00   5.6873800e+00   3.4011700e+00  -3.6309500e+06
   6.0265200e+00  -3.9593200e+00   6.2384500e+00   3.4010600e+00   5.6874800e+00   3.4011900e+00  -3.6309500e+06
   6.0269300e+00  -3.9599600e+00   6.2391000e+00   3.4011900e+00   5.6877100e+00   3.4012000e+00  -3.6309500e+06
   6.0265200e+00  -3.9588900e+00   6.2391500e+00   3.4011300e+00   5.6874500e+00   3.4011700e+00  -3.6309500e+06
   6.0267600e+00  -3.9591700e+00   6.2383400e+00   3.4010300e+00   5.6871800e+00   3.4011900e+00  -3.6309500e+06
   6.0265700e+00  -3.9597100e+00   6.2388200e+00   3.4011400e+00   5.6871800e+00   3.4011800e+00  -3.6309500e+06
   6.0270600e+00  -3.9599400e+00   6.2385800e+00   3.4009200e+00   5.6870600e+00   3.4011600e+00  -3.6309600e+06
   6.0270800e+00  -3.9598900e+00   6.2382800e+00   3.4011000e+00   5.6867900e+00   3.4011900e+00  -3.6309500e+06
   6.0274200e+00  -3.9606700e+00   6.2388700e+00   3.4010800e+00   5.6873200e+00   3.4011800e+00  -3.6309500e+06
   6.0273900e+00  -3.9608500e+00   6.2391100e+00   3.4011700e+00   5.6873800e+00   3.4011900e+00  -3.6309500e+06
   6.0274100e+00  -3.9604800e+00   6.2388500e+00   3.4010100e+00   5.6872600e+00   3.4011900e+00  -3.6309500e+06
   6.0268200e+00  -3.9599200e+00   6.2385800e+00   3.4011800e+00   5.6872100e+00   3.4011800e+00  -3.6309500e+06
   6.0266500e+00  -3.9595800e+00   6.2385900e+00   3.4011500e+00   5.6869200e+00   3.4011900e+00  -3.6309500e+06
   6.0262400e+00  -3.9590900e+00   6.2388000e+00   3.4011600e+00   5.6873900e+00   3.4011700e+00  -3.6309500e+06
   6.0264300e+00  -3.9595000e+00   6.2384800e+00   3.4011800e+00   5.6873300e+00   3.4011800e+00  -3.6309500e+06
   6.0264500e+00  -3.9589900e+00   6.2393700e+00   3.4010500e+00   5.6875400e+00   3.4012000e+00  -3.6309500e+06
   6.0265300e+00  -3.9587600e+00   6.2388200e+00   3.4010700e+00   5.6871800e+00   3.4011900e+00  -3.6309500e+06
   6.0260800e+00  -3.9590500e+00   6.2388900e+00   3.4011100e+00   5.6871500e+00   3.4012000e+00  -3.6309600e+06
   6.0261100e+00  -3.9577800e+00   6.2389400e+00   3.4011700e+00   5.6875500e+00   3.4012000e+00  -3.6309500e+06
   6.0257100e+00  -3.9577200e+00   6.2386500e+00   3.4011900e+00   5.6873000e+00   3.4011700e+00  -3.6309500e+06
   6.0258100e+00  -3.9580900e+00   6.2386400e+00   3.4011200e+00   5.6873800e+00   3.4011900e+00  -3.6309500e+06
   6.0259300e+00  -3.9576900e+00   6.2387700e+00   3.4011500e+00   5.6874300e+00   3.4011900e+00  -3.6309500e+06
   6.0253100e+00  -3.9573200e+00   6.2387300e+00   3.4011800e+00   5.6873200e+00   3.4011600e+00  -3.6309600e+06
   6.0255500e+00  -3.9566800e+00   6.2385900e+00   3.4011600e+00   5.6871700e+00   3.4011900e+00  -3.6309500e+06
   6.0248300e+00  -3.9566500e+00   6.2385900e+00   3.4011900e+00   5.6873000e+00   3.4011900e+00  -3.6309600e+06
   6.0256300e+00  -3.9569700e+00   6.2387800e+00   3.4011600e+00   5.6872000e+00   3.4011900e+00  -3.6309500e+06
   6.0260800e+00  -3.9571800e+00   6.2390500e+00   3.4011900e+00   5.6872100e+00   3.4011900e+00  -3.6309500e+06
   6.0256400e+00  -3.9568200e+00   6.2389500e+00   3.4011900e+00   5.6872300e+00   3.4011900e+00  -3.6309500e+06
   6.0255800e+00  -3.9566100e+00   6.2390300e+00   3.4009700e+00   5.6870800e+00   3.4011800e+00  -3.6309600e+06
   6.0256400e+00  -3.9563900e+00   6.2393300e+00   3.4009300e+00   5.6873500e+00   3.4011800e+00  -3.6309600e+06
   6.0260100e+00  -3.9566200e+00   6.2396600e+00   3.4011400e+00   5.6875300e+00   3.4011400e+00  -3.6309600e+06
   6.0256000e+00  -3.9563300e+00   6.2391300e+00   3.4011900e+00   5.6873400e+00   3.4011900e+00  -3.6309600e+06
   6.0261600e+00  -3.9571900e+00   6.2387700e+00   3.4011200e+00   5.6872500e+00   3.4011900e+00  -3.6309600e+06
   6.0266400e+00  -3.9585200e+00   6.2390900e+00   3.4011700e+00   5.6871800e+00   3.4012000e+00  -3.6309500e+06
   6.0264300e+00  -3.9584500e+00   6.2389300e+00   3.4011600e+00   5.6871100e+00   3.4011900e+00  -3.6309500e+06
   6.0261700e+00  -3.9582100e+00   6.2391400e+00   3.4011500e+00   5.6873300e+00   3.4011700e+00  -3.6309500e+06
   6.0263500e+00  -3.9582400e+00   6.2392200e+00   3.4011600e+00   5.6873000e+00   3.4011800e+00  -3.6309500e+06
   6.0263900e+00  -3.9582300e+00   6.2389100e+00   3.4011800e+00   5.6875000e+00   3.4011900e+00  -3.6309500e+06
   6.0260200e+00  -3.9581200e+00   6.2388100e+00   3.4011100e+00   5.6871600e+00   3.4011900e+00  -3.6309500e+06
   6.0257700e+00  -3.9571600e+00   6.2385900e+00   3.4011900e+00   5.6871700e+00   3.4012000e+00  -3.6309500e+06
   6.0256200e+00  -3.9572100e+00   6.2389900e+00   3.4011300e+00   5.6874400e+00   3.4011900e+00  -3.6309500e+06
   6.0254500e+00  -3.9573800e+00   6.2383800e+00   3.4011700e+00   5.6871400e+00   3.4011900e+00  -3.6309500e+06
   6.0256000e+00  -3.9574700e+00   6.2385100e+00   3.4011400e+00   5.6872000e+00   3.4011800e+00  -3.6309500e+06
   6.0251900e+00  -3.9573000e+00   6.2382900e+00   3.4010700e+00   5.6875400e+00   3.4011900e+00  -3.6309600e+06
   6.0257000e+00  -3.9577800e+00   6.2382300e+00   3.4011500e+00   5.6870900e+00   3.4011800e+00  -3.6309500e+06
   6.0265500e+00  -3.9581200e+00   6.2392400e+00   3.4010700e+00   5.6870500e+00   3.4011700e+00  -3.6309600e+06
   6.0258100e+00  -3.9572100e+00   6.2387500e+00   3.4011800e+00   5.6873500e+00   3.4011800e+00  -3.6309500e+06
   6.0256000e+00  -3.9571200e+00   6.2385800e+00   3.4010900e+00   5.6874100e+00   3.4011800e+00  -3.6309600e+06
   6.0258600e+00  -3.9569100e+00   6.2391700e+00   3.4011700e+00   5.6871500e+00   3.4011800e+00  -3.6309500e+06
   6.0254300e+00  -3.9571900e+00   6.2387000e+00   3.4011100e+00   5.6874200e+00   3.4011900e+00  -3.6309500e+06
   6.0252300e+00  -3.9560200e+00   6.2390200e+00   3.4012000e+00   5.6873800e+00   3.4011900e+00  -3.6309600e+06
   6.0252800e+00  -3.9560300e+00   6.2383500e+00   3.4011400e+00   5.6870600e+00   3.4011900e+00  -3.6309600e+06
   6.0252800e+00  -3.9558600e+00   6.2394200e+00   3.4010700e+00   5.6871100e+00   3.4011900e+00  -3.6309600e+06
   6.0250600e+00  -3.9564500e+00   6.2390900e+00   3.4011500e+00   5.6875800e+00   3.4011800e+00  -3.6309600e+06
   6.0256300e+00  -3.9568300e+00   6.2392300e+00   3.4009500e+00   5.6872700e+00   3.4011800e+00  -3.6309600e+06
   6.0254900e+00  -3.9572100e+00   6.2384000e+00   3.4009800e+00   5.6871600e+00   3.4012000e+00  -3.6309600e+06
   6.0262400e+00  -3.9584500e+00   6.2388200e+00   3.4010800e+00   5.6874100e+00   3.4011900e+00  -3.6309500e+06
   6.0253500e+00  -3.9575000e+00   6.2384200e+00   3.4011500e+00   5.6874600e+00   3.4011800e+00  -3.6309500e+06
   6.0261300e+00  -3.9588100e+00   6.2385400e+00   3.4011500e+00   5.6876000e+00   3.4011800e+00  -3.6309500e+06
   6.0271000e+00  -3.9594000e+00   6.2395000e+00   3.4010700e+00   5.6873400e+00   3.4012000e+00  -3.6309500e+06
   6.0261100e+00  -3.9587100e+00   6.2390100e+00   3.4011400e+00   5.6875100e+00   3.4011900e+00  -3.6309500e+06
   6.0267700e+00  -3.9583700e+00   6.2394800e+00   3.4011900e+00   5.6874400e+00   3.4011700e+00  -3.6309500e+06
   6.0265800e+00  -3.9582200e+00   6.2390100e+00   3.4011500e+00   5.6873600e+00   3.4011900e+00  -3.6309500e+06
   6.0263600e+00  -3.9588300e+00   6.2385700e+00   3.4011100e+00   5.6876100e+00   3.4011800e+00  -3.6309500e+06
   6.0262200e+00  -3.9585700e+00   6.2384300e+00   3.4011300e+00   5.6869900e+00   3.4011800e+00  -3.6309500e+06
   6.0265300e+00  -3.9584700e+00   6.2391700e+00   3.4009100e+00   5.6873000e+00   3.4011900e+00  -3.6309500e+06
   6.0268200e+00  -3.9592700e+00   6.2384600e+00   3.4011100e+00   5.6875100e+00   3.4011900e+00  -3.6309500e+06
   6.0266900e+00  -3.9597700e+00   6.2387800e+00   3.4011300e+00   5.6874900e+00   3.4011900e+00  -3.6309500e+06
   6.0270900e+00  -3.9604600e+00   6.2384700e+00   3.4010800e+00   5.6870400e+00   3.4011800e+00  -3.6309500e+06
   6.0269700e+00  -3.9602300e+00   6.2391800e+00   3.4011400e+00   5.6873200e+00   3.4011900e+00  -3.6309500e+06
   6.0274300e+00  -3.9605500e+00   6.2389500e+00   3.4011200e+00   5.6873900e+00   3.4011900e+00  -3.6309500e+06
   6.0271500e+00  -3.9599700e+00   6.2388200e+00   3.4011500e+00   5.6873900e+00   3.4011900e+00  -3.6309500e+06
   6.0271800e+00  -3.9598200e+00   6.2391300e+00   3.4011500e+00   5.6872600e+00   3.4011900e+00  -3.6309500e+06
   6.0268500e+00  -3.9595300e+00   6.2387700e+00   3.4011900e+00   5.6870900e+00   3.4011700e+00  -3.6309500e+06
   6.0266400e+00  -3.9603300e+00   6.2378400e+00   3.4011900e+00   5.6871900e+00   3.4011700e+00  -3.6309500e+06
   6.0268800e+00  -3.9595300e+00   6.2392800e+00   3.4011100e+00   5.6870900e+00   3.4011900e+00  -3.6309500e+06
   6.0263800e+00  -3.9591100e+00   6.2383600e+00   3.4011700e+00   5.6872500e+00   3.4011800e+00  -3.6309500e+06
   6.0264400e+00  -3.9589600e+00   6.2392200e+00   3.4011800e+00   5.6872200e+00   3.4011800e+00  -3.6309500e+06
   6.0269500e+00  -3.9591200e+00   6.2392900e+00   3.4011800e+00   5.6873000e+00   3.4011800e+00  -3.6309500e+06
   6.0271800e+00  -3.9593600e+00   6.2387800e+00   3.4011000e+00   5.6868800e+00   3.4011700e+00  -3.6309500e+06
   6.0266300e+00  -3.9594100e+00   6.2394300e+00   3.4010600e+00   5.6875200e+00   3.4011900e+00  -3.6309500e+06
   6.0267400e+00  -3.9596900e+00   6.2386300e+00   3.4011800e+00   5.6872400e+00   3.4012000e+00  -3.6309500e+06
   6.0270700e+00  -3.9597100e+00   6.2387500e+00   3.4011700e+00   5.6868200e+00   3.4011800e+00  -3.6309500e+06
   6.0265400e+00  -3.9591400e+00   6.2388900e+00   3.4011400e+00   5.6872000e+00   3.4011900e+00  -3.6309500e+06
   6.0261400e+00  -3.9590900e+00   6.2384100e+00   3.4012000e+00   5.6872200e+00   3.4011800e+00  -3.6309500e+06
   6.0264200e+00  -3.9594800e+00   6.2385100e+00   3.4011800e+00   5.6875900e+00   3.4011900e+00  -3.6309500e+06
   6.0267700e+00  -3.9593900e+00   6.2388700e+00   3.4011800e+00   5.6873000e+00   3.4011800e+00  -3.6309500e+06
   6.0267800e+00  -3.9591800e+00   6.2388300e+00   3.4011100e+00   5.6872000e+00   3.4011900e+00  -3.6309500e+06
   6.0258300e+00  -3.9582800e+00   6.2386800e+00   3.4011900e+00   5.6872500e+00   3.4011900e+00  -3.6309500e+06
   6.0264900e+00  -3.9585600e+00   6.2386100e+00   3.4011200e+00   5.6873400e+00   3.4011600e+00  -3.6309500e+06
   6.0262000e+00  -3.9582800e+00   6.2387800e+00   3.4009100e+00   5.6872100e+00   3.4011700e+00  -3.6309600e+06
   6.0263400e+00  -3.9579300e+00   6.2390900e+00   3.4010800e+00   5.6871500e+00   3.4011900e+00  -3.6309500e+06
   6.0262300e+00  -3.9581700e+00   6.2388700e+00   3.4011000e+00   5.6873600e+00   3.4011800e+00  -3.6309500e+06
   6.0261900e+00  -3.9581700e+00   6.2393000e+00   3.4010600e+00   5.6874800e+00   3.4011800e+00  -3.6309500e+06
   6.0260200e+00  -3.9580400e+00   6.2380200e+00   3.4011200e+00   5.6870800e+00   3.4011900e+00  -3.6309500e+06
   6.0260600e+00  -3.9585800e+00   6.2383300e+00   3.4011600e+00   5.6873100e+00   3.4011900e+00  -3.6309500e+06
   6.0263900e+00  -3.9585500e+00   6.2391100e+00   3.4011700e+00   5.6870800e+00   3.4011800e+00  -3.6309500e+06
   6.0261400e+00  -3.9584300e+00   6.2390500e+00   3.4011900e+00   5.6871800e+00   3.4012000e+00  -3.6309500e+06
   6.0261400e+00  -3.9588800e+00   6.2382900e+00   3.4011200e+00   5.6871800e+00   3.4012000e+00  -3.6309500e+06
   6.0267800e+00  -3.9591000e+00   6.2390000e+00   3.4011400e+00   5.6871500e+00   3.4011900e+00  -3.6309500e+06
   6.0264400e+00  -3.9591200e+00   6.2387000e+00   3.4011200e+00   5.6874200e+00   3.4011700e+00  -3.6309500e+06
   6.0264000e+00  -3.9590000e+00   6.2384200e+00   3.4010600e+00   5.6871500e+00   3.4011900e+00  -3.6309500e+06
   6.0264700e+00  -3.9592600e+00   6.2387000e+00   3.4011900e+00   5.6874800e+00   3.4011900e+00  -3.6309500e+06
   6.0264000e+00  -3.9589100e+00   6.2384400e+00   3.4011500e+00   5.6872000e+00   3.4011900e+00  -3.6309500e+06
   6.0267300e+00  -3.9598900e+00   6.2387700e+00   3.4011600e+00   5.6875300e+00   3.4011900e+00  -3.6309500e+06
   6.0269100e+00  -3.9601200e+00   6.2386100e+00   3.4009800e+00   5.6873600e+00   3.4011800e+00  -3.6309500e+06
   6.0266700e+00  -3.9595000e+00   6.2390900e+00   3.4011800e+00   5.6874600e+00   3.4012000e+00  -3.6309500e+06
   6.0265700e+00  -3.9595100e+00   6.2386400e+00   3.4011100e+00   5.6875700e+00   3.4011900e+00  -3.6309500e+06
   6.0269000e+00  -3.9589700e+00   6.2394000e+00   3.4006700e+00   5.6874100e+00   3.4011800e+00  -3.6309600e+06
   6.0264100e+00  -3.9591600e+00   6.2382500e+00   3.4011000e+00   5.6870800e+00   3.4012000e+00  -3.6309500e+06
   6.0263100e+00  -3.9588300e+00   6.2388600e+00   3.4011700e+00   5.6877800e+00   3.4012000e+00  -3.6309500e+06
   6.0263600e+00  -3.9588000e+00   6.2391300e+00   3.4011600e+00   5.6873400e+00   3.4011900e+00  -3.6309500e+06
   6.0259100e+00  -3.9588800e+00   6.2389100e+00   3.4011500e+00   5.6876000e+00   3.4011900e+00  -3.6309500e+06
   6.0255700e+00  -3.9578100e+00   6.2381000e+00   3.4011900e+00   5.6870400e+00   3.4011900e+00  -3.6309500e+06
   6.0261700e+00  -3.9579900e+00   6.2392400e+00   3.4011700e+00   5.6875900e+00   3.4011900e+00  -3.6309500e+06
   6.0265500e+00  -3.9587100e+00   6.2389300e+00   3.4011600e+00   5.6873300e+00   3.4011900e+00  -3.6309500e+06
   6.0262700e+00  -3.9587600e+00   6.2380300e+00   3.4011400e+00   5.6871400e+00   3.4011900e+00  -3.6309500e+06
   6.0270300e+00  -3.9600300e+00   6.2389200e+00   3.4011700e+00   5.6873800e+00   3.4011800e+00  -3.6309500e+06
   6.0270500e+00  -3.9601900e+00   6.2382300e+00   3.4011800e+00   5.6870900e+00   3.4011900e+00  -3.6309500e+06
   6.0273700e+00  -3.9612300e+00   6.2386000e+00   3.4011300e+00   5.6872000e+00   3.4011900e+00  -3.6309500e+06
   6.0281000e+00  -3.9616200e+00   6.2389400e+00   3.4011600e+00   5.6870800e+00   3.4012000e+00  -3.6309500e+06
   6.0276300e+00  -3.9604700e+00   6.2388000e+00   3.4011500e+00   5.6867800e+00   3.4012000e+00  -3.6309500e+06
   6.0273300e+00  -3.9598100e+00   6.2390800e+00   3.4011900e+00   5.6871700e+00   3.4012000e+00  -3.6309500e+06
   6.0272100e+00  -3.9599000e+00   6.2392600e+00   3.4010000e+00   5.6872600e+00   3.4011800e+00  -3.6309500e+06
   6.0265700e+00  -3.9597300e+00   6.2386400e+00   3.4011500e+00   5.6875900e+00   3.4012000e+00  -3.6309500e+06
   6.0261500e+00  -3.9590800e+00   6.2388800e+00   3.4011100e+00   5.6874200e+00   3.4011900e+00  -3.6309500e+06
   6.0268800e+00  -3.9595100e+00   6.2384800e+00   3.4011800e+00   5.6872400e+00   3.4011900e+00  -3.6309500e+06
   6.0269500e+00  -3.9596800e+00   6.2388200e+00   3.4011900e+00   5.6872800e+00   3.4012000e+00  -3.6309500e+06
   6.0267700e+00  -3.9595800e+00   6.2390900e+00   3.4011700e+00   5.6876100e+00   3.4011900e+00  -3.6309500e+06
   6.0268300e+00  -3.9586900e+00   6.2385700e+00   3.4011800e+00   5.6869400e+00   3.4011900e+00  -3.6309500e+06
   6.0256100e+00  -3.9582400e+00   6.2379600e+00   3.4011500e+00   5.6874400e+00   3.4011900e+00  -3.6309500e+06
   6.0270800e+00  -3.9598300e+00   6.2391800e+00   3.4010600e+00   5.6875700e+00   3.4012000e+00  -3.6309500e+06
   6.0264700e+00  -3.9596100e+00   6.2387600e+00   3.4011500e+00   5.6872700e+00   3.4011500e+00  -3.6309500e+06
   6.0268100e+00  -3.9607100e+00   6.2383800e+00   3.4011700e+00   5.6873000e+00   3.4011900e+00  -3.6309500e+06
   6.0271000e+00  -3.9607500e+00   6.2385000e+00   3.4011500e+00   5.6873100e+00   3.4012000e+00  -3.6309500e+06
   6.0266900e+00  -3.9602200e+00   6.2385700e+00   3.4010900e+00   5.6874200e+00   3.4011800e+00  -3.6309500e+06
   6.0273700e+00  -3.9603000e+00   6.2392800e+00   3.4011600e+00   5.6871200e+00   3.4012000e+00  -3.6309500e+06
   6.0269700e+00  -3.9601400e+00   6.2386000e+00   3.4011800e+00   5.6871700e+00   3.4011900e+00  -3.6309500e+06
   6.0271300e+00  -3.9595500e+00   6.2391800e+00   3.4010600e+00   5.6871200e+00   3.4012000e+00  -3.6309500e+06
   6.0268800e+00  -3.9605800e+00   6.2386100e+00   3.4011800e+00   5.6875200e+00   3.4011600e+00  -3.6309500e+06
   6.0272000e+00  -3.9604100e+00   6.2390200e+00   3.4011600e+00   5.6875400e+00   3.4012000e+00  -3.6309500e+06
   6.0268400e+00  -3.9605100e+00   6.2382500e+00   3.4011700e+00   5.6870500e+00   3.4011900e+00  -3.6309500e+06
   6.0269900e+00  -3.9599300e+00   6.2387100e+00   3.4011200e+00   5.6874100e+00   3.4011900e+00  -3.6309500e+06
   6.0270200e+00  -3.9603300e+00   6.2387400e+00   3.4011300e+00   5.6874600e+00   3.4012000e+00  -3.6309500e+06
   6.0277900e+00  -3.9608100e+00   6.2387100e+00   3.4011800e+00   5.6870600e+00   3.4011800e+00  -3.6309500e+06
   6.0276200e+00  -3.9610000e+00   6.2391000e+00   3.4011500e+00   5.6874500e+00   3.4011600e+00  -3.6309500e+06
   6.0277000e+00  -3.9612800e+00   6.2390200e+00   3.4010200e+00   5.6869800e+00   3.4011900e+00  -3.6309500e+06
   6.0278000e+00  -3.9608500e+00   6.2391300e+00   3.4011200e+00   5.6873800e+00   3.4011900e+00  -3.6309500e+06
   6.0275200e+00  -3.9606600e+00   6.2389200e+00   3.4011100e+00   5.6872900e+00   3.4011800e+00  -3.6309500e+06
   6.0279600e+00  -3.9608600e+00   6.2390000e+00   3.4011800e+00   5.6870700e+00   3.4011900e+00  -3.6309500e+06
   6.0271000e+00  -3.9609700e+00   6.2382900e+00   3.4011500e+00   5.6872100e+00   3.4012000e+00  -3.6309500e+06
   6.0266700e+00  -3.9603300e+00   6.2385200e+00   3.4010200e+00   5.6873300e+00   3.4011800e+00  -3.6309500e+06
   6.0267800e+00  -3.9601600e+00   6.2389400e+00   3.4010500e+00   5.6872800e+00   3.4011900e+00  -3.6309500e+06
   6.0265400e+00  -3.9590000e+00   6.2384500e+00   3.4011800e+00   5.6873400e+00   3.4012000e+00  -3.6309500e+06
   6.0263700e+00  -3.9586500e+00   6.2386500e+00   3.4010900e+00   5.6870100e+00   3.4011600e+00  -3.6309600e+06
   6.0269600e+00  -3.9584800e+00   6.2388200e+00   3.4011800e+00   5.6873800e+00   3.4011700e+00  -3.6309600e+06
   6.0265600e+00  -3.9585800e+00   6.2387000e+00   3.4011400e+00   5.6869300e+00   3.4011800e+00  -3.6309500e+06
   6.0259200e+00  -3.9572800e+00   6.2389600e+00   3.4011800e+00   5.6874900e+00   3.4012000e+00  -3.6309500e+06
   6.0255700e+00  -3.9569200e+00   6.2381300e+00   3.4011700e+00   5.6873400e+00   3.4011900e+00  -3.6309600e+06
   6.0257200e+00  -3.9570500e+00   6.2394800e+00   3.4011100e+00   5.6871900e+00   3.4011800e+00  -3.6309600e+06
   6.0257200e+00  -3.9572500e+00   6.2389600e+00   3.4011800e+00   5.6872700e+00   3.4011800e+00  -3.6309500e+06
   6.0260400e+00  -3.9581300e+00   6.2386600e+00   3.4010600e+00   5.6872600e+00   3.4011700e+00  -3.6309500e+06
   6.0260000e+00  -3.9578800e+00   6.2388600e+00   3.4010800e+00   5.6872600e+00   3.4011900e+00  -3.6309500e+06
   6.0261800e+00  -3.9582900e+00   6.2388700e+00   3.4010800e+00   5.6874200e+00   3.4011800e+00  -3.6309500e+06
   6.0261900e+00  -3.9585400e+00   6.2393600e+00   3.4011300e+00   5.6876500e+00   3.4011500e+00  -3.6309600e+06
   6.0259000e+00  -3.9585600e+00   6.2386700e+00   3.4009100e+00   5.6873700e+00   3.4011500e+00  -3.6309600e+06
   6.0268000e+00  -3.9588400e+00   6.2399000e+00   3.4011700e+00   5.6872800e+00   3.4012000e+00  -3.6309500e+06
   6.0261100e+00  -3.9590800e+00   6.2384900e+00   3.4011400e+00   5.6874400e+00   3.4011800e+00  -3.6309500e+06
   6.0268500e+00  -3.9601000e+00   6.2386600e+00   3.4011600e+00   5.6875300e+00   3.4011800e+00  -3.6309500e+06
   6.0271200e+00  -3.9598200e+00   6.2393500e+00   3.4011700e+00   5.6876500e+00   3.4011800e+00  -3.6309500e+06
   6.0265000e+00  -3.9594600e+00   6.2384800e+00   3.4011900e+00   5.6873400e+00   3.4011900e+00  -3.6309500e+06
   6.0270800e+00  -3.9599400e+00   6.2387000e+00   3.4011900e+00   5.6874200e+00   3.4011600e+00  -3.6309500e+06
   6.0271900e+00  -3.9599200e+00   6.2389900e+00   3.4011300e+00   5.6873100e+00   3.4011900e+00  -3.6309500e+06
   6.0267300e+00  -3.9593100e+00   6.2383800e+00   3.4010400e+00   5.6871100e+00   3.4011900e+00  -3.6309500e+06
   6.0266600e+00  -3.9595600e+00   6.2390900e+00   3.4010300e+00   5.6871700e+00   3.4011800e+00  -3.6309500e+06
   6.0264900e+00  -3.9594700e+00   6.2387400e+00   3.4011800e+00   5.6874700e+00   3.4012000e+00  -3.6309500e+06
   6.0262700e+00  -3.9595400e+00   6.2385600e+00   3.4010600e+00   5.6872100e+00   3.4011900e+00  -3.6309500e+06
   6.0269900e+00  -3.9598200e+00   6.2388800e+00   3.4011000e+00   5.6873900e+00   3.4011900e+00  -3.6309500e+06
   6.0276500e+00  -3.9602800e+00   6.2392700e+00   3.4011400e+00   5.6872700e+00   3.4011900e+00  -3.6309500e+06
   6.0273100e+00  -3.9600300e+00   6.2388500e+00   3.4011500e+00   5.6872200e+00   3.4011900e+00  -3.6309500e+06
   6.0273200e+00  -3.9599100e+00   6.2387000e+00   3.4011300e+00   5.6870500e+00   3.4011800e+00  -3.6309500e+06
   6.0270300e+00  -3.9599500e+00   6.2389800e+00   3.4010900e+00   5.6874000e+00   3.4011900e+00  -3.6309500e+06
   6.0269300e+00  -3.9600200e+00   6.2378800e+00   3.4012000e+00   5.6871400e+00   3.4011400e+00  -3.6309600e+06
   6.0269500e+00  -3.9594100e+00   6.2392100e+00   3.4011800e+00   5.6872900e+00   3.4011900e+00  -3.6309500e+06
   6.0268000e+00  -3.9594900e+00   6.2386700e+00   3.4011400e+00   5.6871300e+00   3.4011900e+00  -3.6309500e+06
   6.0261700e+00  -3.9586800e+00   6.2390500e+00   3.4010700e+00   5.6874000e+00   3.4011700e+00  -3.6309500e+06
   6.0261500e+00  -3.9583500e+00   6.2390300e+00   3.4011500e+00   5.6873800e+00   3.4011900e+00  -3.6309500e+06
   6.0256600e+00  -3.9580200e+00   6.2387800e+00   3.4011000e+00   5.6874500e+00   3.4011500e+00  -3.6309600e+06
   6.0267700e+00  -3.9589900e+00   6.2385200e+00   3.4010700e+00   5.6872100e+00   3.4011900e+00  -3.6309500e+06
   6.0262600e+00  -3.9586200e+00   6.2394900e+00   3.4010300e+00   5.6874400e+00   3.4011700e+00  -3.6309600e+06
   6.0263500e+00  -3.9584800e+00   6.2391800e+00   3.4011600e+00   5.6871500e+00   3.4011900e+00  -3.6309500e+06
   6.0259400e+00  -3.9575400e+00   6.2388300e+00   3.4011500e+00   5.6875200e+00   3.4011800e+00  -3.6309500e+06
   6.0260600e+00  -3.9573400e+00   6.2384500e+00   3.4011500e+00   5.6872600e+00   3.4011800e+00  -3.6309600e+06
   6.0260300e+00  -3.9580100e+00   6.2390700e+00   3.4011300e+00   5.6873900e+00   3.4011900e+00  -3.6309500e+06
   6.0257400e+00  -3.9581400e+00   6.2387000e+00   3.4010100e+00   5.6872800e+00   3.4011700e+00  -3.6309600e+06
   6.0256900e+00  -3.9571100e+00   6.2392100e+00   3.4010000e+00   5.6873900e+00   3.4011800e+00  -3.6309600e+06
   6.0260300e+00  -3.9570200e+00   6.2399300e+00   3.4010700e+00   5.6875200e+00   3.4011800e+00  -3.6309600e+06
   6.0252800e+00  -3.9569400e+00   6.2384300e+00   3.4009700e+00   5.6872900e+00   3.4011900e+00  -3.6309600e+06
   6.0258800e+00  -3.9573100e+00   6.2391300e+00   3.4011200e+00   5.6870800e+00   3.4011900e+00  -3.6309500e+06
   6.0256500e+00  -3.9576000e+00   6.2385400e+00   3.4011000e+00   5.6876200e+00   3.4011700e+00  -3.6309600e+06
   6.0261700e+00  -3.9592100e+00   6.2384400e+00   3.4010700e+00   5.6870500e+00   3.4011900e+00  -3.6309500e+06
   6.0268100e+00  -3.9600900e+00   6.2381800e+00   3.4011400e+00   5.6873300e+00   3.4011900e+00  -3.6309500e+06
   6.0268200e+00  -3.9594800e+00   6.2393900e+00   3.4011800e+00   5.6874100e+00   3.4011900e+00  -3.6309500e+06
   6.0271500e+00  -3.9597700e+00   6.2395200e+00   3.4010400e+00   5.6872300e+00   3.4011900e+00  -3.6309500e+06
   6.0267400e+00  -3.9592800e+00   6.2390400e+00   3.4011500e+00   5.6873200e+00   3.4011900e+00  -3.6309500e+06
   6.0266800e+00  -3.9590300e+00   6.2390300e+00   3.4011500e+00   5.6875600e+00   3.4011800e+00  -3.6309500e+06
   6.0268300e+00  -3.9592300e+00   6.2386400e+00   3.4011500e+00   5.6872800e+00   3.4011800e+00  -3.6309500e+06
   6.0264200e+00  -3.9597600e+00   6.2381600e+00   3.4011600e+00   5.6873300e+00   3.4011900e+00  -3.6309500e+06
   6.0268300e+00  -3.9601300e+00   6.2391100e+00   3.4010900e+00   5.6874800e+00   3.4011900e+00  -3.6309500e+06
   6.0270900e+00  -3.9605800e+00   6.2388900e+00   3.4011800e+00   5.6872300e+00   3.4011800e+00  -3.6309500e+06
   6.0275800e+00  -3.9607300e+00   6.2392100e+00   3.4011700e+00   5.6871300e+00   3.4011700e+00  -3.6309500e+06
   6.0275900e+00  -3.9607800e+00   6.2388900e+00   3.4011800e+00   5.6872800e+00   3.4011700e+00  -3.6309500e+06
   6.0278600e+00  -3.9608700e+00   6.2395700e+00   3.4011500e+00   5.6874400e+00   3.4011900e+00  -3.6309500e+06
   6.0278600e+00  -3.9612500e+00   6.2386900e+00   3.4010700e+00   5.6872900e+00   3.4011800e+00  -3.6309500e+06
   6.0278200e+00  -3.9611700e+00   6.2392200e+00   3.4011800e+00   5.6873300e+00   3.4011800e+00  -3.6309500e+06
   6.0278300e+00  -3.9621200e+00   6.2383600e+00   3.4011500e+00   5.6872000e+00   3.4011900e+00  -3.6309500e+06
   6.0274600e+00  -3.9612500e+00   6.2385000e+00   3.4011600e+00   5.6875000e+00   3.4011900e+00  -3.6309500e+06
   6.0268100e+00  -3.9597600e+00   6.2384400e+00   3.4011700e+00   5.6871000e+00   3.4011900e+00  -3.6309500e+06
   6.0268300e+00  -3.9601000e+00   6.2387300e+00   3.4010100e+00   5.6873100e+00   3.4011700e+00  -3.6309500e+06
   6.0263200e+00  -3.9596600e+00   6.2383800e+00   3.4010200e+00   5.6873700e+00   3.4011700e+00  -3.6309500e+06
   6.0272300e+00  -3.9599000e+00   6.2386200e+00   3.4011900e+00   5.6873200e+00   3.4012000e+00  -3.6309500e+06
   6.0265300e+00  -3.9597700e+00   6.2385700e+00   3.4011700e+00   5.6871300e+00   3.4011800e+00  -3.6309500e+06
   6.0270300e+00  -3.9600200e+00   6.2387600e+00   3.4011400e+00   5.6872000e+00   3.4011800e+00  -3.6309500e+06
   6.0270100e+00  -3.9606600e+00   6.2392800e+00   3.4010800e+00   5.6874100e+00   3.4011800e+00  -3.6309500e+06
   6.0274200e+00  -3.9606300e+00   6.2388000e+00   3.4011800e+00   5.6873500e+00   3.4011900e+00  -3.6309500e+06
   6.0271200e+00  -3.9599200e+00   6.2391900e+00   3.4011500e+00   5.6875100e+00   3.4011900e+00  -3.6309500e+06
   6.0273700e+00  -3.9601100e+00   6.2387000e+00   3.4011000e+00   5.6873100e+00   3.4012000e+00  -3.6309500e+06
   6.0272900e+00  -3.9598400e+00   6.2387100e+00   3.4011000e+00   5.6872400e+00   3.4011900e+00  -3.6309500e+06
   6.0267200e+00  -3.9588200e+00   6.2390100e+00   3.4011900e+00   5.6870300e+00   3.4011900e+00  -3.6309500e+06
   6.0260700e+00  -3.9579500e+00   6.2385300e+00   3.4009400e+00   5.6872100e+00   3.4011800e+00  -3.6309600e+06
   6.0264300e+00  -3.9582300e+00   6.2386200e+00   3.4010300e+00   5.6870800e+00   3.4011700e+00  -3.6309600e+06
   6.0258000e+00  -3.9579300e+00   6.2386900e+00   3.4011700e+00   5.6874200e+00   3.4011800e+00  -3.6309500e+06
   6.0266800e+00  -3.9589200e+00   6.2383300e+00   3.4011600e+00   5.6873700e+00   3.4011900e+00  -3.6309500e+06
   6.0265200e+00  -3.9591900e+00   6.2389500e+00   3.4011900e+00   5.6874200e+00   3.4011700e+00  -3.6309500e+06
   6.0264800e+00  -3.9590300e+00   6.2389200e+00   3.4011200e+00   5.6873200e+00   3.4011900e+00  -3.6309500e+06
   6.0266000e+00  -3.9590200e+00   6.2391800e+00   3.4011600e+00   5.6876800e+00   3.4011900e+00  -3.6309500e+06
   6.0262100e+00  -3.9589000e+00   6.2382600e+00   3.4011800e+00   5.6872600e+00   3.4011800e+00  -3.6309500e+06
   6.0257900e+00  -3.9580300e+00   6.2388000e+00   3.4011700e+00   5.6874500e+00   3.4011500e+00  -3.6309600e+06
   6.0263600e+00  -3.9586200e+00   6.2384500e+00   3.4011400e+00   5.6871700e+00   3.4011900e+00  -3.6309500e+06
   6.0264900e+00  -3.9590500e+00   6.2384700e+00   3.4011100e+00   5.6873900e+00   3.4011500e+00  -3.6309600e+06
   6.0266600e+00  -3.9590500e+00   6.2388700e+00   3.4011800e+00   5.6872500e+00   3.4011900e+00  -3.6309500e+06
   6.0264300e+00  -3.9589500e+00   6.2390300e+00   3.4011800e+00   5.6871500e+00   3.4011900e+00  -3.6309500e+06
   6.0267400e+00  -3.9594100e+00   6.2386500e+00   3.4010900e+00   5.6872300e+00   3.4011900e+00  -3.6309500e+06
   6.0265400e+00  -3.9601400e+00   6.2383000e+00   3.4011900e+00   5.6872900e+00   3.4011900e+00  -3.6309500e+06
   6.0266700e+00  -3.9591400e+00   6.2391900e+00   3.4012000e+00   5.6873400e+00   3.4011900e+00  -3.6309500e+06
   6.0258400e+00  -3.9585200e+00   6.2385500e+00   3.4011300e+00   5.6873600e+00   3.4011800e+00  -3.6309500e+06
   6.0266000e+00  -3.9593000e+00   6.2388900e+00   3.4011200e+00   5.6871500e+00   3.4011800e+00  -3.6309500e+06
   6.0268100e+00  -3.9593700e+00   6.2385700e+00   3.4011400e+00   5.6874800e+00   3.4011900e+00  -3.6309500e+06
   6.0273400e+00  -3.9600600e+00   6.2392300e+00   3.4011500e+00   5.6874900e+00   3.4011900e+00  -3.6309500e+06
   6.0265000e+00  -3.9595500e+00   6.2382600e+00   3.4011900e+00   5.6873300e+00   3.4011800e+00  -3.6309500e+06
   6.0267200e+00  -3.9594400e+00   6.2388400e+00   3.4009500e+00   5.6873300e+00   3.4012000e+00  -3.6309500e+06
   6.0263400e+00  -3.9583400e+00   6.2391800e+00   3.4011800e+00   5.6875000e+00   3.4011800e+00  -3.6309500e+06
   6.0264200e+00  -3.9581500e+00   6.2391700e+00   3.4011800e+00   5.6870200e+00   3.4011900e+00  -3.6309500e+06
   6.0265800e+00  -3.9584100e+00   6.2396100e+00   3.4011100e+00   5.6874700e+00   3.4011900e+00  -3.6309500e+06
   6.0263800e+00  -3.9594700e+00   6.2386200e+00   3.4011900e+00   5.6871900e+00   3.4012000e+00  -3.6309500e+06
   6.0271600e+00  -3.9597500e+00   6.2389100e+00   3.4010900e+00   5.6874300e+00   3.4012000e+00  -3.6309500e+06
   6.0269400e+00  -3.9600200e+00   6.2385900e+00   3.4011600e+00   5.6871800e+00   3.4011300e+00  -3.6309500e+06
   6.0270900e+00  -3.9602500e+00   6.2389600e+00   3.4010000e+00   5.6872800e+00   3.4011900e+00  -3.6309500e+06
   6.0276700e+00  -3.9611500e+00   6.2390500e+00   3.4011300e+00   5.6871800e+00   3.4012000e+00  -3.6309500e+06
   6.0276400e+00  -3.9614500e+00   6.2391200e+00   3.4010500e+00   5.6871900e+00   3.4011900e+00  -3.6309500e+06
   6.0282500e+00  -3.9619400e+00   6.2388800e+00   3.4011600e+00   5.6873900e+00   3.4011900e+00  -3.6309500e+06
   6.0278200e+00  -3.9615500e+00   6.2381200e+00   3.4011200e+00   5.6871000e+00   3.4011700e+00  -3.6309500e+06
   6.0274400e+00  -3.9610000e+00   6.2388800e+00   3.4011700e+00   5.6873900e+00   3.4011800e+00  -3.6309500e+06
   6.0271700e+00  -3.9609900e+00   6.2387800e+00   3.4011700e+00   5.6874300e+00   3.4011800e+00  -3.6309500e+06
   6.0278900e+00  -3.9610600e+00   6.2395300e+00   3.4011200e+00   5.6873200e+00   3.4011800e+00  -3.6309500e+06
   6.0271800e+00  -3.9606500e+00   6.2381000e+00   3.4011700e+00   5.6872900e+00   3.4011900e+00  -3.6309500e+06
   6.0265700e+00  -3.9598400e+00   6.2386000e+00   3.4010300e+00   5.6872900e+00   3.4011800e+00  -3.6309500e+06
   6.0270400e+00  -3.9596500e+00   6.2387400e+00   3.4011100e+00   5.6875100e+00   3.4011900e+00  -3.6309500e+06
   6.0271500e+00  -3.9599000e+00   6.2390200e+00   3.4011400e+00   5.6870200e+00   3.4011900e+00  -3.6309500e+06
   6.0270800e+00  -3.9603900e+00   6.2389600e+00   3.4010000e+00   5.6873700e+00   3.4011900e+00  -3.6309500e+06
   6.0270900e+00  -3.9602800e+00   6.2394100e+00   3.4011700e+00   5.6873700e+00   3.4011900e+00  -3.6309500e+06
