   6.0269100e+00  -3.9595500e+00   6.2388700e+00   3.4011900e+00   5.6871600e+00   3.4011900e+00  -3.6309500e+07
   6.0267200e+00  -3.9595600e+00   6.2387200e+00   3.4012000e+00   5.6873500e+00   3.4012000e+00  -3.6309500e+07
   6.0267800e+00  -3.9595900e+00   6.2385600e+00   3.4011900e+00   5.6872300e+00   3.4012000e+00  -3.6309500e+07
   6.0267100e+00  -3.9595600e+00   6.2389500e+00   3.4012000e+00   5.6873600e+00   3.4012000e+00  -3.6309500e+07
   6.0267400e+00  -3.9596100e+00   6.2385900e+00   3.4012000e+00   5.6872400e+00   3.4012000e+00  -3.6309500e+07
   6.0267600e+00  -3.9596600e+00   6.2387400e+00   3.4011900e+00   5.6873300e+00   3.4012000e+00  -3.6309500e+07
   6.0267800e+00  -3.9595900e+00   6.2389100e+00   3.4011900e+00   5.6873400e+00   3.4012000e+00  -3.6309500e+07
   6.0268100e+00  -3.9596100e+00   6.2388700e+00   3.4011900e+00   5.6873500e+00   3.4012000e+00  -3.6309500e+07
   6.0267300e+00  -3.9597100e+00   6.2388200e+00   3.4011900e+00   5.6873500e+00   3.4012000e+00  -3.6309500e+07
   6.0268400e+00  -3.9596300e+00   6.2389500e+00   3.4011700e+00   5.6873300e+00   3.4012000e+00  -3.6309500e+07
   6.0268200e+00  -3.9595800e+00   6.2388400e+00   3.4011900e+00   5.6872900e+00   3.4012000e+00  -3.6309500e+07
   6.0268200e+00  -3.9596200e+00   6.2389400e+00   3.4012000e+00   5.6872600e+00   3.4012000e+00  -3.6309500e+07
   6.0267800e+00  -3.9595400e+00   6.2389200e+00   3.4011800e+00   5.6873000e+00   3.4012000e+00  -3.6309500e+07
   6.0268000e+00  -3.9595800e+00   6.2386800e+00   3.4011900e+00   5.6872400e+00   3.4012000e+00  -3.6309500e+07
   6.0268200e+00  -3.9596000e+00   6.2388800e+00   3.4012000e+00   5.6874300e+00   3.4012000e+00  -3.6309500e+07
   6.0267600e+00  -3.9596600e+00   6.2388000e+00   3.4011800e+00   5.6874100e+00   3.4012000e+00  -3.6309500e+07
   6.0268900e+00  -3.9597300e+00   6.2388400e+00   3.4011900e+00   5.6873000e+00   3.4012000e+00  -3.6309500e+07
   6.0266900e+00  -3.9596000e+00   6.2386700e+00   3.4012000e+00   5.6873900e+00   3.4012000e+00  -3.6309500e+07
   6.0268100e+00  -3.9594700e+00   6.2389700e+00   3.4011900e+00   5.6872600e+00   3.4012000e+00  -3.6309500e+07
   6.0267000e+00  -3.9594400e+00   6.2388100e+00   3.4012000e+00   5.6873100e+00   3.4012000e+00  -3.6309500e+07
   6.0266200e+00  -3.9594500e+00   6.2388400e+00   3.4011900e+00   5.6873300e+00   3.4012000e+00  -3.6309500e+07
   6.0267600e+00  -3.9593800e+00   6.2390200e+00   3.4011800e+00   5.6873200e+00   3.4012000e+00  -3.6309500e+07
   6.0266200e+00  -3.9593500e+00   6.2387800e+00   3.4012000e+00   5.6873300e+00   3.4012000e+00  -3.6309500e+07
   6.0267600e+00  -3.9593000e+00   6.2390300e+00   3.4011900e+00   5.6872600e+00   3.4011900e+00  -3.6309500e+07
   6.0265900e+00  -3.9592700e+00   6.2388500e+00   3.4011900e+00   5.6872800e+00   3.4012000e+00  -3.6309500e+07
   6.0266100e+00  -3.9592600e+00   6.2388800e+00   3.4011700e+00   5.6872700e+00   3.4012000e+00  -3.6309500e+07
   6.0267100e+00  -3.9592700e+00   6.2388600e+00   3.4011900e+00   5.6871900e+00   3.4012000e+00  -3.6309500e+07
   6.0268000e+00  -3.9593300e+00   6.2388800e+00   3.4011900e+00   5.6872400e+00   3.4012000e+00  -3.6309500e+07
   6.0268500e+00  -3.9593100e+00   6.2390500e+00   3.4012000e+00   5.6872800e+00   3.4012000e+00  -3.6309500e+07
   6.0267800e+00  -3.9593100e+00   6.2391300e+00   3.4011900e+00   5.6873600e+00   3.4012000e+00  -3.6309500e+07
   6.0267300e+00  -3.9593500e+00   6.2389900e+00   3.4012000e+00   5.6873300e+00   3.4012000e+00  -3.6309500e+07
   6.0267200e+00  -3.9593700e+00   6.2389100e+00   3.4011900e+00   5.6873400e+00   3.4012000e+00  -3.6309500e+07
   6.0267700e+00  -3.9593300e+00   6.2389000e+00   3.4011800e+00   5.6872900e+00   3.4012000e+00  -3.6309500e+07
   6.0267900e+00  -3.9592900e+00   6.2391400e+00   3.4012000e+00   5.6873000e+00   3.4012000e+00  -3.6309500e+07
   6.0268800e+00  -3.9593200e+00   6.2390100e+00   3.4011900e+00   5.6873100e+00   3.4012000e+00  -3.6309500e+07
   6.0267800e+00  -3.9592700e+00   6.2389000e+00   3.4011800e+00   5.6873100e+00   3.4012000e+00  -3.6309500e+07
   6.0266900e+00  -3.9593100e+00   6.2387400e+00   3.4011800e+00   5.6873000e+00   3.4012000e+00  -3.6309500e+07
   6.0267600e+00  -3.9594500e+00   6.2390900e+00   3.4012000e+00   5.6874000e+00   3.4012000e+00  -3.6309500e+07
   6.0266300e+00  -3.9594200e+00   6.2385900e+00   3.4011900e+00   5.6872900e+00   3.4012000e+00  -3.6309500e+07
   6.0268100e+00  -3.9594600e+00   6.2390500e+00   3.4012000e+00   5.6873800e+00   3.4012000e+00  -3.6309500e+07
   6.0267300e+00  -3.9594900e+00   6.2387300e+00   3.4012000e+00   5.6872900e+00   3.4012000e+00  -3.6309500e+07
   6.0267500e+00  -3.9594700e+00   6.2387400e+00   3.4011600e+00   5.6872300e+00   3.4012000e+00  -3.6309500e+07
   6.0266600e+00  -3.9594800e+00   6.2387200e+00   3.4011900e+00   5.6872500e+00   3.4011900e+00  -3.6309500e+07
   6.0269100e+00  -3.9595700e+00   6.2389200e+00   3.4011900e+00   5.6873100e+00   3.4012000e+00  -3.6309500e+07
   6.0267900e+00  -3.9596000e+00   6.2388200e+00   3.4011900e+00   5.6873000e+00   3.4012000e+00  -3.6309500e+07
   6.0268900e+00  -3.9595200e+00   6.2389900e+00   3.4011900e+00   5.6873000e+00   3.4012000e+00  -3.6309500e+07
   6.0269300e+00  -3.9596000e+00   6.2389300e+00   3.4012000e+00   5.6873200e+00   3.4012000e+00  -3.6309500e+07
   6.0267800e+00  -3.9596000e+00   6.2387900e+00   3.4012000e+00   5.6872200e+00   3.4012000e+00  -3.6309500e+07
   6.0270100e+00  -3.9596200e+00   6.2389800e+00   3.4011900e+00   5.6873500e+00   3.4012000e+00  -3.6309500e+07
   6.0269000e+00  -3.9596100e+00   6.2388900e+00   3.4011900e+00   5.6872200e+00   3.4012000e+00  -3.6309500e+07
   6.0268800e+00  -3.9595300e+00   6.2390700e+00   3.4011900e+00   5.6874600e+00   3.4012000e+00  -3.6309500e+07
   6.0268000e+00  -3.9595400e+00   6.2388600e+00   3.4011900e+00   5.6874000e+00   3.4012000e+00  -3.6309500e+07
   6.0267400e+00  -3.9595300e+00   6.2387200e+00   3.4011900e+00   5.6872900e+00   3.4012000e+00  -3.6309500e+07
   6.0265600e+00  -3.9594900e+00   6.2387400e+00   3.4011900e+00   5.6873700e+00   3.4012000e+00  -3.6309500e+07
   6.0268800e+00  -3.9595300e+00   6.2388700e+00   3.4011900e+00   5.6872600e+00   3.4012000e+00  -3.6309500e+07
   6.0271100e+00  -3.9595700e+00   6.2392400e+00   3.4012000e+00   5.6872900e+00   3.4012000e+00  -3.6309500e+07
   6.0268100e+00  -3.9596100e+00   6.2389900e+00   3.4012000e+00   5.6872800e+00   3.4012000e+00  -3.6309500e+07
   6.0267600e+00  -3.9596000e+00   6.2390300e+00   3.4011900e+00   5.6874300e+00   3.4012000e+00  -3.6309500e+07
   6.0268800e+00  -3.9596500e+00   6.2389200e+00   3.4011900e+00   5.6873500e+00   3.4012000e+00  -3.6309500e+07
   6.0266600e+00  -3.9595800e+00   6.2385900e+00   3.4011800e+00   5.6873100e+00   3.4012000e+00  -3.6309500e+07
   6.0267200e+00  -3.9595000e+00   6.2388200e+00   3.4011800e+00   5.6873200e+00   3.4012000e+00  -3.6309500e+07
   6.0269900e+00  -3.9595900e+00   6.2389100e+00   3.4011900e+00   5.6872600e+00   3.4012000e+00  -3.6309500e+07
   6.0267300e+00  -3.9596000e+00   6.2388500e+00   3.4011700e+00   5.6874000e+00   3.4012000e+00  -3.6309500e+07
   6.0268600e+00  -3.9596900e+00   6.2389300e+00   3.4011900e+00   5.6873800e+00   3.4012000e+00  -3.6309500e+07
   6.0268200e+00  -3.9596500e+00   6.2388400e+00   3.4011900e+00   5.6872700e+00   3.4012000e+00  -3.6309500e+07
   6.0269400e+00  -3.9596400e+00   6.2389000e+00   3.4011900e+00   5.6872800e+00   3.4012000e+00  -3.6309500e+07
   6.0267500e+00  -3.9596600e+00   6.2388300e+00   3.4011900e+00   5.6873400e+00   3.4012000e+00  -3.6309500e+07
   6.0269200e+00  -3.9596500e+00   6.2390200e+00   3.4011900e+00   5.6873400e+00   3.4011900e+00  -3.6309500e+07
   6.0270200e+00  -3.9596000e+00   6.2390700e+00   3.4011800e+00   5.6873300e+00   3.4012000e+00  -3.6309500e+07
   6.0270100e+00  -3.9597000e+00   6.2387200e+00   3.4011900e+00   5.6872200e+00   3.4012000e+00  -3.6309500e+07
   6.0269700e+00  -3.9596300e+00   6.2389000e+00   3.4011900e+00   5.6871900e+00   3.4012000e+00  -3.6309500e+07
   6.0269300e+00  -3.9595900e+00   6.2389900e+00   3.4011900e+00   5.6872300e+00   3.4012000e+00  -3.6309500e+07
   6.0267600e+00  -3.9596000e+00   6.2388900e+00   3.4012000e+00   5.6874200e+00   3.4012000e+00  -3.6309500e+07
   6.0268600e+00  -3.9595900e+00   6.2389800e+00   3.4011900e+00   5.6872600e+00   3.4012000e+00  -3.6309500e+07
   6.0268000e+00  -3.9596300e+00   6.2387400e+00   3.4011900e+00   5.6872700e+00   3.4012000e+00  -3.6309500e+07
   6.0267400e+00  -3.9596000e+00   6.2388500e+00   3.4011900e+00   5.6873300e+00   3.4012000e+00  -3.6309500e+07
   6.0268900e+00  -3.9596800e+00   6.2390000e+00   3.4011800e+00   5.6873700e+00   3.4012000e+00  -3.6309500e+07
   6.0268500e+00  -3.9596900e+00   6.2387300e+00   3.4011900e+00   5.6872800e+00   3.4012000e+00  -3.6309500e+07
   6.0269200e+00  -3.9596600e+00   6.2387000e+00   3.4011900e+00   5.6872600e+00   3.4012000e+00  -3.6309500e+07
   6.0267400e+00  -3.9595800e+00   6.2388900e+00   3.4011900e+00   5.6873300e+00   3.4012000e+00  -3.6309500e+07
   6.0268100e+00  -3.9595900e+00   6.2386700e+00   3.4011800e+00   5.6873500e+00   3.4012000e+00  -3.6309500e+07
   6.0266900e+00  -3.9596000e+00   6.2387300e+00   3.4012000e+00   5.6873400e+00   3.4012000e+00  -3.6309500e+07
   6.0267500e+00  -3.9595800e+00   6.2387600e+00   3.4012000e+00   5.6873200e+00   3.4012000e+00  -3.6309500e+07
   6.0267500e+00  -3.9595400e+00   6.2389400e+00   3.4011900e+00   5.6873400e+00   3.4012000e+00  -3.6309500e+07
   6.0269100e+00  -3.9596000e+00   6.2391100e+00   3.4011900e+00   5.6873900e+00   3.4012000e+00  -3.6309500e+07
   6.0269100e+00  -3.9595800e+00   6.2390300e+00   3.4011900e+00   5.6873400e+00   3.4012000e+00  -3.6309500e+07
   6.0267700e+00  -3.9596800e+00   6.2387300e+00   3.4012000e+00   5.6872900e+00   3.4012000e+00  -3.6309500e+07
   6.0270200e+00  -3.9596300e+00   6.2390000e+00   3.4012000e+00   5.6872800e+00   3.4012000e+00  -3.6309500e+07
   6.0269600e+00  -3.9596700e+00   6.2390000e+00   3.4012000e+00   5.6873300e+00   3.4012000e+00  -3.6309500e+07
   6.0269400e+00  -3.9597200e+00   6.2389300e+00   3.4011900e+00   5.6872400e+00   3.4012000e+00  -3.6309500e+07
   6.0269300e+00  -3.9596600e+00   6.2389000e+00   3.4011900e+00   5.6872400e+00   3.4012000e+00  -3.6309500e+07
   6.0268400e+00  -3.9597300e+00   6.2388800e+00   3.4012000e+00   5.6873800e+00   3.4012000e+00  -3.6309500e+07
   6.0269900e+00  -3.9597300e+00   6.2388600e+00   3.4011800e+00   5.6872700e+00   3.4012000e+00  -3.6309500e+07
   6.0268600e+00  -3.9597100e+00   6.2388000e+00   3.4011900e+00   5.6873300e+00   3.4012000e+00  -3.6309500e+07
   6.0269800e+00  -3.9598300e+00   6.2388900e+00   3.4011900e+00   5.6873500e+00   3.4011900e+00  -3.6309500e+07
   6.0270200e+00  -3.9598500e+00   6.2388400e+00   3.4012000e+00   5.6873500e+00   3.4012000e+00  -3.6309500e+07
   6.0269400e+00  -3.9598400e+00   6.2388200e+00   3.4011900e+00   5.6872500e+00   3.4012000e+00  -3.6309500e+07
   6.0268200e+00  -3.9598100e+00   6.2388100e+00   3.4011900e+00   5.6873400e+00   3.4012000e+00  -3.6309500e+07
   6.0269600e+00  -3.9597800e+00   6.2387300e+00   3.4011900e+00   5.6872400e+00   3.4012000e+00  -3.6309500e+07
   6.0268700e+00  -3.9597700e+00   6.2386200e+00   3.4011900e+00   5.6872500e+00   3.4012000e+00  -3.6309500e+07
   6.0269300e+00  -3.9597100e+00   6.2389200e+00   3.4011900e+00   5.6873900e+00   3.4012000e+00  -3.6309500e+07
   6.0269400e+00  -3.9597400e+00   6.2389000e+00   3.4012000e+00   5.6873900e+00   3.4012000e+00  -3.6309500e+07
   6.0267600e+00  -3.9597500e+00   6.2385200e+00   3.4012000e+00   5.6873500e+00   3.4011900e+00  -3.6309500e+07
   6.0268400e+00  -3.9596800e+00   6.2386900e+00   3.4011900e+00   5.6872900e+00   3.4012000e+00  -3.6309500e+07
   6.0269100e+00  -3.9596600e+00   6.2388800e+00   3.4012000e+00   5.6872000e+00   3.4012000e+00  -3.6309500e+07
   6.0269200e+00  -3.9596700e+00   6.2390500e+00   3.4011900e+00   5.6873200e+00   3.4011900e+00  -3.6309500e+07
   6.0266800e+00  -3.9596800e+00   6.2386000e+00   3.4012000e+00   5.6873200e+00   3.4011900e+00  -3.6309500e+07
   6.0267600e+00  -3.9596300e+00   6.2386900e+00   3.4012000e+00   5.6873000e+00   3.4012000e+00  -3.6309500e+07
   6.0267400e+00  -3.9596100e+00   6.2389000e+00   3.4011900e+00   5.6873200e+00   3.4012000e+00  -3.6309500e+07
   6.0267800e+00  -3.9595500e+00   6.2389900e+00   3.4011900e+00   5.6873100e+00   3.4012000e+00  -3.6309500e+07
   6.0267900e+00  -3.9595500e+00   6.2390300e+00   3.4011900e+00   5.6873600e+00   3.4012000e+00  -3.6309500e+07
   6.0267300e+00  -3.9595300e+00   6.2390000e+00   3.4011900e+00   5.6873200e+00   3.4011900e+00  -3.6309500e+07
   6.0267400e+00  -3.9594600e+00   6.2386500e+00   3.4011900e+00   5.6871700e+00   3.4012000e+00  -3.6309500e+07
   6.0266500e+00  -3.9595400e+00   6.2388700e+00   3.4011900e+00   5.6873300e+00   3.4012000e+00  -3.6309500e+07
   6.0267200e+00  -3.9595200e+00   6.2387600e+00   3.4011800e+00   5.6873000e+00   3.4012000e+00  -3.6309500e+07
   6.0267900e+00  -3.9595100e+00   6.2388600e+00   3.4012000e+00   5.6872400e+00   3.4012000e+00  -3.6309500e+07
   6.0268800e+00  -3.9596000e+00   6.2390100e+00   3.4011600e+00   5.6874000e+00   3.4012000e+00  -3.6309500e+07
   6.0267800e+00  -3.9596500e+00   6.2387300e+00   3.4012000e+00   5.6873300e+00   3.4012000e+00  -3.6309500e+07
   6.0268300e+00  -3.9597000e+00   6.2389700e+00   3.4011900e+00   5.6872700e+00   3.4012000e+00  -3.6309500e+07
   6.0269900e+00  -3.9597900e+00   6.2389000e+00   3.4012000e+00   5.6873200e+00   3.4012000e+00  -3.6309500e+07
   6.0269800e+00  -3.9598100e+00   6.2388300e+00   3.4011800e+00   5.6872200e+00   3.4012000e+00  -3.6309500e+07
   6.0269400e+00  -3.9597600e+00   6.2388600e+00   3.4012000e+00   5.6872700e+00   3.4012000e+00  -3.6309500e+07
   6.0267900e+00  -3.9597300e+00   6.2388000e+00   3.4011900e+00   5.6872300e+00   3.4012000e+00  -3.6309500e+07
   6.0267700e+00  -3.9597000e+00   6.2389100e+00   3.4012000e+00   5.6873700e+00   3.4012000e+00  -3.6309500e+07
   6.0268300e+00  -3.9596200e+00   6.2389200e+00   3.4011800e+00   5.6872600e+00   3.4012000e+00  -3.6309500e+07
   6.0267700e+00  -3.9596800e+00   6.2386300e+00   3.4011900e+00   5.6872300e+00   3.4012000e+00  -3.6309500e+07
   6.0268400e+00  -3.9595900e+00   6.2387600e+00   3.4011900e+00   5.6872700e+00   3.4012000e+00  -3.6309500e+07
   6.0269000e+00  -3.9596700e+00   6.2387700e+00   3.4012000e+00   5.6873100e+00   3.4012000e+00  -3.6309500e+07
   6.0269500e+00  -3.9596500e+00   6.2388300e+00   3.4011900e+00   5.6872800e+00   3.4012000e+00  -3.6309500e+07
   6.0268400e+00  -3.9597300e+00   6.2387600e+00   3.4011900e+00   5.6872000e+00   3.4012000e+00  -3.6309500e+07
   6.0268400e+00  -3.9597400e+00   6.2387200e+00   3.4011900e+00   5.6873000e+00   3.4011900e+00  -3.6309500e+07
   6.0269100e+00  -3.9597300e+00   6.2388600e+00   3.4011900e+00   5.6872700e+00   3.4012000e+00  -3.6309500e+07
   6.0269000e+00  -3.9598100e+00   6.2387900e+00   3.4012000e+00   5.6873600e+00   3.4012000e+00  -3.6309500e+07
   6.0270500e+00  -3.9598200e+00   6.2389200e+00   3.4011800e+00   5.6873200e+00   3.4012000e+00  -3.6309500e+07
   6.0269100e+00  -3.9598600e+00   6.2388800e+00   3.4011900e+00   5.6873100e+00   3.4012000e+00  -3.6309500e+07
   6.0268400e+00  -3.9598900e+00   6.2388600e+00   3.4012000e+00   5.6873400e+00   3.4011900e+00  -3.6309500e+07
   6.0267500e+00  -3.9598200e+00   6.2386600e+00   3.4011900e+00   5.6873300e+00   3.4012000e+00  -3.6309500e+07
   6.0268800e+00  -3.9598000e+00   6.2387000e+00   3.4011800e+00   5.6873300e+00   3.4011900e+00  -3.6309500e+07
   6.0267100e+00  -3.9597200e+00   6.2387800e+00   3.4011900e+00   5.6873000e+00   3.4012000e+00  -3.6309500e+07
   6.0269200e+00  -3.9597100e+00   6.2389200e+00   3.4011900e+00   5.6873600e+00   3.4012000e+00  -3.6309500e+07
   6.0270100e+00  -3.9597400e+00   6.2388500e+00   3.4012000e+00   5.6873100e+00   3.4012000e+00  -3.6309500e+07
   6.0269000e+00  -3.9597600e+00   6.2387600e+00   3.4011900e+00   5.6872900e+00   3.4011900e+00  -3.6309500e+07
   6.0268600e+00  -3.9597600e+00   6.2388000e+00   3.4011900e+00   5.6872700e+00   3.4012000e+00  -3.6309500e+07
   6.0268200e+00  -3.9596800e+00   6.2388500e+00   3.4011900e+00   5.6873400e+00   3.4012000e+00  -3.6309500e+07
   6.0268200e+00  -3.9597200e+00   6.2388700e+00   3.4011900e+00   5.6873600e+00   3.4012000e+00  -3.6309500e+07
   6.0270400e+00  -3.9597000e+00   6.2388200e+00   3.4011900e+00   5.6872600e+00   3.4012000e+00  -3.6309500e+07
   6.0268600e+00  -3.9596700e+00   6.2388500e+00   3.4011900e+00   5.6873700e+00   3.4012000e+00  -3.6309500e+07
   6.0269200e+00  -3.9597800e+00   6.2388600e+00   3.4011900e+00   5.6873200e+00   3.4011900e+00  -3.6309500e+07
   6.0270600e+00  -3.9597800e+00   6.2389300e+00   3.4011900e+00   5.6872300e+00   3.4012000e+00  -3.6309500e+07
   6.0268900e+00  -3.9598500e+00   6.2390300e+00   3.4011900e+00   5.6873100e+00   3.4011900e+00  -3.6309500e+07
   6.0269200e+00  -3.9598500e+00   6.2387500e+00   3.4011900e+00   5.6872900e+00   3.4012000e+00  -3.6309500e+07
   6.0268500e+00  -3.9597700e+00   6.2387700e+00   3.4011800e+00   5.6873100e+00   3.4012000e+00  -3.6309500e+07
   6.0269400e+00  -3.9597000e+00   6.2387800e+00   3.4012000e+00   5.6872800e+00   3.4012000e+00  -3.6309500e+07
   6.0268100e+00  -3.9597300e+00   6.2387000e+00   3.4012000e+00   5.6872800e+00   3.4012000e+00  -3.6309500e+07
   6.0269800e+00  -3.9597800e+00   6.2389100e+00   3.4011700e+00   5.6873400e+00   3.4012000e+00  -3.6309500e+07
   6.0267800e+00  -3.9597000e+00   6.2388500e+00   3.4012000e+00   5.6873400e+00   3.4012000e+00  -3.6309500e+07
   6.0268600e+00  -3.9597400e+00   6.2387400e+00   3.4011900e+00   5.6873600e+00   3.4012000e+00  -3.6309500e+07
   6.0268000e+00  -3.9596900e+00   6.2388400e+00   3.4011900e+00   5.6873600e+00   3.4012000e+00  -3.6309500e+07
   6.0268400e+00  -3.9597000e+00   6.2390100e+00   3.4012000e+00   5.6873400e+00   3.4012000e+00  -3.6309500e+07
   6.0266800e+00  -3.9596400e+00   6.2388300e+00   3.4012000e+00   5.6874100e+00   3.4012000e+00  -3.6309500e+07
   6.0267600e+00  -3.9597200e+00   6.2387000e+00   3.4012000e+00   5.6873100e+00   3.4012000e+00  -3.6309500e+07
   6.0269700e+00  -3.9597600e+00   6.2387200e+00   3.4011900e+00   5.6872000e+00   3.4011900e+00  -3.6309500e+07
   6.0269700e+00  -3.9598000e+00   6.2388000e+00   3.4011900e+00   5.6872100e+00   3.4012000e+00  -3.6309500e+07
   6.0268200e+00  -3.9597200e+00   6.2388100e+00   3.4011900e+00   5.6873500e+00   3.4012000e+00  -3.6309500e+07
   6.0267900e+00  -3.9596700e+00   6.2388100e+00   3.4011900e+00   5.6873600e+00   3.4012000e+00  -3.6309500e+07
   6.0269500e+00  -3.9596300e+00   6.2391900e+00   3.4012000e+00   5.6873300e+00   3.4012000e+00  -3.6309500e+07
   6.0269500e+00  -3.9595800e+00   6.2387400e+00   3.4011900e+00   5.6872900e+00   3.4011900e+00  -3.6309500e+07
   6.0268800e+00  -3.9595500e+00   6.2388700e+00   3.4011900e+00   5.6873000e+00   3.4012000e+00  -3.6309500e+07
   6.0266600e+00  -3.9596300e+00   6.2387000e+00   3.4011900e+00   5.6873500e+00   3.4012000e+00  -3.6309500e+07
   6.0270200e+00  -3.9596300e+00   6.2391100e+00   3.4011900e+00   5.6873500e+00   3.4011900e+00  -3.6309500e+07
   6.0267900e+00  -3.9596700e+00   6.2388300e+00   3.4012000e+00   5.6873400e+00   3.4012000e+00  -3.6309500e+07
   6.0269900e+00  -3.9596800e+00   6.2390400e+00   3.4011900e+00   5.6872200e+00   3.4012000e+00  -3.6309500e+07
   6.0267800e+00  -3.9596900e+00   6.2390400e+00   3.4011900e+00   5.6874100e+00   3.4012000e+00  -3.6309500e+07
   6.0267700e+00  -3.9597000e+00   6.2388100e+00   3.4012000e+00   5.6872600e+00   3.4012000e+00  -3.6309500e+07
   6.0268700e+00  -3.9598000e+00   6.2387500e+00   3.4011900e+00   5.6872500e+00   3.4012000e+00  -3.6309500e+07
   6.0271400e+00  -3.9598600e+00   6.2389900e+00   3.4011800e+00   5.6873000e+00   3.4012000e+00  -3.6309500e+07
   6.0269600e+00  -3.9599500e+00   6.2389600e+00   3.4012000e+00   5.6874600e+00   3.4012000e+00  -3.6309500e+07
   6.0268100e+00  -3.9598500e+00   6.2389300e+00   3.4011900e+00   5.6874400e+00   3.4012000e+00  -3.6309500e+07
   6.0268500e+00  -3.9598000e+00   6.2387500e+00   3.4011900e+00   5.6872700e+00   3.4012000e+00  -3.6309500e+07
   6.0268800e+00  -3.9597700e+00   6.2387000e+00   3.4011900e+00   5.6872800e+00   3.4012000e+00  -3.6309500e+07
   6.0268200e+00  -3.9598000e+00   6.2385800e+00   3.4011900e+00   5.6872700e+00   3.4011900e+00  -3.6309500e+07
   6.0268600e+00  -3.9598200e+00   6.2387900e+00   3.4011900e+00   5.6872900e+00   3.4012000e+00  -3.6309500e+07
   6.0269100e+00  -3.9598700e+00   6.2388600e+00   3.4011800e+00   5.6872800e+00   3.4012000e+00  -3.6309500e+07
   6.0269600e+00  -3.9599100e+00   6.2390100e+00   3.4011900e+00   5.6873700e+00   3.4012000e+00  -3.6309500e+07
   6.0270300e+00  -3.9599200e+00   6.2388300e+00   3.4011900e+00   5.6872600e+00   3.4012000e+00  -3.6309500e+07
   6.0270400e+00  -3.9599400e+00   6.2388800e+00   3.4012000e+00   5.6873000e+00   3.4011900e+00  -3.6309500e+07
   6.0272100e+00  -3.9599800e+00   6.2390300e+00   3.4012000e+00   5.6872800e+00   3.4012000e+00  -3.6309500e+07
   6.0269700e+00  -3.9599100e+00   6.2390300e+00   3.4011900e+00   5.6873500e+00   3.4012000e+00  -3.6309500e+07
   6.0268100e+00  -3.9598800e+00   6.2386000e+00   3.4012000e+00   5.6873500e+00   3.4012000e+00  -3.6309500e+07
   6.0268800e+00  -3.9598300e+00   6.2389000e+00   3.4011800e+00   5.6873200e+00   3.4012000e+00  -3.6309500e+07
   6.0268400e+00  -3.9598600e+00   6.2387400e+00   3.4011900e+00   5.6874000e+00   3.4011900e+00  -3.6309500e+07
   6.0270000e+00  -3.9597600e+00   6.2388900e+00   3.4011900e+00   5.6872900e+00   3.4011900e+00  -3.6309500e+07
   6.0268900e+00  -3.9597600e+00   6.2388400e+00   3.4011900e+00   5.6873100e+00   3.4012000e+00  -3.6309500e+07
   6.0267700e+00  -3.9596500e+00   6.2387600e+00   3.4011900e+00   5.6872000e+00   3.4012000e+00  -3.6309500e+07
   6.0268300e+00  -3.9596500e+00   6.2388100e+00   3.4011800e+00   5.6872300e+00   3.4012000e+00  -3.6309500e+07
   6.0267800e+00  -3.9596300e+00   6.2389300e+00   3.4011800e+00   5.6872800e+00   3.4011900e+00  -3.6309500e+07
   6.0267400e+00  -3.9595500e+00   6.2388000e+00   3.4011800e+00   5.6873900e+00   3.4012000e+00  -3.6309500e+07
   6.0267300e+00  -3.9595800e+00   6.2386900e+00   3.4011900e+00   5.6873400e+00   3.4012000e+00  -3.6309500e+07
   6.0268600e+00  -3.9595900e+00   6.2389100e+00   3.4011900e+00   5.6872500e+00   3.4012000e+00  -3.6309500e+07
   6.0267600e+00  -3.9595900e+00   6.2388200e+00   3.4011900e+00   5.6872700e+00   3.4012000e+00  -3.6309500e+07
   6.0268000e+00  -3.9596000e+00   6.2387900e+00   3.4011900e+00   5.6873300e+00   3.4012000e+00  -3.6309500e+07
   6.0267900e+00  -3.9595800e+00   6.2387400e+00   3.4011900e+00   5.6872700e+00   3.4012000e+00  -3.6309500e+07
   6.0266900e+00  -3.9595500e+00   6.2388700e+00   3.4012000e+00   5.6873500e+00   3.4011900e+00  -3.6309500e+07
   6.0268600e+00  -3.9595800e+00   6.2388500e+00   3.4011900e+00   5.6872600e+00   3.4012000e+00  -3.6309500e+07
   6.0266700e+00  -3.9595500e+00   6.2388200e+00   3.4011700e+00   5.6873400e+00   3.4012000e+00  -3.6309500e+07
   6.0267800e+00  -3.9595700e+00   6.2387700e+00   3.4012000e+00   5.6873200e+00   3.4012000e+00  -3.6309500e+07
   6.0269700e+00  -3.9596500e+00   6.2390300e+00   3.4011800e+00   5.6872500e+00   3.4012000e+00  -3.6309500e+07
   6.0267200e+00  -3.9597100e+00   6.2387200e+00   3.4011900e+00   5.6873000e+00   3.4012000e+00  -3.6309500e+07
   6.0267500e+00  -3.9597000e+00   6.2386700e+00   3.4011900e+00   5.6871900e+00   3.4011900e+00  -3.6309500e+07
   6.0270100e+00  -3.9597000e+00   6.2389000e+00   3.4011900e+00   5.6872000e+00   3.4012000e+00  -3.6309500e+07
   6.0269600e+00  -3.9597700e+00   6.2388300e+00   3.4011900e+00   5.6872700e+00   3.4012000e+00  -3.6309500e+07
   6.0270100e+00  -3.9597100e+00   6.2388500e+00   3.4012000e+00   5.6872400e+00   3.4012000e+00  -3.6309500e+07
   6.0267700e+00  -3.9597100e+00   6.2388700e+00   3.4011900e+00   5.6874100e+00   3.4012000e+00  -3.6309500e+07
   6.0269700e+00  -3.9597800e+00   6.2387700e+00   3.4011900e+00   5.6872800e+00   3.4012000e+00  -3.6309500e+07
   6.0268200e+00  -3.9597800e+00   6.2387200e+00   3.4011700e+00   5.6873500e+00   3.4012000e+00  -3.6309500e+07
   6.0269500e+00  -3.9596900e+00   6.2388300e+00   3.4011800e+00   5.6872500e+00   3.4012000e+00  -3.6309500e+07
   6.0268900e+00  -3.9596300e+00   6.2389400e+00   3.4011900e+00   5.6872600e+00   3.4011900e+00  -3.6309500e+07
   6.0270300e+00  -3.9596100e+00   6.2388900e+00   3.4011600e+00   5.6873000e+00   3.4012000e+00  -3.6309500e+07
   6.0268100e+00  -3.9596200e+00   6.2387900e+00   3.4012000e+00   5.6872900e+00   3.4012000e+00  -3.6309500e+07
   6.0268000e+00  -3.9597100e+00   6.2388500e+00   3.4011900e+00   5.6872700e+00   3.4012000e+00  -3.6309500e+07
   6.0268100e+00  -3.9596600e+00   6.2387100e+00   3.4011700e+00   5.6873200e+00   3.4012000e+00  -3.6309500e+07
   6.0269400e+00  -3.9597800e+00   6.2390700e+00   3.4011800e+00   5.6873000e+00   3.4012000e+00  -3.6309500e+07
   6.0268700e+00  -3.9597200e+00   6.2387800e+00   3.4012000e+00   5.6872800e+00   3.4012000e+00  -3.6309500e+07
   6.0269400e+00  -3.9597000e+00   6.2390100e+00   3.4011900e+00   5.6872900e+00   3.4012000e+00  -3.6309500e+07
   6.0269100e+00  -3.9596400e+00   6.2390000e+00   3.4011800e+00   5.6873500e+00   3.4012000e+00  -3.6309500e+07
   6.0268800e+00  -3.9595900e+00   6.2389000e+00   3.4011800e+00   5.6872700e+00   3.4012000e+00  -3.6309500e+07
   6.0267300e+00  -3.9595700e+00   6.2388900e+00   3.4011900e+00   5.6874700e+00   3.4012000e+00  -3.6309500e+07
   6.0268300e+00  -3.9596200e+00   6.2389400e+00   3.4011900e+00   5.6873100e+00   3.4012000e+00  -3.6309500e+07
   6.0267300e+00  -3.9596000e+00   6.2387300e+00   3.4011800e+00   5.6873200e+00   3.4012000e+00  -3.6309500e+07
   6.0267300e+00  -3.9595700e+00   6.2389700e+00   3.4011900e+00   5.6874100e+00   3.4012000e+00  -3.6309500e+07
   6.0268400e+00  -3.9595400e+00   6.2388400e+00   3.4012000e+00   5.6872600e+00   3.4012000e+00  -3.6309500e+07
   6.0267700e+00  -3.9595100e+00   6.2387900e+00   3.4011900e+00   5.6872800e+00   3.4012000e+00  -3.6309500e+07
   6.0267100e+00  -3.9595500e+00   6.2387200e+00   3.4011900e+00   5.6872800e+00   3.4012000e+00  -3.6309500e+07
   6.0267900e+00  -3.9595000e+00   6.2388400e+00   3.4011900e+00   5.6872800e+00   3.4011900e+00  -3.6309500e+07
   6.0268300e+00  -3.9594800e+00   6.2389400e+00   3.4011900e+00   5.6873900e+00   3.4012000e+00  -3.6309500e+07
   6.0265800e+00  -3.9594800e+00   6.2387600e+00   3.4011900e+00   5.6874000e+00   3.4012000e+00  -3.6309500e+07
   6.0266500e+00  -3.9595300e+00   6.2388700e+00   3.4011900e+00   5.6873400e+00   3.4012000e+00  -3.6309500e+07
   6.0268600e+00  -3.9595500e+00   6.2390800e+00   3.4011900e+00   5.6873200e+00   3.4012000e+00  -3.6309500e+07
   6.0268300e+00  -3.9595900e+00   6.2388500e+00   3.4012000e+00   5.6873000e+00   3.4012000e+00  -3.6309500e+07
   6.0268500e+00  -3.9595400e+00   6.2389400e+00   3.4011900e+00   5.6873700e+00   3.4012000e+00  -3.6309500e+07
   6.0265800e+00  -3.9594500e+00   6.2386300e+00   3.4012000e+00   5.6874400e+00   3.4012000e+00  -3.6309500e+07
   6.0267100e+00  -3.9594700e+00   6.2388500e+00   3.4012000e+00   5.6873200e+00   3.4012000e+00  -3.6309500e+07
   6.0270000e+00  -3.9594800e+00   6.2390200e+00   3.4012000e+00   5.6872500e+00   3.4012000e+00  -3.6309500e+07
   6.0268500e+00  -3.9593500e+00   6.2388500e+00   3.4011900e+00   5.6872000e+00   3.4011900e+00  -3.6309500e+07
   6.0266100e+00  -3.9593500e+00   6.2387400e+00   3.4012000e+00   5.6873200e+00   3.4012000e+00  -3.6309500e+07
   6.0266900e+00  -3.9594100e+00   6.2387700e+00   3.4011900e+00   5.6873600e+00   3.4012000e+00  -3.6309500e+07
   6.0268300e+00  -3.9594600e+00   6.2389500e+00   3.4011900e+00   5.6873000e+00   3.4012000e+00  -3.6309500e+07
   6.0268600e+00  -3.9595200e+00   6.2388200e+00   3.4012000e+00   5.6872700e+00   3.4012000e+00  -3.6309500e+07
   6.0267500e+00  -3.9595900e+00   6.2388000e+00   3.4011900e+00   5.6872500e+00   3.4012000e+00  -3.6309500e+07
   6.0269200e+00  -3.9595500e+00   6.2389000e+00   3.4011900e+00   5.6873200e+00   3.4012000e+00  -3.6309500e+07
   6.0267500e+00  -3.9594600e+00   6.2390300e+00   3.4012000e+00   5.6873500e+00   3.4012000e+00  -3.6309500e+07
   6.0267900e+00  -3.9594700e+00   6.2386800e+00   3.4011900e+00   5.6873100e+00   3.4012000e+00  -3.6309500e+07
   6.0268300e+00  -3.9595400e+00   6.2389000e+00   3.4011900e+00   5.6873000e+00   3.4012000e+00  -3.6309500e+07
   6.0269600e+00  -3.9596300e+00   6.2388200e+00   3.4012000e+00   5.6872200e+00   3.4012000e+00  -3.6309500e+07
   6.0267100e+00  -3.9596100e+00   6.2388300e+00   3.4011900e+00   5.6872800e+00   3.4012000e+00  -3.6309500e+07
   6.0270000e+00  -3.9597000e+00   6.2389500e+00   3.4011900e+00   5.6872000e+00   3.4012000e+00  -3.6309500e+07
   6.0269200e+00  -3.9596100e+00   6.2389400e+00   3.4012000e+00   5.6873100e+00   3.4012000e+00  -3.6309500e+07
   6.0269500e+00  -3.9596100e+00   6.2389000e+00   3.4011800e+00   5.6872600e+00   3.4012000e+00  -3.6309500e+07
   6.0268500e+00  -3.9595500e+00   6.2390800e+00   3.4012000e+00   5.6874200e+00   3.4012000e+00  -3.6309500e+07
   6.0267700e+00  -3.9595200e+00   6.2388500e+00   3.4011800e+00   5.6873500e+00   3.4012000e+00  -3.6309500e+07
   6.0268200e+00  -3.9595400e+00   6.2388600e+00   3.4011900e+00   5.6872600e+00   3.4012000e+00  -3.6309500e+07
   6.0267600e+00  -3.9595100e+00   6.2388300e+00   3.4011900e+00   5.6872900e+00   3.4011900e+00  -3.6309500e+07
   6.0268300e+00  -3.9595500e+00   6.2385700e+00   3.4012000e+00   5.6872400e+00   3.4012000e+00  -3.6309500e+07
   6.0266300e+00  -3.9595800e+00   6.2386100e+00   3.4011900e+00   5.6873600e+00   3.4012000e+00  -3.6309500e+07
   6.0268200e+00  -3.9595500e+00   6.2388300e+00   3.4011800e+00   5.6873300e+00   3.4012000e+00  -3.6309500e+07
   6.0268200e+00  -3.9595500e+00   6.2389300e+00   3.4011900e+00   5.6872700e+00   3.4012000e+00  -3.6309500e+07
   6.0267200e+00  -3.9595600e+00   6.2387100e+00   3.4011900e+00   5.6872800e+00   3.4012000e+00  -3.6309500e+07
   6.0267300e+00  -3.9596200e+00   6.2386600e+00   3.4011900e+00   5.6872900e+00   3.4012000e+00  -3.6309500e+07
   6.0269800e+00  -3.9596800e+00   6.2388700e+00   3.4011800e+00   5.6872700e+00   3.4012000e+00  -3.6309500e+07
   6.0267900e+00  -3.9596300e+00   6.2389800e+00   3.4011900e+00   5.6874100e+00   3.4012000e+00  -3.6309500e+07
   6.0268300e+00  -3.9596500e+00   6.2391000e+00   3.4011800e+00   5.6873200e+00   3.4011900e+00  -3.6309500e+07
   6.0268500e+00  -3.9597200e+00   6.2388400e+00   3.4011800e+00   5.6873800e+00   3.4012000e+00  -3.6309500e+07
   6.0268800e+00  -3.9597100e+00   6.2389600e+00   3.4011800e+00   5.6873900e+00   3.4012000e+00  -3.6309500e+07
   6.0270000e+00  -3.9597400e+00   6.2387000e+00   3.4011900e+00   5.6871400e+00   3.4012000e+00  -3.6309500e+07
   6.0270100e+00  -3.9597800e+00   6.2388100e+00   3.4011900e+00   5.6872400e+00   3.4012000e+00  -3.6309500e+07
   6.0270600e+00  -3.9597900e+00   6.2391600e+00   3.4011900e+00   5.6873600e+00   3.4012000e+00  -3.6309500e+07
   6.0268300e+00  -3.9597100e+00   6.2387700e+00   3.4011900e+00   5.6874500e+00   3.4012000e+00  -3.6309500e+07
   6.0268500e+00  -3.9596800e+00   6.2387700e+00   3.4011900e+00   5.6873000e+00   3.4012000e+00  -3.6309500e+07
   6.0268400e+00  -3.9596400e+00   6.2389400e+00   3.4011800e+00   5.6874500e+00   3.4012000e+00  -3.6309500e+07
   6.0267400e+00  -3.9596000e+00   6.2387500e+00   3.4011900e+00   5.6874000e+00   3.4012000e+00  -3.6309500e+07
   6.0267900e+00  -3.9595300e+00   6.2388900e+00   3.4011900e+00   5.6873200e+00   3.4012000e+00  -3.6309500e+07
   6.0267900e+00  -3.9595100e+00   6.2389400e+00   3.4011800e+00   5.6873800e+00   3.4011900e+00  -3.6309500e+07
   6.0267100e+00  -3.9594400e+00   6.2390300e+00   3.4012000e+00   5.6872900e+00   3.4012000e+00  -3.6309500e+07
   6.0269200e+00  -3.9595400e+00   6.2389600e+00   3.4012000e+00   5.6872700e+00   3.4011900e+00  -3.6309500e+07
   6.0269400e+00  -3.9594000e+00   6.2389900e+00   3.4011900e+00   5.6873100e+00   3.4012000e+00  -3.6309500e+07
   6.0268800e+00  -3.9595000e+00   6.2391100e+00   3.4012000e+00   5.6873900e+00   3.4012000e+00  -3.6309500e+07
   6.0269500e+00  -3.9596300e+00   6.2388800e+00   3.4012000e+00   5.6873600e+00   3.4012000e+00  -3.6309500e+07
   6.0268100e+00  -3.9596400e+00   6.2388100e+00   3.4011900e+00   5.6874100e+00   3.4012000e+00  -3.6309500e+07
   6.0268800e+00  -3.9595400e+00   6.2387800e+00   3.4012000e+00   5.6872900e+00   3.4011900e+00  -3.6309500e+07
   6.0268300e+00  -3.9595700e+00   6.2390200e+00   3.4012000e+00   5.6873200e+00   3.4012000e+00  -3.6309500e+07
   6.0267900e+00  -3.9595000e+00   6.2389100e+00   3.4012000e+00   5.6873100e+00   3.4011900e+00  -3.6309500e+07
   6.0268200e+00  -3.9594500e+00   6.2388400e+00   3.4011900e+00   5.6872600e+00   3.4011900e+00  -3.6309500e+07
   6.0267700e+00  -3.9594000e+00   6.2388300e+00   3.4012000e+00   5.6873000e+00   3.4011900e+00  -3.6309500e+07
   6.0267700e+00  -3.9593900e+00   6.2388600e+00   3.4012000e+00   5.6872700e+00   3.4012000e+00  -3.6309500e+07
   6.0266600e+00  -3.9593600e+00   6.2387400e+00   3.4011900e+00   5.6873000e+00   3.4012000e+00  -3.6309500e+07
   6.0267500e+00  -3.9594100e+00   6.2386700e+00   3.4012000e+00   5.6872400e+00   3.4012000e+00  -3.6309500e+07
   6.0267200e+00  -3.9594900e+00   6.2389800e+00   3.4011900e+00   5.6873800e+00   3.4011900e+00  -3.6309500e+07
   6.0268700e+00  -3.9594800e+00   6.2390900e+00   3.4011900e+00   5.6873500e+00   3.4012000e+00  -3.6309500e+07
   6.0266900e+00  -3.9593900e+00   6.2387700e+00   3.4012000e+00   5.6873800e+00   3.4012000e+00  -3.6309500e+07
   6.0267300e+00  -3.9593900e+00   6.2388300e+00   3.4012000e+00   5.6874200e+00   3.4012000e+00  -3.6309500e+07
   6.0268600e+00  -3.9594100e+00   6.2388000e+00   3.4011900e+00   5.6873200e+00   3.4012000e+00  -3.6309500e+07
   6.0266900e+00  -3.9593600e+00   6.2389500e+00   3.4011900e+00   5.6873000e+00   3.4012000e+00  -3.6309500e+07
   6.0267700e+00  -3.9593900e+00   6.2389200e+00   3.4012000e+00   5.6872700e+00   3.4012000e+00  -3.6309500e+07
   6.0268100e+00  -3.9594400e+00   6.2390400e+00   3.4011900e+00   5.6873300e+00   3.4011900e+00  -3.6309500e+07
   6.0266800e+00  -3.9594300e+00   6.2387600e+00   3.4012000e+00   5.6872500e+00   3.4012000e+00  -3.6309500e+07
   6.0266600e+00  -3.9594600e+00   6.2387300e+00   3.4011800e+00   5.6872700e+00   3.4012000e+00  -3.6309500e+07
   6.0267100e+00  -3.9595400e+00   6.2386800e+00   3.4012000e+00   5.6872400e+00   3.4012000e+00  -3.6309500e+07
   6.0269100e+00  -3.9595400e+00   6.2389600e+00   3.4012000e+00   5.6872600e+00   3.4012000e+00  -3.6309500e+07
   6.0268000e+00  -3.9595700e+00   6.2386900e+00   3.4011700e+00   5.6872400e+00   3.4011900e+00  -3.6309500e+07
   6.0268700e+00  -3.9595700e+00   6.2389300e+00   3.4011900e+00   5.6873900e+00   3.4012000e+00  -3.6309500e+07
   6.0269600e+00  -3.9595900e+00   6.2389800e+00   3.4012000e+00   5.6872700e+00   3.4012000e+00  -3.6309500e+07
   6.0267900e+00  -3.9596100e+00   6.2388100e+00   3.4012000e+00   5.6872500e+00   3.4012000e+00  -3.6309500e+07
   6.0269800e+00  -3.9595900e+00   6.2391400e+00   3.4011900e+00   5.6873900e+00   3.4011900e+00  -3.6309500e+07
   6.0267100e+00  -3.9595500e+00   6.2387100e+00   3.4011700e+00   5.6873000e+00   3.4012000e+00  -3.6309500e+07
   6.0268600e+00  -3.9597000e+00   6.2388700e+00   3.4012000e+00   5.6872700e+00   3.4011900e+00  -3.6309500e+07
   6.0269100e+00  -3.9596900e+00   6.2386400e+00   3.4011900e+00   5.6871700e+00   3.4012000e+00  -3.6309500e+07
   6.0269200e+00  -3.9597200e+00   6.2388900e+00   3.4011900e+00   5.6874000e+00   3.4012000e+00  -3.6309500e+07
   6.0268600e+00  -3.9598200e+00   6.2385900e+00   3.4011900e+00   5.6873700e+00   3.4011900e+00  -3.6309500e+07
   6.0269600e+00  -3.9598000e+00   6.2389400e+00   3.4012000e+00   5.6873200e+00   3.4012000e+00  -3.6309500e+07
   6.0268700e+00  -3.9598500e+00   6.2388700e+00   3.4011900e+00   5.6872800e+00   3.4011900e+00  -3.6309500e+07
   6.0270200e+00  -3.9598400e+00   6.2391000e+00   3.4011900e+00   5.6872200e+00   3.4012000e+00  -3.6309500e+07
   6.0269100e+00  -3.9597000e+00   6.2386400e+00   3.4012000e+00   5.6872900e+00   3.4012000e+00  -3.6309500e+07
   6.0269600e+00  -3.9598500e+00   6.2386900e+00   3.4011900e+00   5.6872500e+00   3.4012000e+00  -3.6309500e+07
   6.0269900e+00  -3.9598600e+00   6.2390200e+00   3.4011900e+00   5.6872500e+00   3.4012000e+00  -3.6309500e+07
   6.0270200e+00  -3.9598700e+00   6.2389600e+00   3.4012000e+00   5.6873000e+00   3.4012000e+00  -3.6309500e+07
   6.0270400e+00  -3.9598800e+00   6.2389600e+00   3.4012000e+00   5.6873600e+00   3.4012000e+00  -3.6309500e+07
   6.0270100e+00  -3.9598800e+00   6.2389900e+00   3.4012000e+00   5.6874100e+00   3.4012000e+00  -3.6309500e+07
   6.0267700e+00  -3.9597400e+00   6.2388300e+00   3.4011800e+00   5.6873100e+00   3.4012000e+00  -3.6309500e+07
   6.0269800e+00  -3.9596900e+00   6.2389200e+00   3.4011900e+00   5.6873100e+00   3.4012000e+00  -3.6309500e+07
   6.0268700e+00  -3.9595900e+00   6.2389200e+00   3.4011900e+00   5.6873000e+00   3.4011900e+00  -3.6309500e+07
   6.0267300e+00  -3.9596500e+00   6.2386500e+00   3.4011800e+00   5.6872700e+00   3.4012000e+00  -3.6309500e+07
   6.0267800e+00  -3.9596300e+00   6.2389000e+00   3.4011900e+00   5.6873000e+00   3.4012000e+00  -3.6309500e+07
   6.0266900e+00  -3.9595400e+00   6.2388100e+00   3.4011900e+00   5.6872600e+00   3.4012000e+00  -3.6309500e+07
   6.0267600e+00  -3.9595700e+00   6.2389200e+00   3.4011900e+00   5.6873300e+00   3.4012000e+00  -3.6309500e+07
   6.0267100e+00  -3.9595800e+00   6.2386200e+00   3.4011900e+00   5.6873000e+00   3.4012000e+00  -3.6309500e+07
   6.0269500e+00  -3.9595500e+00   6.2389700e+00   3.4011900e+00   5.6871900e+00   3.4012000e+00  -3.6309500e+07
   6.0267700e+00  -3.9597100e+00   6.2388000e+00   3.4012000e+00   5.6873400e+00   3.4012000e+00  -3.6309500e+07
   6.0268100e+00  -3.9596600e+00   6.2388500e+00   3.4011900e+00   5.6873200e+00   3.4012000e+00  -3.6309500e+07
   6.0268500e+00  -3.9596600e+00   6.2387800e+00   3.4011900e+00   5.6872300e+00   3.4012000e+00  -3.6309500e+07
   6.0269600e+00  -3.9596200e+00   6.2387200e+00   3.4011900e+00   5.6872500e+00   3.4012000e+00  -3.6309500e+07
   6.0266800e+00  -3.9596100e+00   6.2387200e+00   3.4012000e+00   5.6873300e+00   3.4012000e+00  -3.6309500e+07
   6.0269000e+00  -3.9596000e+00   6.2388800e+00   3.4011900e+00   5.6872500e+00   3.4012000e+00  -3.6309500e+07
   6.0268500e+00  -3.9595800e+00   6.2387800e+00   3.4012000e+00   5.6872600e+00   3.4012000e+00  -3.6309500e+07
   6.0269000e+00  -3.9595700e+00   6.2390300e+00   3.4011900e+00   5.6873900e+00   3.4012000e+00  -3.6309500e+07
   6.0269100e+00  -3.9595900e+00   6.2389600e+00   3.4012000e+00   5.6872600e+00   3.4012000e+00  -3.6309500e+07
   6.0269000e+00  -3.9597000e+00   6.2387400e+00   3.4012000e+00   5.6872800e+00   3.4012000e+00  -3.6309500e+07
   6.0268600e+00  -3.9597300e+00   6.2387100e+00   3.4011900e+00   5.6872100e+00   3.4012000e+00  -3.6309500e+07
   6.0268200e+00  -3.9597100e+00   6.2388100e+00   3.4011900e+00   5.6873800e+00   3.4012000e+00  -3.6309500e+07
   6.0268700e+00  -3.9597000e+00   6.2387500e+00   3.4011900e+00   5.6872800e+00   3.4012000e+00  -3.6309500e+07
   6.0270100e+00  -3.9597000e+00   6.2389500e+00   3.4011900e+00   5.6872300e+00   3.4012000e+00  -3.6309500e+07
   6.0267800e+00  -3.9597100e+00   6.2389700e+00   3.4011800e+00   5.6874000e+00   3.4012000e+00  -3.6309500e+07
   6.0268800e+00  -3.9596300e+00   6.2388000e+00   3.4012000e+00   5.6872600e+00   3.4012000e+00  -3.6309500e+07
   6.0269300e+00  -3.9596000e+00   6.2389500e+00   3.4011900e+00   5.6873200e+00   3.4012000e+00  -3.6309500e+07
   6.0269600e+00  -3.9596500e+00   6.2390100e+00   3.4011900e+00   5.6874100e+00   3.4012000e+00  -3.6309500e+07
   6.0268500e+00  -3.9597500e+00   6.2389100e+00   3.4011900e+00   5.6873400e+00   3.4012000e+00  -3.6309500e+07
   6.0270200e+00  -3.9598100e+00   6.2390000e+00   3.4011900e+00   5.6872600e+00   3.4012000e+00  -3.6309500e+07
   6.0269400e+00  -3.9597700e+00   6.2388000e+00   3.4011900e+00   5.6873000e+00   3.4012000e+00  -3.6309500e+07
   6.0269400e+00  -3.9597500e+00   6.2390900e+00   3.4012000e+00   5.6872400e+00   3.4012000e+00  -3.6309500e+07
   6.0268100e+00  -3.9597000e+00   6.2386100e+00   3.4011900e+00   5.6872400e+00   3.4012000e+00  -3.6309500e+07
   6.0268400e+00  -3.9595800e+00   6.2388400e+00   3.4011900e+00   5.6873000e+00   3.4012000e+00  -3.6309500e+07
   6.0267100e+00  -3.9595900e+00   6.2387200e+00   3.4011900e+00   5.6872800e+00   3.4012000e+00  -3.6309500e+07
   6.0267200e+00  -3.9595800e+00   6.2387600e+00   3.4011900e+00   5.6872900e+00   3.4012000e+00  -3.6309500e+07
   6.0269100e+00  -3.9596800e+00   6.2389300e+00   3.4011800e+00   5.6874000e+00   3.4011900e+00  -3.6309500e+07
   6.0267900e+00  -3.9596700e+00   6.2388800e+00   3.4011900e+00   5.6873200e+00   3.4011900e+00  -3.6309500e+07
   6.0269100e+00  -3.9595100e+00   6.2389300e+00   3.4012000e+00   5.6872600e+00   3.4012000e+00  -3.6309500e+07
   6.0268700e+00  -3.9596400e+00   6.2389200e+00   3.4012000e+00   5.6873600e+00   3.4012000e+00  -3.6309500e+07
   6.0268200e+00  -3.9596000e+00   6.2387200e+00   3.4012000e+00   5.6873100e+00   3.4012000e+00  -3.6309500e+07
   6.0268000e+00  -3.9596200e+00   6.2387800e+00   3.4011900e+00   5.6872800e+00   3.4012000e+00  -3.6309500e+07
   6.0268100e+00  -3.9597000e+00   6.2388300e+00   3.4012000e+00   5.6872900e+00   3.4012000e+00  -3.6309500e+07
   6.0266600e+00  -3.9597400e+00   6.2386900e+00   3.4011900e+00   5.6872900e+00   3.4012000e+00  -3.6309500e+07
   6.0271400e+00  -3.9597600e+00   6.2389200e+00   3.4011900e+00   5.6871800e+00   3.4012000e+00  -3.6309500e+07
   6.0271300e+00  -3.9597600e+00   6.2389200e+00   3.4012000e+00   5.6872600e+00   3.4012000e+00  -3.6309500e+07
   6.0269200e+00  -3.9597600e+00   6.2387600e+00   3.4011900e+00   5.6873500e+00   3.4012000e+00  -3.6309500e+07
   6.0269700e+00  -3.9598400e+00   6.2388700e+00   3.4011900e+00   5.6873700e+00   3.4012000e+00  -3.6309500e+07
   6.0269300e+00  -3.9599400e+00   6.2387800e+00   3.4011900e+00   5.6873600e+00   3.4012000e+00  -3.6309500e+07
   6.0270400e+00  -3.9598800e+00   6.2388400e+00   3.4011800e+00   5.6872000e+00   3.4012000e+00  -3.6309500e+07
   6.0268100e+00  -3.9597600e+00   6.2388600e+00   3.4012000e+00   5.6873500e+00   3.4011900e+00  -3.6309500e+07
   6.0269400e+00  -3.9598900e+00   6.2388100e+00   3.4011800e+00   5.6874100e+00   3.4012000e+00  -3.6309500e+07
   6.0269200e+00  -3.9597700e+00   6.2389500e+00   3.4011900e+00   5.6872600e+00   3.4012000e+00  -3.6309500e+07
   6.0268800e+00  -3.9597800e+00   6.2386700e+00   3.4012000e+00   5.6872700e+00   3.4012000e+00  -3.6309500e+07
   6.0268700e+00  -3.9596800e+00   6.2390200e+00   3.4012000e+00   5.6873600e+00   3.4012000e+00  -3.6309500e+07
   6.0268100e+00  -3.9596700e+00   6.2389000e+00   3.4012000e+00   5.6873000e+00   3.4012000e+00  -3.6309500e+07
   6.0268800e+00  -3.9597500e+00   6.2389100e+00   3.4011900e+00   5.6873400e+00   3.4011900e+00  -3.6309500e+07
   6.0269100e+00  -3.9596400e+00   6.2388500e+00   3.4011900e+00   5.6872400e+00   3.4012000e+00  -3.6309500e+07
   6.0269400e+00  -3.9595600e+00   6.2389300e+00   3.4011900e+00   5.6873100e+00   3.4012000e+00  -3.6309500e+07
   6.0269300e+00  -3.9595400e+00   6.2388300e+00   3.4012000e+00   5.6872700e+00   3.4012000e+00  -3.6309500e+07
   6.0268600e+00  -3.9595000e+00   6.2388800e+00   3.4011800e+00   5.6872800e+00   3.4012000e+00  -3.6309500e+07
   6.0268100e+00  -3.9594300e+00   6.2391700e+00   3.4011900e+00   5.6874400e+00   3.4012000e+00  -3.6309500e+07
   6.0268300e+00  -3.9595500e+00   6.2390300e+00   3.4011900e+00   5.6874000e+00   3.4012000e+00  -3.6309500e+07
   6.0268600e+00  -3.9594000e+00   6.2390100e+00   3.4012000e+00   5.6872800e+00   3.4012000e+00  -3.6309500e+07
   6.0265400e+00  -3.9594300e+00   6.2387200e+00   3.4011900e+00   5.6873100e+00   3.4012000e+00  -3.6309500e+07
   6.0268300e+00  -3.9594700e+00   6.2389300e+00   3.4011900e+00   5.6872700e+00   3.4012000e+00  -3.6309500e+07
   6.0266500e+00  -3.9595500e+00   6.2385900e+00   3.4011900e+00   5.6872800e+00   3.4011900e+00  -3.6309500e+07
   6.0269200e+00  -3.9595600e+00   6.2389700e+00   3.4011900e+00   5.6873300e+00   3.4012000e+00  -3.6309500e+07
   6.0268200e+00  -3.9596300e+00   6.2387400e+00   3.4011900e+00   5.6872200e+00   3.4012000e+00  -3.6309500e+07
   6.0268100e+00  -3.9595800e+00   6.2389400e+00   3.4011900e+00   5.6872900e+00   3.4012000e+00  -3.6309500e+07
   6.0268600e+00  -3.9595400e+00   6.2389800e+00   3.4011900e+00   5.6873500e+00   3.4012000e+00  -3.6309500e+07
   6.0267700e+00  -3.9595800e+00   6.2387600e+00   3.4011900e+00   5.6873500e+00   3.4012000e+00  -3.6309500e+07
   6.0268300e+00  -3.9595200e+00   6.2388900e+00   3.4011900e+00   5.6872800e+00   3.4012000e+00  -3.6309500e+07
   6.0268700e+00  -3.9594900e+00   6.2388600e+00   3.4012000e+00   5.6872500e+00   3.4012000e+00  -3.6309500e+07
   6.0266700e+00  -3.9594400e+00   6.2389200e+00   3.4011900e+00   5.6873900e+00   3.4012000e+00  -3.6309500e+07
   6.0267100e+00  -3.9594500e+00   6.2389400e+00   3.4012000e+00   5.6874200e+00   3.4012000e+00  -3.6309500e+07
   6.0267600e+00  -3.9594100e+00   6.2390100e+00   3.4011900e+00   5.6874000e+00   3.4012000e+00  -3.6309500e+07
   6.0267200e+00  -3.9593400e+00   6.2390400e+00   3.4012000e+00   5.6873900e+00   3.4012000e+00  -3.6309500e+07
   6.0267600e+00  -3.9592800e+00   6.2389600e+00   3.4011900e+00   5.6873600e+00   3.4012000e+00  -3.6309500e+07
   6.0268800e+00  -3.9592800e+00   6.2390700e+00   3.4011900e+00   5.6873100e+00   3.4012000e+00  -3.6309500e+07
   6.0266100e+00  -3.9592000e+00   6.2388900e+00   3.4012000e+00   5.6873400e+00   3.4012000e+00  -3.6309500e+07
   6.0266600e+00  -3.9591500e+00   6.2388700e+00   3.4011900e+00   5.6873400e+00   3.4011900e+00  -3.6309500e+07
   6.0267600e+00  -3.9591200e+00   6.2388800e+00   3.4012000e+00   5.6872100e+00   3.4012000e+00  -3.6309500e+07
   6.0268700e+00  -3.9591900e+00   6.2388200e+00   3.4011900e+00   5.6871700e+00   3.4012000e+00  -3.6309500e+07
   6.0267100e+00  -3.9591600e+00   6.2388300e+00   3.4011900e+00   5.6872700e+00   3.4012000e+00  -3.6309500e+07
   6.0266600e+00  -3.9591200e+00   6.2387300e+00   3.4011900e+00   5.6872600e+00   3.4012000e+00  -3.6309500e+07
   6.0266400e+00  -3.9591000e+00   6.2390200e+00   3.4011700e+00   5.6873200e+00   3.4012000e+00  -3.6309500e+07
   6.0267100e+00  -3.9591100e+00   6.2387900e+00   3.4011900e+00   5.6872400e+00   3.4011900e+00  -3.6309500e+07
   6.0264500e+00  -3.9590900e+00   6.2387500e+00   3.4012000e+00   5.6873700e+00   3.4012000e+00  -3.6309500e+07
   6.0264800e+00  -3.9591100e+00   6.2388500e+00   3.4012000e+00   5.6873200e+00   3.4012000e+00  -3.6309500e+07
   6.0265700e+00  -3.9591200e+00   6.2386500e+00   3.4012000e+00   5.6872800e+00   3.4012000e+00  -3.6309500e+07
   6.0265500e+00  -3.9590600e+00   6.2388300e+00   3.4012000e+00   5.6873500e+00   3.4012000e+00  -3.6309500e+07
   6.0265600e+00  -3.9590200e+00   6.2389000e+00   3.4012000e+00   5.6873500e+00   3.4012000e+00  -3.6309500e+07
   6.0265100e+00  -3.9590700e+00   6.2388000e+00   3.4011800e+00   5.6873700e+00   3.4012000e+00  -3.6309500e+07
   6.0267500e+00  -3.9591100e+00   6.2387900e+00   3.4011900e+00   5.6872500e+00   3.4012000e+00  -3.6309500e+07
   6.0266000e+00  -3.9591800e+00   6.2390400e+00   3.4012000e+00   5.6873300e+00   3.4012000e+00  -3.6309500e+07
   6.0265800e+00  -3.9592100e+00   6.2388600e+00   3.4011900e+00   5.6872700e+00   3.4012000e+00  -3.6309500e+07
   6.0266900e+00  -3.9593000e+00   6.2387200e+00   3.4012000e+00   5.6872400e+00   3.4012000e+00  -3.6309500e+07
   6.0266600e+00  -3.9593400e+00   6.2388700e+00   3.4011900e+00   5.6873600e+00   3.4012000e+00  -3.6309500e+07
   6.0266400e+00  -3.9592500e+00   6.2390800e+00   3.4011900e+00   5.6873500e+00   3.4012000e+00  -3.6309500e+07
   6.0267300e+00  -3.9593100e+00   6.2387500e+00   3.4012000e+00   5.6872500e+00   3.4012000e+00  -3.6309500e+07
   6.0267300e+00  -3.9593200e+00   6.2390300e+00   3.4011900e+00   5.6873200e+00   3.4011900e+00  -3.6309500e+07
   6.0267200e+00  -3.9593100e+00   6.2390000e+00   3.4012000e+00   5.6874000e+00   3.4012000e+00  -3.6309500e+07
   6.0267800e+00  -3.9593600e+00   6.2388900e+00   3.4011900e+00   5.6872800e+00   3.4012000e+00  -3.6309500e+07
   6.0266700e+00  -3.9593100e+00   6.2389400e+00   3.4012000e+00   5.6873200e+00   3.4012000e+00  -3.6309500e+07
   6.0266100e+00  -3.9593100e+00   6.2389100e+00   3.4011900e+00   5.6871900e+00   3.4012000e+00  -3.6309500e+07
   6.0267800e+00  -3.9592800e+00   6.2387900e+00   3.4012000e+00   5.6872700e+00   3.4012000e+00  -3.6309500e+07
   6.0266800e+00  -3.9592800e+00   6.2390700e+00   3.4011900e+00   5.6873700e+00   3.4012000e+00  -3.6309500e+07
   6.0266500e+00  -3.9592900e+00   6.2390400e+00   3.4011900e+00   5.6873300e+00   3.4012000e+00  -3.6309500e+07
   6.0267700e+00  -3.9593000e+00   6.2391500e+00   3.4011900e+00   5.6873000e+00   3.4012000e+00  -3.6309500e+07
   6.0266400e+00  -3.9592800e+00   6.2387000e+00   3.4011900e+00   5.6872900e+00   3.4012000e+00  -3.6309500e+07
   6.0267500e+00  -3.9592500e+00   6.2388700e+00   3.4011900e+00   5.6872400e+00   3.4012000e+00  -3.6309500e+07
   6.0263900e+00  -3.9592700e+00   6.2387700e+00   3.4011900e+00   5.6873400e+00   3.4012000e+00  -3.6309500e+07
   6.0267200e+00  -3.9593000e+00   6.2390300e+00   3.4012000e+00   5.6873000e+00   3.4012000e+00  -3.6309500e+07
   6.0265400e+00  -3.9593500e+00   6.2385000e+00   3.4012000e+00   5.6873500e+00   3.4012000e+00  -3.6309500e+07
   6.0266800e+00  -3.9593500e+00   6.2388600e+00   3.4011900e+00   5.6873800e+00   3.4012000e+00  -3.6309500e+07
   6.0266800e+00  -3.9594400e+00   6.2386600e+00   3.4011900e+00   5.6872300e+00   3.4012000e+00  -3.6309500e+07
   6.0268800e+00  -3.9594800e+00   6.2389100e+00   3.4012000e+00   5.6872600e+00   3.4011900e+00  -3.6309500e+07
   6.0266600e+00  -3.9595300e+00   6.2386900e+00   3.4011900e+00   5.6873300e+00   3.4012000e+00  -3.6309500e+07
   6.0268200e+00  -3.9596300e+00   6.2389000e+00   3.4011900e+00   5.6872900e+00   3.4012000e+00  -3.6309500e+07
   6.0267600e+00  -3.9596300e+00   6.2387700e+00   3.4011900e+00   5.6872800e+00   3.4012000e+00  -3.6309500e+07
   6.0269600e+00  -3.9597200e+00   6.2389000e+00   3.4011900e+00   5.6872900e+00   3.4012000e+00  -3.6309500e+07
   6.0267600e+00  -3.9597200e+00   6.2385500e+00   3.4011800e+00   5.6873000e+00   3.4012000e+00  -3.6309500e+07
   6.0271800e+00  -3.9597300e+00   6.2390500e+00   3.4012000e+00   5.6872800e+00   3.4012000e+00  -3.6309500e+07
   6.0268400e+00  -3.9596200e+00   6.2387900e+00   3.4011900e+00   5.6872900e+00   3.4012000e+00  -3.6309500e+07
   6.0267800e+00  -3.9595700e+00   6.2389600e+00   3.4011900e+00   5.6872900e+00   3.4012000e+00  -3.6309500e+07
   6.0268400e+00  -3.9595100e+00   6.2390000e+00   3.4012000e+00   5.6874100e+00   3.4012000e+00  -3.6309500e+07
   6.0268300e+00  -3.9595100e+00   6.2388700e+00   3.4011900e+00   5.6873000e+00   3.4012000e+00  -3.6309500e+07
   6.0269100e+00  -3.9594300e+00   6.2388900e+00   3.4011900e+00   5.6872800e+00   3.4011900e+00  -3.6309500e+07
   6.0266800e+00  -3.9595100e+00   6.2388100e+00   3.4012000e+00   5.6872900e+00   3.4012000e+00  -3.6309500e+07
   6.0267700e+00  -3.9596000e+00   6.2388200e+00   3.4011900e+00   5.6873200e+00   3.4012000e+00  -3.6309500e+07
   6.0269100e+00  -3.9594600e+00   6.2389700e+00   3.4011900e+00   5.6873200e+00   3.4012000e+00  -3.6309500e+07
   6.0268100e+00  -3.9593800e+00   6.2388600e+00   3.4011900e+00   5.6872400e+00   3.4012000e+00  -3.6309500e+07
   6.0267200e+00  -3.9594100e+00   6.2390500e+00   3.4012000e+00   5.6874100e+00   3.4012000e+00  -3.6309500e+07
   6.0267600e+00  -3.9594100e+00   6.2390100e+00   3.4011900e+00   5.6872500e+00   3.4012000e+00  -3.6309500e+07
   6.0267300e+00  -3.9593900e+00   6.2388200e+00   3.4011900e+00   5.6873400e+00   3.4012000e+00  -3.6309500e+07
   6.0266700e+00  -3.9594700e+00   6.2386400e+00   3.4011900e+00   5.6871900e+00   3.4012000e+00  -3.6309500e+07
   6.0267100e+00  -3.9594400e+00   6.2387300e+00   3.4011900e+00   5.6872400e+00   3.4012000e+00  -3.6309500e+07
   6.0267600e+00  -3.9593300e+00   6.2390500e+00   3.4012000e+00   5.6873300e+00   3.4012000e+00  -3.6309500e+07
   6.0265500e+00  -3.9592100e+00   6.2387900e+00   3.4011900e+00   5.6873600e+00   3.4012000e+00  -3.6309500e+07
   6.0267700e+00  -3.9593000e+00   6.2390900e+00   3.4012000e+00   5.6872600e+00   3.4012000e+00  -3.6309500e+07
   6.0267700e+00  -3.9593400e+00   6.2388200e+00   3.4011900e+00   5.6872900e+00   3.4012000e+00  -3.6309500e+07
   6.0266900e+00  -3.9593700e+00   6.2389000e+00   3.4011900e+00   5.6872900e+00   3.4011900e+00  -3.6309500e+07
   6.0268400e+00  -3.9594900e+00   6.2389300e+00   3.4011800e+00   5.6873200e+00   3.4012000e+00  -3.6309500e+07
   6.0268300e+00  -3.9594400e+00   6.2390000e+00   3.4012000e+00   5.6873500e+00   3.4012000e+00  -3.6309500e+07
   6.0269400e+00  -3.9594700e+00   6.2390200e+00   3.4011800e+00   5.6872400e+00   3.4012000e+00  -3.6309500e+07
   6.0267900e+00  -3.9594900e+00   6.2388200e+00   3.4012000e+00   5.6873700e+00   3.4012000e+00  -3.6309500e+07
   6.0268100e+00  -3.9595600e+00   6.2387800e+00   3.4011800e+00   5.6872700e+00   3.4012000e+00  -3.6309500e+07
   6.0266800e+00  -3.9596200e+00   6.2388900e+00   3.4011900e+00   5.6873400e+00   3.4012000e+00  -3.6309500e+07
   6.0269600e+00  -3.9597400e+00   6.2391800e+00   3.4011900e+00   5.6873400e+00   3.4012000e+00  -3.6309500e+07
   6.0268300e+00  -3.9596900e+00   6.2386700e+00   3.4011900e+00   5.6872600e+00   3.4012000e+00  -3.6309500e+07
   6.0268800e+00  -3.9597600e+00   6.2389200e+00   3.4011900e+00   5.6872800e+00   3.4012000e+00  -3.6309500e+07
   6.0269500e+00  -3.9598200e+00   6.2388000e+00   3.4011900e+00   5.6872200e+00   3.4012000e+00  -3.6309500e+07
   6.0269000e+00  -3.9598100e+00   6.2391000e+00   3.4011900e+00   5.6873700e+00   3.4012000e+00  -3.6309500e+07
   6.0270100e+00  -3.9598500e+00   6.2390500e+00   3.4011900e+00   5.6873000e+00   3.4011900e+00  -3.6309500e+07
   6.0270900e+00  -3.9599400e+00   6.2389900e+00   3.4011900e+00   5.6872400e+00   3.4012000e+00  -3.6309500e+07
   6.0272400e+00  -3.9600200e+00   6.2389400e+00   3.4011900e+00   5.6872700e+00   3.4012000e+00  -3.6309500e+07
   6.0270500e+00  -3.9600100e+00   6.2387600e+00   3.4011900e+00   5.6872600e+00   3.4012000e+00  -3.6309500e+07
   6.0270000e+00  -3.9598500e+00   6.2390600e+00   3.4012000e+00   5.6873100e+00   3.4012000e+00  -3.6309500e+07
   6.0268500e+00  -3.9597800e+00   6.2385800e+00   3.4011900e+00   5.6872400e+00   3.4012000e+00  -3.6309500e+07
   6.0269900e+00  -3.9596800e+00   6.2391300e+00   3.4011900e+00   5.6873500e+00   3.4012000e+00  -3.6309500e+07
   6.0269900e+00  -3.9596100e+00   6.2387700e+00   3.4011900e+00   5.6871500e+00   3.4012000e+00  -3.6309500e+07
   6.0268900e+00  -3.9597000e+00   6.2388600e+00   3.4012000e+00   5.6873800e+00   3.4012000e+00  -3.6309500e+07
   6.0267400e+00  -3.9597500e+00   6.2387100e+00   3.4011700e+00   5.6872400e+00   3.4012000e+00  -3.6309500e+07
   6.0269900e+00  -3.9599000e+00   6.2387500e+00   3.4011900e+00   5.6872000e+00   3.4011900e+00  -3.6309500e+07
   6.0268600e+00  -3.9598900e+00   6.2388400e+00   3.4011900e+00   5.6873800e+00   3.4012000e+00  -3.6309500e+07
   6.0269100e+00  -3.9598200e+00   6.2387800e+00   3.4011900e+00   5.6873800e+00   3.4012000e+00  -3.6309500e+07
   6.0269800e+00  -3.9598000e+00   6.2387300e+00   3.4011900e+00   5.6872800e+00   3.4011900e+00  -3.6309500e+07
   6.0269100e+00  -3.9598300e+00   6.2386700e+00   3.4011900e+00   5.6872600e+00   3.4012000e+00  -3.6309500e+07
   6.0267900e+00  -3.9599100e+00   6.2386200e+00   3.4012000e+00   5.6873800e+00   3.4012000e+00  -3.6309500e+07
   6.0268200e+00  -3.9598800e+00   6.2388700e+00   3.4011800e+00   5.6873600e+00   3.4012000e+00  -3.6309500e+07
   6.0269900e+00  -3.9599100e+00   6.2389400e+00   3.4011900e+00   5.6872500e+00   3.4012000e+00  -3.6309500e+07
   6.0269300e+00  -3.9598700e+00   6.2389400e+00   3.4011900e+00   5.6873700e+00   3.4012000e+00  -3.6309500e+07
   6.0269900e+00  -3.9598800e+00   6.2389600e+00   3.4011900e+00   5.6872900e+00   3.4012000e+00  -3.6309500e+07
   6.0268200e+00  -3.9598400e+00   6.2386200e+00   3.4012000e+00   5.6872800e+00   3.4012000e+00  -3.6309500e+07
   6.0270000e+00  -3.9599200e+00   6.2387800e+00   3.4012000e+00   5.6872700e+00   3.4012000e+00  -3.6309500e+07
   6.0267700e+00  -3.9598300e+00   6.2387300e+00   3.4011900e+00   5.6873500e+00   3.4012000e+00  -3.6309500e+07
   6.0268500e+00  -3.9597200e+00   6.2387000e+00   3.4011800e+00   5.6872600e+00   3.4012000e+00  -3.6309500e+07
   6.0267700e+00  -3.9596700e+00   6.2388800e+00   3.4011900e+00   5.6873000e+00   3.4012000e+00  -3.6309500e+07
   6.0268800e+00  -3.9596900e+00   6.2386200e+00   3.4011900e+00   5.6872300e+00   3.4012000e+00  -3.6309500e+07
   6.0267700e+00  -3.9597600e+00   6.2388800e+00   3.4012000e+00   5.6873300e+00   3.4011900e+00  -3.6309500e+07
   6.0270700e+00  -3.9596900e+00   6.2390100e+00   3.4012000e+00   5.6872500e+00   3.4012000e+00  -3.6309500e+07
   6.0267900e+00  -3.9596900e+00   6.2387400e+00   3.4011900e+00   5.6873300e+00   3.4012000e+00  -3.6309500e+07
   6.0268700e+00  -3.9596700e+00   6.2387700e+00   3.4012000e+00   5.6873800e+00   3.4011900e+00  -3.6309500e+07
   6.0268800e+00  -3.9595200e+00   6.2390600e+00   3.4011900e+00   5.6873100e+00   3.4012000e+00  -3.6309500e+07
   6.0266500e+00  -3.9595600e+00   6.2387100e+00   3.4011900e+00   5.6874200e+00   3.4012000e+00  -3.6309500e+07
   6.0267300e+00  -3.9595300e+00   6.2387200e+00   3.4011900e+00   5.6873200e+00   3.4012000e+00  -3.6309500e+07
   6.0267200e+00  -3.9595800e+00   6.2389800e+00   3.4011900e+00   5.6874000e+00   3.4012000e+00  -3.6309500e+07
   6.0268400e+00  -3.9596100e+00   6.2388200e+00   3.4011900e+00   5.6872200e+00   3.4012000e+00  -3.6309500e+07
   6.0267300e+00  -3.9595800e+00   6.2387500e+00   3.4011900e+00   5.6872800e+00   3.4012000e+00  -3.6309500e+07
   6.0267000e+00  -3.9596100e+00   6.2389600e+00   3.4011800e+00   5.6874400e+00   3.4011900e+00  -3.6309500e+07
   6.0267600e+00  -3.9594900e+00   6.2387200e+00   3.4011800e+00   5.6872800e+00   3.4012000e+00  -3.6309500e+07
