   6.0224300e+00  -3.9497100e+00   6.2392100e+00   3.4012000e+00   5.6873400e+00   3.4012000e+00  -2.9047900e+07
   6.0224100e+00  -3.9497300e+00   6.2393000e+00   3.4011900e+00   5.6873300e+00   3.4011900e+00  -2.9047900e+07
   6.0222100e+00  -3.9497000e+00   6.2390300e+00   3.4012000e+00   5.6873300e+00   3.4012000e+00  -2.9047900e+07
   6.0222200e+00  -3.9497600e+00   6.2389900e+00   3.4012000e+00   5.6873300e+00   3.4012000e+00  -2.9047900e+07
   6.0223100e+00  -3.9498300e+00   6.2390500e+00   3.4011900e+00   5.6873400e+00   3.4012000e+00  -2.9047800e+07
   6.0221100e+00  -3.9497200e+00   6.2390800e+00   3.4012000e+00   5.6873300e+00   3.4011900e+00  -2.9047900e+07
   6.0223000e+00  -3.9497200e+00   6.2390600e+00   3.4012000e+00   5.6873300e+00   3.4011900e+00  -2.9047900e+07
   6.0222200e+00  -3.9497800e+00   6.2389800e+00   3.4011900e+00   5.6873300e+00   3.4012000e+00  -2.9047900e+07
   6.0224300e+00  -3.9498300e+00   6.2392800e+00   3.4011900e+00   5.6873300e+00   3.4011900e+00  -2.9047900e+07
   6.0225200e+00  -3.9498900e+00   6.2391400e+00   3.4011900e+00   5.6873200e+00   3.4012000e+00  -2.9047800e+07
   6.0223600e+00  -3.9498500e+00   6.2390400e+00   3.4011800e+00   5.6873000e+00   3.4012000e+00  -2.9047900e+07
   6.0224700e+00  -3.9500200e+00   6.2392600e+00   3.4011900e+00   5.6872900e+00   3.4012000e+00  -2.9047800e+07
   6.0224400e+00  -3.9499800e+00   6.2391600e+00   3.4011900e+00   5.6872900e+00   3.4012000e+00  -2.9047800e+07
   6.0224400e+00  -3.9501600e+00   6.2390100e+00   3.4011800e+00   5.6872800e+00   3.4012000e+00  -2.9047800e+07
   6.0224900e+00  -3.9501000e+00   6.2390800e+00   3.4011800e+00   5.6872800e+00   3.4012000e+00  -2.9047800e+07
   6.0227100e+00  -3.9502300e+00   6.2393000e+00   3.4011800e+00   5.6873000e+00   3.4011900e+00  -2.9047800e+07
   6.0227200e+00  -3.9502000e+00   6.2392100e+00   3.4011900e+00   5.6872900e+00   3.4012000e+00  -2.9047800e+07
   6.0225600e+00  -3.9503700e+00   6.2391000e+00   3.4011900e+00   5.6873000e+00   3.4012000e+00  -2.9047800e+07
   6.0225800e+00  -3.9502800e+00   6.2392500e+00   3.4011900e+00   5.6873000e+00   3.4012000e+00  -2.9047800e+07
   6.0225800e+00  -3.9504300e+00   6.2389300e+00   3.4011900e+00   5.6873100e+00   3.4011900e+00  -2.9047800e+07
   6.0222400e+00  -3.9503600e+00   6.2389000e+00   3.4011900e+00   5.6873200e+00   3.4012000e+00  -2.9047800e+07
   6.0226000e+00  -3.9503800e+00   6.2391400e+00   3.4011900e+00   5.6873000e+00   3.4012000e+00  -2.9047800e+07
   6.0224800e+00  -3.9502900e+00   6.2388500e+00   3.4011800e+00   5.6873000e+00   3.4012000e+00  -2.9047800e+07
   6.0225900e+00  -3.9502500e+00   6.2392400e+00   3.4011800e+00   5.6873000e+00   3.4012000e+00  -2.9047800e+07
   6.0226400e+00  -3.9501500e+00   6.2392800e+00   3.4011900e+00   5.6873000e+00   3.4011900e+00  -2.9047800e+07
   6.0224100e+00  -3.9500900e+00   6.2389600e+00   3.4011900e+00   5.6873000e+00   3.4011900e+00  -2.9047800e+07
   6.0224900e+00  -3.9500900e+00   6.2392200e+00   3.4012000e+00   5.6873100e+00   3.4012000e+00  -2.9047800e+07
   6.0225900e+00  -3.9502100e+00   6.2392200e+00   3.4011900e+00   5.6873100e+00   3.4012000e+00  -2.9047800e+07
   6.0225300e+00  -3.9502000e+00   6.2391000e+00   3.4012000e+00   5.6873000e+00   3.4011900e+00  -2.9047800e+07
   6.0227300e+00  -3.9501900e+00   6.2393300e+00   3.4011900e+00   5.6873000e+00   3.4012000e+00  -2.9047800e+07
   6.0226300e+00  -3.9501400e+00   6.2392400e+00   3.4012000e+00   5.6872900e+00   3.4011900e+00  -2.9047800e+07
   6.0225300e+00  -3.9500500e+00   6.2393500e+00   3.4011900e+00   5.6873100e+00   3.4012000e+00  -2.9047800e+07
   6.0226000e+00  -3.9500200e+00   6.2392600e+00   3.4012000e+00   5.6873100e+00   3.4012000e+00  -2.9047800e+07
   6.0224900e+00  -3.9500900e+00   6.2390500e+00   3.4011900e+00   5.6873100e+00   3.4012000e+00  -2.9047800e+07
   6.0223100e+00  -3.9499700e+00   6.2390800e+00   3.4011900e+00   5.6873100e+00   3.4011900e+00  -2.9047800e+07
   6.0223200e+00  -3.9499100e+00   6.2393000e+00   3.4012000e+00   5.6873000e+00   3.4012000e+00  -2.9047800e+07
   6.0223800e+00  -3.9497700e+00   6.2391700e+00   3.4012000e+00   5.6873000e+00   3.4012000e+00  -2.9047900e+07
   6.0224600e+00  -3.9497000e+00   6.2392800e+00   3.4011900e+00   5.6873000e+00   3.4012000e+00  -2.9047900e+07
   6.0224100e+00  -3.9497700e+00   6.2391300e+00   3.4011900e+00   5.6873000e+00   3.4012000e+00  -2.9047900e+07
   6.0224400e+00  -3.9497600e+00   6.2391600e+00   3.4011900e+00   5.6873100e+00   3.4012000e+00  -2.9047900e+07
   6.0223100e+00  -3.9497300e+00   6.2391200e+00   3.4011900e+00   5.6873100e+00   3.4011900e+00  -2.9047900e+07
   6.0223800e+00  -3.9496800e+00   6.2392500e+00   3.4011900e+00   5.6873200e+00   3.4012000e+00  -2.9047900e+07
   6.0222500e+00  -3.9496500e+00   6.2392000e+00   3.4011900e+00   5.6873100e+00   3.4012000e+00  -2.9047900e+07
   6.0222700e+00  -3.9496000e+00   6.2392600e+00   3.4011900e+00   5.6873100e+00   3.4012000e+00  -2.9047900e+07
   6.0222100e+00  -3.9495400e+00   6.2392500e+00   3.4011900e+00   5.6873100e+00   3.4012000e+00  -2.9047900e+07
   6.0221800e+00  -3.9494700e+00   6.2391700e+00   3.4011900e+00   5.6873100e+00   3.4012000e+00  -2.9047900e+07
   6.0222800e+00  -3.9493900e+00   6.2393300e+00   3.4011900e+00   5.6873100e+00   3.4012000e+00  -2.9047900e+07
   6.0221400e+00  -3.9493400e+00   6.2391900e+00   3.4011900e+00   5.6872900e+00   3.4012000e+00  -2.9047900e+07
   6.0220900e+00  -3.9493400e+00   6.2390900e+00   3.4011900e+00   5.6872900e+00   3.4012000e+00  -2.9047900e+07
   6.0222500e+00  -3.9493500e+00   6.2393400e+00   3.4011800e+00   5.6873000e+00   3.4012000e+00  -2.9047900e+07
   6.0219800e+00  -3.9492700e+00   6.2389200e+00   3.4011800e+00   5.6873000e+00   3.4012000e+00  -2.9047900e+07
   6.0221200e+00  -3.9492300e+00   6.2389600e+00   3.4011900e+00   5.6873100e+00   3.4012000e+00  -2.9047900e+07
   6.0221700e+00  -3.9492000e+00   6.2391300e+00   3.4011900e+00   5.6873100e+00   3.4012000e+00  -2.9047900e+07
   6.0220000e+00  -3.9492400e+00   6.2390500e+00   3.4011900e+00   5.6873200e+00   3.4011900e+00  -2.9047900e+07
   6.0220300e+00  -3.9492200e+00   6.2390900e+00   3.4012000e+00   5.6873300e+00   3.4012000e+00  -2.9047900e+07
   6.0220400e+00  -3.9492000e+00   6.2389400e+00   3.4011900e+00   5.6873400e+00   3.4012000e+00  -2.9047900e+07
   6.0220600e+00  -3.9492400e+00   6.2393000e+00   3.4011900e+00   5.6873400e+00   3.4012000e+00  -2.9047900e+07
   6.0219400e+00  -3.9491100e+00   6.2390600e+00   3.4012000e+00   5.6873300e+00   3.4012000e+00  -2.9047900e+07
   6.0219500e+00  -3.9490300e+00   6.2390500e+00   3.4011900e+00   5.6873400e+00   3.4012000e+00  -2.9047900e+07
   6.0221100e+00  -3.9490000e+00   6.2391300e+00   3.4011900e+00   5.6873400e+00   3.4012000e+00  -2.9047900e+07
   6.0219600e+00  -3.9490300e+00   6.2392100e+00   3.4011900e+00   5.6873400e+00   3.4012000e+00  -2.9047900e+07
   6.0220900e+00  -3.9490200e+00   6.2392400e+00   3.4012000e+00   5.6873400e+00   3.4012000e+00  -2.9047900e+07
   6.0218300e+00  -3.9490500e+00   6.2388900e+00   3.4012000e+00   5.6873400e+00   3.4012000e+00  -2.9047900e+07
   6.0221100e+00  -3.9491400e+00   6.2391000e+00   3.4011900e+00   5.6873500e+00   3.4012000e+00  -2.9047900e+07
   6.0220300e+00  -3.9490600e+00   6.2392500e+00   3.4011900e+00   5.6873600e+00   3.4012000e+00  -2.9047900e+07
   6.0219900e+00  -3.9489000e+00   6.2393900e+00   3.4012000e+00   5.6873600e+00   3.4012000e+00  -2.9047900e+07
   6.0218700e+00  -3.9489100e+00   6.2390000e+00   3.4011900e+00   5.6873600e+00   3.4012000e+00  -2.9047900e+07
   6.0218600e+00  -3.9490200e+00   6.2391100e+00   3.4012000e+00   5.6873600e+00   3.4011900e+00  -2.9047900e+07
   6.0220100e+00  -3.9489800e+00   6.2391600e+00   3.4011900e+00   5.6873600e+00   3.4012000e+00  -2.9047900e+07
   6.0220100e+00  -3.9490800e+00   6.2391800e+00   3.4011900e+00   5.6873600e+00   3.4012000e+00  -2.9047900e+07
   6.0220700e+00  -3.9491600e+00   6.2395200e+00   3.4011900e+00   5.6873500e+00   3.4011900e+00  -2.9047900e+07
   6.0220500e+00  -3.9492400e+00   6.2391700e+00   3.4011900e+00   5.6873500e+00   3.4012000e+00  -2.9047900e+07
   6.0221400e+00  -3.9492400e+00   6.2392600e+00   3.4011900e+00   5.6873400e+00   3.4012000e+00  -2.9047900e+07
   6.0222200e+00  -3.9493900e+00   6.2391800e+00   3.4012000e+00   5.6873300e+00   3.4012000e+00  -2.9047900e+07
   6.0222300e+00  -3.9494800e+00   6.2392900e+00   3.4011900e+00   5.6873300e+00   3.4012000e+00  -2.9047900e+07
   6.0222000e+00  -3.9495000e+00   6.2391900e+00   3.4011900e+00   5.6873200e+00   3.4011900e+00  -2.9047900e+07
   6.0221300e+00  -3.9494800e+00   6.2389400e+00   3.4011900e+00   5.6873300e+00   3.4012000e+00  -2.9047900e+07
   6.0221200e+00  -3.9494900e+00   6.2390000e+00   3.4011900e+00   5.6873300e+00   3.4011900e+00  -2.9047900e+07
   6.0221500e+00  -3.9495100e+00   6.2391400e+00   3.4011900e+00   5.6873400e+00   3.4012000e+00  -2.9047900e+07
   6.0221900e+00  -3.9495000e+00   6.2392000e+00   3.4011900e+00   5.6873500e+00   3.4012000e+00  -2.9047900e+07
   6.0222000e+00  -3.9494600e+00   6.2390900e+00   3.4011900e+00   5.6873700e+00   3.4012000e+00  -2.9047900e+07
   6.0221800e+00  -3.9494300e+00   6.2391000e+00   3.4011900e+00   5.6873700e+00   3.4012000e+00  -2.9047900e+07
   6.0222000e+00  -3.9494300e+00   6.2392600e+00   3.4011900e+00   5.6873800e+00   3.4012000e+00  -2.9047900e+07
   6.0220700e+00  -3.9493100e+00   6.2392100e+00   3.4011900e+00   5.6873900e+00   3.4011900e+00  -2.9047900e+07
   6.0220300e+00  -3.9492900e+00   6.2391300e+00   3.4012000e+00   5.6873800e+00   3.4011900e+00  -2.9047900e+07
   6.0220400e+00  -3.9490900e+00   6.2393000e+00   3.4012000e+00   5.6873900e+00   3.4012000e+00  -2.9047900e+07
   6.0219000e+00  -3.9491700e+00   6.2390100e+00   3.4012000e+00   5.6873800e+00   3.4012000e+00  -2.9047900e+07
   6.0221400e+00  -3.9492900e+00   6.2392800e+00   3.4012000e+00   5.6873800e+00   3.4012000e+00  -2.9047900e+07
   6.0220900e+00  -3.9493800e+00   6.2389800e+00   3.4011900e+00   5.6873700e+00   3.4012000e+00  -2.9047900e+07
   6.0221500e+00  -3.9493900e+00   6.2393500e+00   3.4012000e+00   5.6873600e+00   3.4012000e+00  -2.9047900e+07
   6.0222200e+00  -3.9493600e+00   6.2392400e+00   3.4012000e+00   5.6873500e+00   3.4011900e+00  -2.9047900e+07
   6.0220600e+00  -3.9492300e+00   6.2390900e+00   3.4011900e+00   5.6873500e+00   3.4011900e+00  -2.9047900e+07
   6.0217400e+00  -3.9491800e+00   6.2388500e+00   3.4011900e+00   5.6873600e+00   3.4011900e+00  -2.9047900e+07
   6.0219200e+00  -3.9490100e+00   6.2391500e+00   3.4012000e+00   5.6873700e+00   3.4012000e+00  -2.9047900e+07
   6.0220200e+00  -3.9490400e+00   6.2392900e+00   3.4012000e+00   5.6873600e+00   3.4012000e+00  -2.9047900e+07
   6.0219600e+00  -3.9491400e+00   6.2389900e+00   3.4012000e+00   5.6873700e+00   3.4012000e+00  -2.9047900e+07
   6.0221300e+00  -3.9491500e+00   6.2393300e+00   3.4011900e+00   5.6873600e+00   3.4011900e+00  -2.9047900e+07
   6.0220700e+00  -3.9490400e+00   6.2392700e+00   3.4012000e+00   5.6873600e+00   3.4011900e+00  -2.9047900e+07
   6.0220800e+00  -3.9490900e+00   6.2393200e+00   3.4011900e+00   5.6873500e+00   3.4012000e+00  -2.9047900e+07
   6.0220400e+00  -3.9490900e+00   6.2392700e+00   3.4011900e+00   5.6873500e+00   3.4011900e+00  -2.9047900e+07
   6.0219500e+00  -3.9491500e+00   6.2390900e+00   3.4012000e+00   5.6873500e+00   3.4012000e+00  -2.9047900e+07
   6.0219900e+00  -3.9491400e+00   6.2391600e+00   3.4012000e+00   5.6873600e+00   3.4012000e+00  -2.9047900e+07
   6.0220300e+00  -3.9491800e+00   6.2393100e+00   3.4012000e+00   5.6873600e+00   3.4012000e+00  -2.9047900e+07
   6.0221900e+00  -3.9491500e+00   6.2393600e+00   3.4011900e+00   5.6873700e+00   3.4011900e+00  -2.9047900e+07
   6.0219600e+00  -3.9490900e+00   6.2390900e+00   3.4011900e+00   5.6873700e+00   3.4011900e+00  -2.9047900e+07
   6.0219800e+00  -3.9491500e+00   6.2391800e+00   3.4012000e+00   5.6873700e+00   3.4012000e+00  -2.9047900e+07
   6.0218300e+00  -3.9490400e+00   6.2391100e+00   3.4011900e+00   5.6873700e+00   3.4012000e+00  -2.9047900e+07
   6.0221300e+00  -3.9490900e+00   6.2393500e+00   3.4012000e+00   5.6873600e+00   3.4012000e+00  -2.9047900e+07
   6.0220500e+00  -3.9491600e+00   6.2392400e+00   3.4012000e+00   5.6873700e+00   3.4011900e+00  -2.9047900e+07
   6.0221000e+00  -3.9491500e+00   6.2392800e+00   3.4011900e+00   5.6873600e+00   3.4012000e+00  -2.9047900e+07
   6.0219900e+00  -3.9492500e+00   6.2389600e+00   3.4011900e+00   5.6873500e+00   3.4012000e+00  -2.9047900e+07
   6.0218600e+00  -3.9492900e+00   6.2390000e+00   3.4012000e+00   5.6873500e+00   3.4011900e+00  -2.9047900e+07
   6.0218900e+00  -3.9492200e+00   6.2391300e+00   3.4011900e+00   5.6873400e+00   3.4011900e+00  -2.9047900e+07
   6.0218900e+00  -3.9490400e+00   6.2391000e+00   3.4011900e+00   5.6873500e+00   3.4012000e+00  -2.9047900e+07
   6.0219300e+00  -3.9488800e+00   6.2392300e+00   3.4011900e+00   5.6873400e+00   3.4011900e+00  -2.9047900e+07
   6.0218700e+00  -3.9489500e+00   6.2391000e+00   3.4011900e+00   5.6873400e+00   3.4012000e+00  -2.9047900e+07
   6.0218700e+00  -3.9490200e+00   6.2388500e+00   3.4012000e+00   5.6873300e+00   3.4011900e+00  -2.9047900e+07
   6.0221300e+00  -3.9491000e+00   6.2392200e+00   3.4012000e+00   5.6873300e+00   3.4012000e+00  -2.9047900e+07
   6.0219900e+00  -3.9490600e+00   6.2393100e+00   3.4012000e+00   5.6873300e+00   3.4012000e+00  -2.9047900e+07
   6.0221100e+00  -3.9491800e+00   6.2391800e+00   3.4012000e+00   5.6873300e+00   3.4012000e+00  -2.9047900e+07
   6.0220600e+00  -3.9490700e+00   6.2394300e+00   3.4012000e+00   5.6873300e+00   3.4012000e+00  -2.9047900e+07
   6.0218900e+00  -3.9488700e+00   6.2391400e+00   3.4011900e+00   5.6873300e+00   3.4012000e+00  -2.9047900e+07
   6.0219100e+00  -3.9489900e+00   6.2389900e+00   3.4012000e+00   5.6873300e+00   3.4012000e+00  -2.9047900e+07
   6.0218700e+00  -3.9489400e+00   6.2390100e+00   3.4011900e+00   5.6873300e+00   3.4011900e+00  -2.9047900e+07
   6.0219300e+00  -3.9491900e+00   6.2389900e+00   3.4012000e+00   5.6873300e+00   3.4012000e+00  -2.9047900e+07
   6.0223000e+00  -3.9492800e+00   6.2394400e+00   3.4012000e+00   5.6873300e+00   3.4012000e+00  -2.9047900e+07
   6.0219900e+00  -3.9492100e+00   6.2389500e+00   3.4011800e+00   5.6873300e+00   3.4012000e+00  -2.9047900e+07
   6.0221000e+00  -3.9491700e+00   6.2392500e+00   3.4011900e+00   5.6873300e+00   3.4012000e+00  -2.9047900e+07
   6.0220700e+00  -3.9492600e+00   6.2390600e+00   3.4011900e+00   5.6873200e+00   3.4012000e+00  -2.9047900e+07
   6.0221000e+00  -3.9492100e+00   6.2392100e+00   3.4011900e+00   5.6873300e+00   3.4011900e+00  -2.9047900e+07
   6.0220400e+00  -3.9492200e+00   6.2390100e+00   3.4011800e+00   5.6873400e+00   3.4012000e+00  -2.9047900e+07
   6.0220000e+00  -3.9491400e+00   6.2392100e+00   3.4011900e+00   5.6873300e+00   3.4012000e+00  -2.9047900e+07
   6.0220900e+00  -3.9491600e+00   6.2393300e+00   3.4011900e+00   5.6873300e+00   3.4011900e+00  -2.9047900e+07
   6.0220700e+00  -3.9491500e+00   6.2392400e+00   3.4011900e+00   5.6873400e+00   3.4011900e+00  -2.9047900e+07
   6.0221200e+00  -3.9492400e+00   6.2392000e+00   3.4011900e+00   5.6873400e+00   3.4012000e+00  -2.9047900e+07
   6.0221100e+00  -3.9493500e+00   6.2390800e+00   3.4011900e+00   5.6873400e+00   3.4012000e+00  -2.9047900e+07
   6.0223400e+00  -3.9494200e+00   6.2392900e+00   3.4011900e+00   5.6873500e+00   3.4011900e+00  -2.9047900e+07
   6.0222500e+00  -3.9493800e+00   6.2394600e+00   3.4011900e+00   5.6873500e+00   3.4011900e+00  -2.9047900e+07
   6.0221300e+00  -3.9494900e+00   6.2390300e+00   3.4012000e+00   5.6873300e+00   3.4011900e+00  -2.9047900e+07
   6.0220800e+00  -3.9497300e+00   6.2389200e+00   3.4012000e+00   5.6873500e+00   3.4012000e+00  -2.9047900e+07
   6.0223200e+00  -3.9497000e+00   6.2391000e+00   3.4011800e+00   5.6873400e+00   3.4012000e+00  -2.9047900e+07
   6.0222400e+00  -3.9497400e+00   6.2391700e+00   3.4011900e+00   5.6873400e+00   3.4012000e+00  -2.9047900e+07
   6.0222500e+00  -3.9498600e+00   6.2391600e+00   3.4012000e+00   5.6873300e+00   3.4012000e+00  -2.9047800e+07
   6.0223700e+00  -3.9499400e+00   6.2389400e+00   3.4012000e+00   5.6873400e+00   3.4012000e+00  -2.9047800e+07
   6.0224000e+00  -3.9499900e+00   6.2389400e+00   3.4011900e+00   5.6873400e+00   3.4012000e+00  -2.9047800e+07
   6.0224400e+00  -3.9500400e+00   6.2391300e+00   3.4011900e+00   5.6873500e+00   3.4012000e+00  -2.9047800e+07
   6.0225200e+00  -3.9500700e+00   6.2391900e+00   3.4012000e+00   5.6873500e+00   3.4011900e+00  -2.9047800e+07
   6.0224200e+00  -3.9501100e+00   6.2388800e+00   3.4012000e+00   5.6873600e+00   3.4012000e+00  -2.9047800e+07
   6.0225400e+00  -3.9500700e+00   6.2393100e+00   3.4012000e+00   5.6873400e+00   3.4011900e+00  -2.9047800e+07
   6.0226600e+00  -3.9500800e+00   6.2393200e+00   3.4011900e+00   5.6873400e+00   3.4012000e+00  -2.9047800e+07
   6.0222800e+00  -3.9501100e+00   6.2388500e+00   3.4012000e+00   5.6873400e+00   3.4012000e+00  -2.9047800e+07
   6.0226100e+00  -3.9501800e+00   6.2392200e+00   3.4012000e+00   5.6873500e+00   3.4012000e+00  -2.9047800e+07
   6.0226400e+00  -3.9503400e+00   6.2391600e+00   3.4012000e+00   5.6873500e+00   3.4012000e+00  -2.9047800e+07
   6.0224800e+00  -3.9502900e+00   6.2390800e+00   3.4011900e+00   5.6873500e+00   3.4011900e+00  -2.9047800e+07
   6.0227100e+00  -3.9503400e+00   6.2392300e+00   3.4011900e+00   5.6873400e+00   3.4011900e+00  -2.9047800e+07
   6.0226200e+00  -3.9502300e+00   6.2391800e+00   3.4011800e+00   5.6873600e+00   3.4012000e+00  -2.9047800e+07
   6.0226700e+00  -3.9502900e+00   6.2393500e+00   3.4011900e+00   5.6873600e+00   3.4011900e+00  -2.9047800e+07
   6.0226500e+00  -3.9503400e+00   6.2393600e+00   3.4011900e+00   5.6873700e+00   3.4012000e+00  -2.9047800e+07
   6.0224800e+00  -3.9504200e+00   6.2390700e+00   3.4011900e+00   5.6873600e+00   3.4012000e+00  -2.9047800e+07
   6.0225500e+00  -3.9504500e+00   6.2390100e+00   3.4011900e+00   5.6873600e+00   3.4012000e+00  -2.9047800e+07
   6.0225500e+00  -3.9504800e+00   6.2389600e+00   3.4011800e+00   5.6873500e+00   3.4012000e+00  -2.9047800e+07
   6.0227800e+00  -3.9504300e+00   6.2394300e+00   3.4011800e+00   5.6873500e+00   3.4011900e+00  -2.9047800e+07
   6.0226400e+00  -3.9504900e+00   6.2390400e+00   3.4011900e+00   5.6873600e+00   3.4011900e+00  -2.9047800e+07
   6.0226300e+00  -3.9503700e+00   6.2390900e+00   3.4011900e+00   5.6873500e+00   3.4012000e+00  -2.9047800e+07
   6.0226000e+00  -3.9503100e+00   6.2391000e+00   3.4011900e+00   5.6873400e+00   3.4012000e+00  -2.9047800e+07
   6.0225800e+00  -3.9502900e+00   6.2391500e+00   3.4011900e+00   5.6873400e+00   3.4011900e+00  -2.9047800e+07
   6.0226500e+00  -3.9503300e+00   6.2394200e+00   3.4012000e+00   5.6873400e+00   3.4012000e+00  -2.9047800e+07
   6.0225900e+00  -3.9502900e+00   6.2390900e+00   3.4012000e+00   5.6873500e+00   3.4012000e+00  -2.9047800e+07
   6.0224100e+00  -3.9502200e+00   6.2389700e+00   3.4011900e+00   5.6873600e+00   3.4011900e+00  -2.9047800e+07
   6.0225200e+00  -3.9501600e+00   6.2392200e+00   3.4011900e+00   5.6873600e+00   3.4011900e+00  -2.9047800e+07
   6.0224100e+00  -3.9501300e+00   6.2390400e+00   3.4012000e+00   5.6873700e+00   3.4012000e+00  -2.9047800e+07
   6.0222700e+00  -3.9498900e+00   6.2390800e+00   3.4011900e+00   5.6873700e+00   3.4012000e+00  -2.9047800e+07
   6.0223900e+00  -3.9500100e+00   6.2391900e+00   3.4011900e+00   5.6873600e+00   3.4012000e+00  -2.9047800e+07
   6.0225400e+00  -3.9500300e+00   6.2392600e+00   3.4011900e+00   5.6873600e+00   3.4012000e+00  -2.9047800e+07
   6.0224200e+00  -3.9500400e+00   6.2391600e+00   3.4012000e+00   5.6873700e+00   3.4011900e+00  -2.9047800e+07
   6.0225500e+00  -3.9500900e+00   6.2392200e+00   3.4012000e+00   5.6873700e+00   3.4011900e+00  -2.9047800e+07
   6.0223100e+00  -3.9500300e+00   6.2390700e+00   3.4011900e+00   5.6873700e+00   3.4012000e+00  -2.9047800e+07
   6.0226000e+00  -3.9501300e+00   6.2391300e+00   3.4012000e+00   5.6873700e+00   3.4012000e+00  -2.9047800e+07
   6.0224900e+00  -3.9501500e+00   6.2391300e+00   3.4012000e+00   5.6873700e+00   3.4011900e+00  -2.9047800e+07
   6.0225900e+00  -3.9502200e+00   6.2390800e+00   3.4011900e+00   5.6873700e+00   3.4012000e+00  -2.9047800e+07
   6.0225300e+00  -3.9503000e+00   6.2392100e+00   3.4011900e+00   5.6873600e+00   3.4012000e+00  -2.9047800e+07
   6.0225100e+00  -3.9502400e+00   6.2389300e+00   3.4011900e+00   5.6873600e+00   3.4012000e+00  -2.9047800e+07
   6.0224600e+00  -3.9501200e+00   6.2393700e+00   3.4011900e+00   5.6873500e+00   3.4011900e+00  -2.9047800e+07
   6.0225500e+00  -3.9501700e+00   6.2391100e+00   3.4012000e+00   5.6873400e+00   3.4012000e+00  -2.9047800e+07
   6.0226200e+00  -3.9501500e+00   6.2392200e+00   3.4012000e+00   5.6873400e+00   3.4012000e+00  -2.9047800e+07
   6.0226300e+00  -3.9501900e+00   6.2390700e+00   3.4011900e+00   5.6873500e+00   3.4011900e+00  -2.9047800e+07
   6.0224600e+00  -3.9501300e+00   6.2390500e+00   3.4012000e+00   5.6873500e+00   3.4012000e+00  -2.9047800e+07
   6.0224700e+00  -3.9500900e+00   6.2391400e+00   3.4012000e+00   5.6873400e+00   3.4012000e+00  -2.9047800e+07
   6.0225000e+00  -3.9501600e+00   6.2391700e+00   3.4011900e+00   5.6873400e+00   3.4012000e+00  -2.9047800e+07
   6.0227000e+00  -3.9503700e+00   6.2393600e+00   3.4011900e+00   5.6873500e+00   3.4012000e+00  -2.9047800e+07
   6.0226100e+00  -3.9502600e+00   6.2391500e+00   3.4011900e+00   5.6873600e+00   3.4011900e+00  -2.9047800e+07
   6.0225300e+00  -3.9501700e+00   6.2391100e+00   3.4012000e+00   5.6873500e+00   3.4011900e+00  -2.9047800e+07
   6.0226000e+00  -3.9503100e+00   6.2391100e+00   3.4011900e+00   5.6873600e+00   3.4012000e+00  -2.9047800e+07
   6.0227800e+00  -3.9504600e+00   6.2392800e+00   3.4011900e+00   5.6873700e+00   3.4011900e+00  -2.9047800e+07
   6.0226000e+00  -3.9504400e+00   6.2390800e+00   3.4012000e+00   5.6873600e+00   3.4011900e+00  -2.9047800e+07
   6.0226400e+00  -3.9504900e+00   6.2390800e+00   3.4011900e+00   5.6873700e+00   3.4012000e+00  -2.9047800e+07
   6.0225600e+00  -3.9504500e+00   6.2391500e+00   3.4011900e+00   5.6873800e+00   3.4012000e+00  -2.9047800e+07
   6.0226200e+00  -3.9504800e+00   6.2391600e+00   3.4011800e+00   5.6873700e+00   3.4012000e+00  -2.9047800e+07
   6.0226800e+00  -3.9504800e+00   6.2392700e+00   3.4011800e+00   5.6873700e+00   3.4012000e+00  -2.9047800e+07
   6.0226000e+00  -3.9503600e+00   6.2391400e+00   3.4011800e+00   5.6873700e+00   3.4011900e+00  -2.9047800e+07
   6.0225000e+00  -3.9503000e+00   6.2390900e+00   3.4011900e+00   5.6873700e+00   3.4012000e+00  -2.9047800e+07
   6.0224600e+00  -3.9503300e+00   6.2390100e+00   3.4011800e+00   5.6873700e+00   3.4011900e+00  -2.9047800e+07
   6.0227100e+00  -3.9504700e+00   6.2391500e+00   3.4011800e+00   5.6873700e+00   3.4012000e+00  -2.9047800e+07
   6.0225900e+00  -3.9504700e+00   6.2391300e+00   3.4011800e+00   5.6873700e+00   3.4012000e+00  -2.9047800e+07
   6.0225700e+00  -3.9503600e+00   6.2389900e+00   3.4011800e+00   5.6873800e+00   3.4011900e+00  -2.9047800e+07
   6.0226900e+00  -3.9503600e+00   6.2392900e+00   3.4011800e+00   5.6873800e+00   3.4012000e+00  -2.9047800e+07
   6.0227100e+00  -3.9503200e+00   6.2393700e+00   3.4011700e+00   5.6873800e+00   3.4012000e+00  -2.9047800e+07
   6.0224700e+00  -3.9504000e+00   6.2389400e+00   3.4011700e+00   5.6873900e+00   3.4011900e+00  -2.9047800e+07
   6.0225800e+00  -3.9502500e+00   6.2391600e+00   3.4011700e+00   5.6873800e+00   3.4012000e+00  -2.9047800e+07
   6.0224000e+00  -3.9502000e+00   6.2390800e+00   3.4011700e+00   5.6873900e+00   3.4012000e+00  -2.9047800e+07
   6.0224100e+00  -3.9502200e+00   6.2390200e+00   3.4011700e+00   5.6873900e+00   3.4012000e+00  -2.9047800e+07
   6.0223400e+00  -3.9501000e+00   6.2390200e+00   3.4011700e+00   5.6873900e+00   3.4012000e+00  -2.9047800e+07
   6.0225600e+00  -3.9500400e+00   6.2391600e+00   3.4011600e+00   5.6873900e+00   3.4011900e+00  -2.9047800e+07
   6.0225400e+00  -3.9500300e+00   6.2392300e+00   3.4011600e+00   5.6873900e+00   3.4012000e+00  -2.9047800e+07
   6.0223300e+00  -3.9499700e+00   6.2392300e+00   3.4011600e+00   5.6874000e+00   3.4011900e+00  -2.9047900e+07
   6.0223300e+00  -3.9499800e+00   6.2392600e+00   3.4011700e+00   5.6874100e+00   3.4012000e+00  -2.9047800e+07
   6.0225200e+00  -3.9500400e+00   6.2392000e+00   3.4011700e+00   5.6874000e+00   3.4012000e+00  -2.9047800e+07
   6.0224600e+00  -3.9500700e+00   6.2391300e+00   3.4011700e+00   5.6874000e+00   3.4012000e+00  -2.9047800e+07
   6.0223500e+00  -3.9500100e+00   6.2391400e+00   3.4011800e+00   5.6874100e+00   3.4011900e+00  -2.9047800e+07
   6.0224800e+00  -3.9499800e+00   6.2394100e+00   3.4011700e+00   5.6873900e+00   3.4011900e+00  -2.9047800e+07
   6.0224100e+00  -3.9499600e+00   6.2390400e+00   3.4011700e+00   5.6874000e+00   3.4012000e+00  -2.9047800e+07
   6.0224700e+00  -3.9499500e+00   6.2394300e+00   3.4011700e+00   5.6874100e+00   3.4011900e+00  -2.9047900e+07
   6.0224200e+00  -3.9500800e+00   6.2390000e+00   3.4011700e+00   5.6874200e+00   3.4012000e+00  -2.9047800e+07
   6.0224800e+00  -3.9502100e+00   6.2389800e+00   3.4011700e+00   5.6874300e+00   3.4012000e+00  -2.9047800e+07
   6.0224500e+00  -3.9501100e+00   6.2391900e+00   3.4011700e+00   5.6874300e+00   3.4012000e+00  -2.9047800e+07
   6.0224300e+00  -3.9501300e+00   6.2392100e+00   3.4011700e+00   5.6874200e+00   3.4012000e+00  -2.9047800e+07
   6.0226100e+00  -3.9500800e+00   6.2394400e+00   3.4011700e+00   5.6874200e+00   3.4011900e+00  -2.9047800e+07
   6.0225000e+00  -3.9499700e+00   6.2392900e+00   3.4011800e+00   5.6874100e+00   3.4011900e+00  -2.9047800e+07
   6.0224300e+00  -3.9500300e+00   6.2392000e+00   3.4011800e+00   5.6874100e+00   3.4012000e+00  -2.9047800e+07
   6.0223100e+00  -3.9499600e+00   6.2389900e+00   3.4011800e+00   5.6874200e+00   3.4012000e+00  -2.9047800e+07
   6.0223100e+00  -3.9499900e+00   6.2391200e+00   3.4011800e+00   5.6874300e+00   3.4012000e+00  -2.9047800e+07
   6.0223100e+00  -3.9499100e+00   6.2392600e+00   3.4011900e+00   5.6874400e+00   3.4012000e+00  -2.9047900e+07
   6.0222200e+00  -3.9498500e+00   6.2391600e+00   3.4011900e+00   5.6874500e+00   3.4012000e+00  -2.9047900e+07
   6.0224400e+00  -3.9499300e+00   6.2393100e+00   3.4011900e+00   5.6874400e+00   3.4012000e+00  -2.9047800e+07
   6.0222400e+00  -3.9498600e+00   6.2391200e+00   3.4011800e+00   5.6874500e+00   3.4012000e+00  -2.9047900e+07
   6.0222900e+00  -3.9497900e+00   6.2392000e+00   3.4011800e+00   5.6874400e+00   3.4012000e+00  -2.9047900e+07
   6.0223000e+00  -3.9497400e+00   6.2392300e+00   3.4011900e+00   5.6874400e+00   3.4012000e+00  -2.9047900e+07
   6.0221900e+00  -3.9496500e+00   6.2390200e+00   3.4011800e+00   5.6874400e+00   3.4011900e+00  -2.9047900e+07
   6.0222500e+00  -3.9496200e+00   6.2392300e+00   3.4011800e+00   5.6874400e+00   3.4011900e+00  -2.9047900e+07
   6.0223400e+00  -3.9496200e+00   6.2392000e+00   3.4011800e+00   5.6874300e+00   3.4012000e+00  -2.9047900e+07
   6.0222300e+00  -3.9497200e+00   6.2392300e+00   3.4011900e+00   5.6874300e+00   3.4012000e+00  -2.9047900e+07
   6.0223700e+00  -3.9497600e+00   6.2393700e+00   3.4011900e+00   5.6874300e+00   3.4012000e+00  -2.9047900e+07
   6.0220800e+00  -3.9498400e+00   6.2388800e+00   3.4011900e+00   5.6874200e+00   3.4011900e+00  -2.9047900e+07
   6.0222600e+00  -3.9498800e+00   6.2390200e+00   3.4011900e+00   5.6874100e+00   3.4011900e+00  -2.9047900e+07
   6.0223700e+00  -3.9498300e+00   6.2393300e+00   3.4011900e+00   5.6874200e+00   3.4012000e+00  -2.9047900e+07
   6.0223300e+00  -3.9499200e+00   6.2392200e+00   3.4011900e+00   5.6874200e+00   3.4012000e+00  -2.9047800e+07
   6.0223600e+00  -3.9498400e+00   6.2393000e+00   3.4011900e+00   5.6874300e+00   3.4011900e+00  -2.9047900e+07
   6.0222900e+00  -3.9497500e+00   6.2392400e+00   3.4012000e+00   5.6874200e+00   3.4012000e+00  -2.9047900e+07
   6.0223600e+00  -3.9496900e+00   6.2392600e+00   3.4011900e+00   5.6874100e+00   3.4012000e+00  -2.9047900e+07
   6.0220100e+00  -3.9496600e+00   6.2388100e+00   3.4012000e+00   5.6874200e+00   3.4012000e+00  -2.9047900e+07
   6.0220700e+00  -3.9497400e+00   6.2389300e+00   3.4011900e+00   5.6874200e+00   3.4012000e+00  -2.9047900e+07
   6.0223300e+00  -3.9497800e+00   6.2390800e+00   3.4011900e+00   5.6874100e+00   3.4012000e+00  -2.9047900e+07
   6.0223400e+00  -3.9497900e+00   6.2390800e+00   3.4011900e+00   5.6874000e+00   3.4012000e+00  -2.9047900e+07
   6.0223300e+00  -3.9496900e+00   6.2393400e+00   3.4012000e+00   5.6874000e+00   3.4012000e+00  -2.9047900e+07
   6.0220500e+00  -3.9495700e+00   6.2389600e+00   3.4011900e+00   5.6874000e+00   3.4012000e+00  -2.9047900e+07
   6.0223100e+00  -3.9495900e+00   6.2393700e+00   3.4011900e+00   5.6874000e+00   3.4012000e+00  -2.9047900e+07
   6.0224000e+00  -3.9496800e+00   6.2393700e+00   3.4011900e+00   5.6873900e+00   3.4012000e+00  -2.9047900e+07
   6.0224800e+00  -3.9498500e+00   6.2393300e+00   3.4011800e+00   5.6873900e+00   3.4012000e+00  -2.9047900e+07
   6.0224600e+00  -3.9499300e+00   6.2392400e+00   3.4011900e+00   5.6874000e+00   3.4012000e+00  -2.9047800e+07
   6.0223500e+00  -3.9498100e+00   6.2391100e+00   3.4011800e+00   5.6874000e+00   3.4012000e+00  -2.9047900e+07
   6.0222900e+00  -3.9497600e+00   6.2390400e+00   3.4012000e+00   5.6873900e+00   3.4012000e+00  -2.9047900e+07
   6.0222300e+00  -3.9496900e+00   6.2392900e+00   3.4011900e+00   5.6874000e+00   3.4011900e+00  -2.9047900e+07
   6.0224300e+00  -3.9498200e+00   6.2393800e+00   3.4011900e+00   5.6874000e+00   3.4012000e+00  -2.9047900e+07
   6.0224000e+00  -3.9498100e+00   6.2392400e+00   3.4011900e+00   5.6874000e+00   3.4011900e+00  -2.9047900e+07
   6.0223100e+00  -3.9497500e+00   6.2391400e+00   3.4012000e+00   5.6873900e+00   3.4011900e+00  -2.9047900e+07
   6.0223800e+00  -3.9498200e+00   6.2391300e+00   3.4012000e+00   5.6873900e+00   3.4012000e+00  -2.9047900e+07
   6.0224200e+00  -3.9498300e+00   6.2393400e+00   3.4011900e+00   5.6874000e+00   3.4012000e+00  -2.9047900e+07
   6.0223300e+00  -3.9497700e+00   6.2392500e+00   3.4011900e+00   5.6874100e+00   3.4012000e+00  -2.9047900e+07
   6.0222700e+00  -3.9497000e+00   6.2393800e+00   3.4011800e+00   5.6874000e+00   3.4012000e+00  -2.9047900e+07
   6.0224700e+00  -3.9498300e+00   6.2394000e+00   3.4011800e+00   5.6874100e+00   3.4011900e+00  -2.9047900e+07
   6.0223600e+00  -3.9498400e+00   6.2393100e+00   3.4011800e+00   5.6874000e+00   3.4011900e+00  -2.9047900e+07
   6.0222900e+00  -3.9499200e+00   6.2390700e+00   3.4011900e+00   5.6874000e+00   3.4012000e+00  -2.9047800e+07
   6.0224600e+00  -3.9499000e+00   6.2393500e+00   3.4011900e+00   5.6874100e+00   3.4012000e+00  -2.9047800e+07
   6.0223000e+00  -3.9498200e+00   6.2393200e+00   3.4011800e+00   5.6874100e+00   3.4011900e+00  -2.9047900e+07
   6.0223700e+00  -3.9497900e+00   6.2393000e+00   3.4011800e+00   5.6874300e+00   3.4012000e+00  -2.9047900e+07
   6.0223800e+00  -3.9497600e+00   6.2393900e+00   3.4011800e+00   5.6874300e+00   3.4012000e+00  -2.9047900e+07
   6.0223400e+00  -3.9498200e+00   6.2391000e+00   3.4011900e+00   5.6874300e+00   3.4011900e+00  -2.9047900e+07
   6.0222000e+00  -3.9497900e+00   6.2390800e+00   3.4011900e+00   5.6874400e+00   3.4012000e+00  -2.9047900e+07
   6.0224600e+00  -3.9497800e+00   6.2391400e+00   3.4011800e+00   5.6874300e+00   3.4012000e+00  -2.9047900e+07
   6.0222600e+00  -3.9497200e+00   6.2392600e+00   3.4011900e+00   5.6874300e+00   3.4012000e+00  -2.9047900e+07
   6.0224000e+00  -3.9497700e+00   6.2393500e+00   3.4011900e+00   5.6874400e+00   3.4012000e+00  -2.9047900e+07
   6.0223300e+00  -3.9498200e+00   6.2391900e+00   3.4011900e+00   5.6874400e+00   3.4012000e+00  -2.9047900e+07
   6.0223800e+00  -3.9498500e+00   6.2395100e+00   3.4011900e+00   5.6874500e+00   3.4012000e+00  -2.9047900e+07
   6.0222900e+00  -3.9498500e+00   6.2393200e+00   3.4012000e+00   5.6874500e+00   3.4012000e+00  -2.9047900e+07
   6.0222200e+00  -3.9498300e+00   6.2389800e+00   3.4012000e+00   5.6874500e+00   3.4012000e+00  -2.9047900e+07
   6.0222800e+00  -3.9496900e+00   6.2392300e+00   3.4012000e+00   5.6874500e+00   3.4012000e+00  -2.9047900e+07
   6.0223800e+00  -3.9497200e+00   6.2392400e+00   3.4011900e+00   5.6874600e+00   3.4011900e+00  -2.9047900e+07
   6.0221800e+00  -3.9496700e+00   6.2392500e+00   3.4011900e+00   5.6874500e+00   3.4011900e+00  -2.9047900e+07
   6.0221600e+00  -3.9496900e+00   6.2389700e+00   3.4011900e+00   5.6874500e+00   3.4012000e+00  -2.9047900e+07
   6.0221500e+00  -3.9496300e+00   6.2392300e+00   3.4012000e+00   5.6874500e+00   3.4012000e+00  -2.9047900e+07
   6.0220800e+00  -3.9495900e+00   6.2390700e+00   3.4011900e+00   5.6874600e+00   3.4012000e+00  -2.9047900e+07
   6.0223600e+00  -3.9496300e+00   6.2394500e+00   3.4012000e+00   5.6874600e+00   3.4011900e+00  -2.9047900e+07
   6.0222100e+00  -3.9495200e+00   6.2393400e+00   3.4011900e+00   5.6874500e+00   3.4012000e+00  -2.9047900e+07
   6.0221400e+00  -3.9494700e+00   6.2390800e+00   3.4011900e+00   5.6874500e+00   3.4011900e+00  -2.9047900e+07
   6.0221500e+00  -3.9494100e+00   6.2394500e+00   3.4012000e+00   5.6874500e+00   3.4012000e+00  -2.9047900e+07
   6.0222000e+00  -3.9494900e+00   6.2391300e+00   3.4011900e+00   5.6874500e+00   3.4012000e+00  -2.9047900e+07
   6.0222300e+00  -3.9494000e+00   6.2392500e+00   3.4011900e+00   5.6874500e+00   3.4012000e+00  -2.9047900e+07
   6.0222800e+00  -3.9495800e+00   6.2392700e+00   3.4011800e+00   5.6874500e+00   3.4012000e+00  -2.9047900e+07
   6.0222400e+00  -3.9496500e+00   6.2394200e+00   3.4011800e+00   5.6874500e+00   3.4011900e+00  -2.9047900e+07
   6.0222900e+00  -3.9496200e+00   6.2394100e+00   3.4011900e+00   5.6874500e+00   3.4011900e+00  -2.9047900e+07
   6.0222800e+00  -3.9495400e+00   6.2392900e+00   3.4011900e+00   5.6874400e+00   3.4012000e+00  -2.9047900e+07
   6.0219100e+00  -3.9494100e+00   6.2388500e+00   3.4011900e+00   5.6874500e+00   3.4011900e+00  -2.9047900e+07
   6.0222000e+00  -3.9493500e+00   6.2395100e+00   3.4011800e+00   5.6874500e+00   3.4011900e+00  -2.9047900e+07
   6.0222300e+00  -3.9494200e+00   6.2392500e+00   3.4011900e+00   5.6874400e+00   3.4012000e+00  -2.9047900e+07
   6.0222400e+00  -3.9495100e+00   6.2391800e+00   3.4011900e+00   5.6874400e+00   3.4012000e+00  -2.9047900e+07
   6.0223000e+00  -3.9496100e+00   6.2392500e+00   3.4011900e+00   5.6874400e+00   3.4011900e+00  -2.9047900e+07
   6.0221000e+00  -3.9496800e+00   6.2389800e+00   3.4011800e+00   5.6874500e+00   3.4012000e+00  -2.9047900e+07
   6.0222400e+00  -3.9497100e+00   6.2393700e+00   3.4011800e+00   5.6874500e+00   3.4012000e+00  -2.9047900e+07
   6.0222400e+00  -3.9497500e+00   6.2391800e+00   3.4011800e+00   5.6874500e+00   3.4012000e+00  -2.9047900e+07
   6.0223500e+00  -3.9498300e+00   6.2394400e+00   3.4011800e+00   5.6874400e+00   3.4011900e+00  -2.9047900e+07
   6.0224300e+00  -3.9500100e+00   6.2392200e+00   3.4011800e+00   5.6874500e+00   3.4012000e+00  -2.9047800e+07
   6.0223900e+00  -3.9499100e+00   6.2392500e+00   3.4011800e+00   5.6874500e+00   3.4011900e+00  -2.9047900e+07
   6.0225300e+00  -3.9500000e+00   6.2395100e+00   3.4011900e+00   5.6874400e+00   3.4012000e+00  -2.9047800e+07
   6.0225100e+00  -3.9499000e+00   6.2394800e+00   3.4011900e+00   5.6874400e+00   3.4012000e+00  -2.9047900e+07
   6.0223500e+00  -3.9498600e+00   6.2393000e+00   3.4011900e+00   5.6874400e+00   3.4011900e+00  -2.9047900e+07
   6.0222800e+00  -3.9498700e+00   6.2392500e+00   3.4011900e+00   5.6874400e+00   3.4012000e+00  -2.9047900e+07
   6.0222800e+00  -3.9496700e+00   6.2388500e+00   3.4011900e+00   5.6874400e+00   3.4011900e+00  -2.9047900e+07
   6.0222300e+00  -3.9496500e+00   6.2392800e+00   3.4011900e+00   5.6874400e+00   3.4012000e+00  -2.9047900e+07
   6.0221800e+00  -3.9497900e+00   6.2390600e+00   3.4011900e+00   5.6874400e+00   3.4012000e+00  -2.9047900e+07
   6.0222700e+00  -3.9497200e+00   6.2392300e+00   3.4011900e+00   5.6874400e+00   3.4011900e+00  -2.9047900e+07
   6.0221300e+00  -3.9497000e+00   6.2390000e+00   3.4011900e+00   5.6874500e+00   3.4011900e+00  -2.9047900e+07
   6.0220900e+00  -3.9495700e+00   6.2390500e+00   3.4012000e+00   5.6874500e+00   3.4012000e+00  -2.9047900e+07
   6.0222900e+00  -3.9495500e+00   6.2392200e+00   3.4012000e+00   5.6874400e+00   3.4012000e+00  -2.9047900e+07
   6.0220000e+00  -3.9494400e+00   6.2391600e+00   3.4011900e+00   5.6874400e+00   3.4012000e+00  -2.9047900e+07
   6.0221300e+00  -3.9493700e+00   6.2391200e+00   3.4011900e+00   5.6874400e+00   3.4011900e+00  -2.9047900e+07
   6.0221300e+00  -3.9495200e+00   6.2391500e+00   3.4011900e+00   5.6874400e+00   3.4012000e+00  -2.9047900e+07
   6.0220900e+00  -3.9495400e+00   6.2391600e+00   3.4012000e+00   5.6874500e+00   3.4011900e+00  -2.9047900e+07
   6.0222900e+00  -3.9495600e+00   6.2392800e+00   3.4012000e+00   5.6874600e+00   3.4012000e+00  -2.9047900e+07
   6.0222400e+00  -3.9495300e+00   6.2391000e+00   3.4011900e+00   5.6874500e+00   3.4011900e+00  -2.9047900e+07
   6.0222200e+00  -3.9494600e+00   6.2392300e+00   3.4011900e+00   5.6874500e+00   3.4012000e+00  -2.9047900e+07
   6.0220600e+00  -3.9496500e+00   6.2389200e+00   3.4011900e+00   5.6874400e+00   3.4012000e+00  -2.9047900e+07
   6.0220400e+00  -3.9495500e+00   6.2389600e+00   3.4011900e+00   5.6874500e+00   3.4012000e+00  -2.9047900e+07
   6.0221500e+00  -3.9494900e+00   6.2393800e+00   3.4011900e+00   5.6874400e+00   3.4012000e+00  -2.9047900e+07
   6.0221200e+00  -3.9493900e+00   6.2393600e+00   3.4011900e+00   5.6874500e+00   3.4012000e+00  -2.9047900e+07
   6.0220000e+00  -3.9494400e+00   6.2390500e+00   3.4011900e+00   5.6874500e+00   3.4011900e+00  -2.9047900e+07
   6.0220500e+00  -3.9494800e+00   6.2391700e+00   3.4012000e+00   5.6874600e+00   3.4012000e+00  -2.9047900e+07
   6.0221300e+00  -3.9496000e+00   6.2390600e+00   3.4012000e+00   5.6874700e+00   3.4011900e+00  -2.9047900e+07
   6.0222300e+00  -3.9495400e+00   6.2392800e+00   3.4011900e+00   5.6874600e+00   3.4011900e+00  -2.9047900e+07
   6.0221900e+00  -3.9495200e+00   6.2392000e+00   3.4012000e+00   5.6874600e+00   3.4012000e+00  -2.9047900e+07
   6.0221400e+00  -3.9495500e+00   6.2391200e+00   3.4012000e+00   5.6874600e+00   3.4012000e+00  -2.9047900e+07
   6.0222100e+00  -3.9495100e+00   6.2392400e+00   3.4012000e+00   5.6874700e+00   3.4011900e+00  -2.9047900e+07
   6.0220800e+00  -3.9495500e+00   6.2389100e+00   3.4011900e+00   5.6874600e+00   3.4012000e+00  -2.9047900e+07
   6.0221600e+00  -3.9495000e+00   6.2389900e+00   3.4012000e+00   5.6874500e+00   3.4012000e+00  -2.9047900e+07
   6.0221200e+00  -3.9495300e+00   6.2390200e+00   3.4012000e+00   5.6874300e+00   3.4012000e+00  -2.9047900e+07
   6.0223200e+00  -3.9496500e+00   6.2392400e+00   3.4011900e+00   5.6874400e+00   3.4012000e+00  -2.9047900e+07
   6.0221400e+00  -3.9496400e+00   6.2391400e+00   3.4011900e+00   5.6874400e+00   3.4012000e+00  -2.9047900e+07
   6.0222400e+00  -3.9495900e+00   6.2393300e+00   3.4011900e+00   5.6874400e+00   3.4012000e+00  -2.9047900e+07
   6.0223800e+00  -3.9496400e+00   6.2393700e+00   3.4011900e+00   5.6874500e+00   3.4012000e+00  -2.9047900e+07
   6.0222200e+00  -3.9496100e+00   6.2391900e+00   3.4011900e+00   5.6874500e+00   3.4012000e+00  -2.9047900e+07
   6.0220200e+00  -3.9496100e+00   6.2390400e+00   3.4011900e+00   5.6874500e+00   3.4012000e+00  -2.9047900e+07
   6.0221500e+00  -3.9496300e+00   6.2389600e+00   3.4011800e+00   5.6874400e+00   3.4012000e+00  -2.9047900e+07
   6.0222800e+00  -3.9495900e+00   6.2391100e+00   3.4011800e+00   5.6874500e+00   3.4012000e+00  -2.9047900e+07
   6.0222800e+00  -3.9497000e+00   6.2392500e+00   3.4011800e+00   5.6874500e+00   3.4012000e+00  -2.9047900e+07
   6.0222700e+00  -3.9497200e+00   6.2392300e+00   3.4011900e+00   5.6874500e+00   3.4012000e+00  -2.9047900e+07
   6.0222100e+00  -3.9496000e+00   6.2391600e+00   3.4011900e+00   5.6874400e+00   3.4012000e+00  -2.9047900e+07
   6.0221500e+00  -3.9495400e+00   6.2394200e+00   3.4011800e+00   5.6874500e+00   3.4011900e+00  -2.9047900e+07
   6.0221500e+00  -3.9495600e+00   6.2392700e+00   3.4011900e+00   5.6874400e+00   3.4012000e+00  -2.9047900e+07
   6.0221200e+00  -3.9494400e+00   6.2391800e+00   3.4012000e+00   5.6874400e+00   3.4012000e+00  -2.9047900e+07
   6.0220000e+00  -3.9493700e+00   6.2391900e+00   3.4012000e+00   5.6874300e+00   3.4011900e+00  -2.9047900e+07
   6.0219400e+00  -3.9493500e+00   6.2390000e+00   3.4011900e+00   5.6874200e+00   3.4012000e+00  -2.9047900e+07
   6.0220000e+00  -3.9493000e+00   6.2391500e+00   3.4011900e+00   5.6874200e+00   3.4011900e+00  -2.9047900e+07
   6.0221400e+00  -3.9493300e+00   6.2392900e+00   3.4011900e+00   5.6874200e+00   3.4012000e+00  -2.9047900e+07
   6.0220500e+00  -3.9492900e+00   6.2392400e+00   3.4011900e+00   5.6874200e+00   3.4012000e+00  -2.9047900e+07
   6.0222200e+00  -3.9494300e+00   6.2392600e+00   3.4011900e+00   5.6874200e+00   3.4012000e+00  -2.9047900e+07
   6.0223000e+00  -3.9495900e+00   6.2394200e+00   3.4012000e+00   5.6874200e+00   3.4012000e+00  -2.9047900e+07
   6.0221300e+00  -3.9496000e+00   6.2392700e+00   3.4011900e+00   5.6874300e+00   3.4011900e+00  -2.9047900e+07
   6.0221600e+00  -3.9496200e+00   6.2390200e+00   3.4012000e+00   5.6874200e+00   3.4011900e+00  -2.9047900e+07
   6.0223400e+00  -3.9497400e+00   6.2393000e+00   3.4012000e+00   5.6874300e+00   3.4011900e+00  -2.9047900e+07
   6.0222400e+00  -3.9496600e+00   6.2391600e+00   3.4012000e+00   5.6874200e+00   3.4012000e+00  -2.9047900e+07
   6.0223400e+00  -3.9496400e+00   6.2392300e+00   3.4011900e+00   5.6874100e+00   3.4012000e+00  -2.9047900e+07
   6.0222300e+00  -3.9497100e+00   6.2391400e+00   3.4012000e+00   5.6874200e+00   3.4012000e+00  -2.9047900e+07
   6.0221700e+00  -3.9497200e+00   6.2390400e+00   3.4012000e+00   5.6874100e+00   3.4011900e+00  -2.9047900e+07
   6.0224300e+00  -3.9498600e+00   6.2393000e+00   3.4011900e+00   5.6874100e+00   3.4012000e+00  -2.9047800e+07
   6.0226400e+00  -3.9500400e+00   6.2394500e+00   3.4011900e+00   5.6874100e+00   3.4012000e+00  -2.9047800e+07
   6.0223100e+00  -3.9500400e+00   6.2391200e+00   3.4012000e+00   5.6874100e+00   3.4012000e+00  -2.9047800e+07
   6.0225000e+00  -3.9500800e+00   6.2391600e+00   3.4011900e+00   5.6874000e+00   3.4012000e+00  -2.9047800e+07
   6.0224500e+00  -3.9501600e+00   6.2393400e+00   3.4012000e+00   5.6874000e+00   3.4012000e+00  -2.9047800e+07
   6.0225000e+00  -3.9501200e+00   6.2389900e+00   3.4011900e+00   5.6874100e+00   3.4011900e+00  -2.9047800e+07
   6.0224800e+00  -3.9501800e+00   6.2393100e+00   3.4012000e+00   5.6874000e+00   3.4012000e+00  -2.9047800e+07
   6.0225100e+00  -3.9501500e+00   6.2391900e+00   3.4012000e+00   5.6874000e+00   3.4011900e+00  -2.9047800e+07
   6.0225400e+00  -3.9501500e+00   6.2392400e+00   3.4011900e+00   5.6874100e+00   3.4011900e+00  -2.9047800e+07
   6.0224000e+00  -3.9503500e+00   6.2389300e+00   3.4011900e+00   5.6874100e+00   3.4011900e+00  -2.9047800e+07
   6.0226800e+00  -3.9503700e+00   6.2393300e+00   3.4011900e+00   5.6874100e+00   3.4012000e+00  -2.9047800e+07
   6.0226000e+00  -3.9503700e+00   6.2392900e+00   3.4012000e+00   5.6874100e+00   3.4011900e+00  -2.9047800e+07
   6.0225500e+00  -3.9503800e+00   6.2391000e+00   3.4011900e+00   5.6874100e+00   3.4012000e+00  -2.9047800e+07
   6.0224800e+00  -3.9502900e+00   6.2390400e+00   3.4012000e+00   5.6874000e+00   3.4012000e+00  -2.9047800e+07
   6.0226800e+00  -3.9504100e+00   6.2393200e+00   3.4011900e+00   5.6874000e+00   3.4012000e+00  -2.9047800e+07
   6.0224600e+00  -3.9502100e+00   6.2390100e+00   3.4012000e+00   5.6873900e+00   3.4011900e+00  -2.9047800e+07
   6.0224900e+00  -3.9503300e+00   6.2392700e+00   3.4011900e+00   5.6873900e+00   3.4012000e+00  -2.9047800e+07
   6.0227200e+00  -3.9504200e+00   6.2393500e+00   3.4011900e+00   5.6873900e+00   3.4012000e+00  -2.9047800e+07
   6.0225800e+00  -3.9504000e+00   6.2392200e+00   3.4011900e+00   5.6874000e+00   3.4011900e+00  -2.9047800e+07
   6.0225000e+00  -3.9503000e+00   6.2391200e+00   3.4011900e+00   5.6873900e+00   3.4012000e+00  -2.9047800e+07
   6.0226500e+00  -3.9504600e+00   6.2391800e+00   3.4011900e+00   5.6874000e+00   3.4012000e+00  -2.9047800e+07
   6.0227000e+00  -3.9506100e+00   6.2392400e+00   3.4011900e+00   5.6874100e+00   3.4012000e+00  -2.9047800e+07
   6.0227500e+00  -3.9508200e+00   6.2391200e+00   3.4011900e+00   5.6874200e+00   3.4012000e+00  -2.9047800e+07
   6.0227600e+00  -3.9507400e+00   6.2392400e+00   3.4012000e+00   5.6874100e+00   3.4012000e+00  -2.9047800e+07
   6.0227900e+00  -3.9505900e+00   6.2393300e+00   3.4012000e+00   5.6874100e+00   3.4012000e+00  -2.9047800e+07
   6.0227500e+00  -3.9505900e+00   6.2391900e+00   3.4012000e+00   5.6874100e+00   3.4012000e+00  -2.9047800e+07
   6.0226800e+00  -3.9505600e+00   6.2392500e+00   3.4011900e+00   5.6874100e+00   3.4012000e+00  -2.9047800e+07
   6.0226500e+00  -3.9505200e+00   6.2390300e+00   3.4012000e+00   5.6874000e+00   3.4012000e+00  -2.9047800e+07
   6.0225500e+00  -3.9504500e+00   6.2391400e+00   3.4012000e+00   5.6874100e+00   3.4012000e+00  -2.9047800e+07
   6.0225700e+00  -3.9504200e+00   6.2392900e+00   3.4012000e+00   5.6874100e+00   3.4012000e+00  -2.9047800e+07
   6.0226100e+00  -3.9504800e+00   6.2390400e+00   3.4011900e+00   5.6874000e+00   3.4012000e+00  -2.9047800e+07
   6.0224300e+00  -3.9504100e+00   6.2388200e+00   3.4011900e+00   5.6873900e+00   3.4012000e+00  -2.9047800e+07
   6.0225900e+00  -3.9504400e+00   6.2393200e+00   3.4011800e+00   5.6873900e+00   3.4012000e+00  -2.9047800e+07
   6.0227300e+00  -3.9504400e+00   6.2390900e+00   3.4011900e+00   5.6873900e+00   3.4012000e+00  -2.9047800e+07
   6.0226000e+00  -3.9503500e+00   6.2392100e+00   3.4011900e+00   5.6873900e+00   3.4012000e+00  -2.9047800e+07
   6.0226400e+00  -3.9505000e+00   6.2391700e+00   3.4011900e+00   5.6873900e+00   3.4012000e+00  -2.9047800e+07
   6.0225700e+00  -3.9505200e+00   6.2389300e+00   3.4011900e+00   5.6874000e+00   3.4012000e+00  -2.9047800e+07
   6.0225800e+00  -3.9504700e+00   6.2389600e+00   3.4011900e+00   5.6873900e+00   3.4012000e+00  -2.9047800e+07
   6.0228000e+00  -3.9505400e+00   6.2394700e+00   3.4011900e+00   5.6873900e+00   3.4012000e+00  -2.9047800e+07
   6.0224000e+00  -3.9503700e+00   6.2390700e+00   3.4012000e+00   5.6873900e+00   3.4012000e+00  -2.9047800e+07
   6.0225500e+00  -3.9505200e+00   6.2391100e+00   3.4011900e+00   5.6873900e+00   3.4011900e+00  -2.9047800e+07
   6.0226700e+00  -3.9504000e+00   6.2390800e+00   3.4011800e+00   5.6874000e+00   3.4012000e+00  -2.9047800e+07
   6.0224800e+00  -3.9504100e+00   6.2390200e+00   3.4011800e+00   5.6874000e+00   3.4012000e+00  -2.9047800e+07
   6.0224800e+00  -3.9504700e+00   6.2388600e+00   3.4011900e+00   5.6873900e+00   3.4012000e+00  -2.9047800e+07
   6.0225900e+00  -3.9504500e+00   6.2392000e+00   3.4011900e+00   5.6874100e+00   3.4011900e+00  -2.9047800e+07
   6.0226300e+00  -3.9504400e+00   6.2392300e+00   3.4011900e+00   5.6874000e+00   3.4012000e+00  -2.9047800e+07
   6.0225600e+00  -3.9504200e+00   6.2392300e+00   3.4011900e+00   5.6874100e+00   3.4012000e+00  -2.9047800e+07
   6.0226300e+00  -3.9504100e+00   6.2392700e+00   3.4011900e+00   5.6874000e+00   3.4011900e+00  -2.9047800e+07
   6.0225500e+00  -3.9503700e+00   6.2391300e+00   3.4011900e+00   5.6874100e+00   3.4011900e+00  -2.9047800e+07
   6.0225300e+00  -3.9502100e+00   6.2393500e+00   3.4011900e+00   5.6874100e+00   3.4011900e+00  -2.9047800e+07
   6.0225200e+00  -3.9502400e+00   6.2392300e+00   3.4012000e+00   5.6874100e+00   3.4011900e+00  -2.9047800e+07
   6.0225600e+00  -3.9502700e+00   6.2392000e+00   3.4012000e+00   5.6874000e+00   3.4012000e+00  -2.9047800e+07
   6.0224900e+00  -3.9502000e+00   6.2391100e+00   3.4011900e+00   5.6874100e+00   3.4012000e+00  -2.9047800e+07
   6.0224600e+00  -3.9501900e+00   6.2391900e+00   3.4012000e+00   5.6874000e+00   3.4012000e+00  -2.9047800e+07
   6.0226100e+00  -3.9501700e+00   6.2392100e+00   3.4011900e+00   5.6874000e+00   3.4012000e+00  -2.9047800e+07
   6.0225300e+00  -3.9500900e+00   6.2394000e+00   3.4011900e+00   5.6874000e+00   3.4011900e+00  -2.9047800e+07
   6.0225000e+00  -3.9500500e+00   6.2391600e+00   3.4011900e+00   5.6874000e+00   3.4011900e+00  -2.9047800e+07
   6.0224300e+00  -3.9500400e+00   6.2389300e+00   3.4011900e+00   5.6874100e+00   3.4012000e+00  -2.9047800e+07
   6.0223900e+00  -3.9501300e+00   6.2391500e+00   3.4011900e+00   5.6874000e+00   3.4011900e+00  -2.9047800e+07
   6.0223700e+00  -3.9500800e+00   6.2392800e+00   3.4011900e+00   5.6874100e+00   3.4012000e+00  -2.9047800e+07
   6.0225000e+00  -3.9499300e+00   6.2393600e+00   3.4011900e+00   5.6874100e+00   3.4012000e+00  -2.9047800e+07
   6.0223400e+00  -3.9499200e+00   6.2391000e+00   3.4011900e+00   5.6874100e+00   3.4011900e+00  -2.9047800e+07
   6.0223800e+00  -3.9499100e+00   6.2392600e+00   3.4011900e+00   5.6874200e+00   3.4012000e+00  -2.9047800e+07
   6.0223800e+00  -3.9499100e+00   6.2391400e+00   3.4012000e+00   5.6874200e+00   3.4012000e+00  -2.9047800e+07
   6.0224400e+00  -3.9499700e+00   6.2392200e+00   3.4012000e+00   5.6874100e+00   3.4012000e+00  -2.9047800e+07
   6.0225100e+00  -3.9500500e+00   6.2393700e+00   3.4011900e+00   5.6874100e+00   3.4011900e+00  -2.9047800e+07
   6.0223600e+00  -3.9500200e+00   6.2391000e+00   3.4012000e+00   5.6874100e+00   3.4012000e+00  -2.9047800e+07
   6.0225300e+00  -3.9501100e+00   6.2395000e+00   3.4011900e+00   5.6874100e+00   3.4012000e+00  -2.9047800e+07
   6.0224200e+00  -3.9501200e+00   6.2390500e+00   3.4011900e+00   5.6874100e+00   3.4011900e+00  -2.9047800e+07
   6.0224500e+00  -3.9500500e+00   6.2391900e+00   3.4011900e+00   5.6874000e+00   3.4012000e+00  -2.9047800e+07
   6.0224100e+00  -3.9501700e+00   6.2390500e+00   3.4012000e+00   5.6874100e+00   3.4012000e+00  -2.9047800e+07
   6.0224600e+00  -3.9501700e+00   6.2390800e+00   3.4012000e+00   5.6874100e+00   3.4012000e+00  -2.9047800e+07
   6.0224700e+00  -3.9502000e+00   6.2391800e+00   3.4011900e+00   5.6874100e+00   3.4012000e+00  -2.9047800e+07
   6.0224200e+00  -3.9502300e+00   6.2389200e+00   3.4012000e+00   5.6874200e+00   3.4012000e+00  -2.9047800e+07
   6.0223800e+00  -3.9502400e+00   6.2390800e+00   3.4011900e+00   5.6874100e+00   3.4011900e+00  -2.9047800e+07
   6.0223400e+00  -3.9503100e+00   6.2390200e+00   3.4011900e+00   5.6874100e+00   3.4012000e+00  -2.9047800e+07
   6.0226900e+00  -3.9504100e+00   6.2393300e+00   3.4011900e+00   5.6873900e+00   3.4012000e+00  -2.9047800e+07
   6.0225500e+00  -3.9504800e+00   6.2392200e+00   3.4011900e+00   5.6873800e+00   3.4012000e+00  -2.9047800e+07
   6.0225400e+00  -3.9503100e+00   6.2391600e+00   3.4012000e+00   5.6873900e+00   3.4011900e+00  -2.9047800e+07
   6.0227200e+00  -3.9504200e+00   6.2392200e+00   3.4012000e+00   5.6873800e+00   3.4011900e+00  -2.9047800e+07
   6.0225900e+00  -3.9504200e+00   6.2391400e+00   3.4011900e+00   5.6873700e+00   3.4012000e+00  -2.9047800e+07
   6.0225800e+00  -3.9504900e+00   6.2390000e+00   3.4012000e+00   5.6873600e+00   3.4011900e+00  -2.9047800e+07
   6.0226100e+00  -3.9503400e+00   6.2390800e+00   3.4011900e+00   5.6873700e+00   3.4011900e+00  -2.9047800e+07
   6.0225700e+00  -3.9503300e+00   6.2389500e+00   3.4012000e+00   5.6873800e+00   3.4011900e+00  -2.9047800e+07
   6.0226800e+00  -3.9502500e+00   6.2393100e+00   3.4012000e+00   5.6873700e+00   3.4012000e+00  -2.9047800e+07
   6.0224300e+00  -3.9502800e+00   6.2390500e+00   3.4011900e+00   5.6873800e+00   3.4012000e+00  -2.9047800e+07
   6.0225100e+00  -3.9501600e+00   6.2391100e+00   3.4012000e+00   5.6873800e+00   3.4011900e+00  -2.9047800e+07
   6.0224300e+00  -3.9501200e+00   6.2391200e+00   3.4011900e+00   5.6873700e+00   3.4011900e+00  -2.9047800e+07
   6.0223700e+00  -3.9501300e+00   6.2392300e+00   3.4011900e+00   5.6873700e+00   3.4012000e+00  -2.9047800e+07
   6.0225300e+00  -3.9502800e+00   6.2391800e+00   3.4011900e+00   5.6873600e+00   3.4012000e+00  -2.9047800e+07
   6.0224900e+00  -3.9501600e+00   6.2390500e+00   3.4012000e+00   5.6873700e+00   3.4011900e+00  -2.9047800e+07
   6.0224400e+00  -3.9501100e+00   6.2389500e+00   3.4012000e+00   5.6873800e+00   3.4011900e+00  -2.9047800e+07
   6.0225600e+00  -3.9501900e+00   6.2393900e+00   3.4012000e+00   5.6873800e+00   3.4012000e+00  -2.9047800e+07
   6.0226200e+00  -3.9502100e+00   6.2392400e+00   3.4012000e+00   5.6873900e+00   3.4012000e+00  -2.9047800e+07
   6.0225200e+00  -3.9499400e+00   6.2392800e+00   3.4011900e+00   5.6873800e+00   3.4011900e+00  -2.9047900e+07
   6.0222900e+00  -3.9500100e+00   6.2389800e+00   3.4012000e+00   5.6873900e+00   3.4012000e+00  -2.9047800e+07
   6.0222200e+00  -3.9499700e+00   6.2389800e+00   3.4011900e+00   5.6873900e+00   3.4011900e+00  -2.9047800e+07
   6.0223100e+00  -3.9498600e+00   6.2391400e+00   3.4011900e+00   5.6873700e+00   3.4012000e+00  -2.9047900e+07
   6.0223100e+00  -3.9498700e+00   6.2392100e+00   3.4011800e+00   5.6873900e+00   3.4012000e+00  -2.9047900e+07
   6.0223400e+00  -3.9498400e+00   6.2390100e+00   3.4011800e+00   5.6873900e+00   3.4011900e+00  -2.9047900e+07
   6.0223400e+00  -3.9499000e+00   6.2389800e+00   3.4011800e+00   5.6873900e+00   3.4012000e+00  -2.9047800e+07
   6.0223900e+00  -3.9499100e+00   6.2392800e+00   3.4011800e+00   5.6873900e+00   3.4012000e+00  -2.9047800e+07
   6.0224100e+00  -3.9499000e+00   6.2391900e+00   3.4011800e+00   5.6873900e+00   3.4011900e+00  -2.9047900e+07
   6.0224600e+00  -3.9498800e+00   6.2392000e+00   3.4011800e+00   5.6873900e+00   3.4012000e+00  -2.9047900e+07
   6.0224200e+00  -3.9498800e+00   6.2391400e+00   3.4011800e+00   5.6873900e+00   3.4011900e+00  -2.9047900e+07
   6.0224400e+00  -3.9499200e+00   6.2393200e+00   3.4011800e+00   5.6873900e+00   3.4011900e+00  -2.9047800e+07
   6.0224500e+00  -3.9499200e+00   6.2392200e+00   3.4011800e+00   5.6873900e+00   3.4012000e+00  -2.9047800e+07
   6.0223200e+00  -3.9499500e+00   6.2390400e+00   3.4011800e+00   5.6873800e+00   3.4012000e+00  -2.9047800e+07
   6.0223600e+00  -3.9499200e+00   6.2391800e+00   3.4011800e+00   5.6873800e+00   3.4012000e+00  -2.9047800e+07
   6.0223900e+00  -3.9498800e+00   6.2392200e+00   3.4011800e+00   5.6873800e+00   3.4012000e+00  -2.9047800e+07
   6.0225000e+00  -3.9499600e+00   6.2392200e+00   3.4011900e+00   5.6873800e+00   3.4012000e+00  -2.9047800e+07
   6.0222700e+00  -3.9498900e+00   6.2392600e+00   3.4011900e+00   5.6873800e+00   3.4012000e+00  -2.9047900e+07
   6.0225300e+00  -3.9498700e+00   6.2395400e+00   3.4011900e+00   5.6873700e+00   3.4012000e+00  -2.9047900e+07
   6.0220700e+00  -3.9497700e+00   6.2390400e+00   3.4011900e+00   5.6873600e+00   3.4012000e+00  -2.9047900e+07
   6.0224100e+00  -3.9497700e+00   6.2393200e+00   3.4011900e+00   5.6873800e+00   3.4012000e+00  -2.9047900e+07
   6.0224800e+00  -3.9499400e+00   6.2392400e+00   3.4012000e+00   5.6873800e+00   3.4011900e+00  -2.9047800e+07
   6.0223800e+00  -3.9500400e+00   6.2390000e+00   3.4011900e+00   5.6873900e+00   3.4012000e+00  -2.9047800e+07
   6.0224400e+00  -3.9500700e+00   6.2389100e+00   3.4012000e+00   5.6873900e+00   3.4012000e+00  -2.9047800e+07
   6.0224900e+00  -3.9500900e+00   6.2391200e+00   3.4012000e+00   5.6873900e+00   3.4012000e+00  -2.9047800e+07
   6.0224600e+00  -3.9498900e+00   6.2392400e+00   3.4011900e+00   5.6873900e+00   3.4011900e+00  -2.9047900e+07
   6.0221700e+00  -3.9498900e+00   6.2390300e+00   3.4012000e+00   5.6873800e+00   3.4012000e+00  -2.9047900e+07
   6.0223000e+00  -3.9499200e+00   6.2391400e+00   3.4012000e+00   5.6873800e+00   3.4011900e+00  -2.9047800e+07
   6.0224200e+00  -3.9500000e+00   6.2392600e+00   3.4012000e+00   5.6873800e+00   3.4011900e+00  -2.9047800e+07
   6.0224400e+00  -3.9499800e+00   6.2392100e+00   3.4012000e+00   5.6873800e+00   3.4012000e+00  -2.9047800e+07
   6.0224500e+00  -3.9500600e+00   6.2393600e+00   3.4012000e+00   5.6873800e+00   3.4012000e+00  -2.9047800e+07
   6.0224600e+00  -3.9501000e+00   6.2389100e+00   3.4012000e+00   5.6873900e+00   3.4012000e+00  -2.9047800e+07
   6.0224500e+00  -3.9501600e+00   6.2391900e+00   3.4012000e+00   5.6873900e+00   3.4012000e+00  -2.9047800e+07
   6.0226400e+00  -3.9503600e+00   6.2392400e+00   3.4011900e+00   5.6874000e+00   3.4012000e+00  -2.9047800e+07
   6.0226000e+00  -3.9504000e+00   6.2392400e+00   3.4012000e+00   5.6874100e+00   3.4012000e+00  -2.9047800e+07
   6.0226400e+00  -3.9503900e+00   6.2392600e+00   3.4011900e+00   5.6874200e+00   3.4012000e+00  -2.9047800e+07
   6.0227300e+00  -3.9504400e+00   6.2394600e+00   3.4011900e+00   5.6874200e+00   3.4012000e+00  -2.9047800e+07
   6.0226100e+00  -3.9504800e+00   6.2393500e+00   3.4012000e+00   5.6874200e+00   3.4012000e+00  -2.9047800e+07
   6.0226800e+00  -3.9505000e+00   6.2390900e+00   3.4011900e+00   5.6874300e+00   3.4012000e+00  -2.9047800e+07
   6.0226900e+00  -3.9504900e+00   6.2393600e+00   3.4011900e+00   5.6874200e+00   3.4011900e+00  -2.9047800e+07
   6.0227700e+00  -3.9507700e+00   6.2391200e+00   3.4012000e+00   5.6874200e+00   3.4011900e+00  -2.9047800e+07
   6.0227200e+00  -3.9507600e+00   6.2391100e+00   3.4011900e+00   5.6874200e+00   3.4011900e+00  -2.9047800e+07
   6.0227300e+00  -3.9508100e+00   6.2389600e+00   3.4012000e+00   5.6874200e+00   3.4011900e+00  -2.9047800e+07
   6.0228600e+00  -3.9509000e+00   6.2390900e+00   3.4011900e+00   5.6874200e+00   3.4012000e+00  -2.9047800e+07
   6.0229900e+00  -3.9510000e+00   6.2393800e+00   3.4012000e+00   5.6874200e+00   3.4012000e+00  -2.9047800e+07
   6.0228300e+00  -3.9509500e+00   6.2392900e+00   3.4012000e+00   5.6874300e+00   3.4012000e+00  -2.9047800e+07
   6.0228300e+00  -3.9510600e+00   6.2392900e+00   3.4011900e+00   5.6874200e+00   3.4011900e+00  -2.9047800e+07
   6.0228100e+00  -3.9510600e+00   6.2391900e+00   3.4012000e+00   5.6874100e+00   3.4011900e+00  -2.9047800e+07
   6.0226500e+00  -3.9510200e+00   6.2388900e+00   3.4012000e+00   5.6874200e+00   3.4012000e+00  -2.9047800e+07
   6.0228700e+00  -3.9509600e+00   6.2391200e+00   3.4011900e+00   5.6874200e+00   3.4012000e+00  -2.9047800e+07
   6.0228100e+00  -3.9509200e+00   6.2393500e+00   3.4011800e+00   5.6874000e+00   3.4011900e+00  -2.9047800e+07
   6.0228900e+00  -3.9508900e+00   6.2392800e+00   3.4011800e+00   5.6874000e+00   3.4011900e+00  -2.9047800e+07
   6.0228100e+00  -3.9507800e+00   6.2391800e+00   3.4011900e+00   5.6874000e+00   3.4011900e+00  -2.9047800e+07
