   6.0258100e+00  -3.9569400e+00   6.2393100e+00   3.4011900e+00   5.6872100e+00   3.4012000e+00  -1.0892900e+07
   6.0253200e+00  -3.9571000e+00   6.2383700e+00   3.4011900e+00   5.6873100e+00   3.4011900e+00  -1.0892900e+07
   6.0254800e+00  -3.9570200e+00   6.2387000e+00   3.4011900e+00   5.6873100e+00   3.4011900e+00  -1.0892900e+07
   6.0259600e+00  -3.9569900e+00   6.2389000e+00   3.4011900e+00   5.6870200e+00   3.4011900e+00  -1.0892900e+07
   6.0259600e+00  -3.9570800e+00   6.2390800e+00   3.4011900e+00   5.6872000e+00   3.4011900e+00  -1.0892900e+07
   6.0256900e+00  -3.9567800e+00   6.2387700e+00   3.4011600e+00   5.6871100e+00   3.4011900e+00  -1.0892900e+07
   6.0255500e+00  -3.9567800e+00   6.2391000e+00   3.4011400e+00   5.6873000e+00   3.4011800e+00  -1.0892900e+07
   6.0255600e+00  -3.9568400e+00   6.2387700e+00   3.4011800e+00   5.6871500e+00   3.4011900e+00  -1.0892900e+07
   6.0254000e+00  -3.9569500e+00   6.2386900e+00   3.4011800e+00   5.6872300e+00   3.4011900e+00  -1.0892900e+07
   6.0256400e+00  -3.9570600e+00   6.2385800e+00   3.4011900e+00   5.6872300e+00   3.4011900e+00  -1.0892900e+07
   6.0253500e+00  -3.9568500e+00   6.2390800e+00   3.4011900e+00   5.6874500e+00   3.4011900e+00  -1.0892900e+07
   6.0255900e+00  -3.9571100e+00   6.2387400e+00   3.4011400e+00   5.6875000e+00   3.4011900e+00  -1.0892900e+07
   6.0257900e+00  -3.9570300e+00   6.2390000e+00   3.4011900e+00   5.6873000e+00   3.4012000e+00  -1.0892900e+07
   6.0259800e+00  -3.9571500e+00   6.2390800e+00   3.4011800e+00   5.6872800e+00   3.4012000e+00  -1.0892900e+07
   6.0256900e+00  -3.9572700e+00   6.2383900e+00   3.4011900e+00   5.6872800e+00   3.4012000e+00  -1.0892900e+07
   6.0257200e+00  -3.9573000e+00   6.2391300e+00   3.4011900e+00   5.6873400e+00   3.4011900e+00  -1.0892900e+07
   6.0258100e+00  -3.9573100e+00   6.2390100e+00   3.4011900e+00   5.6873700e+00   3.4011900e+00  -1.0892900e+07
   6.0258200e+00  -3.9572000e+00   6.2387400e+00   3.4011800e+00   5.6873300e+00   3.4011900e+00  -1.0892900e+07
   6.0257100e+00  -3.9571600e+00   6.2388500e+00   3.4011500e+00   5.6871700e+00   3.4011900e+00  -1.0892900e+07
   6.0258300e+00  -3.9568900e+00   6.2391600e+00   3.4011400e+00   5.6872300e+00   3.4012000e+00  -1.0892900e+07
   6.0254400e+00  -3.9569200e+00   6.2389800e+00   3.4011900e+00   5.6873300e+00   3.4011900e+00  -1.0892900e+07
   6.0254600e+00  -3.9568800e+00   6.2386000e+00   3.4011800e+00   5.6871800e+00   3.4011900e+00  -1.0892900e+07
   6.0257500e+00  -3.9572100e+00   6.2389000e+00   3.4011700e+00   5.6873700e+00   3.4011900e+00  -1.0892900e+07
   6.0258000e+00  -3.9570000e+00   6.2389900e+00   3.4011700e+00   5.6874000e+00   3.4012000e+00  -1.0892900e+07
   6.0253800e+00  -3.9570700e+00   6.2385200e+00   3.4011900e+00   5.6874800e+00   3.4012000e+00  -1.0892900e+07
   6.0254700e+00  -3.9570500e+00   6.2386600e+00   3.4011800e+00   5.6873500e+00   3.4011900e+00  -1.0892900e+07
   6.0258200e+00  -3.9570600e+00   6.2388600e+00   3.4011800e+00   5.6872400e+00   3.4011900e+00  -1.0892900e+07
   6.0260300e+00  -3.9575000e+00   6.2393500e+00   3.4012000e+00   5.6873200e+00   3.4012000e+00  -1.0892900e+07
   6.0258100e+00  -3.9576200e+00   6.2384900e+00   3.4011900e+00   5.6872100e+00   3.4011900e+00  -1.0892900e+07
   6.0260100e+00  -3.9574800e+00   6.2389900e+00   3.4012000e+00   5.6872100e+00   3.4012000e+00  -1.0892900e+07
   6.0259000e+00  -3.9574500e+00   6.2390300e+00   3.4011700e+00   5.6873400e+00   3.4011900e+00  -1.0892900e+07
   6.0260100e+00  -3.9573400e+00   6.2387600e+00   3.4011800e+00   5.6872500e+00   3.4012000e+00  -1.0892900e+07
   6.0260600e+00  -3.9574000e+00   6.2390800e+00   3.4011900e+00   5.6872700e+00   3.4012000e+00  -1.0892900e+07
   6.0257900e+00  -3.9573900e+00   6.2389800e+00   3.4011700e+00   5.6872700e+00   3.4012000e+00  -1.0892900e+07
   6.0258800e+00  -3.9574500e+00   6.2393400e+00   3.4011500e+00   5.6873800e+00   3.4012000e+00  -1.0892900e+07
   6.0260000e+00  -3.9578200e+00   6.2392700e+00   3.4011900e+00   5.6873800e+00   3.4012000e+00  -1.0892900e+07
   6.0260200e+00  -3.9578300e+00   6.2388100e+00   3.4011900e+00   5.6874200e+00   3.4012000e+00  -1.0892900e+07
   6.0260100e+00  -3.9579000e+00   6.2388800e+00   3.4011800e+00   5.6872700e+00   3.4011900e+00  -1.0892900e+07
   6.0260600e+00  -3.9580100e+00   6.2386600e+00   3.4011300e+00   5.6874100e+00   3.4012000e+00  -1.0892900e+07
   6.0257900e+00  -3.9581100e+00   6.2386200e+00   3.4011800e+00   5.6874000e+00   3.4011900e+00  -1.0892900e+07
   6.0260500e+00  -3.9583000e+00   6.2386300e+00   3.4011800e+00   5.6872000e+00   3.4012000e+00  -1.0892900e+07
   6.0262400e+00  -3.9583600e+00   6.2386900e+00   3.4011800e+00   5.6872600e+00   3.4012000e+00  -1.0892800e+07
   6.0261500e+00  -3.9581600e+00   6.2387800e+00   3.4011600e+00   5.6871800e+00   3.4012000e+00  -1.0892900e+07
   6.0263700e+00  -3.9582800e+00   6.2388800e+00   3.4011600e+00   5.6873100e+00   3.4011900e+00  -1.0892900e+07
   6.0261800e+00  -3.9581900e+00   6.2385900e+00   3.4011300e+00   5.6873500e+00   3.4011900e+00  -1.0892900e+07
   6.0260700e+00  -3.9582200e+00   6.2390600e+00   3.4011900e+00   5.6873200e+00   3.4011900e+00  -1.0892900e+07
   6.0262000e+00  -3.9582700e+00   6.2389300e+00   3.4012000e+00   5.6874400e+00   3.4011900e+00  -1.0892800e+07
   6.0261400e+00  -3.9580800e+00   6.2389000e+00   3.4011800e+00   5.6873000e+00   3.4012000e+00  -1.0892800e+07
   6.0260800e+00  -3.9581000e+00   6.2390300e+00   3.4011900e+00   5.6873300e+00   3.4012000e+00  -1.0892800e+07
   6.0260800e+00  -3.9577000e+00   6.2390500e+00   3.4011900e+00   5.6873000e+00   3.4012000e+00  -1.0892900e+07
   6.0259600e+00  -3.9578700e+00   6.2390100e+00   3.4011900e+00   5.6874200e+00   3.4011900e+00  -1.0892900e+07
   6.0260600e+00  -3.9575200e+00   6.2390400e+00   3.4011500e+00   5.6872300e+00   3.4011900e+00  -1.0892900e+07
   6.0255300e+00  -3.9574100e+00   6.2386300e+00   3.4011800e+00   5.6872900e+00   3.4011900e+00  -1.0892900e+07
   6.0258200e+00  -3.9572500e+00   6.2389900e+00   3.4011800e+00   5.6872600e+00   3.4012000e+00  -1.0892900e+07
   6.0255900e+00  -3.9570300e+00   6.2385600e+00   3.4011900e+00   5.6873200e+00   3.4012000e+00  -1.0892900e+07
   6.0257800e+00  -3.9571400e+00   6.2386700e+00   3.4011800e+00   5.6872000e+00   3.4011900e+00  -1.0892900e+07
   6.0257300e+00  -3.9573200e+00   6.2387200e+00   3.4011900e+00   5.6871900e+00   3.4011700e+00  -1.0892900e+07
   6.0254400e+00  -3.9573200e+00   6.2381000e+00   3.4011700e+00   5.6870800e+00   3.4011800e+00  -1.0892900e+07
   6.0256500e+00  -3.9572800e+00   6.2390100e+00   3.4011900e+00   5.6871900e+00   3.4011900e+00  -1.0892900e+07
   6.0256800e+00  -3.9573100e+00   6.2387700e+00   3.4011800e+00   5.6874100e+00   3.4011900e+00  -1.0892900e+07
   6.0256600e+00  -3.9571500e+00   6.2386800e+00   3.4011900e+00   5.6870500e+00   3.4011900e+00  -1.0892900e+07
   6.0259400e+00  -3.9572200e+00   6.2391200e+00   3.4012000e+00   5.6873900e+00   3.4011900e+00  -1.0892900e+07
   6.0258400e+00  -3.9573900e+00   6.2390700e+00   3.4011800e+00   5.6873200e+00   3.4011900e+00  -1.0892900e+07
   6.0256400e+00  -3.9574400e+00   6.2386200e+00   3.4011900e+00   5.6872600e+00   3.4011900e+00  -1.0892900e+07
   6.0257300e+00  -3.9573600e+00   6.2390400e+00   3.4012000e+00   5.6873500e+00   3.4011900e+00  -1.0892900e+07
   6.0259700e+00  -3.9578100e+00   6.2387600e+00   3.4011400e+00   5.6874000e+00   3.4011900e+00  -1.0892900e+07
   6.0259800e+00  -3.9578200e+00   6.2388000e+00   3.4011700e+00   5.6875000e+00   3.4012000e+00  -1.0892900e+07
   6.0258900e+00  -3.9576100e+00   6.2387600e+00   3.4011700e+00   5.6873100e+00   3.4011900e+00  -1.0892900e+07
   6.0260800e+00  -3.9575500e+00   6.2389200e+00   3.4011800e+00   5.6873800e+00   3.4012000e+00  -1.0892900e+07
   6.0257500e+00  -3.9577600e+00   6.2385600e+00   3.4011800e+00   5.6872200e+00   3.4012000e+00  -1.0892900e+07
   6.0262900e+00  -3.9575900e+00   6.2395400e+00   3.4011900e+00   5.6874700e+00   3.4011900e+00  -1.0892900e+07
   6.0259900e+00  -3.9575400e+00   6.2391600e+00   3.4011900e+00   5.6872900e+00   3.4011900e+00  -1.0892900e+07
   6.0261700e+00  -3.9576300e+00   6.2390300e+00   3.4011400e+00   5.6872900e+00   3.4011900e+00  -1.0892900e+07
   6.0254200e+00  -3.9576500e+00   6.2383700e+00   3.4011900e+00   5.6874000e+00   3.4012000e+00  -1.0892900e+07
   6.0258600e+00  -3.9576700e+00   6.2388100e+00   3.4011600e+00   5.6872000e+00   3.4012000e+00  -1.0892900e+07
   6.0262900e+00  -3.9577800e+00   6.2390500e+00   3.4011900e+00   5.6872000e+00   3.4011900e+00  -1.0892900e+07
   6.0260100e+00  -3.9578900e+00   6.2390400e+00   3.4011900e+00   5.6873500e+00   3.4011900e+00  -1.0892900e+07
   6.0260800e+00  -3.9579600e+00   6.2388900e+00   3.4011500e+00   5.6873100e+00   3.4012000e+00  -1.0892900e+07
   6.0262200e+00  -3.9581000e+00   6.2387800e+00   3.4011700e+00   5.6874200e+00   3.4012000e+00  -1.0892900e+07
   6.0261500e+00  -3.9581300e+00   6.2388600e+00   3.4011800e+00   5.6872000e+00   3.4012000e+00  -1.0892800e+07
   6.0264400e+00  -3.9581700e+00   6.2389000e+00   3.4011900e+00   5.6873100e+00   3.4011900e+00  -1.0892900e+07
   6.0262500e+00  -3.9582700e+00   6.2389100e+00   3.4011900e+00   5.6872800e+00   3.4011900e+00  -1.0892800e+07
   6.0261400e+00  -3.9581200e+00   6.2389500e+00   3.4012000e+00   5.6874300e+00   3.4012000e+00  -1.0892800e+07
   6.0260800e+00  -3.9578200e+00   6.2388900e+00   3.4011900e+00   5.6872700e+00   3.4011900e+00  -1.0892900e+07
   6.0258400e+00  -3.9579700e+00   6.2388000e+00   3.4011900e+00   5.6874600e+00   3.4012000e+00  -1.0892900e+07
   6.0255800e+00  -3.9576000e+00   6.2385600e+00   3.4011900e+00   5.6872800e+00   3.4011900e+00  -1.0892900e+07
   6.0257100e+00  -3.9577000e+00   6.2387800e+00   3.4011700e+00   5.6873600e+00   3.4011800e+00  -1.0892900e+07
   6.0259100e+00  -3.9574800e+00   6.2390600e+00   3.4011800e+00   5.6873300e+00   3.4011900e+00  -1.0892900e+07
   6.0260200e+00  -3.9574000e+00   6.2393300e+00   3.4011600e+00   5.6872900e+00   3.4012000e+00  -1.0892900e+07
   6.0255700e+00  -3.9572700e+00   6.2386100e+00   3.4011800e+00   5.6872500e+00   3.4012000e+00  -1.0892900e+07
   6.0256200e+00  -3.9572500e+00   6.2383100e+00   3.4011800e+00   5.6870800e+00   3.4012000e+00  -1.0892900e+07
   6.0254000e+00  -3.9568600e+00   6.2386900e+00   3.4011700e+00   5.6873900e+00   3.4012000e+00  -1.0892900e+07
   6.0255300e+00  -3.9568300e+00   6.2388500e+00   3.4011800e+00   5.6874300e+00   3.4012000e+00  -1.0892900e+07
   6.0251500e+00  -3.9565700e+00   6.2381500e+00   3.4011900e+00   5.6872200e+00   3.4011900e+00  -1.0892900e+07
   6.0254000e+00  -3.9565600e+00   6.2387300e+00   3.4011800e+00   5.6874000e+00   3.4011900e+00  -1.0892900e+07
   6.0254100e+00  -3.9563400e+00   6.2389200e+00   3.4011900e+00   5.6872500e+00   3.4011900e+00  -1.0892900e+07
   6.0252500e+00  -3.9563700e+00   6.2389100e+00   3.4011900e+00   5.6873600e+00   3.4011900e+00  -1.0892900e+07
   6.0254600e+00  -3.9564000e+00   6.2389900e+00   3.4011900e+00   5.6873600e+00   3.4011900e+00  -1.0892900e+07
   6.0255300e+00  -3.9564200e+00   6.2388600e+00   3.4011900e+00   5.6872500e+00   3.4011900e+00  -1.0892900e+07
   6.0252500e+00  -3.9561900e+00   6.2390500e+00   3.4011900e+00   5.6872500e+00   3.4011900e+00  -1.0892900e+07
   6.0254500e+00  -3.9561400e+00   6.2390200e+00   3.4011500e+00   5.6872800e+00   3.4011900e+00  -1.0892900e+07
   6.0255100e+00  -3.9566400e+00   6.2387900e+00   3.4009900e+00   5.6872300e+00   3.4012000e+00  -1.0892900e+07
   6.0253800e+00  -3.9565400e+00   6.2389300e+00   3.4011700e+00   5.6871900e+00   3.4011900e+00  -1.0892900e+07
   6.0254700e+00  -3.9565800e+00   6.2390800e+00   3.4011800e+00   5.6873800e+00   3.4011900e+00  -1.0892900e+07
   6.0254200e+00  -3.9569200e+00   6.2388000e+00   3.4011800e+00   5.6874700e+00   3.4011900e+00  -1.0892900e+07
   6.0254000e+00  -3.9566900e+00   6.2386100e+00   3.4011900e+00   5.6872100e+00   3.4011900e+00  -1.0892900e+07
   6.0254800e+00  -3.9566700e+00   6.2388500e+00   3.4010900e+00   5.6872900e+00   3.4011900e+00  -1.0892900e+07
   6.0256400e+00  -3.9568300e+00   6.2389700e+00   3.4011900e+00   5.6872600e+00   3.4012000e+00  -1.0892900e+07
   6.0252800e+00  -3.9568200e+00   6.2388500e+00   3.4011600e+00   5.6874100e+00   3.4011900e+00  -1.0892900e+07
   6.0256400e+00  -3.9573700e+00   6.2388900e+00   3.4011800e+00   5.6873600e+00   3.4012000e+00  -1.0892900e+07
   6.0261100e+00  -3.9575500e+00   6.2387100e+00   3.4011800e+00   5.6872100e+00   3.4011900e+00  -1.0892900e+07
   6.0257900e+00  -3.9573800e+00   6.2389100e+00   3.4011600e+00   5.6873700e+00   3.4011900e+00  -1.0892900e+07
   6.0257600e+00  -3.9575900e+00   6.2388500e+00   3.4011900e+00   5.6873300e+00   3.4011900e+00  -1.0892900e+07
   6.0260400e+00  -3.9576800e+00   6.2388600e+00   3.4011400e+00   5.6873300e+00   3.4011900e+00  -1.0892900e+07
   6.0257500e+00  -3.9577100e+00   6.2388100e+00   3.4011900e+00   5.6872000e+00   3.4011900e+00  -1.0892900e+07
   6.0258000e+00  -3.9575800e+00   6.2385300e+00   3.4011700e+00   5.6871200e+00   3.4012000e+00  -1.0892900e+07
   6.0260700e+00  -3.9576800e+00   6.2388400e+00   3.4011900e+00   5.6871800e+00   3.4011900e+00  -1.0892900e+07
   6.0260300e+00  -3.9578000e+00   6.2391000e+00   3.4011900e+00   5.6874100e+00   3.4011900e+00  -1.0892900e+07
   6.0259000e+00  -3.9577800e+00   6.2386400e+00   3.4011800e+00   5.6873000e+00   3.4012000e+00  -1.0892900e+07
   6.0262000e+00  -3.9580000e+00   6.2390400e+00   3.4011800e+00   5.6873400e+00   3.4011900e+00  -1.0892900e+07
   6.0262500e+00  -3.9580500e+00   6.2389400e+00   3.4011900e+00   5.6873000e+00   3.4011800e+00  -1.0892900e+07
   6.0263100e+00  -3.9583100e+00   6.2391600e+00   3.4011600e+00   5.6873600e+00   3.4011900e+00  -1.0892900e+07
   6.0261800e+00  -3.9584400e+00   6.2388000e+00   3.4011900e+00   5.6874200e+00   3.4012000e+00  -1.0892800e+07
   6.0264300e+00  -3.9584700e+00   6.2390700e+00   3.4011700e+00   5.6873600e+00   3.4011900e+00  -1.0892800e+07
   6.0264800e+00  -3.9585400e+00   6.2389500e+00   3.4011900e+00   5.6873700e+00   3.4011800e+00  -1.0892900e+07
   6.0261700e+00  -3.9583700e+00   6.2389000e+00   3.4011900e+00   5.6875000e+00   3.4011900e+00  -1.0892900e+07
   6.0266600e+00  -3.9585500e+00   6.2390000e+00   3.4011700e+00   5.6874000e+00   3.4012000e+00  -1.0892900e+07
   6.0266600e+00  -3.9585600e+00   6.2392100e+00   3.4011900e+00   5.6873800e+00   3.4011900e+00  -1.0892900e+07
   6.0263200e+00  -3.9586100e+00   6.2390100e+00   3.4010800e+00   5.6875000e+00   3.4012000e+00  -1.0892900e+07
   6.0260500e+00  -3.9585300e+00   6.2385000e+00   3.4011600e+00   5.6873200e+00   3.4012000e+00  -1.0892900e+07
   6.0263200e+00  -3.9584400e+00   6.2387400e+00   3.4012000e+00   5.6872500e+00   3.4011900e+00  -1.0892800e+07
   6.0261200e+00  -3.9584300e+00   6.2387400e+00   3.4011500e+00   5.6873600e+00   3.4012000e+00  -1.0892800e+07
   6.0262900e+00  -3.9583600e+00   6.2390500e+00   3.4011900e+00   5.6872200e+00   3.4011900e+00  -1.0892900e+07
   6.0262300e+00  -3.9584200e+00   6.2389800e+00   3.4011300e+00   5.6872300e+00   3.4011900e+00  -1.0892900e+07
   6.0263600e+00  -3.9585200e+00   6.2387600e+00   3.4011900e+00   5.6871900e+00   3.4011900e+00  -1.0892800e+07
   6.0263400e+00  -3.9586100e+00   6.2389000e+00   3.4011800e+00   5.6873100e+00   3.4012000e+00  -1.0892800e+07
   6.0262600e+00  -3.9586400e+00   6.2387000e+00   3.4011900e+00   5.6874300e+00   3.4011900e+00  -1.0892800e+07
   6.0263400e+00  -3.9585000e+00   6.2390200e+00   3.4011900e+00   5.6874000e+00   3.4011900e+00  -1.0892800e+07
   6.0261100e+00  -3.9583900e+00   6.2388500e+00   3.4012000e+00   5.6873100e+00   3.4011900e+00  -1.0892800e+07
   6.0262700e+00  -3.9585800e+00   6.2387800e+00   3.4011800e+00   5.6875000e+00   3.4011900e+00  -1.0892900e+07
   6.0263600e+00  -3.9584000e+00   6.2389300e+00   3.4011800e+00   5.6873100e+00   3.4011900e+00  -1.0892800e+07
   6.0266100e+00  -3.9584800e+00   6.2394300e+00   3.4011900e+00   5.6873200e+00   3.4011900e+00  -1.0892900e+07
   6.0260900e+00  -3.9583900e+00   6.2386000e+00   3.4012000e+00   5.6874600e+00   3.4012000e+00  -1.0892900e+07
   6.0264000e+00  -3.9583600e+00   6.2390000e+00   3.4011800e+00   5.6872300e+00   3.4011900e+00  -1.0892800e+07
   6.0262000e+00  -3.9582100e+00   6.2385100e+00   3.4011700e+00   5.6872200e+00   3.4011900e+00  -1.0892900e+07
   6.0262300e+00  -3.9581200e+00   6.2389400e+00   3.4011700e+00   5.6873000e+00   3.4011900e+00  -1.0892900e+07
   6.0260800e+00  -3.9582000e+00   6.2387600e+00   3.4011700e+00   5.6874100e+00   3.4011900e+00  -1.0892900e+07
   6.0259500e+00  -3.9580200e+00   6.2387700e+00   3.4011900e+00   5.6873300e+00   3.4011900e+00  -1.0892900e+07
   6.0258600e+00  -3.9580500e+00   6.2385900e+00   3.4011900e+00   5.6872700e+00   3.4012000e+00  -1.0892900e+07
   6.0261600e+00  -3.9581800e+00   6.2388900e+00   3.4011800e+00   5.6873200e+00   3.4011900e+00  -1.0892800e+07
   6.0262500e+00  -3.9583000e+00   6.2388700e+00   3.4011900e+00   5.6873300e+00   3.4011900e+00  -1.0892800e+07
   6.0264600e+00  -3.9583100e+00   6.2392800e+00   3.4012000e+00   5.6873300e+00   3.4012000e+00  -1.0892800e+07
   6.0263700e+00  -3.9582600e+00   6.2389800e+00   3.4011600e+00   5.6872500e+00   3.4012000e+00  -1.0892900e+07
   6.0263200e+00  -3.9584400e+00   6.2391200e+00   3.4011900e+00   5.6873900e+00   3.4011900e+00  -1.0892800e+07
   6.0262600e+00  -3.9584300e+00   6.2384900e+00   3.4011800e+00   5.6871100e+00   3.4011900e+00  -1.0892900e+07
   6.0266400e+00  -3.9586300e+00   6.2392700e+00   3.4011500e+00   5.6873200e+00   3.4012000e+00  -1.0892800e+07
   6.0263500e+00  -3.9585000e+00   6.2388000e+00   3.4011800e+00   5.6872900e+00   3.4012000e+00  -1.0892800e+07
   6.0262300e+00  -3.9585000e+00   6.2387900e+00   3.4011900e+00   5.6872900e+00   3.4011900e+00  -1.0892800e+07
   6.0264800e+00  -3.9588400e+00   6.2387900e+00   3.4011900e+00   5.6871300e+00   3.4011900e+00  -1.0892800e+07
   6.0261800e+00  -3.9586600e+00   6.2385700e+00   3.4011700e+00   5.6872600e+00   3.4012000e+00  -1.0892800e+07
   6.0262900e+00  -3.9586200e+00   6.2390400e+00   3.4011400e+00   5.6872900e+00   3.4011900e+00  -1.0892900e+07
   6.0263200e+00  -3.9587800e+00   6.2386300e+00   3.4011900e+00   5.6872500e+00   3.4012000e+00  -1.0892800e+07
   6.0262200e+00  -3.9590500e+00   6.2384700e+00   3.4010400e+00   5.6873400e+00   3.4011800e+00  -1.0892900e+07
   6.0265400e+00  -3.9590500e+00   6.2386300e+00   3.4012000e+00   5.6872600e+00   3.4011900e+00  -1.0892800e+07
   6.0266900e+00  -3.9592700e+00   6.2385700e+00   3.4012000e+00   5.6871900e+00   3.4011900e+00  -1.0892800e+07
   6.0265400e+00  -3.9590500e+00   6.2389300e+00   3.4011900e+00   5.6873100e+00   3.4011900e+00  -1.0892800e+07
   6.0265600e+00  -3.9591500e+00   6.2389400e+00   3.4011300e+00   5.6873500e+00   3.4011900e+00  -1.0892800e+07
   6.0264500e+00  -3.9591700e+00   6.2389600e+00   3.4011900e+00   5.6874000e+00   3.4012000e+00  -1.0892800e+07
   6.0268300e+00  -3.9591200e+00   6.2392000e+00   3.4011900e+00   5.6873200e+00   3.4012000e+00  -1.0892800e+07
   6.0270000e+00  -3.9591100e+00   6.2393500e+00   3.4011900e+00   5.6873300e+00   3.4011900e+00  -1.0892800e+07
   6.0269400e+00  -3.9592200e+00   6.2387600e+00   3.4011800e+00   5.6872600e+00   3.4011900e+00  -1.0892900e+07
   6.0266700e+00  -3.9591800e+00   6.2388800e+00   3.4011900e+00   5.6872700e+00   3.4011900e+00  -1.0892800e+07
   6.0267600e+00  -3.9593200e+00   6.2386900e+00   3.4011400e+00   5.6874600e+00   3.4011900e+00  -1.0892900e+07
   6.0264400e+00  -3.9593000e+00   6.2388000e+00   3.4011900e+00   5.6874500e+00   3.4011900e+00  -1.0892800e+07
   6.0264100e+00  -3.9590900e+00   6.2385000e+00   3.4011700e+00   5.6873600e+00   3.4011900e+00  -1.0892800e+07
   6.0269300e+00  -3.9593300e+00   6.2388400e+00   3.4011800e+00   5.6872300e+00   3.4012000e+00  -1.0892800e+07
   6.0266100e+00  -3.9593800e+00   6.2387400e+00   3.4011800e+00   5.6872600e+00   3.4011900e+00  -1.0892800e+07
   6.0267300e+00  -3.9595700e+00   6.2388800e+00   3.4011400e+00   5.6872500e+00   3.4012000e+00  -1.0892800e+07
   6.0270800e+00  -3.9597500e+00   6.2390300e+00   3.4011900e+00   5.6871500e+00   3.4012000e+00  -1.0892800e+07
   6.0272300e+00  -3.9598000e+00   6.2390800e+00   3.4011800e+00   5.6871200e+00   3.4012000e+00  -1.0892800e+07
   6.0269000e+00  -3.9597300e+00   6.2385600e+00   3.4011900e+00   5.6871700e+00   3.4011900e+00  -1.0892800e+07
   6.0268000e+00  -3.9595600e+00   6.2388900e+00   3.4011800e+00   5.6871700e+00   3.4012000e+00  -1.0892800e+07
   6.0270000e+00  -3.9597300e+00   6.2389400e+00   3.4011800e+00   5.6871400e+00   3.4011800e+00  -1.0892800e+07
   6.0268100e+00  -3.9597100e+00   6.2385900e+00   3.4011800e+00   5.6874700e+00   3.4011900e+00  -1.0892800e+07
   6.0267400e+00  -3.9596700e+00   6.2387000e+00   3.4011300e+00   5.6873900e+00   3.4011900e+00  -1.0892800e+07
   6.0268700e+00  -3.9597400e+00   6.2388200e+00   3.4012000e+00   5.6873800e+00   3.4011900e+00  -1.0892800e+07
   6.0269300e+00  -3.9598300e+00   6.2389900e+00   3.4012000e+00   5.6872600e+00   3.4012000e+00  -1.0892800e+07
   6.0268100e+00  -3.9597000e+00   6.2388300e+00   3.4011800e+00   5.6873200e+00   3.4012000e+00  -1.0892800e+07
   6.0268800e+00  -3.9597300e+00   6.2390500e+00   3.4011900e+00   5.6874500e+00   3.4012000e+00  -1.0892800e+07
   6.0269200e+00  -3.9597400e+00   6.2389900e+00   3.4011600e+00   5.6873400e+00   3.4011900e+00  -1.0892800e+07
   6.0267900e+00  -3.9596400e+00   6.2386700e+00   3.4011900e+00   5.6870900e+00   3.4012000e+00  -1.0892800e+07
   6.0266200e+00  -3.9596400e+00   6.2384800e+00   3.4011600e+00   5.6873200e+00   3.4011900e+00  -1.0892800e+07
   6.0264800e+00  -3.9595200e+00   6.2389100e+00   3.4011900e+00   5.6874300e+00   3.4012000e+00  -1.0892800e+07
   6.0268800e+00  -3.9598500e+00   6.2386300e+00   3.4011900e+00   5.6874200e+00   3.4012000e+00  -1.0892800e+07
   6.0270000e+00  -3.9598600e+00   6.2391600e+00   3.4011900e+00   5.6873400e+00   3.4011900e+00  -1.0892800e+07
   6.0271000e+00  -3.9599000e+00   6.2390000e+00   3.4011100e+00   5.6873100e+00   3.4011900e+00  -1.0892800e+07
   6.0267900e+00  -3.9598800e+00   6.2386600e+00   3.4011700e+00   5.6874200e+00   3.4011900e+00  -1.0892800e+07
   6.0268000e+00  -3.9598400e+00   6.2385700e+00   3.4011600e+00   5.6872400e+00   3.4011900e+00  -1.0892800e+07
   6.0269200e+00  -3.9597700e+00   6.2390600e+00   3.4011800e+00   5.6873400e+00   3.4011900e+00  -1.0892800e+07
   6.0269100e+00  -3.9596500e+00   6.2387300e+00   3.4011500e+00   5.6873000e+00   3.4011900e+00  -1.0892800e+07
   6.0269600e+00  -3.9595500e+00   6.2386200e+00   3.4011800e+00   5.6873400e+00   3.4012000e+00  -1.0892800e+07
   6.0269600e+00  -3.9596700e+00   6.2388800e+00   3.4011200e+00   5.6871700e+00   3.4011900e+00  -1.0892800e+07
   6.0268000e+00  -3.9596800e+00   6.2385600e+00   3.4011800e+00   5.6873200e+00   3.4011900e+00  -1.0892800e+07
   6.0267100e+00  -3.9597300e+00   6.2387600e+00   3.4012000e+00   5.6872200e+00   3.4011900e+00  -1.0892800e+07
   6.0270600e+00  -3.9598400e+00   6.2385400e+00   3.4011900e+00   5.6872400e+00   3.4012000e+00  -1.0892800e+07
   6.0270100e+00  -3.9597200e+00   6.2388200e+00   3.4011100e+00   5.6872500e+00   3.4011900e+00  -1.0892800e+07
   6.0268000e+00  -3.9596800e+00   6.2388000e+00   3.4011500e+00   5.6873200e+00   3.4011900e+00  -1.0892800e+07
   6.0268900e+00  -3.9597800e+00   6.2388600e+00   3.4011800e+00   5.6873700e+00   3.4011900e+00  -1.0892800e+07
   6.0269900e+00  -3.9598100e+00   6.2388100e+00   3.4011800e+00   5.6872900e+00   3.4011900e+00  -1.0892800e+07
   6.0267200e+00  -3.9596500e+00   6.2386800e+00   3.4011900e+00   5.6873300e+00   3.4011900e+00  -1.0892800e+07
   6.0267000e+00  -3.9594600e+00   6.2387700e+00   3.4011800e+00   5.6871700e+00   3.4011900e+00  -1.0892800e+07
   6.0267500e+00  -3.9595800e+00   6.2388000e+00   3.4011800e+00   5.6874400e+00   3.4011900e+00  -1.0892800e+07
   6.0266700e+00  -3.9593500e+00   6.2388100e+00   3.4011800e+00   5.6872500e+00   3.4011900e+00  -1.0892800e+07
   6.0267900e+00  -3.9592500e+00   6.2388000e+00   3.4011400e+00   5.6872800e+00   3.4011900e+00  -1.0892800e+07
   6.0269700e+00  -3.9593200e+00   6.2388400e+00   3.4011700e+00   5.6872700e+00   3.4012000e+00  -1.0892800e+07
   6.0265700e+00  -3.9591700e+00   6.2386900e+00   3.4012000e+00   5.6873500e+00   3.4011900e+00  -1.0892800e+07
   6.0263800e+00  -3.9592400e+00   6.2385700e+00   3.4011900e+00   5.6872700e+00   3.4011900e+00  -1.0892800e+07
   6.0262600e+00  -3.9591000e+00   6.2383300e+00   3.4011900e+00   5.6874600e+00   3.4011900e+00  -1.0892900e+07
   6.0264700e+00  -3.9590400e+00   6.2389000e+00   3.4011600e+00   5.6873000e+00   3.4012000e+00  -1.0892800e+07
   6.0266200e+00  -3.9593200e+00   6.2389900e+00   3.4011700e+00   5.6874700e+00   3.4012000e+00  -1.0892800e+07
   6.0266900e+00  -3.9593000e+00   6.2388500e+00   3.4011700e+00   5.6874000e+00   3.4011900e+00  -1.0892800e+07
   6.0268000e+00  -3.9593900e+00   6.2391300e+00   3.4011800e+00   5.6874200e+00   3.4011900e+00  -1.0892800e+07
   6.0265900e+00  -3.9592100e+00   6.2385700e+00   3.4011800e+00   5.6872000e+00   3.4012000e+00  -1.0892800e+07
   6.0266000e+00  -3.9589700e+00   6.2389500e+00   3.4011900e+00   5.6874200e+00   3.4012000e+00  -1.0892800e+07
   6.0264100e+00  -3.9590700e+00   6.2384700e+00   3.4011800e+00   5.6872300e+00   3.4011900e+00  -1.0892800e+07
   6.0265800e+00  -3.9591000e+00   6.2389400e+00   3.4011300e+00   5.6874000e+00   3.4011900e+00  -1.0892800e+07
   6.0265400e+00  -3.9591900e+00   6.2387200e+00   3.4011800e+00   5.6872100e+00   3.4011900e+00  -1.0892800e+07
   6.0266800e+00  -3.9591700e+00   6.2387200e+00   3.4011200e+00   5.6874500e+00   3.4012000e+00  -1.0892900e+07
   6.0269000e+00  -3.9592700e+00   6.2384900e+00   3.4011900e+00   5.6870200e+00   3.4012000e+00  -1.0892800e+07
   6.0264200e+00  -3.9592100e+00   6.2387600e+00   3.4011900e+00   5.6872900e+00   3.4011900e+00  -1.0892800e+07
   6.0267000e+00  -3.9592800e+00   6.2385300e+00   3.4011500e+00   5.6872200e+00   3.4011900e+00  -1.0892800e+07
   6.0268200e+00  -3.9593600e+00   6.2391600e+00   3.4011600e+00   5.6873100e+00   3.4012000e+00  -1.0892800e+07
   6.0265900e+00  -3.9595100e+00   6.2387700e+00   3.4011700e+00   5.6873200e+00   3.4011900e+00  -1.0892800e+07
   6.0267100e+00  -3.9596500e+00   6.2385800e+00   3.4011900e+00   5.6873000e+00   3.4011900e+00  -1.0892800e+07
   6.0267800e+00  -3.9593600e+00   6.2389200e+00   3.4011600e+00   5.6872800e+00   3.4011900e+00  -1.0892800e+07
   6.0264500e+00  -3.9592000e+00   6.2391400e+00   3.4011900e+00   5.6874300e+00   3.4011900e+00  -1.0892800e+07
   6.0267100e+00  -3.9591800e+00   6.2388800e+00   3.4011900e+00   5.6872700e+00   3.4012000e+00  -1.0892800e+07
   6.0265400e+00  -3.9592300e+00   6.2388700e+00   3.4011900e+00   5.6872100e+00   3.4011900e+00  -1.0892800e+07
   6.0268600e+00  -3.9590500e+00   6.2391800e+00   3.4012000e+00   5.6873600e+00   3.4012000e+00  -1.0892800e+07
   6.0266000e+00  -3.9589200e+00   6.2388100e+00   3.4011800e+00   5.6872200e+00   3.4012000e+00  -1.0892800e+07
   6.0262500e+00  -3.9587300e+00   6.2391300e+00   3.4011900e+00   5.6874700e+00   3.4011900e+00  -1.0892800e+07
   6.0266300e+00  -3.9588800e+00   6.2391800e+00   3.4011700e+00   5.6872500e+00   3.4011900e+00  -1.0892800e+07
   6.0267000e+00  -3.9588900e+00   6.2389300e+00   3.4011800e+00   5.6872600e+00   3.4011900e+00  -1.0892800e+07
   6.0264900e+00  -3.9587500e+00   6.2390400e+00   3.4011800e+00   5.6872000e+00   3.4012000e+00  -1.0892800e+07
   6.0265100e+00  -3.9585700e+00   6.2389000e+00   3.4011900e+00   5.6872300e+00   3.4012000e+00  -1.0892800e+07
   6.0262700e+00  -3.9582200e+00   6.2387900e+00   3.4011800e+00   5.6873300e+00   3.4012000e+00  -1.0892800e+07
   6.0264100e+00  -3.9581100e+00   6.2389400e+00   3.4011800e+00   5.6873600e+00   3.4011900e+00  -1.0892900e+07
   6.0260200e+00  -3.9582000e+00   6.2388700e+00   3.4011900e+00   5.6873000e+00   3.4011900e+00  -1.0892900e+07
   6.0261200e+00  -3.9582200e+00   6.2389900e+00   3.4011800e+00   5.6875100e+00   3.4012000e+00  -1.0892900e+07
   6.0263800e+00  -3.9582800e+00   6.2394600e+00   3.4011800e+00   5.6873600e+00   3.4012000e+00  -1.0892900e+07
   6.0263900e+00  -3.9581700e+00   6.2389300e+00   3.4010900e+00   5.6871800e+00   3.4011900e+00  -1.0892900e+07
   6.0262000e+00  -3.9580600e+00   6.2387000e+00   3.4011900e+00   5.6870500e+00   3.4012000e+00  -1.0892900e+07
   6.0262000e+00  -3.9578700e+00   6.2388200e+00   3.4011900e+00   5.6872700e+00   3.4012000e+00  -1.0892900e+07
   6.0258400e+00  -3.9578400e+00   6.2383800e+00   3.4012000e+00   5.6872900e+00   3.4012000e+00  -1.0892900e+07
   6.0258500e+00  -3.9578200e+00   6.2387100e+00   3.4011800e+00   5.6872500e+00   3.4011900e+00  -1.0892900e+07
   6.0260100e+00  -3.9579800e+00   6.2387000e+00   3.4011900e+00   5.6872000e+00   3.4011900e+00  -1.0892900e+07
   6.0260900e+00  -3.9579900e+00   6.2391700e+00   3.4011700e+00   5.6872500e+00   3.4011900e+00  -1.0892900e+07
   6.0262600e+00  -3.9580900e+00   6.2389200e+00   3.4010600e+00   5.6872200e+00   3.4012000e+00  -1.0892900e+07
   6.0264900e+00  -3.9581600e+00   6.2389800e+00   3.4011800e+00   5.6871700e+00   3.4011900e+00  -1.0892900e+07
   6.0259800e+00  -3.9581300e+00   6.2385800e+00   3.4011500e+00   5.6874700e+00   3.4012000e+00  -1.0892900e+07
   6.0260000e+00  -3.9581100e+00   6.2387900e+00   3.4011800e+00   5.6873600e+00   3.4011900e+00  -1.0892900e+07
   6.0259500e+00  -3.9582000e+00   6.2388200e+00   3.4012000e+00   5.6874400e+00   3.4011900e+00  -1.0892900e+07
   6.0262000e+00  -3.9582700e+00   6.2387800e+00   3.4011800e+00   5.6872400e+00   3.4011900e+00  -1.0892800e+07
   6.0261000e+00  -3.9582000e+00   6.2389100e+00   3.4011900e+00   5.6873000e+00   3.4012000e+00  -1.0892800e+07
   6.0257800e+00  -3.9579600e+00   6.2390700e+00   3.4011800e+00   5.6874700e+00   3.4011900e+00  -1.0892900e+07
   6.0258800e+00  -3.9579600e+00   6.2387500e+00   3.4011400e+00   5.6872400e+00   3.4012000e+00  -1.0892900e+07
   6.0259800e+00  -3.9580600e+00   6.2388700e+00   3.4011400e+00   5.6873600e+00   3.4012000e+00  -1.0892900e+07
   6.0261100e+00  -3.9582800e+00   6.2387600e+00   3.4012000e+00   5.6874300e+00   3.4012000e+00  -1.0892800e+07
   6.0262700e+00  -3.9583000e+00   6.2388200e+00   3.4011500e+00   5.6873100e+00   3.4012000e+00  -1.0892900e+07
   6.0262700e+00  -3.9582400e+00   6.2387200e+00   3.4011600e+00   5.6871800e+00   3.4011900e+00  -1.0892900e+07
   6.0262200e+00  -3.9585400e+00   6.2391200e+00   3.4011700e+00   5.6872700e+00   3.4011900e+00  -1.0892900e+07
   6.0261500e+00  -3.9582700e+00   6.2388400e+00   3.4010900e+00   5.6874900e+00   3.4011900e+00  -1.0892900e+07
   6.0261600e+00  -3.9580600e+00   6.2386100e+00   3.4011600e+00   5.6872000e+00   3.4011900e+00  -1.0892900e+07
   6.0262900e+00  -3.9581100e+00   6.2387600e+00   3.4011400e+00   5.6872500e+00   3.4012000e+00  -1.0892900e+07
   6.0259600e+00  -3.9581200e+00   6.2386800e+00   3.4011900e+00   5.6872900e+00   3.4011900e+00  -1.0892900e+07
   6.0263200e+00  -3.9579900e+00   6.2393000e+00   3.4011900e+00   5.6873800e+00   3.4012000e+00  -1.0892900e+07
   6.0262500e+00  -3.9580400e+00   6.2391100e+00   3.4011200e+00   5.6871600e+00   3.4011900e+00  -1.0892900e+07
   6.0262600e+00  -3.9579800e+00   6.2393100e+00   3.4011400e+00   5.6873100e+00   3.4012000e+00  -1.0892900e+07
   6.0259300e+00  -3.9580200e+00   6.2384600e+00   3.4011700e+00   5.6874300e+00   3.4011900e+00  -1.0892900e+07
   6.0260500e+00  -3.9580600e+00   6.2390700e+00   3.4011600e+00   5.6873300e+00   3.4011900e+00  -1.0892900e+07
   6.0260700e+00  -3.9579500e+00   6.2388700e+00   3.4011500e+00   5.6874600e+00   3.4011900e+00  -1.0892900e+07
   6.0263900e+00  -3.9581700e+00   6.2389900e+00   3.4011900e+00   5.6872600e+00   3.4011900e+00  -1.0892900e+07
   6.0263800e+00  -3.9582500e+00   6.2389500e+00   3.4011600e+00   5.6871700e+00   3.4011900e+00  -1.0892900e+07
   6.0263000e+00  -3.9582600e+00   6.2390000e+00   3.4011900e+00   5.6873500e+00   3.4011900e+00  -1.0892900e+07
   6.0262100e+00  -3.9582400e+00   6.2388000e+00   3.4011800e+00   5.6871900e+00   3.4012000e+00  -1.0892800e+07
   6.0261500e+00  -3.9582700e+00   6.2386200e+00   3.4011900e+00   5.6873600e+00   3.4011900e+00  -1.0892900e+07
   6.0264100e+00  -3.9583100e+00   6.2391300e+00   3.4011700e+00   5.6873700e+00   3.4011900e+00  -1.0892900e+07
   6.0262500e+00  -3.9584500e+00   6.2386800e+00   3.4011700e+00   5.6873000e+00   3.4012000e+00  -1.0892800e+07
   6.0263400e+00  -3.9583600e+00   6.2390000e+00   3.4011900e+00   5.6873400e+00   3.4012000e+00  -1.0892800e+07
   6.0262800e+00  -3.9583400e+00   6.2394100e+00   3.4011900e+00   5.6874800e+00   3.4012000e+00  -1.0892900e+07
   6.0262100e+00  -3.9584400e+00   6.2385600e+00   3.4011900e+00   5.6871100e+00   3.4011900e+00  -1.0892900e+07
   6.0265300e+00  -3.9583500e+00   6.2390600e+00   3.4011900e+00   5.6872200e+00   3.4011900e+00  -1.0892800e+07
   6.0260500e+00  -3.9580300e+00   6.2389600e+00   3.4011600e+00   5.6872200e+00   3.4011900e+00  -1.0892900e+07
   6.0260600e+00  -3.9580700e+00   6.2387200e+00   3.4011800e+00   5.6872700e+00   3.4011900e+00  -1.0892900e+07
   6.0259600e+00  -3.9582000e+00   6.2387100e+00   3.4011900e+00   5.6873300e+00   3.4011900e+00  -1.0892900e+07
   6.0264400e+00  -3.9579800e+00   6.2390900e+00   3.4011900e+00   5.6871700e+00   3.4012000e+00  -1.0892900e+07
   6.0262600e+00  -3.9580400e+00   6.2386900e+00   3.4011300e+00   5.6870700e+00   3.4012000e+00  -1.0892900e+07
   6.0262000e+00  -3.9580200e+00   6.2387100e+00   3.4011900e+00   5.6873400e+00   3.4011900e+00  -1.0892900e+07
   6.0262000e+00  -3.9580700e+00   6.2388600e+00   3.4012000e+00   5.6872200e+00   3.4011900e+00  -1.0892900e+07
   6.0261200e+00  -3.9581600e+00   6.2387900e+00   3.4011800e+00   5.6873200e+00   3.4011900e+00  -1.0892900e+07
   6.0261100e+00  -3.9581700e+00   6.2388300e+00   3.4011900e+00   5.6874700e+00   3.4011900e+00  -1.0892900e+07
   6.0263100e+00  -3.9585200e+00   6.2387900e+00   3.4012000e+00   5.6872700e+00   3.4011800e+00  -1.0892900e+07
   6.0263000e+00  -3.9583100e+00   6.2388100e+00   3.4011900e+00   5.6873700e+00   3.4011900e+00  -1.0892900e+07
   6.0265400e+00  -3.9585100e+00   6.2392600e+00   3.4011400e+00   5.6872900e+00   3.4011900e+00  -1.0892900e+07
   6.0264900e+00  -3.9583300e+00   6.2388200e+00   3.4011600e+00   5.6871700e+00   3.4012000e+00  -1.0892900e+07
   6.0261200e+00  -3.9583600e+00   6.2385300e+00   3.4011800e+00   5.6872200e+00   3.4011800e+00  -1.0892900e+07
   6.0262800e+00  -3.9583700e+00   6.2389300e+00   3.4011200e+00   5.6874100e+00   3.4011900e+00  -1.0892900e+07
   6.0262300e+00  -3.9582300e+00   6.2386200e+00   3.4011900e+00   5.6871600e+00   3.4011900e+00  -1.0892900e+07
   6.0260900e+00  -3.9583000e+00   6.2387400e+00   3.4011800e+00   5.6874700e+00   3.4012000e+00  -1.0892900e+07
   6.0260600e+00  -3.9582300e+00   6.2388200e+00   3.4011700e+00   5.6872800e+00   3.4012000e+00  -1.0892800e+07
   6.0261700e+00  -3.9580300e+00   6.2387000e+00   3.4011900e+00   5.6874500e+00   3.4011900e+00  -1.0892900e+07
   6.0263800e+00  -3.9577900e+00   6.2390900e+00   3.4011900e+00   5.6872300e+00   3.4011900e+00  -1.0892900e+07
   6.0256900e+00  -3.9578400e+00   6.2386900e+00   3.4011800e+00   5.6872700e+00   3.4012000e+00  -1.0892900e+07
   6.0258800e+00  -3.9580000e+00   6.2384800e+00   3.4011700e+00   5.6872600e+00   3.4012000e+00  -1.0892900e+07
   6.0260500e+00  -3.9581300e+00   6.2389300e+00   3.4011600e+00   5.6872800e+00   3.4012000e+00  -1.0892900e+07
   6.0261500e+00  -3.9581200e+00   6.2391300e+00   3.4011600e+00   5.6874000e+00   3.4011900e+00  -1.0892900e+07
   6.0261500e+00  -3.9585000e+00   6.2388800e+00   3.4011700e+00   5.6875100e+00   3.4011900e+00  -1.0892900e+07
   6.0261600e+00  -3.9584400e+00   6.2389300e+00   3.4012000e+00   5.6872600e+00   3.4011800e+00  -1.0892900e+07
   6.0263600e+00  -3.9588400e+00   6.2386900e+00   3.4011900e+00   5.6874300e+00   3.4011900e+00  -1.0892800e+07
   6.0264900e+00  -3.9591100e+00   6.2385800e+00   3.4011800e+00   5.6873000e+00   3.4011900e+00  -1.0892800e+07
   6.0267300e+00  -3.9587900e+00   6.2388200e+00   3.4011900e+00   5.6872700e+00   3.4011900e+00  -1.0892800e+07
   6.0264300e+00  -3.9589100e+00   6.2386900e+00   3.4011100e+00   5.6872800e+00   3.4012000e+00  -1.0892800e+07
   6.0263300e+00  -3.9588100e+00   6.2385800e+00   3.4011900e+00   5.6871900e+00   3.4011900e+00  -1.0892800e+07
   6.0264600e+00  -3.9588700e+00   6.2387200e+00   3.4011300e+00   5.6872400e+00   3.4012000e+00  -1.0892800e+07
   6.0263900e+00  -3.9586100e+00   6.2387500e+00   3.4011900e+00   5.6872500e+00   3.4011900e+00  -1.0892800e+07
   6.0262600e+00  -3.9582100e+00   6.2390100e+00   3.4011900e+00   5.6872400e+00   3.4011900e+00  -1.0892900e+07
   6.0261900e+00  -3.9581000e+00   6.2390200e+00   3.4011500e+00   5.6872800e+00   3.4011900e+00  -1.0892900e+07
   6.0261800e+00  -3.9580000e+00   6.2389500e+00   3.4011800e+00   5.6873000e+00   3.4011900e+00  -1.0892900e+07
   6.0259700e+00  -3.9581200e+00   6.2386000e+00   3.4011700e+00   5.6872900e+00   3.4011900e+00  -1.0892900e+07
   6.0260800e+00  -3.9581300e+00   6.2388200e+00   3.4011900e+00   5.6873400e+00   3.4011900e+00  -1.0892800e+07
   6.0259400e+00  -3.9577700e+00   6.2388900e+00   3.4011400e+00   5.6872000e+00   3.4012000e+00  -1.0892900e+07
   6.0258300e+00  -3.9577300e+00   6.2387300e+00   3.4011700e+00   5.6872900e+00   3.4012000e+00  -1.0892900e+07
   6.0258600e+00  -3.9579600e+00   6.2387500e+00   3.4011800e+00   5.6874700e+00   3.4012000e+00  -1.0892900e+07
   6.0260400e+00  -3.9581100e+00   6.2390200e+00   3.4012000e+00   5.6874800e+00   3.4011900e+00  -1.0892900e+07
   6.0261100e+00  -3.9581900e+00   6.2386500e+00   3.4011900e+00   5.6874300e+00   3.4011800e+00  -1.0892900e+07
   6.0260400e+00  -3.9582100e+00   6.2386900e+00   3.4011700e+00   5.6872300e+00   3.4012000e+00  -1.0892900e+07
   6.0259700e+00  -3.9580400e+00   6.2388800e+00   3.4011900e+00   5.6873100e+00   3.4011900e+00  -1.0892900e+07
   6.0258100e+00  -3.9579200e+00   6.2383500e+00   3.4012000e+00   5.6874500e+00   3.4011900e+00  -1.0892900e+07
   6.0261100e+00  -3.9582000e+00   6.2387100e+00   3.4011800e+00   5.6874200e+00   3.4011900e+00  -1.0892900e+07
   6.0261800e+00  -3.9580900e+00   6.2387000e+00   3.4011800e+00   5.6871600e+00   3.4011900e+00  -1.0892900e+07
   6.0260500e+00  -3.9581900e+00   6.2388000e+00   3.4011700e+00   5.6872500e+00   3.4012000e+00  -1.0892900e+07
   6.0262500e+00  -3.9583400e+00   6.2388000e+00   3.4011700e+00   5.6873500e+00   3.4011900e+00  -1.0892900e+07
   6.0265300e+00  -3.9583300e+00   6.2392100e+00   3.4011600e+00   5.6872600e+00   3.4011900e+00  -1.0892900e+07
   6.0261600e+00  -3.9582400e+00   6.2388500e+00   3.4011800e+00   5.6872600e+00   3.4012000e+00  -1.0892800e+07
   6.0261800e+00  -3.9585100e+00   6.2389600e+00   3.4011900e+00   5.6875300e+00   3.4012000e+00  -1.0892800e+07
   6.0264100e+00  -3.9585500e+00   6.2390800e+00   3.4012000e+00   5.6874400e+00   3.4011900e+00  -1.0892800e+07
   6.0260200e+00  -3.9586200e+00   6.2385700e+00   3.4012000e+00   5.6872900e+00   3.4011900e+00  -1.0892900e+07
   6.0263700e+00  -3.9584300e+00   6.2389400e+00   3.4011900e+00   5.6872900e+00   3.4011900e+00  -1.0892800e+07
   6.0263800e+00  -3.9585300e+00   6.2388900e+00   3.4011900e+00   5.6873000e+00   3.4012000e+00  -1.0892800e+07
   6.0263500e+00  -3.9582600e+00   6.2390800e+00   3.4011800e+00   5.6873600e+00   3.4011900e+00  -1.0892900e+07
   6.0262700e+00  -3.9582200e+00   6.2391700e+00   3.4011700e+00   5.6872900e+00   3.4012000e+00  -1.0892900e+07
   6.0261100e+00  -3.9582300e+00   6.2387000e+00   3.4011800e+00   5.6872000e+00   3.4012000e+00  -1.0892800e+07
   6.0262700e+00  -3.9583500e+00   6.2388100e+00   3.4011700e+00   5.6872800e+00   3.4011900e+00  -1.0892900e+07
   6.0265400e+00  -3.9581000e+00   6.2393100e+00   3.4011400e+00   5.6871500e+00   3.4011900e+00  -1.0892900e+07
   6.0261600e+00  -3.9579800e+00   6.2391000e+00   3.4011800e+00   5.6873200e+00   3.4011900e+00  -1.0892900e+07
   6.0261000e+00  -3.9580100e+00   6.2389000e+00   3.4011800e+00   5.6872600e+00   3.4011900e+00  -1.0892900e+07
   6.0261100e+00  -3.9580800e+00   6.2387300e+00   3.4011800e+00   5.6871800e+00   3.4012000e+00  -1.0892900e+07
   6.0261200e+00  -3.9579600e+00   6.2390200e+00   3.4011300e+00   5.6873700e+00   3.4011900e+00  -1.0892900e+07
   6.0262000e+00  -3.9579500e+00   6.2389100e+00   3.4011800e+00   5.6873200e+00   3.4011900e+00  -1.0892900e+07
   6.0264600e+00  -3.9581100e+00   6.2387300e+00   3.4011900e+00   5.6871000e+00   3.4012000e+00  -1.0892900e+07
   6.0262000e+00  -3.9579500e+00   6.2392200e+00   3.4011900e+00   5.6871800e+00   3.4012000e+00  -1.0892900e+07
   6.0259800e+00  -3.9579200e+00   6.2388400e+00   3.4012000e+00   5.6872300e+00   3.4012000e+00  -1.0892900e+07
   6.0259100e+00  -3.9576600e+00   6.2385600e+00   3.4011800e+00   5.6871500e+00   3.4011900e+00  -1.0892900e+07
   6.0259400e+00  -3.9577300e+00   6.2389600e+00   3.4011800e+00   5.6872900e+00   3.4011900e+00  -1.0892900e+07
   6.0261200e+00  -3.9577600e+00   6.2387100e+00   3.4011900e+00   5.6873100e+00   3.4011900e+00  -1.0892900e+07
   6.0258200e+00  -3.9576600e+00   6.2389300e+00   3.4011700e+00   5.6872600e+00   3.4011900e+00  -1.0892900e+07
   6.0261800e+00  -3.9575900e+00   6.2389600e+00   3.4011500e+00   5.6873300e+00   3.4011900e+00  -1.0892900e+07
   6.0258300e+00  -3.9576700e+00   6.2388500e+00   3.4011800e+00   5.6873400e+00   3.4011900e+00  -1.0892900e+07
   6.0259600e+00  -3.9575600e+00   6.2388600e+00   3.4012000e+00   5.6871900e+00   3.4011900e+00  -1.0892900e+07
   6.0257600e+00  -3.9575900e+00   6.2386500e+00   3.4011800e+00   5.6872800e+00   3.4011900e+00  -1.0892900e+07
   6.0260100e+00  -3.9577700e+00   6.2390800e+00   3.4011800e+00   5.6871700e+00   3.4012000e+00  -1.0892900e+07
   6.0259400e+00  -3.9576800e+00   6.2388200e+00   3.4011700e+00   5.6871100e+00   3.4012000e+00  -1.0892900e+07
   6.0254200e+00  -3.9574900e+00   6.2386300e+00   3.4011800e+00   5.6873600e+00   3.4012000e+00  -1.0892900e+07
   6.0259700e+00  -3.9576900e+00   6.2390300e+00   3.4011700e+00   5.6874300e+00   3.4011900e+00  -1.0892900e+07
   6.0261600e+00  -3.9577700e+00   6.2394200e+00   3.4012000e+00   5.6874900e+00   3.4012000e+00  -1.0892900e+07
   6.0259100e+00  -3.9577500e+00   6.2387800e+00   3.4011900e+00   5.6873500e+00   3.4011900e+00  -1.0892900e+07
   6.0261800e+00  -3.9578400e+00   6.2390200e+00   3.4012000e+00   5.6872800e+00   3.4011900e+00  -1.0892900e+07
   6.0259400e+00  -3.9577900e+00   6.2390500e+00   3.4012000e+00   5.6874200e+00   3.4011900e+00  -1.0892900e+07
   6.0259300e+00  -3.9578100e+00   6.2389800e+00   3.4011800e+00   5.6873400e+00   3.4011900e+00  -1.0892900e+07
   6.0257000e+00  -3.9578200e+00   6.2386200e+00   3.4011900e+00   5.6872900e+00   3.4012000e+00  -1.0892900e+07
   6.0260000e+00  -3.9577300e+00   6.2391100e+00   3.4011300e+00   5.6875300e+00   3.4012000e+00  -1.0892900e+07
   6.0257500e+00  -3.9576700e+00   6.2387400e+00   3.4011800e+00   5.6875400e+00   3.4011900e+00  -1.0892900e+07
   6.0261100e+00  -3.9576000e+00   6.2393500e+00   3.4011700e+00   5.6874300e+00   3.4011900e+00  -1.0892900e+07
   6.0256800e+00  -3.9575600e+00   6.2386500e+00   3.4011900e+00   5.6871200e+00   3.4012000e+00  -1.0892900e+07
   6.0256600e+00  -3.9574000e+00   6.2389500e+00   3.4011700e+00   5.6874800e+00   3.4011900e+00  -1.0892900e+07
   6.0257300e+00  -3.9574200e+00   6.2387400e+00   3.4011700e+00   5.6871700e+00   3.4011900e+00  -1.0892900e+07
   6.0257200e+00  -3.9574100e+00   6.2387700e+00   3.4011400e+00   5.6873900e+00   3.4012000e+00  -1.0892900e+07
   6.0256700e+00  -3.9574700e+00   6.2385800e+00   3.4011700e+00   5.6874500e+00   3.4011900e+00  -1.0892900e+07
   6.0260900e+00  -3.9575200e+00   6.2390700e+00   3.4011900e+00   5.6873400e+00   3.4011900e+00  -1.0892900e+07
   6.0256100e+00  -3.9573700e+00   6.2384600e+00   3.4011900e+00   5.6872500e+00   3.4012000e+00  -1.0892900e+07
   6.0257900e+00  -3.9572000e+00   6.2391400e+00   3.4011900e+00   5.6875000e+00   3.4011900e+00  -1.0892900e+07
   6.0257700e+00  -3.9573400e+00   6.2387400e+00   3.4011900e+00   5.6872200e+00   3.4011900e+00  -1.0892900e+07
   6.0259400e+00  -3.9573100e+00   6.2390200e+00   3.4011800e+00   5.6872600e+00   3.4011900e+00  -1.0892900e+07
   6.0256600e+00  -3.9573000e+00   6.2387900e+00   3.4011900e+00   5.6873500e+00   3.4012000e+00  -1.0892900e+07
   6.0260900e+00  -3.9575700e+00   6.2389000e+00   3.4011400e+00   5.6875400e+00   3.4011900e+00  -1.0892900e+07
   6.0261500e+00  -3.9577300e+00   6.2391200e+00   3.4011900e+00   5.6873600e+00   3.4011900e+00  -1.0892900e+07
   6.0258300e+00  -3.9576800e+00   6.2388800e+00   3.4011900e+00   5.6875800e+00   3.4011900e+00  -1.0892900e+07
   6.0260900e+00  -3.9575600e+00   6.2390700e+00   3.4011500e+00   5.6871000e+00   3.4012000e+00  -1.0892900e+07
   6.0258900e+00  -3.9574400e+00   6.2386100e+00   3.4011900e+00   5.6872300e+00   3.4011900e+00  -1.0892900e+07
   6.0258600e+00  -3.9573600e+00   6.2386500e+00   3.4011900e+00   5.6872700e+00   3.4012000e+00  -1.0892900e+07
   6.0256500e+00  -3.9573600e+00   6.2387700e+00   3.4011800e+00   5.6871800e+00   3.4012000e+00  -1.0892900e+07
   6.0256500e+00  -3.9572000e+00   6.2389600e+00   3.4011600e+00   5.6872900e+00   3.4011900e+00  -1.0892900e+07
   6.0258300e+00  -3.9571000e+00   6.2390300e+00   3.4011800e+00   5.6872500e+00   3.4012000e+00  -1.0892900e+07
   6.0256900e+00  -3.9570800e+00   6.2388900e+00   3.4011700e+00   5.6871900e+00   3.4011900e+00  -1.0892900e+07
   6.0255900e+00  -3.9567000e+00   6.2387600e+00   3.4011900e+00   5.6871200e+00   3.4011900e+00  -1.0892900e+07
   6.0254900e+00  -3.9566300e+00   6.2391800e+00   3.4012000e+00   5.6872500e+00   3.4011900e+00  -1.0892900e+07
   6.0252800e+00  -3.9566600e+00   6.2387400e+00   3.4011500e+00   5.6872900e+00   3.4011900e+00  -1.0892900e+07
   6.0256100e+00  -3.9567300e+00   6.2389500e+00   3.4012000e+00   5.6873400e+00   3.4011900e+00  -1.0892900e+07
   6.0254500e+00  -3.9567500e+00   6.2390700e+00   3.4011900e+00   5.6873400e+00   3.4011900e+00  -1.0892900e+07
   6.0258100e+00  -3.9568600e+00   6.2392900e+00   3.4011900e+00   5.6873600e+00   3.4012000e+00  -1.0892900e+07
   6.0254600e+00  -3.9569300e+00   6.2389000e+00   3.4011800e+00   5.6873400e+00   3.4012000e+00  -1.0892900e+07
   6.0253900e+00  -3.9570300e+00   6.2386600e+00   3.4011900e+00   5.6872300e+00   3.4011900e+00  -1.0892900e+07
   6.0255800e+00  -3.9570400e+00   6.2389300e+00   3.4011200e+00   5.6873400e+00   3.4012000e+00  -1.0892900e+07
   6.0255200e+00  -3.9569400e+00   6.2389100e+00   3.4011700e+00   5.6872600e+00   3.4012000e+00  -1.0892900e+07
   6.0255400e+00  -3.9569300e+00   6.2389500e+00   3.4011300e+00   5.6873600e+00   3.4011900e+00  -1.0892900e+07
   6.0253400e+00  -3.9569000e+00   6.2388700e+00   3.4012000e+00   5.6872200e+00   3.4011900e+00  -1.0892900e+07
   6.0251700e+00  -3.9568100e+00   6.2388800e+00   3.4011000e+00   5.6875200e+00   3.4011900e+00  -1.0892900e+07
   6.0255700e+00  -3.9569600e+00   6.2389800e+00   3.4011500e+00   5.6872400e+00   3.4012000e+00  -1.0892900e+07
   6.0255300e+00  -3.9570300e+00   6.2389000e+00   3.4011900e+00   5.6874900e+00   3.4011900e+00  -1.0892900e+07
   6.0256500e+00  -3.9570100e+00   6.2389800e+00   3.4011800e+00   5.6871800e+00   3.4011900e+00  -1.0892900e+07
   6.0256400e+00  -3.9569200e+00   6.2390100e+00   3.4011800e+00   5.6873600e+00   3.4012000e+00  -1.0892900e+07
   6.0254700e+00  -3.9568600e+00   6.2390400e+00   3.4011900e+00   5.6873500e+00   3.4011900e+00  -1.0892900e+07
   6.0256500e+00  -3.9571600e+00   6.2385700e+00   3.4011900e+00   5.6871300e+00   3.4011900e+00  -1.0892900e+07
   6.0254400e+00  -3.9571400e+00   6.2386200e+00   3.4011800e+00   5.6874200e+00   3.4012000e+00  -1.0892900e+07
   6.0260000e+00  -3.9569900e+00   6.2391800e+00   3.4012000e+00   5.6872100e+00   3.4011900e+00  -1.0892900e+07
   6.0255900e+00  -3.9569600e+00   6.2386800e+00   3.4011900e+00   5.6872400e+00   3.4011900e+00  -1.0892900e+07
   6.0258400e+00  -3.9570700e+00   6.2396000e+00   3.4011700e+00   5.6873400e+00   3.4012000e+00  -1.0892900e+07
   6.0256300e+00  -3.9568200e+00   6.2391100e+00   3.4011900e+00   5.6872600e+00   3.4011900e+00  -1.0892900e+07
   6.0253500e+00  -3.9570100e+00   6.2383800e+00   3.4012000e+00   5.6872600e+00   3.4011900e+00  -1.0892900e+07
   6.0255100e+00  -3.9569200e+00   6.2387300e+00   3.4011900e+00   5.6873100e+00   3.4011900e+00  -1.0892900e+07
   6.0253900e+00  -3.9568900e+00   6.2389700e+00   3.4011800e+00   5.6874400e+00   3.4012000e+00  -1.0892900e+07
   6.0260300e+00  -3.9570500e+00   6.2393500e+00   3.4011900e+00   5.6873800e+00   3.4011900e+00  -1.0892900e+07
   6.0258000e+00  -3.9571000e+00   6.2388000e+00   3.4011900e+00   5.6873000e+00   3.4011800e+00  -1.0892900e+07
   6.0254800e+00  -3.9571300e+00   6.2388900e+00   3.4011900e+00   5.6872100e+00   3.4011800e+00  -1.0892900e+07
   6.0256600e+00  -3.9571100e+00   6.2389100e+00   3.4011900e+00   5.6872400e+00   3.4011900e+00  -1.0892900e+07
   6.0257100e+00  -3.9568300e+00   6.2391100e+00   3.4011900e+00   5.6874300e+00   3.4011900e+00  -1.0892900e+07
   6.0252700e+00  -3.9566000e+00   6.2392200e+00   3.4011700e+00   5.6874200e+00   3.4012000e+00  -1.0892900e+07
   6.0252100e+00  -3.9563300e+00   6.2386000e+00   3.4011700e+00   5.6871900e+00   3.4011800e+00  -1.0892900e+07
   6.0256100e+00  -3.9564300e+00   6.2390800e+00   3.4011900e+00   5.6872300e+00   3.4012000e+00  -1.0892900e+07
   6.0254000e+00  -3.9563400e+00   6.2387400e+00   3.4011900e+00   5.6873800e+00   3.4011800e+00  -1.0892900e+07
   6.0253500e+00  -3.9564000e+00   6.2391500e+00   3.4011800e+00   5.6873900e+00   3.4011900e+00  -1.0892900e+07
   6.0253400e+00  -3.9565500e+00   6.2388100e+00   3.4011800e+00   5.6872100e+00   3.4012000e+00  -1.0892900e+07
   6.0256100e+00  -3.9564200e+00   6.2392100e+00   3.4011900e+00   5.6871600e+00   3.4011800e+00  -1.0892900e+07
   6.0251600e+00  -3.9562700e+00   6.2388200e+00   3.4011800e+00   5.6871900e+00   3.4011900e+00  -1.0892900e+07
   6.0248800e+00  -3.9562000e+00   6.2386300e+00   3.4011800e+00   5.6874300e+00   3.4011900e+00  -1.0892900e+07
   6.0252000e+00  -3.9561900e+00   6.2387200e+00   3.4011100e+00   5.6872200e+00   3.4011900e+00  -1.0892900e+07
   6.0253400e+00  -3.9561700e+00   6.2393000e+00   3.4011700e+00   5.6873800e+00   3.4011900e+00  -1.0892900e+07
   6.0252300e+00  -3.9562000e+00   6.2387200e+00   3.4011500e+00   5.6873200e+00   3.4012000e+00  -1.0892900e+07
   6.0254200e+00  -3.9563200e+00   6.2392200e+00   3.4011800e+00   5.6874000e+00   3.4011900e+00  -1.0892900e+07
   6.0251200e+00  -3.9563600e+00   6.2386900e+00   3.4011800e+00   5.6875100e+00   3.4011900e+00  -1.0892900e+07
   6.0253400e+00  -3.9562400e+00   6.2388100e+00   3.4011800e+00   5.6872600e+00   3.4011900e+00  -1.0892900e+07
   6.0249900e+00  -3.9561800e+00   6.2387900e+00   3.4011800e+00   5.6873800e+00   3.4011800e+00  -1.0892900e+07
   6.0252400e+00  -3.9562100e+00   6.2390700e+00   3.4012000e+00   5.6875000e+00   3.4011900e+00  -1.0892900e+07
   6.0248500e+00  -3.9560300e+00   6.2384700e+00   3.4011400e+00   5.6873100e+00   3.4012000e+00  -1.0892900e+07
   6.0250400e+00  -3.9558700e+00   6.2391100e+00   3.4011900e+00   5.6874200e+00   3.4011900e+00  -1.0892900e+07
   6.0250800e+00  -3.9559600e+00   6.2382900e+00   3.4011900e+00   5.6871100e+00   3.4012000e+00  -1.0892900e+07
   6.0251200e+00  -3.9561400e+00   6.2389600e+00   3.4011700e+00   5.6872800e+00   3.4012000e+00  -1.0892900e+07
   6.0250200e+00  -3.9561700e+00   6.2392700e+00   3.4011900e+00   5.6875800e+00   3.4011900e+00  -1.0892900e+07
   6.0252600e+00  -3.9560000e+00   6.2389400e+00   3.4011300e+00   5.6871200e+00   3.4011900e+00  -1.0892900e+07
   6.0250100e+00  -3.9561400e+00   6.2385900e+00   3.4011700e+00   5.6871800e+00   3.4011900e+00  -1.0892900e+07
   6.0251800e+00  -3.9558400e+00   6.2387300e+00   3.4011800e+00   5.6872200e+00   3.4011900e+00  -1.0892900e+07
   6.0251500e+00  -3.9560000e+00   6.2391100e+00   3.4011500e+00   5.6874200e+00   3.4012000e+00  -1.0892900e+07
   6.0252500e+00  -3.9560500e+00   6.2391600e+00   3.4011600e+00   5.6872700e+00   3.4011900e+00  -1.0892900e+07
   6.0252800e+00  -3.9559100e+00   6.2388500e+00   3.4011700e+00   5.6872900e+00   3.4011900e+00  -1.0892900e+07
   6.0253800e+00  -3.9559300e+00   6.2391100e+00   3.4011500e+00   5.6871700e+00   3.4011900e+00  -1.0892900e+07
   6.0252900e+00  -3.9561100e+00   6.2389300e+00   3.4011900e+00   5.6872400e+00   3.4011900e+00  -1.0892900e+07
   6.0251600e+00  -3.9563400e+00   6.2387500e+00   3.4011700e+00   5.6873000e+00   3.4011900e+00  -1.0892900e+07
   6.0253100e+00  -3.9563400e+00   6.2390100e+00   3.4011600e+00   5.6874500e+00   3.4011900e+00  -1.0892900e+07
   6.0252700e+00  -3.9563900e+00   6.2388300e+00   3.4011700e+00   5.6874200e+00   3.4012000e+00  -1.0892900e+07
   6.0253400e+00  -3.9564200e+00   6.2387200e+00   3.4011800e+00   5.6872200e+00   3.4011900e+00  -1.0892900e+07
   6.0256000e+00  -3.9564300e+00   6.2389500e+00   3.4011900e+00   5.6873300e+00   3.4011900e+00  -1.0892900e+07
   6.0252400e+00  -3.9562600e+00   6.2386900e+00   3.4011700e+00   5.6871800e+00   3.4011800e+00  -1.0892900e+07
   6.0252500e+00  -3.9558700e+00   6.2396500e+00   3.4012000e+00   5.6873900e+00   3.4011900e+00  -1.0892900e+07
   6.0254100e+00  -3.9558800e+00   6.2390800e+00   3.4012000e+00   5.6873100e+00   3.4011900e+00  -1.0892900e+07
   6.0252600e+00  -3.9557500e+00   6.2391000e+00   3.4011400e+00   5.6873500e+00   3.4012000e+00  -1.0892900e+07
   6.0254600e+00  -3.9558700e+00   6.2391600e+00   3.4011800e+00   5.6873300e+00   3.4012000e+00  -1.0892900e+07
   6.0249800e+00  -3.9558100e+00   6.2384700e+00   3.4011900e+00   5.6871500e+00   3.4011900e+00  -1.0892900e+07
   6.0247700e+00  -3.9556100e+00   6.2387200e+00   3.4011400e+00   5.6872400e+00   3.4011900e+00  -1.0892900e+07
   6.0253200e+00  -3.9558900e+00   6.2391100e+00   3.4011900e+00   5.6872400e+00   3.4012000e+00  -1.0892900e+07
   6.0251200e+00  -3.9559000e+00   6.2388200e+00   3.4011900e+00   5.6871500e+00   3.4012000e+00  -1.0892900e+07
   6.0249400e+00  -3.9560200e+00   6.2389200e+00   3.4011800e+00   5.6873200e+00   3.4011900e+00  -1.0892900e+07
   6.0251000e+00  -3.9560900e+00   6.2389700e+00   3.4011800e+00   5.6873200e+00   3.4012000e+00  -1.0892900e+07
   6.0249400e+00  -3.9560000e+00   6.2388300e+00   3.4011900e+00   5.6874200e+00   3.4012000e+00  -1.0892900e+07
   6.0251300e+00  -3.9558800e+00   6.2389000e+00   3.4011700e+00   5.6872900e+00   3.4011900e+00  -1.0892900e+07
   6.0250900e+00  -3.9560200e+00   6.2390500e+00   3.4011900e+00   5.6873200e+00   3.4011900e+00  -1.0892900e+07
   6.0251200e+00  -3.9559700e+00   6.2390900e+00   3.4011800e+00   5.6874100e+00   3.4011900e+00  -1.0892900e+07
   6.0252600e+00  -3.9557600e+00   6.2391500e+00   3.4011900e+00   5.6872100e+00   3.4011900e+00  -1.0892900e+07
   6.0251600e+00  -3.9558100e+00   6.2388200e+00   3.4011900e+00   5.6872400e+00   3.4012000e+00  -1.0892900e+07
   6.0250000e+00  -3.9558800e+00   6.2389400e+00   3.4012000e+00   5.6874700e+00   3.4011900e+00  -1.0892900e+07
   6.0252000e+00  -3.9556200e+00   6.2390100e+00   3.4011700e+00   5.6872000e+00   3.4011900e+00  -1.0892900e+07
   6.0250600e+00  -3.9555100e+00   6.2386600e+00   3.4011800e+00   5.6872600e+00   3.4011900e+00  -1.0892900e+07
   6.0250600e+00  -3.9559000e+00   6.2386300e+00   3.4011900e+00   5.6872300e+00   3.4012000e+00  -1.0892900e+07
   6.0250300e+00  -3.9561700e+00   6.2388600e+00   3.4011800e+00   5.6873700e+00   3.4011900e+00  -1.0892900e+07
   6.0251900e+00  -3.9562600e+00   6.2389400e+00   3.4012000e+00   5.6872100e+00   3.4011900e+00  -1.0892900e+07
   6.0254900e+00  -3.9564600e+00   6.2389800e+00   3.4011800e+00   5.6873900e+00   3.4011900e+00  -1.0892900e+07
   6.0254900e+00  -3.9563900e+00   6.2392500e+00   3.4011800e+00   5.6874300e+00   3.4012000e+00  -1.0892900e+07
   6.0254000e+00  -3.9565700e+00   6.2389800e+00   3.4011900e+00   5.6872800e+00   3.4011900e+00  -1.0892900e+07
   6.0251900e+00  -3.9565300e+00   6.2388200e+00   3.4011900e+00   5.6872500e+00   3.4011900e+00  -1.0892900e+07
   6.0253400e+00  -3.9567900e+00   6.2387200e+00   3.4011800e+00   5.6873300e+00   3.4011900e+00  -1.0892900e+07
   6.0255800e+00  -3.9568600e+00   6.2388900e+00   3.4011800e+00   5.6874000e+00   3.4012000e+00  -1.0892900e+07
   6.0253400e+00  -3.9568400e+00   6.2387100e+00   3.4011900e+00   5.6874000e+00   3.4011900e+00  -1.0892900e+07
   6.0257000e+00  -3.9568800e+00   6.2392200e+00   3.4011800e+00   5.6873500e+00   3.4011900e+00  -1.0892900e+07
   6.0257300e+00  -3.9566700e+00   6.2391400e+00   3.4011800e+00   5.6872100e+00   3.4011900e+00  -1.0892900e+07
   6.0252500e+00  -3.9564500e+00   6.2389600e+00   3.4011900e+00   5.6873900e+00   3.4011900e+00  -1.0892900e+07
   6.0253600e+00  -3.9564800e+00   6.2386500e+00   3.4011600e+00   5.6871400e+00   3.4011900e+00  -1.0892900e+07
   6.0253800e+00  -3.9564300e+00   6.2388000e+00   3.4011600e+00   5.6871700e+00   3.4011900e+00  -1.0892900e+07
   6.0253400e+00  -3.9565200e+00   6.2388200e+00   3.4011800e+00   5.6872900e+00   3.4012000e+00  -1.0892900e+07
   6.0253700e+00  -3.9567300e+00   6.2389700e+00   3.4011700e+00   5.6875100e+00   3.4012000e+00  -1.0892900e+07
   6.0258400e+00  -3.9571000e+00   6.2392000e+00   3.4011600e+00   5.6873400e+00   3.4011900e+00  -1.0892900e+07
   6.0258800e+00  -3.9574600e+00   6.2391400e+00   3.4011700e+00   5.6872500e+00   3.4011900e+00  -1.0892900e+07
   6.0259100e+00  -3.9571200e+00   6.2387500e+00   3.4011700e+00   5.6870800e+00   3.4012000e+00  -1.0892900e+07
   6.0255000e+00  -3.9569300e+00   6.2389300e+00   3.4011900e+00   5.6873300e+00   3.4011900e+00  -1.0892900e+07
   6.0257700e+00  -3.9568700e+00   6.2390100e+00   3.4011900e+00   5.6873000e+00   3.4011900e+00  -1.0892900e+07
   6.0257800e+00  -3.9569100e+00   6.2389800e+00   3.4011900e+00   5.6871700e+00   3.4012000e+00  -1.0892900e+07
   6.0253000e+00  -3.9563700e+00   6.2391500e+00   3.4011800e+00   5.6873000e+00   3.4012000e+00  -1.0892900e+07
   6.0255000e+00  -3.9566900e+00   6.2392100e+00   3.4011700e+00   5.6872800e+00   3.4011900e+00  -1.0892900e+07
   6.0253100e+00  -3.9572500e+00   6.2387100e+00   3.4011300e+00   5.6873700e+00   3.4011800e+00  -1.0892900e+07
   6.0259600e+00  -3.9572400e+00   6.2390200e+00   3.4011800e+00   5.6873300e+00   3.4011900e+00  -1.0892900e+07
   6.0261100e+00  -3.9573000e+00   6.2392100e+00   3.4011900e+00   5.6871800e+00   3.4012000e+00  -1.0892900e+07
   6.0258600e+00  -3.9570700e+00   6.2388800e+00   3.4011900e+00   5.6871800e+00   3.4011900e+00  -1.0892900e+07
