   6.0247900e+00  -3.9554900e+00   6.2390100e+00   3.4011100e+00   5.6873200e+00   3.4011900e+00  -7.2619200e+06
   6.0249300e+00  -3.9554300e+00   6.2387500e+00   3.4011800e+00   5.6872100e+00   3.4012000e+00  -7.2619100e+06
   6.0250800e+00  -3.9554600e+00   6.2389100e+00   3.4011700e+00   5.6873600e+00   3.4012000e+00  -7.2619200e+06
   6.0250800e+00  -3.9555900e+00   6.2391800e+00   3.4011600e+00   5.6874400e+00   3.4012000e+00  -7.2619100e+06
   6.0251000e+00  -3.9557200e+00   6.2386200e+00   3.4011900e+00   5.6871500e+00   3.4012000e+00  -7.2619100e+06
   6.0243900e+00  -3.9556100e+00   6.2381300e+00   3.4011700e+00   5.6874300e+00   3.4011800e+00  -7.2619200e+06
   6.0254500e+00  -3.9559200e+00   6.2393200e+00   3.4011900e+00   5.6873100e+00   3.4011900e+00  -7.2619100e+06
   6.0252500e+00  -3.9560100e+00   6.2389400e+00   3.4011700e+00   5.6874500e+00   3.4011900e+00  -7.2619100e+06
   6.0249000e+00  -3.9559700e+00   6.2388100e+00   3.4011600e+00   5.6874300e+00   3.4011900e+00  -7.2619100e+06
   6.0249100e+00  -3.9557300e+00   6.2389000e+00   3.4011900e+00   5.6874700e+00   3.4011900e+00  -7.2619100e+06
   6.0248900e+00  -3.9555400e+00   6.2392800e+00   3.4011300e+00   5.6874200e+00   3.4011900e+00  -7.2619200e+06
   6.0252300e+00  -3.9559100e+00   6.2390200e+00   3.4011500e+00   5.6874400e+00   3.4012000e+00  -7.2619100e+06
   6.0248300e+00  -3.9561600e+00   6.2389700e+00   3.4011400e+00   5.6875000e+00   3.4012000e+00  -7.2619100e+06
   6.0250400e+00  -3.9560000e+00   6.2383700e+00   3.4010600e+00   5.6870700e+00   3.4012000e+00  -7.2619200e+06
   6.0254300e+00  -3.9560600e+00   6.2391000e+00   3.4011800e+00   5.6871700e+00   3.4012000e+00  -7.2619100e+06
   6.0252700e+00  -3.9560600e+00   6.2391500e+00   3.4011800e+00   5.6876100e+00   3.4011900e+00  -7.2619100e+06
   6.0248800e+00  -3.9560400e+00   6.2385600e+00   3.4011400e+00   5.6875500e+00   3.4011900e+00  -7.2619200e+06
   6.0251100e+00  -3.9560200e+00   6.2385500e+00   3.4011900e+00   5.6871800e+00   3.4011900e+00  -7.2619100e+06
   6.0253400e+00  -3.9560000e+00   6.2391400e+00   3.4011700e+00   5.6871300e+00   3.4012000e+00  -7.2619100e+06
   6.0251100e+00  -3.9558700e+00   6.2390800e+00   3.4011900e+00   5.6871800e+00   3.4011900e+00  -7.2619100e+06
   6.0252000e+00  -3.9559000e+00   6.2389400e+00   3.4011400e+00   5.6873900e+00   3.4012000e+00  -7.2619100e+06
   6.0248200e+00  -3.9558300e+00   6.2387200e+00   3.4011800e+00   5.6871200e+00   3.4011900e+00  -7.2619200e+06
   6.0248600e+00  -3.9557800e+00   6.2389600e+00   3.4011500e+00   5.6875100e+00   3.4011900e+00  -7.2619200e+06
   6.0251700e+00  -3.9556400e+00   6.2392400e+00   3.4011900e+00   5.6873800e+00   3.4011900e+00  -7.2619100e+06
   6.0253700e+00  -3.9556400e+00   6.2392900e+00   3.4011800e+00   5.6872300e+00   3.4012000e+00  -7.2619100e+06
   6.0248100e+00  -3.9557000e+00   6.2388300e+00   3.4009800e+00   5.6873500e+00   3.4011900e+00  -7.2619200e+06
   6.0251700e+00  -3.9558000e+00   6.2391700e+00   3.4010600e+00   5.6874400e+00   3.4011900e+00  -7.2619200e+06
   6.0246700e+00  -3.9555700e+00   6.2387600e+00   3.4011600e+00   5.6872400e+00   3.4011900e+00  -7.2619200e+06
   6.0248000e+00  -3.9554900e+00   6.2385800e+00   3.4010900e+00   5.6872700e+00   3.4011800e+00  -7.2619200e+06
   6.0249900e+00  -3.9555700e+00   6.2387500e+00   3.4011500e+00   5.6872700e+00   3.4011900e+00  -7.2619200e+06
   6.0250400e+00  -3.9554000e+00   6.2390800e+00   3.4011700e+00   5.6871900e+00   3.4011900e+00  -7.2619200e+06
   6.0250100e+00  -3.9554600e+00   6.2393900e+00   3.4011600e+00   5.6872700e+00   3.4011900e+00  -7.2619200e+06
   6.0250600e+00  -3.9552100e+00   6.2388900e+00   3.4011900e+00   5.6871400e+00   3.4012000e+00  -7.2619200e+06
   6.0249800e+00  -3.9554000e+00   6.2389800e+00   3.4011900e+00   5.6872000e+00   3.4011900e+00  -7.2619100e+06
   6.0249300e+00  -3.9553000e+00   6.2387500e+00   3.4011900e+00   5.6872700e+00   3.4011900e+00  -7.2619200e+06
   6.0249500e+00  -3.9552300e+00   6.2393400e+00   3.4011000e+00   5.6874300e+00   3.4011900e+00  -7.2619200e+06
   6.0248000e+00  -3.9551200e+00   6.2390400e+00   3.4011800e+00   5.6872700e+00   3.4011900e+00  -7.2619200e+06
   6.0247300e+00  -3.9550500e+00   6.2387500e+00   3.4011800e+00   5.6872700e+00   3.4012000e+00  -7.2619200e+06
   6.0243700e+00  -3.9548500e+00   6.2381600e+00   3.4011200e+00   5.6872800e+00   3.4011900e+00  -7.2619200e+06
   6.0248700e+00  -3.9548200e+00   6.2392100e+00   3.4011800e+00   5.6873700e+00   3.4011900e+00  -7.2619200e+06
   6.0245800e+00  -3.9547800e+00   6.2389200e+00   3.4011900e+00   5.6872800e+00   3.4011900e+00  -7.2619200e+06
   6.0246700e+00  -3.9548000e+00   6.2388000e+00   3.4011800e+00   5.6874100e+00   3.4011900e+00  -7.2619200e+06
   6.0248000e+00  -3.9548900e+00   6.2392500e+00   3.4011000e+00   5.6872800e+00   3.4011900e+00  -7.2619200e+06
   6.0248500e+00  -3.9548100e+00   6.2392500e+00   3.4011800e+00   5.6871800e+00   3.4011900e+00  -7.2619200e+06
   6.0248000e+00  -3.9548700e+00   6.2388600e+00   3.4011800e+00   5.6872900e+00   3.4011900e+00  -7.2619200e+06
   6.0246900e+00  -3.9551200e+00   6.2390300e+00   3.4011900e+00   5.6871400e+00   3.4012000e+00  -7.2619200e+06
   6.0245500e+00  -3.9548400e+00   6.2391800e+00   3.4010700e+00   5.6873200e+00   3.4011900e+00  -7.2619200e+06
   6.0249400e+00  -3.9550800e+00   6.2392200e+00   3.4012000e+00   5.6871900e+00   3.4011900e+00  -7.2619200e+06
   6.0245800e+00  -3.9549500e+00   6.2389900e+00   3.4011900e+00   5.6874900e+00   3.4012000e+00  -7.2619200e+06
   6.0247300e+00  -3.9548700e+00   6.2394400e+00   3.4010900e+00   5.6874800e+00   3.4011900e+00  -7.2619200e+06
   6.0247100e+00  -3.9550900e+00   6.2387900e+00   3.4011600e+00   5.6873400e+00   3.4011800e+00  -7.2619200e+06
   6.0249200e+00  -3.9553700e+00   6.2388700e+00   3.4011900e+00   5.6873000e+00   3.4011900e+00  -7.2619100e+06
   6.0251200e+00  -3.9555600e+00   6.2391600e+00   3.4011500e+00   5.6872600e+00   3.4011900e+00  -7.2619200e+06
   6.0253000e+00  -3.9555700e+00   6.2395000e+00   3.4011300e+00   5.6873900e+00   3.4011800e+00  -7.2619200e+06
   6.0247600e+00  -3.9554800e+00   6.2385400e+00   3.4011700e+00   5.6872900e+00   3.4012000e+00  -7.2619100e+06
   6.0251200e+00  -3.9556500e+00   6.2392000e+00   3.4011800e+00   5.6872800e+00   3.4012000e+00  -7.2619100e+06
   6.0248300e+00  -3.9557600e+00   6.2387900e+00   3.4011500e+00   5.6874000e+00   3.4012000e+00  -7.2619100e+06
   6.0249300e+00  -3.9557300e+00   6.2388000e+00   3.4011900e+00   5.6873700e+00   3.4011900e+00  -7.2619100e+06
   6.0250500e+00  -3.9554900e+00   6.2387500e+00   3.4011900e+00   5.6872900e+00   3.4011800e+00  -7.2619200e+06
   6.0250900e+00  -3.9555100e+00   6.2390700e+00   3.4011700e+00   5.6873200e+00   3.4011900e+00  -7.2619100e+06
   6.0250000e+00  -3.9552500e+00   6.2392600e+00   3.4011600e+00   5.6873200e+00   3.4011900e+00  -7.2619200e+06
   6.0249700e+00  -3.9553700e+00   6.2390200e+00   3.4011600e+00   5.6873400e+00   3.4011900e+00  -7.2619200e+06
   6.0248400e+00  -3.9554000e+00   6.2387100e+00   3.4011800e+00   5.6870700e+00   3.4012000e+00  -7.2619200e+06
   6.0249800e+00  -3.9555100e+00   6.2391100e+00   3.4011300e+00   5.6871500e+00   3.4011900e+00  -7.2619200e+06
   6.0250600e+00  -3.9556400e+00   6.2384900e+00   3.4011600e+00   5.6872200e+00   3.4011900e+00  -7.2619200e+06
   6.0248100e+00  -3.9557200e+00   6.2385100e+00   3.4011400e+00   5.6873300e+00   3.4011900e+00  -7.2619200e+06
   6.0250600e+00  -3.9556900e+00   6.2389000e+00   3.4011800e+00   5.6873200e+00   3.4011900e+00  -7.2619100e+06
   6.0251800e+00  -3.9554300e+00   6.2393500e+00   3.4011500e+00   5.6872500e+00   3.4012000e+00  -7.2619200e+06
   6.0251800e+00  -3.9554100e+00   6.2391400e+00   3.4011300e+00   5.6871900e+00   3.4011900e+00  -7.2619200e+06
   6.0246100e+00  -3.9554700e+00   6.2384900e+00   3.4011200e+00   5.6874800e+00   3.4012000e+00  -7.2619200e+06
   6.0251300e+00  -3.9552100e+00   6.2391300e+00   3.4011800e+00   5.6873400e+00   3.4011800e+00  -7.2619200e+06
   6.0243700e+00  -3.9552300e+00   6.2384600e+00   3.4011000e+00   5.6871900e+00   3.4011900e+00  -7.2619200e+06
   6.0248500e+00  -3.9554100e+00   6.2383700e+00   3.4011600e+00   5.6871800e+00   3.4011900e+00  -7.2619200e+06
   6.0248500e+00  -3.9552500e+00   6.2393600e+00   3.4011800e+00   5.6873500e+00   3.4011900e+00  -7.2619200e+06
   6.0247600e+00  -3.9554900e+00   6.2388800e+00   3.4010700e+00   5.6873700e+00   3.4011900e+00  -7.2619200e+06
   6.0249200e+00  -3.9555100e+00   6.2390100e+00   3.4011800e+00   5.6873500e+00   3.4011900e+00  -7.2619100e+06
   6.0248700e+00  -3.9552700e+00   6.2389700e+00   3.4011400e+00   5.6873500e+00   3.4011900e+00  -7.2619200e+06
   6.0248100e+00  -3.9552200e+00   6.2388900e+00   3.4011800e+00   5.6872200e+00   3.4011800e+00  -7.2619200e+06
   6.0249000e+00  -3.9551900e+00   6.2386600e+00   3.4011900e+00   5.6872000e+00   3.4012000e+00  -7.2619200e+06
   6.0245900e+00  -3.9549800e+00   6.2391700e+00   3.4011500e+00   5.6872200e+00   3.4011900e+00  -7.2619200e+06
   6.0250000e+00  -3.9551100e+00   6.2387900e+00   3.4011500e+00   5.6872200e+00   3.4012000e+00  -7.2619200e+06
   6.0249500e+00  -3.9551300e+00   6.2389000e+00   3.4011900e+00   5.6872500e+00   3.4012000e+00  -7.2619200e+06
   6.0247700e+00  -3.9552200e+00   6.2386100e+00   3.4011400e+00   5.6873200e+00   3.4011900e+00  -7.2619200e+06
   6.0241700e+00  -3.9549500e+00   6.2388400e+00   3.4011900e+00   5.6874900e+00   3.4012000e+00  -7.2619200e+06
   6.0246100e+00  -3.9548400e+00   6.2388300e+00   3.4011500e+00   5.6872200e+00   3.4012000e+00  -7.2619200e+06
   6.0246200e+00  -3.9548700e+00   6.2387300e+00   3.4011700e+00   5.6872100e+00   3.4011900e+00  -7.2619200e+06
   6.0242900e+00  -3.9545600e+00   6.2387200e+00   3.4011900e+00   5.6874000e+00   3.4011900e+00  -7.2619200e+06
   6.0244100e+00  -3.9544200e+00   6.2387100e+00   3.4010700e+00   5.6871800e+00   3.4011900e+00  -7.2619300e+06
   6.0246800e+00  -3.9545400e+00   6.2388300e+00   3.4011300e+00   5.6871200e+00   3.4011800e+00  -7.2619300e+06
   6.0247200e+00  -3.9546200e+00   6.2394900e+00   3.4011600e+00   5.6873400e+00   3.4011900e+00  -7.2619200e+06
   6.0243300e+00  -3.9546000e+00   6.2387100e+00   3.4011800e+00   5.6874600e+00   3.4011900e+00  -7.2619200e+06
   6.0242400e+00  -3.9544900e+00   6.2386800e+00   3.4011900e+00   5.6871800e+00   3.4011800e+00  -7.2619200e+06
   6.0244500e+00  -3.9544400e+00   6.2388900e+00   3.4011900e+00   5.6872300e+00   3.4011900e+00  -7.2619200e+06
   6.0245300e+00  -3.9548900e+00   6.2391000e+00   3.4011900e+00   5.6874000e+00   3.4011900e+00  -7.2619200e+06
   6.0246200e+00  -3.9547800e+00   6.2390200e+00   3.4011800e+00   5.6871500e+00   3.4011900e+00  -7.2619200e+06
   6.0248300e+00  -3.9547700e+00   6.2389000e+00   3.4011300e+00   5.6872500e+00   3.4012000e+00  -7.2619200e+06
   6.0247400e+00  -3.9548600e+00   6.2391400e+00   3.4011100e+00   5.6871500e+00   3.4012000e+00  -7.2619200e+06
   6.0246300e+00  -3.9547700e+00   6.2389800e+00   3.4011600e+00   5.6872900e+00   3.4011900e+00  -7.2619200e+06
   6.0242200e+00  -3.9546900e+00   6.2385500e+00   3.4011800e+00   5.6872700e+00   3.4011900e+00  -7.2619200e+06
   6.0243700e+00  -3.9546800e+00   6.2391000e+00   3.4011800e+00   5.6872700e+00   3.4011900e+00  -7.2619200e+06
   6.0245500e+00  -3.9548100e+00   6.2386800e+00   3.4011900e+00   5.6871200e+00   3.4011900e+00  -7.2619200e+06
   6.0241700e+00  -3.9547300e+00   6.2383700e+00   3.4011000e+00   5.6873300e+00   3.4011900e+00  -7.2619200e+06
   6.0246000e+00  -3.9549300e+00   6.2389900e+00   3.4011800e+00   5.6875000e+00   3.4011900e+00  -7.2619200e+06
   6.0245800e+00  -3.9547600e+00   6.2389300e+00   3.4010900e+00   5.6873000e+00   3.4011900e+00  -7.2619200e+06
   6.0246800e+00  -3.9548900e+00   6.2386800e+00   3.4011900e+00   5.6874200e+00   3.4012000e+00  -7.2619200e+06
   6.0244000e+00  -3.9548500e+00   6.2386300e+00   3.4012000e+00   5.6872400e+00   3.4011900e+00  -7.2619200e+06
   6.0245600e+00  -3.9548300e+00   6.2389600e+00   3.4011800e+00   5.6874100e+00   3.4011800e+00  -7.2619200e+06
   6.0244900e+00  -3.9546200e+00   6.2391600e+00   3.4011700e+00   5.6873100e+00   3.4011900e+00  -7.2619200e+06
   6.0245900e+00  -3.9546700e+00   6.2390400e+00   3.4011600e+00   5.6872700e+00   3.4012000e+00  -7.2619200e+06
   6.0244500e+00  -3.9547300e+00   6.2386400e+00   3.4011700e+00   5.6871800e+00   3.4011900e+00  -7.2619200e+06
   6.0247400e+00  -3.9550100e+00   6.2388200e+00   3.4011600e+00   5.6874100e+00   3.4011900e+00  -7.2619200e+06
   6.0245100e+00  -3.9552700e+00   6.2387200e+00   3.4011700e+00   5.6873300e+00   3.4011900e+00  -7.2619200e+06
   6.0246500e+00  -3.9554700e+00   6.2386100e+00   3.4011900e+00   5.6873900e+00   3.4011900e+00  -7.2619100e+06
   6.0246900e+00  -3.9554100e+00   6.2390300e+00   3.4012000e+00   5.6873800e+00   3.4011900e+00  -7.2619200e+06
   6.0249000e+00  -3.9556900e+00   6.2387700e+00   3.4010600e+00   5.6873900e+00   3.4011900e+00  -7.2619200e+06
   6.0250700e+00  -3.9559100e+00   6.2385900e+00   3.4011800e+00   5.6872500e+00   3.4011900e+00  -7.2619100e+06
   6.0251200e+00  -3.9564400e+00   6.2384500e+00   3.4011700e+00   5.6871900e+00   3.4011900e+00  -7.2619100e+06
   6.0252900e+00  -3.9564700e+00   6.2390100e+00   3.4011700e+00   5.6874600e+00   3.4011900e+00  -7.2619100e+06
   6.0258300e+00  -3.9566700e+00   6.2390300e+00   3.4011900e+00   5.6872600e+00   3.4011900e+00  -7.2619100e+06
   6.0251200e+00  -3.9562400e+00   6.2385700e+00   3.4010800e+00   5.6871500e+00   3.4011900e+00  -7.2619200e+06
   6.0250700e+00  -3.9561400e+00   6.2390700e+00   3.4011600e+00   5.6874300e+00   3.4011800e+00  -7.2619100e+06
   6.0256500e+00  -3.9565200e+00   6.2394200e+00   3.4011700e+00   5.6872200e+00   3.4011900e+00  -7.2619100e+06
   6.0254300e+00  -3.9566700e+00   6.2390300e+00   3.4011700e+00   5.6874700e+00   3.4011900e+00  -7.2619100e+06
   6.0254800e+00  -3.9569100e+00   6.2386800e+00   3.4011300e+00   5.6874400e+00   3.4011900e+00  -7.2619100e+06
   6.0259700e+00  -3.9571500e+00   6.2388400e+00   3.4011800e+00   5.6871800e+00   3.4011900e+00  -7.2619100e+06
   6.0255300e+00  -3.9569000e+00   6.2390000e+00   3.4011600e+00   5.6872500e+00   3.4012000e+00  -7.2619100e+06
   6.0255000e+00  -3.9568700e+00   6.2388800e+00   3.4011800e+00   5.6871800e+00   3.4011900e+00  -7.2619100e+06
   6.0255500e+00  -3.9569600e+00   6.2388400e+00   3.4011500e+00   5.6873900e+00   3.4011800e+00  -7.2619100e+06
   6.0256500e+00  -3.9570900e+00   6.2391300e+00   3.4011800e+00   5.6873600e+00   3.4011900e+00  -7.2619100e+06
   6.0256500e+00  -3.9572500e+00   6.2389200e+00   3.4009400e+00   5.6872900e+00   3.4011900e+00  -7.2619100e+06
   6.0254400e+00  -3.9570400e+00   6.2387800e+00   3.4011800e+00   5.6872300e+00   3.4011900e+00  -7.2619100e+06
   6.0259100e+00  -3.9570500e+00   6.2392500e+00   3.4010800e+00   5.6872600e+00   3.4011900e+00  -7.2619100e+06
   6.0255900e+00  -3.9568900e+00   6.2388000e+00   3.4011500e+00   5.6873200e+00   3.4012000e+00  -7.2619100e+06
   6.0255500e+00  -3.9567200e+00   6.2385700e+00   3.4011900e+00   5.6871800e+00   3.4012000e+00  -7.2619100e+06
   6.0257200e+00  -3.9568500e+00   6.2392500e+00   3.4011700e+00   5.6874100e+00   3.4011900e+00  -7.2619100e+06
   6.0255900e+00  -3.9569900e+00   6.2386300e+00   3.4011800e+00   5.6872400e+00   3.4011900e+00  -7.2619100e+06
   6.0254700e+00  -3.9567800e+00   6.2387500e+00   3.4011700e+00   5.6875300e+00   3.4012000e+00  -7.2619100e+06
   6.0253600e+00  -3.9564800e+00   6.2390700e+00   3.4011900e+00   5.6875600e+00   3.4011900e+00  -7.2619100e+06
   6.0254700e+00  -3.9565300e+00   6.2392800e+00   3.4011900e+00   5.6873200e+00   3.4011900e+00  -7.2619100e+06
   6.0254400e+00  -3.9565400e+00   6.2391100e+00   3.4011700e+00   5.6872800e+00   3.4011900e+00  -7.2619100e+06
   6.0254300e+00  -3.9564500e+00   6.2389400e+00   3.4011600e+00   5.6872100e+00   3.4011900e+00  -7.2619100e+06
   6.0252000e+00  -3.9562800e+00   6.2388700e+00   3.4011800e+00   5.6872700e+00   3.4011900e+00  -7.2619100e+06
   6.0255100e+00  -3.9562900e+00   6.2387900e+00   3.4012000e+00   5.6871300e+00   3.4012000e+00  -7.2619100e+06
   6.0253000e+00  -3.9563500e+00   6.2385100e+00   3.4011800e+00   5.6873000e+00   3.4012000e+00  -7.2619100e+06
   6.0257200e+00  -3.9564400e+00   6.2396200e+00   3.4011600e+00   5.6871200e+00   3.4011900e+00  -7.2619100e+06
   6.0251800e+00  -3.9566400e+00   6.2388200e+00   3.4011200e+00   5.6875200e+00   3.4012000e+00  -7.2619100e+06
   6.0254700e+00  -3.9565400e+00   6.2389300e+00   3.4011700e+00   5.6871200e+00   3.4011800e+00  -7.2619100e+06
   6.0253200e+00  -3.9565700e+00   6.2387100e+00   3.4011400e+00   5.6871100e+00   3.4011900e+00  -7.2619100e+06
   6.0256500e+00  -3.9565800e+00   6.2389800e+00   3.4011900e+00   5.6871500e+00   3.4011900e+00  -7.2619100e+06
   6.0254200e+00  -3.9563500e+00   6.2392000e+00   3.4011900e+00   5.6873900e+00   3.4012000e+00  -7.2619100e+06
   6.0254800e+00  -3.9561900e+00   6.2388600e+00   3.4011800e+00   5.6873600e+00   3.4012000e+00  -7.2619100e+06
   6.0253200e+00  -3.9563000e+00   6.2394400e+00   3.4011900e+00   5.6874500e+00   3.4011900e+00  -7.2619100e+06
   6.0253800e+00  -3.9563300e+00   6.2388500e+00   3.4011900e+00   5.6872100e+00   3.4012000e+00  -7.2619100e+06
   6.0253200e+00  -3.9561500e+00   6.2391000e+00   3.4012000e+00   5.6874900e+00   3.4012000e+00  -7.2619100e+06
   6.0252000e+00  -3.9561200e+00   6.2384300e+00   3.4011800e+00   5.6872500e+00   3.4011900e+00  -7.2619100e+06
   6.0254000e+00  -3.9562700e+00   6.2393200e+00   3.4011900e+00   5.6874800e+00   3.4012000e+00  -7.2619100e+06
   6.0252100e+00  -3.9560200e+00   6.2389800e+00   3.4011600e+00   5.6873500e+00   3.4011900e+00  -7.2619100e+06
   6.0249800e+00  -3.9559900e+00   6.2386700e+00   3.4011400e+00   5.6874400e+00   3.4011900e+00  -7.2619100e+06
   6.0246800e+00  -3.9558600e+00   6.2385700e+00   3.4011900e+00   5.6875100e+00   3.4011900e+00  -7.2619100e+06
   6.0252000e+00  -3.9555800e+00   6.2392200e+00   3.4011600e+00   5.6871300e+00   3.4012000e+00  -7.2619200e+06
   6.0252700e+00  -3.9557400e+00   6.2394700e+00   3.4011600e+00   5.6873300e+00   3.4011900e+00  -7.2619100e+06
   6.0251500e+00  -3.9555700e+00   6.2390900e+00   3.4011500e+00   5.6871700e+00   3.4011800e+00  -7.2619200e+06
   6.0249300e+00  -3.9554300e+00   6.2391200e+00   3.4011800e+00   5.6872900e+00   3.4011900e+00  -7.2619100e+06
   6.0247400e+00  -3.9552200e+00   6.2386600e+00   3.4011900e+00   5.6872100e+00   3.4012000e+00  -7.2619200e+06
   6.0249500e+00  -3.9552300e+00   6.2390300e+00   3.4012000e+00   5.6872300e+00   3.4012000e+00  -7.2619100e+06
   6.0253600e+00  -3.9555700e+00   6.2393000e+00   3.4011900e+00   5.6872800e+00   3.4011800e+00  -7.2619200e+06
   6.0251800e+00  -3.9560600e+00   6.2390300e+00   3.4011900e+00   5.6872000e+00   3.4011900e+00  -7.2619100e+06
   6.0251900e+00  -3.9561800e+00   6.2390400e+00   3.4011600e+00   5.6873100e+00   3.4011900e+00  -7.2619100e+06
   6.0251400e+00  -3.9561400e+00   6.2383800e+00   3.4011500e+00   5.6872900e+00   3.4012000e+00  -7.2619100e+06
   6.0254900e+00  -3.9562800e+00   6.2392300e+00   3.4011300e+00   5.6873900e+00   3.4011900e+00  -7.2619100e+06
   6.0254800e+00  -3.9560100e+00   6.2392300e+00   3.4011800e+00   5.6872400e+00   3.4011900e+00  -7.2619100e+06
   6.0252200e+00  -3.9559700e+00   6.2389200e+00   3.4011800e+00   5.6872400e+00   3.4011900e+00  -7.2619100e+06
   6.0253700e+00  -3.9559600e+00   6.2393500e+00   3.4011600e+00   5.6872700e+00   3.4011900e+00  -7.2619100e+06
   6.0251300e+00  -3.9560600e+00   6.2387100e+00   3.4011900e+00   5.6871300e+00   3.4011900e+00  -7.2619100e+06
   6.0254400e+00  -3.9561500e+00   6.2389300e+00   3.4011400e+00   5.6873200e+00   3.4011900e+00  -7.2619100e+06
   6.0254900e+00  -3.9559500e+00   6.2394700e+00   3.4011400e+00   5.6873300e+00   3.4011900e+00  -7.2619100e+06
   6.0252400e+00  -3.9559900e+00   6.2389000e+00   3.4011900e+00   5.6872000e+00   3.4011900e+00  -7.2619100e+06
   6.0256100e+00  -3.9563600e+00   6.2394800e+00   3.4011600e+00   5.6873200e+00   3.4012000e+00  -7.2619100e+06
   6.0250800e+00  -3.9562500e+00   6.2388000e+00   3.4011800e+00   5.6874100e+00   3.4011700e+00  -7.2619100e+06
   6.0251800e+00  -3.9563300e+00   6.2389700e+00   3.4011800e+00   5.6874600e+00   3.4011800e+00  -7.2619100e+06
   6.0250000e+00  -3.9563700e+00   6.2387400e+00   3.4011200e+00   5.6873800e+00   3.4011900e+00  -7.2619100e+06
   6.0253000e+00  -3.9563100e+00   6.2388100e+00   3.4011700e+00   5.6872400e+00   3.4011900e+00  -7.2619100e+06
   6.0250700e+00  -3.9562200e+00   6.2390800e+00   3.4011700e+00   5.6873900e+00   3.4011900e+00  -7.2619100e+06
   6.0253800e+00  -3.9563100e+00   6.2392200e+00   3.4011700e+00   5.6873400e+00   3.4012000e+00  -7.2619100e+06
   6.0253100e+00  -3.9560800e+00   6.2391100e+00   3.4011300e+00   5.6873300e+00   3.4012000e+00  -7.2619100e+06
   6.0250300e+00  -3.9563000e+00   6.2388500e+00   3.4011900e+00   5.6874100e+00   3.4012000e+00  -7.2619100e+06
   6.0254600e+00  -3.9566000e+00   6.2390900e+00   3.4011700e+00   5.6872900e+00   3.4011900e+00  -7.2619100e+06
   6.0254300e+00  -3.9567600e+00   6.2388900e+00   3.4011200e+00   5.6873700e+00   3.4011900e+00  -7.2619100e+06
   6.0255400e+00  -3.9567800e+00   6.2392700e+00   3.4011300e+00   5.6874300e+00   3.4011900e+00  -7.2619100e+06
   6.0258000e+00  -3.9569700e+00   6.2394700e+00   3.4011900e+00   5.6873400e+00   3.4011900e+00  -7.2619100e+06
   6.0255000e+00  -3.9567500e+00   6.2387600e+00   3.4011900e+00   5.6874300e+00   3.4011900e+00  -7.2619100e+06
   6.0254500e+00  -3.9568800e+00   6.2391700e+00   3.4011800e+00   5.6874300e+00   3.4012000e+00  -7.2619100e+06
   6.0257900e+00  -3.9569000e+00   6.2387600e+00   3.4011600e+00   5.6872200e+00   3.4011900e+00  -7.2619100e+06
   6.0255500e+00  -3.9567200e+00   6.2391800e+00   3.4011200e+00   5.6871700e+00   3.4011900e+00  -7.2619100e+06
   6.0251300e+00  -3.9567200e+00   6.2382500e+00   3.4011700e+00   5.6873800e+00   3.4012000e+00  -7.2619100e+06
   6.0255400e+00  -3.9563600e+00   6.2386900e+00   3.4011600e+00   5.6870400e+00   3.4012000e+00  -7.2619100e+06
   6.0248900e+00  -3.9560600e+00   6.2389400e+00   3.4011700e+00   5.6872400e+00   3.4011900e+00  -7.2619200e+06
   6.0254900e+00  -3.9561900e+00   6.2388700e+00   3.4011900e+00   5.6870800e+00   3.4012000e+00  -7.2619100e+06
   6.0251000e+00  -3.9561600e+00   6.2388300e+00   3.4011600e+00   5.6873700e+00   3.4011800e+00  -7.2619100e+06
   6.0255600e+00  -3.9562300e+00   6.2392100e+00   3.4011800e+00   5.6873100e+00   3.4011800e+00  -7.2619100e+06
   6.0253900e+00  -3.9562600e+00   6.2388100e+00   3.4011700e+00   5.6873600e+00   3.4011900e+00  -7.2619100e+06
   6.0248800e+00  -3.9561300e+00   6.2387500e+00   3.4011900e+00   5.6874200e+00   3.4011900e+00  -7.2619100e+06
   6.0247400e+00  -3.9557500e+00   6.2387700e+00   3.4011800e+00   5.6873400e+00   3.4012000e+00  -7.2619100e+06
   6.0251800e+00  -3.9558600e+00   6.2393600e+00   3.4011300e+00   5.6872500e+00   3.4011900e+00  -7.2619200e+06
   6.0249900e+00  -3.9556900e+00   6.2389700e+00   3.4011300e+00   5.6873100e+00   3.4012000e+00  -7.2619100e+06
   6.0249300e+00  -3.9556900e+00   6.2391000e+00   3.4011800e+00   5.6873500e+00   3.4011800e+00  -7.2619200e+06
   6.0252200e+00  -3.9558200e+00   6.2391400e+00   3.4011400e+00   5.6871600e+00   3.4012000e+00  -7.2619100e+06
   6.0252500e+00  -3.9558200e+00   6.2392700e+00   3.4010300e+00   5.6871400e+00   3.4011900e+00  -7.2619200e+06
   6.0247400e+00  -3.9558500e+00   6.2386900e+00   3.4011900e+00   5.6871900e+00   3.4012000e+00  -7.2619100e+06
   6.0250300e+00  -3.9555700e+00   6.2388300e+00   3.4011900e+00   5.6875000e+00   3.4012000e+00  -7.2619200e+06
   6.0248000e+00  -3.9553000e+00   6.2386200e+00   3.4011400e+00   5.6871300e+00   3.4011900e+00  -7.2619200e+06
   6.0248500e+00  -3.9555800e+00   6.2389300e+00   3.4012000e+00   5.6871300e+00   3.4012000e+00  -7.2619100e+06
   6.0249500e+00  -3.9555500e+00   6.2387400e+00   3.4011900e+00   5.6872700e+00   3.4011800e+00  -7.2619200e+06
   6.0246800e+00  -3.9557100e+00   6.2383900e+00   3.4011800e+00   5.6871300e+00   3.4012000e+00  -7.2619200e+06
   6.0248800e+00  -3.9554400e+00   6.2386400e+00   3.4011400e+00   5.6872500e+00   3.4011900e+00  -7.2619200e+06
   6.0248300e+00  -3.9553100e+00   6.2387500e+00   3.4011900e+00   5.6872600e+00   3.4011900e+00  -7.2619200e+06
   6.0245500e+00  -3.9553500e+00   6.2388300e+00   3.4011600e+00   5.6874100e+00   3.4011800e+00  -7.2619200e+06
   6.0251600e+00  -3.9554100e+00   6.2388600e+00   3.4011900e+00   5.6871400e+00   3.4011900e+00  -7.2619200e+06
   6.0251000e+00  -3.9552800e+00   6.2390000e+00   3.4011900e+00   5.6873300e+00   3.4011800e+00  -7.2619200e+06
   6.0250000e+00  -3.9554500e+00   6.2394500e+00   3.4011800e+00   5.6874900e+00   3.4011900e+00  -7.2619200e+06
   6.0246800e+00  -3.9554900e+00   6.2390800e+00   3.4011900e+00   5.6875200e+00   3.4011900e+00  -7.2619200e+06
   6.0251100e+00  -3.9555700e+00   6.2387400e+00   3.4011900e+00   5.6870700e+00   3.4011900e+00  -7.2619200e+06
   6.0250900e+00  -3.9552300e+00   6.2390000e+00   3.4011700e+00   5.6871900e+00   3.4011900e+00  -7.2619200e+06
   6.0245100e+00  -3.9554000e+00   6.2390500e+00   3.4011600e+00   5.6873300e+00   3.4011900e+00  -7.2619200e+06
   6.0250200e+00  -3.9555000e+00   6.2387300e+00   3.4011600e+00   5.6872500e+00   3.4012000e+00  -7.2619100e+06
   6.0250700e+00  -3.9553200e+00   6.2390200e+00   3.4012000e+00   5.6872600e+00   3.4011900e+00  -7.2619100e+06
   6.0247700e+00  -3.9552000e+00   6.2388700e+00   3.4011900e+00   5.6873400e+00   3.4011600e+00  -7.2619200e+06
   6.0248300e+00  -3.9550500e+00   6.2386300e+00   3.4012000e+00   5.6872300e+00   3.4011900e+00  -7.2619200e+06
   6.0250900e+00  -3.9553200e+00   6.2385800e+00   3.4011600e+00   5.6871900e+00   3.4011800e+00  -7.2619200e+06
   6.0250300e+00  -3.9556300e+00   6.2390100e+00   3.4011800e+00   5.6874000e+00   3.4011900e+00  -7.2619100e+06
   6.0248900e+00  -3.9553600e+00   6.2388100e+00   3.4011900e+00   5.6871000e+00   3.4011900e+00  -7.2619200e+06
   6.0246500e+00  -3.9555200e+00   6.2384300e+00   3.4011600e+00   5.6872700e+00   3.4011900e+00  -7.2619200e+06
   6.0249200e+00  -3.9555500e+00   6.2390200e+00   3.4011700e+00   5.6873500e+00   3.4011900e+00  -7.2619100e+06
   6.0249300e+00  -3.9554100e+00   6.2388700e+00   3.4011600e+00   5.6871400e+00   3.4011800e+00  -7.2619200e+06
   6.0247400e+00  -3.9553800e+00   6.2386600e+00   3.4012000e+00   5.6873500e+00   3.4011900e+00  -7.2619100e+06
   6.0250900e+00  -3.9555400e+00   6.2390700e+00   3.4011500e+00   5.6873400e+00   3.4011900e+00  -7.2619200e+06
   6.0246000e+00  -3.9552600e+00   6.2387600e+00   3.4011700e+00   5.6874200e+00   3.4011800e+00  -7.2619200e+06
   6.0244700e+00  -3.9552600e+00   6.2389600e+00   3.4011900e+00   5.6872900e+00   3.4011800e+00  -7.2619200e+06
   6.0246500e+00  -3.9552400e+00   6.2388500e+00   3.4011800e+00   5.6872600e+00   3.4011800e+00  -7.2619200e+06
   6.0250400e+00  -3.9551500e+00   6.2390900e+00   3.4011900e+00   5.6872100e+00   3.4012000e+00  -7.2619200e+06
   6.0246800e+00  -3.9551500e+00   6.2390100e+00   3.4011500e+00   5.6872900e+00   3.4011900e+00  -7.2619200e+06
   6.0247200e+00  -3.9550700e+00   6.2391900e+00   3.4011300e+00   5.6873800e+00   3.4011800e+00  -7.2619200e+06
   6.0244600e+00  -3.9550000e+00   6.2385600e+00   3.4011700e+00   5.6871900e+00   3.4011900e+00  -7.2619200e+06
   6.0246800e+00  -3.9551300e+00   6.2390200e+00   3.4011700e+00   5.6875300e+00   3.4012000e+00  -7.2619200e+06
   6.0246100e+00  -3.9552900e+00   6.2386600e+00   3.4011300e+00   5.6873100e+00   3.4011900e+00  -7.2619200e+06
   6.0248900e+00  -3.9556400e+00   6.2391800e+00   3.4011900e+00   5.6875200e+00   3.4011900e+00  -7.2619100e+06
   6.0249100e+00  -3.9556400e+00   6.2393200e+00   3.4011800e+00   5.6873500e+00   3.4011800e+00  -7.2619200e+06
   6.0252300e+00  -3.9557500e+00   6.2388000e+00   3.4011100e+00   5.6873100e+00   3.4012000e+00  -7.2619200e+06
   6.0250000e+00  -3.9556800e+00   6.2385200e+00   3.4011700e+00   5.6872400e+00   3.4011900e+00  -7.2619200e+06
   6.0250700e+00  -3.9557600e+00   6.2393400e+00   3.4011800e+00   5.6877000e+00   3.4011900e+00  -7.2619200e+06
   6.0253000e+00  -3.9560200e+00   6.2388500e+00   3.4011400e+00   5.6872200e+00   3.4011900e+00  -7.2619100e+06
   6.0254000e+00  -3.9561200e+00   6.2389500e+00   3.4011900e+00   5.6873300e+00   3.4011900e+00  -7.2619100e+06
   6.0250800e+00  -3.9560000e+00   6.2387900e+00   3.4011900e+00   5.6873200e+00   3.4011900e+00  -7.2619100e+06
   6.0255000e+00  -3.9563900e+00   6.2393900e+00   3.4011800e+00   5.6875100e+00   3.4011900e+00  -7.2619100e+06
   6.0252900e+00  -3.9562900e+00   6.2393200e+00   3.4011800e+00   5.6874700e+00   3.4011900e+00  -7.2619100e+06
   6.0258200e+00  -3.9564100e+00   6.2394700e+00   3.4011800e+00   5.6873800e+00   3.4011900e+00  -7.2619100e+06
   6.0256900e+00  -3.9568200e+00   6.2387400e+00   3.4011900e+00   5.6871800e+00   3.4012000e+00  -7.2619100e+06
   6.0254300e+00  -3.9567300e+00   6.2390000e+00   3.4011600e+00   5.6873800e+00   3.4012000e+00  -7.2619100e+06
   6.0254300e+00  -3.9566400e+00   6.2385200e+00   3.4011600e+00   5.6870800e+00   3.4011900e+00  -7.2619100e+06
   6.0251500e+00  -3.9563300e+00   6.2387800e+00   3.4011400e+00   5.6874100e+00   3.4011900e+00  -7.2619100e+06
   6.0255400e+00  -3.9563100e+00   6.2391100e+00   3.4010900e+00   5.6872400e+00   3.4011900e+00  -7.2619100e+06
   6.0256100e+00  -3.9565000e+00   6.2388300e+00   3.4011700e+00   5.6872700e+00   3.4012000e+00  -7.2619100e+06
   6.0253600e+00  -3.9568800e+00   6.2384100e+00   3.4011800e+00   5.6871300e+00   3.4011900e+00  -7.2619100e+06
   6.0257500e+00  -3.9568700e+00   6.2389800e+00   3.4011700e+00   5.6874300e+00   3.4011900e+00  -7.2619100e+06
   6.0253200e+00  -3.9569400e+00   6.2386600e+00   3.4011600e+00   5.6873200e+00   3.4011900e+00  -7.2619100e+06
   6.0257700e+00  -3.9572300e+00   6.2388500e+00   3.4011900e+00   5.6872600e+00   3.4012000e+00  -7.2619000e+06
   6.0258700e+00  -3.9570300e+00   6.2392100e+00   3.4011500e+00   5.6872700e+00   3.4012000e+00  -7.2619100e+06
   6.0258000e+00  -3.9573100e+00   6.2391100e+00   3.4011400e+00   5.6874800e+00   3.4011900e+00  -7.2619100e+06
   6.0257000e+00  -3.9573800e+00   6.2387100e+00   3.4011900e+00   5.6872500e+00   3.4011900e+00  -7.2619000e+06
   6.0257400e+00  -3.9573700e+00   6.2384900e+00   3.4011900e+00   5.6872300e+00   3.4012000e+00  -7.2619000e+06
   6.0256900e+00  -3.9576700e+00   6.2383600e+00   3.4011900e+00   5.6872100e+00   3.4011900e+00  -7.2619000e+06
   6.0261200e+00  -3.9575100e+00   6.2391200e+00   3.4011600e+00   5.6871400e+00   3.4011900e+00  -7.2619100e+06
   6.0258500e+00  -3.9574600e+00   6.2387300e+00   3.4011700e+00   5.6874400e+00   3.4012000e+00  -7.2619000e+06
   6.0256400e+00  -3.9573900e+00   6.2389800e+00   3.4010200e+00   5.6872800e+00   3.4011900e+00  -7.2619100e+06
   6.0255600e+00  -3.9573200e+00   6.2389300e+00   3.4011600e+00   5.6875200e+00   3.4011900e+00  -7.2619100e+06
   6.0255700e+00  -3.9565500e+00   6.2390700e+00   3.4011300e+00   5.6871200e+00   3.4012000e+00  -7.2619100e+06
   6.0257300e+00  -3.9566200e+00   6.2390600e+00   3.4011900e+00   5.6871600e+00   3.4012000e+00  -7.2619100e+06
   6.0251800e+00  -3.9563300e+00   6.2385000e+00   3.4011700e+00   5.6874600e+00   3.4011900e+00  -7.2619100e+06
   6.0249200e+00  -3.9560300e+00   6.2383400e+00   3.4011300e+00   5.6873900e+00   3.4011900e+00  -7.2619200e+06
   6.0253300e+00  -3.9557200e+00   6.2390900e+00   3.4011800e+00   5.6873100e+00   3.4011900e+00  -7.2619100e+06
   6.0251500e+00  -3.9556000e+00   6.2390600e+00   3.4011400e+00   5.6871600e+00   3.4011900e+00  -7.2619200e+06
   6.0250100e+00  -3.9559000e+00   6.2385000e+00   3.4011600e+00   5.6873600e+00   3.4011800e+00  -7.2619200e+06
   6.0248400e+00  -3.9556600e+00   6.2385400e+00   3.4011700e+00   5.6875000e+00   3.4011900e+00  -7.2619200e+06
   6.0251200e+00  -3.9554700e+00   6.2389400e+00   3.4011600e+00   5.6872400e+00   3.4012000e+00  -7.2619100e+06
   6.0254000e+00  -3.9557300e+00   6.2394500e+00   3.4011800e+00   5.6874000e+00   3.4011900e+00  -7.2619200e+06
   6.0251800e+00  -3.9559300e+00   6.2387200e+00   3.4011900e+00   5.6873800e+00   3.4011800e+00  -7.2619100e+06
   6.0249800e+00  -3.9557800e+00   6.2388300e+00   3.4011600e+00   5.6870600e+00   3.4011900e+00  -7.2619200e+06
   6.0251400e+00  -3.9560200e+00   6.2389100e+00   3.4011800e+00   5.6873700e+00   3.4011800e+00  -7.2619100e+06
   6.0252800e+00  -3.9560200e+00   6.2387800e+00   3.4011500e+00   5.6872700e+00   3.4012000e+00  -7.2619100e+06
   6.0250700e+00  -3.9561700e+00   6.2388500e+00   3.4011600e+00   5.6873200e+00   3.4012000e+00  -7.2619100e+06
   6.0251900e+00  -3.9559300e+00   6.2386300e+00   3.4011900e+00   5.6871900e+00   3.4011900e+00  -7.2619100e+06
   6.0251400e+00  -3.9558700e+00   6.2388600e+00   3.4011700e+00   5.6873500e+00   3.4012000e+00  -7.2619100e+06
   6.0254100e+00  -3.9559300e+00   6.2396800e+00   3.4011800e+00   5.6875900e+00   3.4011900e+00  -7.2619200e+06
   6.0250300e+00  -3.9559100e+00   6.2387700e+00   3.4010900e+00   5.6873400e+00   3.4011800e+00  -7.2619200e+06
   6.0250500e+00  -3.9560800e+00   6.2385100e+00   3.4011600e+00   5.6874400e+00   3.4011900e+00  -7.2619100e+06
   6.0252000e+00  -3.9563800e+00   6.2387100e+00   3.4011700e+00   5.6871700e+00   3.4011900e+00  -7.2619100e+06
   6.0249000e+00  -3.9561400e+00   6.2387500e+00   3.4011400e+00   5.6873800e+00   3.4012000e+00  -7.2619100e+06
   6.0249200e+00  -3.9561500e+00   6.2387400e+00   3.4011800e+00   5.6872800e+00   3.4011900e+00  -7.2619100e+06
   6.0254100e+00  -3.9561100e+00   6.2391000e+00   3.4011500e+00   5.6874100e+00   3.4011900e+00  -7.2619100e+06
   6.0251400e+00  -3.9561600e+00   6.2387000e+00   3.4011600e+00   5.6873900e+00   3.4011900e+00  -7.2619100e+06
   6.0251400e+00  -3.9561500e+00   6.2387200e+00   3.4011700e+00   5.6872600e+00   3.4011900e+00  -7.2619100e+06
   6.0249000e+00  -3.9560400e+00   6.2389800e+00   3.4011900e+00   5.6874000e+00   3.4011900e+00  -7.2619100e+06
   6.0253900e+00  -3.9562400e+00   6.2387500e+00   3.4012000e+00   5.6872700e+00   3.4012000e+00  -7.2619100e+06
   6.0249500e+00  -3.9559200e+00   6.2388900e+00   3.4011900e+00   5.6872000e+00   3.4011900e+00  -7.2619100e+06
   6.0252800e+00  -3.9556500e+00   6.2392100e+00   3.4011800e+00   5.6873200e+00   3.4011900e+00  -7.2619100e+06
   6.0248300e+00  -3.9553800e+00   6.2389900e+00   3.4012000e+00   5.6872900e+00   3.4011900e+00  -7.2619100e+06
   6.0251900e+00  -3.9553300e+00   6.2393700e+00   3.4011900e+00   5.6873300e+00   3.4011900e+00  -7.2619200e+06
   6.0246700e+00  -3.9556200e+00   6.2386300e+00   3.4011600e+00   5.6872400e+00   3.4011900e+00  -7.2619200e+06
   6.0253100e+00  -3.9555200e+00   6.2390400e+00   3.4011700e+00   5.6871400e+00   3.4011700e+00  -7.2619200e+06
   6.0246800e+00  -3.9553000e+00   6.2384400e+00   3.4011600e+00   5.6874200e+00   3.4012000e+00  -7.2619200e+06
   6.0249900e+00  -3.9554700e+00   6.2389300e+00   3.4011400e+00   5.6873600e+00   3.4011900e+00  -7.2619200e+06
   6.0248500e+00  -3.9554800e+00   6.2386400e+00   3.4011500e+00   5.6872100e+00   3.4011900e+00  -7.2619200e+06
   6.0248500e+00  -3.9552100e+00   6.2387500e+00   3.4011900e+00   5.6872400e+00   3.4011900e+00  -7.2619200e+06
   6.0249100e+00  -3.9549900e+00   6.2390500e+00   3.4011800e+00   5.6870600e+00   3.4012000e+00  -7.2619200e+06
   6.0246500e+00  -3.9548600e+00   6.2390200e+00   3.4011500e+00   5.6873700e+00   3.4011900e+00  -7.2619200e+06
   6.0248600e+00  -3.9546600e+00   6.2391400e+00   3.4011700e+00   5.6872100e+00   3.4011800e+00  -7.2619200e+06
   6.0241900e+00  -3.9548800e+00   6.2386100e+00   3.4011800e+00   5.6874900e+00   3.4011800e+00  -7.2619200e+06
   6.0247300e+00  -3.9549300e+00   6.2388500e+00   3.4011900e+00   5.6873800e+00   3.4011900e+00  -7.2619200e+06
   6.0248700e+00  -3.9551600e+00   6.2388900e+00   3.4011300e+00   5.6871400e+00   3.4011800e+00  -7.2619200e+06
   6.0248000e+00  -3.9550000e+00   6.2394800e+00   3.4011900e+00   5.6874300e+00   3.4011900e+00  -7.2619200e+06
   6.0245900e+00  -3.9549500e+00   6.2388500e+00   3.4011900e+00   5.6872400e+00   3.4011900e+00  -7.2619200e+06
   6.0247200e+00  -3.9548500e+00   6.2391900e+00   3.4011000e+00   5.6872900e+00   3.4011900e+00  -7.2619200e+06
   6.0244400e+00  -3.9545900e+00   6.2389500e+00   3.4011500e+00   5.6873500e+00   3.4011900e+00  -7.2619200e+06
   6.0248100e+00  -3.9547900e+00   6.2395300e+00   3.4011200e+00   5.6875300e+00   3.4011900e+00  -7.2619200e+06
   6.0245200e+00  -3.9552200e+00   6.2385300e+00   3.4011800e+00   5.6872500e+00   3.4011900e+00  -7.2619200e+06
   6.0249300e+00  -3.9554600e+00   6.2387500e+00   3.4011500e+00   5.6872000e+00   3.4011900e+00  -7.2619200e+06
   6.0248800e+00  -3.9551200e+00   6.2387500e+00   3.4011900e+00   5.6872800e+00   3.4011800e+00  -7.2619200e+06
   6.0243500e+00  -3.9550000e+00   6.2386200e+00   3.4011400e+00   5.6873600e+00   3.4012000e+00  -7.2619200e+06
   6.0246100e+00  -3.9549700e+00   6.2384500e+00   3.4011000e+00   5.6870600e+00   3.4012000e+00  -7.2619200e+06
   6.0247900e+00  -3.9547500e+00   6.2391100e+00   3.4011800e+00   5.6871800e+00   3.4011900e+00  -7.2619200e+06
   6.0247200e+00  -3.9546900e+00   6.2391300e+00   3.4011700e+00   5.6874700e+00   3.4011900e+00  -7.2619200e+06
   6.0248900e+00  -3.9546500e+00   6.2388500e+00   3.4011900e+00   5.6870700e+00   3.4012000e+00  -7.2619200e+06
   6.0247800e+00  -3.9545700e+00   6.2393400e+00   3.4011900e+00   5.6874200e+00   3.4012000e+00  -7.2619200e+06
   6.0245100e+00  -3.9544700e+00   6.2390000e+00   3.4011900e+00   5.6871900e+00   3.4012000e+00  -7.2619200e+06
   6.0242600e+00  -3.9545300e+00   6.2387300e+00   3.4011900e+00   5.6873000e+00   3.4011900e+00  -7.2619200e+06
   6.0246000e+00  -3.9544900e+00   6.2390100e+00   3.4011700e+00   5.6873200e+00   3.4012000e+00  -7.2619200e+06
   6.0243900e+00  -3.9544600e+00   6.2385600e+00   3.4011800e+00   5.6869700e+00   3.4011900e+00  -7.2619300e+06
   6.0243100e+00  -3.9545200e+00   6.2388400e+00   3.4011500e+00   5.6872400e+00   3.4011900e+00  -7.2619200e+06
   6.0242300e+00  -3.9543200e+00   6.2386900e+00   3.4011900e+00   5.6872500e+00   3.4012000e+00  -7.2619200e+06
   6.0245200e+00  -3.9544900e+00   6.2392800e+00   3.4011900e+00   5.6873800e+00   3.4011900e+00  -7.2619200e+06
   6.0243700e+00  -3.9545400e+00   6.2386300e+00   3.4011800e+00   5.6871400e+00   3.4012000e+00  -7.2619200e+06
   6.0246500e+00  -3.9544000e+00   6.2389300e+00   3.4011500e+00   5.6871800e+00   3.4012000e+00  -7.2619200e+06
   6.0243900e+00  -3.9541400e+00   6.2390200e+00   3.4011900e+00   5.6870200e+00   3.4011800e+00  -7.2619300e+06
   6.0243800e+00  -3.9542800e+00   6.2387800e+00   3.4011500e+00   5.6871600e+00   3.4011900e+00  -7.2619200e+06
   6.0243100e+00  -3.9544400e+00   6.2388700e+00   3.4011500e+00   5.6872200e+00   3.4011900e+00  -7.2619200e+06
   6.0244300e+00  -3.9541200e+00   6.2390000e+00   3.4011900e+00   5.6872600e+00   3.4011900e+00  -7.2619200e+06
   6.0247300e+00  -3.9542300e+00   6.2392900e+00   3.4011800e+00   5.6873100e+00   3.4011800e+00  -7.2619300e+06
   6.0239900e+00  -3.9542600e+00   6.2383700e+00   3.4011800e+00   5.6871900e+00   3.4011900e+00  -7.2619300e+06
   6.0245300e+00  -3.9542700e+00   6.2392400e+00   3.4011600e+00   5.6873500e+00   3.4011900e+00  -7.2619200e+06
   6.0242600e+00  -3.9542600e+00   6.2389900e+00   3.4011700e+00   5.6874500e+00   3.4011900e+00  -7.2619200e+06
   6.0245000e+00  -3.9541600e+00   6.2394500e+00   3.4011700e+00   5.6874600e+00   3.4012000e+00  -7.2619200e+06
   6.0245500e+00  -3.9543400e+00   6.2391700e+00   3.4011700e+00   5.6871900e+00   3.4012000e+00  -7.2619200e+06
   6.0246800e+00  -3.9541800e+00   6.2391800e+00   3.4011600e+00   5.6872800e+00   3.4011900e+00  -7.2619300e+06
   6.0241900e+00  -3.9541300e+00   6.2387300e+00   3.4011800e+00   5.6871900e+00   3.4012000e+00  -7.2619200e+06
   6.0244700e+00  -3.9543400e+00   6.2389400e+00   3.4011700e+00   5.6872800e+00   3.4011900e+00  -7.2619200e+06
   6.0241100e+00  -3.9541500e+00   6.2389200e+00   3.4011900e+00   5.6872500e+00   3.4011900e+00  -7.2619200e+06
   6.0240600e+00  -3.9539600e+00   6.2389600e+00   3.4011900e+00   5.6873400e+00   3.4011900e+00  -7.2619300e+06
   6.0240900e+00  -3.9540200e+00   6.2386600e+00   3.4011700e+00   5.6872900e+00   3.4011900e+00  -7.2619300e+06
   6.0242600e+00  -3.9540300e+00   6.2390400e+00   3.4012000e+00   5.6871500e+00   3.4011800e+00  -7.2619300e+06
   6.0242600e+00  -3.9542000e+00   6.2391500e+00   3.4011000e+00   5.6874700e+00   3.4011900e+00  -7.2619300e+06
   6.0245300e+00  -3.9545100e+00   6.2390700e+00   3.4011900e+00   5.6873400e+00   3.4011800e+00  -7.2619200e+06
   6.0240100e+00  -3.9544000e+00   6.2389500e+00   3.4011800e+00   5.6874300e+00   3.4012000e+00  -7.2619200e+06
   6.0240500e+00  -3.9542800e+00   6.2385100e+00   3.4011800e+00   5.6872200e+00   3.4011900e+00  -7.2619200e+06
   6.0244600e+00  -3.9542700e+00   6.2389000e+00   3.4011800e+00   5.6873500e+00   3.4011900e+00  -7.2619200e+06
   6.0245000e+00  -3.9545600e+00   6.2392200e+00   3.4011800e+00   5.6875100e+00   3.4011900e+00  -7.2619200e+06
   6.0247600e+00  -3.9546700e+00   6.2389300e+00   3.4011900e+00   5.6873000e+00   3.4011800e+00  -7.2619200e+06
   6.0246300e+00  -3.9548500e+00   6.2388500e+00   3.4010900e+00   5.6871000e+00   3.4011800e+00  -7.2619200e+06
   6.0243600e+00  -3.9546300e+00   6.2387100e+00   3.4011300e+00   5.6874100e+00   3.4012000e+00  -7.2619200e+06
   6.0244500e+00  -3.9547500e+00   6.2391700e+00   3.4011100e+00   5.6874700e+00   3.4012000e+00  -7.2619200e+06
   6.0243300e+00  -3.9545400e+00   6.2389500e+00   3.4011500e+00   5.6875600e+00   3.4011900e+00  -7.2619200e+06
   6.0245800e+00  -3.9545200e+00   6.2389100e+00   3.4011100e+00   5.6872300e+00   3.4011900e+00  -7.2619200e+06
   6.0246400e+00  -3.9545300e+00   6.2389900e+00   3.4011400e+00   5.6871800e+00   3.4012000e+00  -7.2619200e+06
   6.0244600e+00  -3.9543300e+00   6.2389600e+00   3.4011400e+00   5.6874800e+00   3.4012000e+00  -7.2619200e+06
   6.0246200e+00  -3.9542600e+00   6.2395600e+00   3.4011900e+00   5.6876000e+00   3.4011900e+00  -7.2619300e+06
   6.0243700e+00  -3.9539700e+00   6.2388700e+00   3.4011200e+00   5.6872300e+00   3.4012000e+00  -7.2619300e+06
   6.0243900e+00  -3.9540100e+00   6.2392900e+00   3.4011800e+00   5.6874300e+00   3.4011900e+00  -7.2619200e+06
   6.0238500e+00  -3.9537500e+00   6.2389800e+00   3.4010800e+00   5.6874600e+00   3.4012000e+00  -7.2619300e+06
   6.0238500e+00  -3.9534500e+00   6.2386500e+00   3.4011600e+00   5.6871800e+00   3.4012000e+00  -7.2619300e+06
   6.0239800e+00  -3.9536600e+00   6.2384500e+00   3.4011600e+00   5.6873000e+00   3.4012000e+00  -7.2619300e+06
   6.0243300e+00  -3.9539200e+00   6.2389100e+00   3.4011600e+00   5.6872100e+00   3.4011900e+00  -7.2619300e+06
   6.0240500e+00  -3.9540700e+00   6.2390100e+00   3.4011900e+00   5.6873300e+00   3.4011900e+00  -7.2619200e+06
   6.0248500e+00  -3.9540900e+00   6.2390900e+00   3.4011600e+00   5.6873300e+00   3.4012000e+00  -7.2619300e+06
   6.0245400e+00  -3.9541100e+00   6.2391200e+00   3.4011600e+00   5.6874300e+00   3.4011900e+00  -7.2619300e+06
   6.0245500e+00  -3.9540600e+00   6.2390900e+00   3.4011700e+00   5.6873100e+00   3.4011900e+00  -7.2619300e+06
   6.0238800e+00  -3.9539800e+00   6.2389900e+00   3.4011100e+00   5.6875200e+00   3.4011900e+00  -7.2619300e+06
   6.0239000e+00  -3.9537400e+00   6.2386600e+00   3.4011500e+00   5.6874000e+00   3.4011900e+00  -7.2619300e+06
   6.0239800e+00  -3.9537800e+00   6.2390700e+00   3.4011100e+00   5.6873700e+00   3.4011900e+00  -7.2619300e+06
   6.0240900e+00  -3.9536300e+00   6.2389500e+00   3.4011500e+00   5.6872700e+00   3.4011900e+00  -7.2619300e+06
   6.0237300e+00  -3.9535800e+00   6.2388200e+00   3.4011500e+00   5.6874400e+00   3.4012000e+00  -7.2619300e+06
   6.0241600e+00  -3.9536100e+00   6.2386200e+00   3.4011500e+00   5.6873400e+00   3.4011700e+00  -7.2619300e+06
   6.0241400e+00  -3.9536600e+00   6.2394800e+00   3.4011900e+00   5.6874400e+00   3.4012000e+00  -7.2619300e+06
   6.0237900e+00  -3.9537900e+00   6.2389700e+00   3.4011700e+00   5.6874600e+00   3.4012000e+00  -7.2619300e+06
   6.0242800e+00  -3.9537200e+00   6.2392600e+00   3.4011800e+00   5.6873700e+00   3.4011900e+00  -7.2619300e+06
   6.0238000e+00  -3.9537400e+00   6.2384700e+00   3.4011600e+00   5.6872300e+00   3.4012000e+00  -7.2619300e+06
   6.0243700e+00  -3.9542900e+00   6.2388700e+00   3.4011900e+00   5.6871600e+00   3.4012000e+00  -7.2619200e+06
   6.0244000e+00  -3.9543600e+00   6.2389300e+00   3.4011800e+00   5.6875400e+00   3.4011900e+00  -7.2619200e+06
   6.0242900e+00  -3.9542400e+00   6.2389200e+00   3.4011600e+00   5.6873700e+00   3.4011800e+00  -7.2619300e+06
   6.0241600e+00  -3.9542200e+00   6.2391600e+00   3.4011800e+00   5.6876400e+00   3.4012000e+00  -7.2619300e+06
   6.0245700e+00  -3.9539900e+00   6.2390400e+00   3.4011600e+00   5.6872300e+00   3.4012000e+00  -7.2619300e+06
   6.0244700e+00  -3.9538900e+00   6.2395200e+00   3.4011500e+00   5.6872300e+00   3.4011900e+00  -7.2619300e+06
   6.0243400e+00  -3.9538900e+00   6.2395100e+00   3.4011400e+00   5.6871600e+00   3.4011900e+00  -7.2619300e+06
   6.0242900e+00  -3.9537900e+00   6.2388900e+00   3.4011900e+00   5.6874100e+00   3.4011900e+00  -7.2619300e+06
   6.0241600e+00  -3.9536000e+00   6.2389100e+00   3.4011900e+00   5.6870200e+00   3.4011900e+00  -7.2619300e+06
   6.0239500e+00  -3.9538000e+00   6.2387400e+00   3.4011900e+00   5.6873700e+00   3.4011900e+00  -7.2619300e+06
   6.0238700e+00  -3.9536900e+00   6.2387100e+00   3.4011800e+00   5.6872800e+00   3.4011900e+00  -7.2619300e+06
   6.0241200e+00  -3.9538400e+00   6.2388300e+00   3.4011900e+00   5.6873900e+00   3.4011900e+00  -7.2619300e+06
   6.0239700e+00  -3.9538400e+00   6.2390500e+00   3.4011800e+00   5.6872400e+00   3.4011900e+00  -7.2619300e+06
   6.0243800e+00  -3.9539500e+00   6.2388700e+00   3.4011900e+00   5.6873100e+00   3.4011900e+00  -7.2619300e+06
   6.0243100e+00  -3.9538600e+00   6.2394200e+00   3.4011600e+00   5.6874100e+00   3.4012000e+00  -7.2619300e+06
   6.0239100e+00  -3.9540000e+00   6.2390100e+00   3.4011500e+00   5.6874400e+00   3.4011900e+00  -7.2619300e+06
   6.0242900e+00  -3.9539100e+00   6.2390800e+00   3.4011900e+00   5.6873600e+00   3.4011900e+00  -7.2619300e+06
   6.0243300e+00  -3.9538600e+00   6.2390300e+00   3.4011900e+00   5.6871400e+00   3.4011900e+00  -7.2619300e+06
   6.0245500e+00  -3.9539200e+00   6.2393600e+00   3.4011900e+00   5.6872800e+00   3.4012000e+00  -7.2619300e+06
   6.0242300e+00  -3.9538500e+00   6.2390000e+00   3.4011900e+00   5.6871900e+00   3.4011900e+00  -7.2619300e+06
   6.0240700e+00  -3.9538900e+00   6.2392700e+00   3.4011500e+00   5.6873800e+00   3.4011900e+00  -7.2619300e+06
   6.0242500e+00  -3.9541300e+00   6.2386900e+00   3.4010800e+00   5.6872300e+00   3.4011900e+00  -7.2619300e+06
   6.0244800e+00  -3.9541800e+00   6.2390400e+00   3.4011600e+00   5.6871400e+00   3.4012000e+00  -7.2619200e+06
   6.0242300e+00  -3.9541500e+00   6.2388700e+00   3.4011700e+00   5.6873300e+00   3.4011900e+00  -7.2619200e+06
   6.0244500e+00  -3.9540400e+00   6.2390300e+00   3.4011800e+00   5.6873500e+00   3.4011900e+00  -7.2619200e+06
   6.0242300e+00  -3.9538000e+00   6.2393100e+00   3.4011800e+00   5.6873400e+00   3.4012000e+00  -7.2619300e+06
   6.0237800e+00  -3.9537100e+00   6.2389700e+00   3.4011800e+00   5.6874900e+00   3.4011900e+00  -7.2619300e+06
   6.0240200e+00  -3.9535800e+00   6.2387100e+00   3.4011700e+00   5.6874000e+00   3.4011900e+00  -7.2619300e+06
   6.0238500e+00  -3.9532300e+00   6.2389900e+00   3.4011600e+00   5.6873000e+00   3.4012000e+00  -7.2619300e+06
   6.0239100e+00  -3.9533700e+00   6.2387100e+00   3.4012000e+00   5.6872700e+00   3.4011900e+00  -7.2619300e+06
   6.0239800e+00  -3.9531700e+00   6.2395900e+00   3.4011500e+00   5.6873900e+00   3.4011900e+00  -7.2619300e+06
   6.0237300e+00  -3.9528800e+00   6.2388500e+00   3.4011800e+00   5.6871200e+00   3.4011900e+00  -7.2619300e+06
   6.0235700e+00  -3.9528000e+00   6.2390300e+00   3.4010500e+00   5.6873800e+00   3.4011900e+00  -7.2619400e+06
   6.0237400e+00  -3.9528800e+00   6.2393300e+00   3.4011700e+00   5.6875200e+00   3.4011900e+00  -7.2619400e+06
   6.0238800e+00  -3.9532900e+00   6.2388000e+00   3.4011900e+00   5.6873900e+00   3.4012000e+00  -7.2619300e+06
   6.0242500e+00  -3.9530800e+00   6.2392700e+00   3.4011300e+00   5.6871400e+00   3.4011900e+00  -7.2619400e+06
   6.0241500e+00  -3.9533100e+00   6.2390900e+00   3.4011300e+00   5.6872200e+00   3.4011900e+00  -7.2619300e+06
   6.0241800e+00  -3.9536900e+00   6.2389100e+00   3.4011900e+00   5.6871900e+00   3.4011900e+00  -7.2619300e+06
   6.0243300e+00  -3.9539800e+00   6.2387500e+00   3.4011600e+00   5.6871700e+00   3.4011900e+00  -7.2619300e+06
   6.0246000e+00  -3.9542200e+00   6.2394400e+00   3.4011800e+00   5.6871500e+00   3.4011900e+00  -7.2619300e+06
   6.0242400e+00  -3.9539400e+00   6.2391700e+00   3.4011900e+00   5.6873400e+00   3.4011900e+00  -7.2619200e+06
   6.0242900e+00  -3.9540400e+00   6.2389900e+00   3.4011900e+00   5.6873800e+00   3.4011900e+00  -7.2619200e+06
   6.0241400e+00  -3.9540000e+00   6.2391100e+00   3.4011600e+00   5.6874400e+00   3.4011900e+00  -7.2619300e+06
   6.0243900e+00  -3.9542000e+00   6.2388600e+00   3.4011900e+00   5.6873000e+00   3.4011900e+00  -7.2619200e+06
   6.0248900e+00  -3.9547600e+00   6.2393800e+00   3.4011500e+00   5.6872200e+00   3.4011900e+00  -7.2619200e+06
   6.0245300e+00  -3.9546200e+00   6.2388300e+00   3.4011900e+00   5.6871200e+00   3.4012000e+00  -7.2619200e+06
   6.0246400e+00  -3.9548200e+00   6.2389700e+00   3.4011400e+00   5.6872500e+00   3.4011900e+00  -7.2619200e+06
   6.0245700e+00  -3.9552000e+00   6.2385700e+00   3.4011900e+00   5.6873300e+00   3.4011900e+00  -7.2619200e+06
   6.0244200e+00  -3.9550600e+00   6.2386600e+00   3.4011600e+00   5.6875400e+00   3.4011900e+00  -7.2619200e+06
   6.0246600e+00  -3.9551800e+00   6.2390400e+00   3.4011700e+00   5.6874100e+00   3.4012000e+00  -7.2619200e+06
   6.0245900e+00  -3.9549400e+00   6.2390200e+00   3.4011600e+00   5.6872600e+00   3.4012000e+00  -7.2619200e+06
   6.0247300e+00  -3.9548200e+00   6.2390400e+00   3.4012000e+00   5.6872600e+00   3.4012000e+00  -7.2619200e+06
   6.0244000e+00  -3.9549900e+00   6.2384600e+00   3.4012000e+00   5.6873200e+00   3.4012000e+00  -7.2619200e+06
   6.0245200e+00  -3.9548200e+00   6.2388600e+00   3.4010900e+00   5.6873900e+00   3.4011900e+00  -7.2619200e+06
   6.0247100e+00  -3.9549700e+00   6.2387900e+00   3.4011600e+00   5.6872500e+00   3.4011900e+00  -7.2619200e+06
   6.0245400e+00  -3.9550900e+00   6.2391100e+00   3.4011800e+00   5.6874100e+00   3.4011900e+00  -7.2619200e+06
   6.0247700e+00  -3.9553400e+00   6.2389900e+00   3.4011500e+00   5.6874300e+00   3.4011800e+00  -7.2619200e+06
   6.0247100e+00  -3.9553100e+00   6.2384500e+00   3.4011800e+00   5.6871300e+00   3.4011800e+00  -7.2619200e+06
   6.0249800e+00  -3.9552900e+00   6.2392200e+00   3.4011900e+00   5.6873100e+00   3.4011900e+00  -7.2619100e+06
   6.0249800e+00  -3.9554600e+00   6.2389100e+00   3.4011400e+00   5.6872500e+00   3.4012000e+00  -7.2619100e+06
   6.0249000e+00  -3.9554500e+00   6.2387200e+00   3.4011100e+00   5.6872400e+00   3.4011800e+00  -7.2619200e+06
   6.0247200e+00  -3.9551000e+00   6.2392200e+00   3.4011900e+00   5.6871700e+00   3.4012000e+00  -7.2619200e+06
   6.0247200e+00  -3.9549100e+00   6.2388600e+00   3.4010900e+00   5.6872100e+00   3.4011900e+00  -7.2619200e+06
   6.0248300e+00  -3.9548900e+00   6.2390900e+00   3.4011900e+00   5.6873900e+00   3.4011900e+00  -7.2619200e+06
   6.0251600e+00  -3.9550200e+00   6.2398200e+00   3.4011900e+00   5.6874000e+00   3.4011900e+00  -7.2619200e+06
   6.0246400e+00  -3.9552900e+00   6.2389100e+00   3.4011800e+00   5.6873000e+00   3.4011800e+00  -7.2619200e+06
   6.0247600e+00  -3.9553400e+00   6.2391800e+00   3.4011900e+00   5.6872000e+00   3.4012000e+00  -7.2619200e+06
   6.0249000e+00  -3.9553700e+00   6.2390200e+00   3.4011800e+00   5.6872200e+00   3.4011900e+00  -7.2619200e+06
   6.0247900e+00  -3.9552800e+00   6.2389400e+00   3.4012000e+00   5.6873800e+00   3.4011800e+00  -7.2619200e+06
   6.0249900e+00  -3.9555400e+00   6.2385700e+00   3.4010800e+00   5.6873600e+00   3.4011800e+00  -7.2619200e+06
   6.0246900e+00  -3.9552500e+00   6.2389900e+00   3.4011900e+00   5.6872600e+00   3.4011800e+00  -7.2619200e+06
   6.0249500e+00  -3.9549300e+00   6.2394100e+00   3.4011300e+00   5.6872800e+00   3.4012000e+00  -7.2619200e+06
   6.0246400e+00  -3.9548900e+00   6.2387200e+00   3.4011900e+00   5.6871400e+00   3.4011800e+00  -7.2619200e+06
   6.0245500e+00  -3.9546800e+00   6.2389300e+00   3.4011400e+00   5.6874300e+00   3.4011900e+00  -7.2619200e+06
   6.0246800e+00  -3.9547900e+00   6.2387800e+00   3.4011900e+00   5.6872800e+00   3.4011900e+00  -7.2619200e+06
   6.0245400e+00  -3.9544100e+00   6.2391200e+00   3.4010900e+00   5.6874100e+00   3.4011900e+00  -7.2619200e+06
   6.0248100e+00  -3.9544900e+00   6.2390900e+00   3.4011800e+00   5.6872800e+00   3.4011900e+00  -7.2619200e+06
   6.0247100e+00  -3.9545000e+00   6.2392400e+00   3.4011700e+00   5.6871700e+00   3.4012000e+00  -7.2619200e+06
   6.0241600e+00  -3.9545300e+00   6.2387600e+00   3.4011700e+00   5.6871800e+00   3.4011900e+00  -7.2619200e+06
   6.0245700e+00  -3.9546000e+00   6.2390100e+00   3.4011900e+00   5.6871800e+00   3.4011900e+00  -7.2619200e+06
   6.0246900e+00  -3.9545500e+00   6.2397200e+00   3.4011500e+00   5.6872500e+00   3.4011900e+00  -7.2619300e+06
   6.0244200e+00  -3.9543900e+00   6.2392600e+00   3.4011500e+00   5.6874300e+00   3.4012000e+00  -7.2619200e+06
   6.0245100e+00  -3.9544100e+00   6.2389700e+00   3.4011900e+00   5.6872600e+00   3.4011800e+00  -7.2619200e+06
   6.0246700e+00  -3.9544700e+00   6.2387000e+00   3.4011700e+00   5.6871300e+00   3.4011900e+00  -7.2619200e+06
   6.0245700e+00  -3.9542500e+00   6.2387100e+00   3.4011500e+00   5.6870200e+00   3.4012000e+00  -7.2619300e+06
   6.0248200e+00  -3.9545300e+00   6.2394300e+00   3.4011500e+00   5.6873400e+00   3.4011800e+00  -7.2619200e+06
   6.0244200e+00  -3.9545100e+00   6.2390600e+00   3.4011900e+00   5.6873100e+00   3.4012000e+00  -7.2619200e+06
   6.0245100e+00  -3.9544000e+00   6.2390700e+00   3.4012000e+00   5.6871600e+00   3.4012000e+00  -7.2619200e+06
   6.0247000e+00  -3.9545500e+00   6.2390700e+00   3.4011900e+00   5.6872800e+00   3.4011900e+00  -7.2619200e+06
   6.0243900e+00  -3.9544000e+00   6.2389000e+00   3.4011600e+00   5.6873500e+00   3.4012000e+00  -7.2619200e+06
   6.0244900e+00  -3.9542500e+00   6.2390900e+00   3.4012000e+00   5.6875000e+00   3.4011900e+00  -7.2619200e+06
   6.0242000e+00  -3.9542300e+00   6.2390200e+00   3.4011000e+00   5.6873200e+00   3.4011900e+00  -7.2619300e+06
   6.0242800e+00  -3.9543500e+00   6.2383600e+00   3.4011900e+00   5.6870800e+00   3.4011900e+00  -7.2619300e+06
   6.0241200e+00  -3.9542300e+00   6.2386600e+00   3.4011600e+00   5.6873800e+00   3.4011900e+00  -7.2619200e+06
   6.0245700e+00  -3.9545800e+00   6.2392000e+00   3.4011900e+00   5.6872100e+00   3.4011900e+00  -7.2619200e+06
   6.0244200e+00  -3.9545300e+00   6.2389400e+00   3.4011600e+00   5.6872300e+00   3.4011800e+00  -7.2619200e+06
   6.0249600e+00  -3.9548200e+00   6.2394200e+00   3.4011600e+00   5.6873300e+00   3.4011900e+00  -7.2619200e+06
   6.0244800e+00  -3.9547800e+00   6.2387100e+00   3.4011900e+00   5.6872500e+00   3.4011900e+00  -7.2619200e+06
   6.0246200e+00  -3.9549800e+00   6.2390500e+00   3.4011600e+00   5.6874900e+00   3.4011900e+00  -7.2619200e+06
   6.0246200e+00  -3.9550200e+00   6.2391500e+00   3.4011800e+00   5.6872700e+00   3.4012000e+00  -7.2619200e+06
   6.0243700e+00  -3.9548200e+00   6.2390500e+00   3.4011900e+00   5.6873800e+00   3.4011900e+00  -7.2619200e+06
   6.0249600e+00  -3.9549300e+00   6.2389600e+00   3.4011700e+00   5.6872200e+00   3.4011900e+00  -7.2619200e+06
   6.0245900e+00  -3.9548000e+00   6.2391700e+00   3.4011500e+00   5.6873800e+00   3.4012000e+00  -7.2619200e+06
   6.0245200e+00  -3.9550400e+00   6.2387900e+00   3.4011700e+00   5.6873200e+00   3.4011800e+00  -7.2619200e+06
   6.0247500e+00  -3.9552300e+00   6.2388200e+00   3.4011800e+00   5.6872500e+00   3.4011900e+00  -7.2619200e+06
   6.0248800e+00  -3.9552700e+00   6.2387800e+00   3.4011700e+00   5.6872700e+00   3.4012000e+00  -7.2619200e+06
   6.0249600e+00  -3.9555600e+00   6.2392400e+00   3.4012000e+00   5.6873500e+00   3.4011900e+00  -7.2619100e+06
   6.0253000e+00  -3.9558500e+00   6.2394200e+00   3.4011700e+00   5.6873100e+00   3.4011900e+00  -7.2619100e+06
   6.0248400e+00  -3.9557100e+00   6.2388400e+00   3.4011200e+00   5.6871100e+00   3.4011900e+00  -7.2619200e+06
   6.0251700e+00  -3.9559200e+00   6.2391900e+00   3.4011900e+00   5.6874600e+00   3.4011900e+00  -7.2619100e+06
   6.0250800e+00  -3.9555300e+00   6.2390400e+00   3.4011900e+00   5.6873800e+00   3.4011900e+00  -7.2619100e+06
   6.0250800e+00  -3.9553700e+00   6.2392200e+00   3.4011800e+00   5.6871600e+00   3.4011900e+00  -7.2619200e+06
   6.0250500e+00  -3.9554100e+00   6.2392300e+00   3.4011800e+00   5.6873700e+00   3.4011900e+00  -7.2619100e+06
   6.0250600e+00  -3.9554000e+00   6.2393600e+00   3.4011800e+00   5.6873900e+00   3.4011900e+00  -7.2619200e+06
   6.0251600e+00  -3.9556300e+00   6.2389900e+00   3.4011500e+00   5.6870100e+00   3.4011900e+00  -7.2619200e+06
   6.0254100e+00  -3.9556000e+00   6.2393800e+00   3.4010700e+00   5.6872100e+00   3.4011900e+00  -7.2619200e+06
   6.0253100e+00  -3.9554800e+00   6.2391400e+00   3.4011800e+00   5.6870700e+00   3.4012000e+00  -7.2619200e+06
   6.0250400e+00  -3.9553600e+00   6.2385400e+00   3.4011900e+00   5.6871800e+00   3.4011900e+00  -7.2619200e+06
   6.0252900e+00  -3.9555700e+00   6.2389600e+00   3.4011200e+00   5.6873000e+00   3.4012000e+00  -7.2619200e+06
   6.0248200e+00  -3.9556500e+00   6.2390100e+00   3.4011900e+00   5.6874100e+00   3.4012000e+00  -7.2619100e+06
   6.0250200e+00  -3.9554900e+00   6.2390500e+00   3.4011900e+00   5.6873700e+00   3.4012000e+00  -7.2619100e+06
   6.0248600e+00  -3.9552700e+00   6.2387200e+00   3.4011700e+00   5.6874000e+00   3.4012000e+00  -7.2619200e+06
   6.0247200e+00  -3.9552300e+00   6.2392700e+00   3.4011400e+00   5.6873700e+00   3.4011900e+00  -7.2619200e+06
   6.0246100e+00  -3.9549700e+00   6.2388800e+00   3.4011500e+00   5.6874400e+00   3.4011900e+00  -7.2619200e+06
   6.0244700e+00  -3.9547400e+00   6.2390200e+00   3.4011600e+00   5.6874300e+00   3.4011900e+00  -7.2619200e+06
