   6.0271700e+00  -3.9604600e+00   6.2389700e+00   3.4011900e+00   5.6872300e+00   3.4012000e+00  -2.1785700e+07
   6.0272000e+00  -3.9605800e+00   6.2388500e+00   3.4011900e+00   5.6872800e+00   3.4012000e+00  -2.1785700e+07
   6.0272700e+00  -3.9606700e+00   6.2385700e+00   3.4011900e+00   5.6872100e+00   3.4012000e+00  -2.1785700e+07
   6.0271800e+00  -3.9608200e+00   6.2386200e+00   3.4011800e+00   5.6873900e+00   3.4012000e+00  -2.1785700e+07
   6.0273400e+00  -3.9608700e+00   6.2387700e+00   3.4012000e+00   5.6873600e+00   3.4012000e+00  -2.1785700e+07
   6.0272600e+00  -3.9606700e+00   6.2384700e+00   3.4011800e+00   5.6872800e+00   3.4012000e+00  -2.1785700e+07
   6.0272000e+00  -3.9606300e+00   6.2388500e+00   3.4012000e+00   5.6874200e+00   3.4011900e+00  -2.1785700e+07
   6.0273100e+00  -3.9604600e+00   6.2388400e+00   3.4011700e+00   5.6872800e+00   3.4012000e+00  -2.1785700e+07
   6.0272100e+00  -3.9601800e+00   6.2387100e+00   3.4011600e+00   5.6873300e+00   3.4012000e+00  -2.1785700e+07
   6.0271000e+00  -3.9602400e+00   6.2389500e+00   3.4011900e+00   5.6872800e+00   3.4011900e+00  -2.1785700e+07
   6.0271900e+00  -3.9602600e+00   6.2388300e+00   3.4011800e+00   5.6872500e+00   3.4012000e+00  -2.1785700e+07
   6.0271400e+00  -3.9604800e+00   6.2386700e+00   3.4011800e+00   5.6873200e+00   3.4011900e+00  -2.1785700e+07
   6.0271800e+00  -3.9604800e+00   6.2385400e+00   3.4011900e+00   5.6873300e+00   3.4012000e+00  -2.1785700e+07
   6.0272400e+00  -3.9608200e+00   6.2385800e+00   3.4011800e+00   5.6872700e+00   3.4012000e+00  -2.1785700e+07
   6.0273000e+00  -3.9607800e+00   6.2388500e+00   3.4012000e+00   5.6874400e+00   3.4012000e+00  -2.1785700e+07
   6.0273900e+00  -3.9610500e+00   6.2387500e+00   3.4011800e+00   5.6874000e+00   3.4012000e+00  -2.1785700e+07
   6.0276700e+00  -3.9614000e+00   6.2387400e+00   3.4011900e+00   5.6872500e+00   3.4011900e+00  -2.1785700e+07
   6.0274800e+00  -3.9612500e+00   6.2383600e+00   3.4011900e+00   5.6873200e+00   3.4012000e+00  -2.1785700e+07
   6.0277700e+00  -3.9612600e+00   6.2388400e+00   3.4011900e+00   5.6872800e+00   3.4012000e+00  -2.1785700e+07
   6.0276200e+00  -3.9612900e+00   6.2386600e+00   3.4011900e+00   5.6872400e+00   3.4012000e+00  -2.1785700e+07
   6.0278500e+00  -3.9613000e+00   6.2391300e+00   3.4011900e+00   5.6873600e+00   3.4012000e+00  -2.1785700e+07
   6.0276100e+00  -3.9616100e+00   6.2386300e+00   3.4011800e+00   5.6873500e+00   3.4012000e+00  -2.1785700e+07
   6.0278800e+00  -3.9619500e+00   6.2389100e+00   3.4011900e+00   5.6873800e+00   3.4011900e+00  -2.1785700e+07
   6.0280000e+00  -3.9620700e+00   6.2383900e+00   3.4011900e+00   5.6872800e+00   3.4012000e+00  -2.1785700e+07
   6.0280300e+00  -3.9618000e+00   6.2391600e+00   3.4011900e+00   5.6873400e+00   3.4011900e+00  -2.1785700e+07
   6.0278800e+00  -3.9618100e+00   6.2390200e+00   3.4011900e+00   5.6873500e+00   3.4012000e+00  -2.1785700e+07
   6.0279700e+00  -3.9620700e+00   6.2387300e+00   3.4011900e+00   5.6873300e+00   3.4011900e+00  -2.1785700e+07
   6.0282600e+00  -3.9624200e+00   6.2389900e+00   3.4011800e+00   5.6873200e+00   3.4012000e+00  -2.1785700e+07
   6.0281800e+00  -3.9626900e+00   6.2388300e+00   3.4011800e+00   5.6872900e+00   3.4012000e+00  -2.1785700e+07
   6.0282500e+00  -3.9628200e+00   6.2387900e+00   3.4011800e+00   5.6873300e+00   3.4011900e+00  -2.1785700e+07
   6.0284100e+00  -3.9628100e+00   6.2387600e+00   3.4011700e+00   5.6873900e+00   3.4012000e+00  -2.1785700e+07
   6.0281800e+00  -3.9627800e+00   6.2388700e+00   3.4011700e+00   5.6873100e+00   3.4012000e+00  -2.1785700e+07
   6.0281200e+00  -3.9626500e+00   6.2385700e+00   3.4011500e+00   5.6873200e+00   3.4012000e+00  -2.1785700e+07
   6.0283500e+00  -3.9629600e+00   6.2389900e+00   3.4011800e+00   5.6873100e+00   3.4011900e+00  -2.1785700e+07
   6.0285200e+00  -3.9631500e+00   6.2390700e+00   3.4011900e+00   5.6873300e+00   3.4012000e+00  -2.1785700e+07
   6.0284900e+00  -3.9632100e+00   6.2390000e+00   3.4011900e+00   5.6873200e+00   3.4012000e+00  -2.1785700e+07
   6.0281400e+00  -3.9625400e+00   6.2386700e+00   3.4011900e+00   5.6872100e+00   3.4012000e+00  -2.1785700e+07
   6.0280000e+00  -3.9623400e+00   6.2385300e+00   3.4011800e+00   5.6873000e+00   3.4012000e+00  -2.1785700e+07
   6.0280300e+00  -3.9620200e+00   6.2388800e+00   3.4012000e+00   5.6872700e+00   3.4011900e+00  -2.1785700e+07
   6.0276800e+00  -3.9618900e+00   6.2388100e+00   3.4011900e+00   5.6873200e+00   3.4012000e+00  -2.1785700e+07
   6.0279300e+00  -3.9618300e+00   6.2388700e+00   3.4012000e+00   5.6872800e+00   3.4012000e+00  -2.1785700e+07
   6.0278400e+00  -3.9618200e+00   6.2386200e+00   3.4011600e+00   5.6873100e+00   3.4012000e+00  -2.1785700e+07
   6.0277900e+00  -3.9618900e+00   6.2387200e+00   3.4011600e+00   5.6873000e+00   3.4012000e+00  -2.1785700e+07
   6.0276300e+00  -3.9618300e+00   6.2384800e+00   3.4012000e+00   5.6873000e+00   3.4012000e+00  -2.1785700e+07
   6.0278000e+00  -3.9618600e+00   6.2390100e+00   3.4011900e+00   5.6872100e+00   3.4012000e+00  -2.1785700e+07
   6.0276700e+00  -3.9618000e+00   6.2386100e+00   3.4011900e+00   5.6872800e+00   3.4011900e+00  -2.1785700e+07
   6.0276400e+00  -3.9617400e+00   6.2386900e+00   3.4011800e+00   5.6873500e+00   3.4012000e+00  -2.1785700e+07
   6.0279200e+00  -3.9618000e+00   6.2388100e+00   3.4011900e+00   5.6873200e+00   3.4012000e+00  -2.1785700e+07
   6.0279200e+00  -3.9620300e+00   6.2386700e+00   3.4011900e+00   5.6872600e+00   3.4011900e+00  -2.1785700e+07
   6.0276200e+00  -3.9616500e+00   6.2386800e+00   3.4011600e+00   5.6872700e+00   3.4012000e+00  -2.1785700e+07
   6.0275600e+00  -3.9617500e+00   6.2385600e+00   3.4011900e+00   5.6873600e+00   3.4012000e+00  -2.1785700e+07
   6.0277500e+00  -3.9616600e+00   6.2389400e+00   3.4011800e+00   5.6873200e+00   3.4012000e+00  -2.1785700e+07
   6.0279600e+00  -3.9615300e+00   6.2390600e+00   3.4011900e+00   5.6872800e+00   3.4012000e+00  -2.1785700e+07
   6.0276800e+00  -3.9615500e+00   6.2386600e+00   3.4011900e+00   5.6873100e+00   3.4011900e+00  -2.1785700e+07
   6.0278700e+00  -3.9616800e+00   6.2389400e+00   3.4011900e+00   5.6872500e+00   3.4012000e+00  -2.1785700e+07
   6.0275300e+00  -3.9617200e+00   6.2384500e+00   3.4011900e+00   5.6872300e+00   3.4012000e+00  -2.1785700e+07
   6.0278400e+00  -3.9618600e+00   6.2388600e+00   3.4011900e+00   5.6872500e+00   3.4012000e+00  -2.1785700e+07
   6.0279100e+00  -3.9619900e+00   6.2386100e+00   3.4011900e+00   5.6873800e+00   3.4012000e+00  -2.1785700e+07
   6.0277500e+00  -3.9618500e+00   6.2386300e+00   3.4011900e+00   5.6874300e+00   3.4012000e+00  -2.1785700e+07
   6.0282800e+00  -3.9623500e+00   6.2388700e+00   3.4011900e+00   5.6873000e+00   3.4012000e+00  -2.1785700e+07
   6.0279600e+00  -3.9623100e+00   6.2385600e+00   3.4011800e+00   5.6872400e+00   3.4012000e+00  -2.1785700e+07
   6.0282100e+00  -3.9624600e+00   6.2386600e+00   3.4011900e+00   5.6872900e+00   3.4012000e+00  -2.1785700e+07
   6.0278700e+00  -3.9625600e+00   6.2383900e+00   3.4011900e+00   5.6872800e+00   3.4011900e+00  -2.1785700e+07
   6.0284000e+00  -3.9627700e+00   6.2386500e+00   3.4011600e+00   5.6872200e+00   3.4011900e+00  -2.1785700e+07
   6.0280800e+00  -3.9626500e+00   6.2386500e+00   3.4011900e+00   5.6872900e+00   3.4011900e+00  -2.1785700e+07
   6.0283100e+00  -3.9627200e+00   6.2388700e+00   3.4011800e+00   5.6872300e+00   3.4011900e+00  -2.1785700e+07
   6.0282300e+00  -3.9626400e+00   6.2387200e+00   3.4011800e+00   5.6873300e+00   3.4012000e+00  -2.1785700e+07
   6.0280000e+00  -3.9624900e+00   6.2387200e+00   3.4012000e+00   5.6872800e+00   3.4012000e+00  -2.1785700e+07
   6.0282500e+00  -3.9623300e+00   6.2388400e+00   3.4012000e+00   5.6872600e+00   3.4011900e+00  -2.1785700e+07
   6.0281600e+00  -3.9621500e+00   6.2387200e+00   3.4011700e+00   5.6872400e+00   3.4011900e+00  -2.1785700e+07
   6.0278700e+00  -3.9620000e+00   6.2387300e+00   3.4011900e+00   5.6873400e+00   3.4012000e+00  -2.1785700e+07
   6.0277100e+00  -3.9618200e+00   6.2384900e+00   3.4011800e+00   5.6872700e+00   3.4012000e+00  -2.1785700e+07
   6.0278200e+00  -3.9614900e+00   6.2388400e+00   3.4011900e+00   5.6873600e+00   3.4012000e+00  -2.1785700e+07
   6.0276500e+00  -3.9613900e+00   6.2386800e+00   3.4011800e+00   5.6872000e+00   3.4012000e+00  -2.1785700e+07
   6.0275400e+00  -3.9613400e+00   6.2385200e+00   3.4011900e+00   5.6872300e+00   3.4012000e+00  -2.1785700e+07
   6.0273700e+00  -3.9615500e+00   6.2384100e+00   3.4011800e+00   5.6873600e+00   3.4011900e+00  -2.1785700e+07
   6.0277600e+00  -3.9616500e+00   6.2388200e+00   3.4011800e+00   5.6873100e+00   3.4012000e+00  -2.1785700e+07
   6.0278000e+00  -3.9616500e+00   6.2386700e+00   3.4011900e+00   5.6873000e+00   3.4012000e+00  -2.1785700e+07
   6.0277000e+00  -3.9615600e+00   6.2385800e+00   3.4011900e+00   5.6872200e+00   3.4012000e+00  -2.1785700e+07
   6.0276600e+00  -3.9615600e+00   6.2388100e+00   3.4011900e+00   5.6874100e+00   3.4012000e+00  -2.1785700e+07
   6.0275700e+00  -3.9612400e+00   6.2388600e+00   3.4011900e+00   5.6872200e+00   3.4011900e+00  -2.1785700e+07
   6.0275400e+00  -3.9614400e+00   6.2386500e+00   3.4011700e+00   5.6873200e+00   3.4011900e+00  -2.1785700e+07
   6.0279500e+00  -3.9614300e+00   6.2389100e+00   3.4011900e+00   5.6872500e+00   3.4011900e+00  -2.1785700e+07
   6.0277700e+00  -3.9616400e+00   6.2385400e+00   3.4012000e+00   5.6872300e+00   3.4012000e+00  -2.1785700e+07
   6.0278900e+00  -3.9615800e+00   6.2387200e+00   3.4011900e+00   5.6872700e+00   3.4011900e+00  -2.1785700e+07
   6.0280700e+00  -3.9617800e+00   6.2387400e+00   3.4012000e+00   5.6872600e+00   3.4011900e+00  -2.1785700e+07
   6.0280500e+00  -3.9621600e+00   6.2388000e+00   3.4012000e+00   5.6873900e+00   3.4012000e+00  -2.1785700e+07
   6.0280200e+00  -3.9622000e+00   6.2386900e+00   3.4011900e+00   5.6871900e+00   3.4012000e+00  -2.1785700e+07
   6.0277500e+00  -3.9618000e+00   6.2387500e+00   3.4011900e+00   5.6873400e+00   3.4012000e+00  -2.1785700e+07
   6.0276700e+00  -3.9617300e+00   6.2387300e+00   3.4011900e+00   5.6872000e+00   3.4012000e+00  -2.1785700e+07
   6.0279500e+00  -3.9618800e+00   6.2390000e+00   3.4011800e+00   5.6872800e+00   3.4012000e+00  -2.1785700e+07
   6.0282100e+00  -3.9623300e+00   6.2388600e+00   3.4012000e+00   5.6873300e+00   3.4012000e+00  -2.1785700e+07
   6.0281400e+00  -3.9622100e+00   6.2387700e+00   3.4011900e+00   5.6873700e+00   3.4012000e+00  -2.1785700e+07
   6.0282100e+00  -3.9624400e+00   6.2387800e+00   3.4011900e+00   5.6873000e+00   3.4012000e+00  -2.1785700e+07
   6.0281700e+00  -3.9625700e+00   6.2387900e+00   3.4011900e+00   5.6872800e+00   3.4012000e+00  -2.1785700e+07
   6.0280100e+00  -3.9627000e+00   6.2387000e+00   3.4011800e+00   5.6872900e+00   3.4012000e+00  -2.1785700e+07
   6.0282200e+00  -3.9626600e+00   6.2385900e+00   3.4011900e+00   5.6873700e+00   3.4011900e+00  -2.1785700e+07
   6.0282700e+00  -3.9628900e+00   6.2386900e+00   3.4011800e+00   5.6872300e+00   3.4011900e+00  -2.1785700e+07
   6.0281500e+00  -3.9625100e+00   6.2386100e+00   3.4011900e+00   5.6872300e+00   3.4012000e+00  -2.1785700e+07
   6.0282600e+00  -3.9622000e+00   6.2390100e+00   3.4011900e+00   5.6872600e+00   3.4012000e+00  -2.1785700e+07
   6.0281300e+00  -3.9622700e+00   6.2387100e+00   3.4012000e+00   5.6873300e+00   3.4012000e+00  -2.1785700e+07
   6.0280100e+00  -3.9620400e+00   6.2387900e+00   3.4011900e+00   5.6873400e+00   3.4012000e+00  -2.1785700e+07
   6.0280300e+00  -3.9621400e+00   6.2386700e+00   3.4011900e+00   5.6872400e+00   3.4011900e+00  -2.1785700e+07
   6.0281100e+00  -3.9625000e+00   6.2388500e+00   3.4011900e+00   5.6871700e+00   3.4011900e+00  -2.1785700e+07
   6.0281800e+00  -3.9623600e+00   6.2389300e+00   3.4011900e+00   5.6873000e+00   3.4012000e+00  -2.1785700e+07
   6.0280500e+00  -3.9623500e+00   6.2387100e+00   3.4011800e+00   5.6873500e+00   3.4012000e+00  -2.1785700e+07
   6.0279900e+00  -3.9621600e+00   6.2386500e+00   3.4011800e+00   5.6872600e+00   3.4012000e+00  -2.1785700e+07
   6.0282500e+00  -3.9623200e+00   6.2390200e+00   3.4011900e+00   5.6872800e+00   3.4011900e+00  -2.1785700e+07
   6.0281900e+00  -3.9625200e+00   6.2389300e+00   3.4012000e+00   5.6873000e+00   3.4012000e+00  -2.1785700e+07
   6.0279200e+00  -3.9623700e+00   6.2387300e+00   3.4011900e+00   5.6873600e+00   3.4012000e+00  -2.1785700e+07
   6.0278100e+00  -3.9619600e+00   6.2389500e+00   3.4011900e+00   5.6872600e+00   3.4012000e+00  -2.1785700e+07
   6.0279900e+00  -3.9619000e+00   6.2387500e+00   3.4011900e+00   5.6872600e+00   3.4012000e+00  -2.1785700e+07
   6.0279400e+00  -3.9617800e+00   6.2390300e+00   3.4012000e+00   5.6872400e+00   3.4012000e+00  -2.1785700e+07
   6.0280100e+00  -3.9623800e+00   6.2386900e+00   3.4012000e+00   5.6872500e+00   3.4012000e+00  -2.1785700e+07
   6.0281100e+00  -3.9627100e+00   6.2384800e+00   3.4011900e+00   5.6872800e+00   3.4012000e+00  -2.1785700e+07
   6.0285000e+00  -3.9629600e+00   6.2388100e+00   3.4011900e+00   5.6873300e+00   3.4012000e+00  -2.1785700e+07
   6.0281600e+00  -3.9627500e+00   6.2387700e+00   3.4011500e+00   5.6874500e+00   3.4012000e+00  -2.1785700e+07
   6.0281900e+00  -3.9626300e+00   6.2388200e+00   3.4011700e+00   5.6874400e+00   3.4012000e+00  -2.1785700e+07
   6.0282500e+00  -3.9625100e+00   6.2391100e+00   3.4012000e+00   5.6874100e+00   3.4012000e+00  -2.1785700e+07
   6.0282200e+00  -3.9626300e+00   6.2388900e+00   3.4011800e+00   5.6874100e+00   3.4011900e+00  -2.1785700e+07
   6.0283000e+00  -3.9626100e+00   6.2387200e+00   3.4011900e+00   5.6872100e+00   3.4012000e+00  -2.1785700e+07
   6.0281000e+00  -3.9625000e+00   6.2388600e+00   3.4012000e+00   5.6872900e+00   3.4012000e+00  -2.1785700e+07
   6.0279000e+00  -3.9621100e+00   6.2387000e+00   3.4011900e+00   5.6873200e+00   3.4011900e+00  -2.1785700e+07
   6.0277300e+00  -3.9618000e+00   6.2387000e+00   3.4011900e+00   5.6873000e+00   3.4012000e+00  -2.1785700e+07
   6.0278700e+00  -3.9621400e+00   6.2387600e+00   3.4012000e+00   5.6872400e+00   3.4011900e+00  -2.1785700e+07
   6.0279900e+00  -3.9620600e+00   6.2388100e+00   3.4011900e+00   5.6872500e+00   3.4011900e+00  -2.1785700e+07
   6.0278100e+00  -3.9616800e+00   6.2388200e+00   3.4012000e+00   5.6872600e+00   3.4012000e+00  -2.1785700e+07
   6.0277500e+00  -3.9617900e+00   6.2387700e+00   3.4011600e+00   5.6873900e+00   3.4012000e+00  -2.1785700e+07
   6.0281600e+00  -3.9621000e+00   6.2389700e+00   3.4011900e+00   5.6872400e+00   3.4012000e+00  -2.1785700e+07
   6.0279400e+00  -3.9620400e+00   6.2387400e+00   3.4012000e+00   5.6872900e+00   3.4012000e+00  -2.1785700e+07
   6.0278700e+00  -3.9621800e+00   6.2386400e+00   3.4011900e+00   5.6873400e+00   3.4011900e+00  -2.1785700e+07
   6.0282500e+00  -3.9624900e+00   6.2388500e+00   3.4011500e+00   5.6872500e+00   3.4011900e+00  -2.1785700e+07
   6.0279000e+00  -3.9621000e+00   6.2388400e+00   3.4011900e+00   5.6873500e+00   3.4012000e+00  -2.1785700e+07
   6.0280500e+00  -3.9621500e+00   6.2386200e+00   3.4011900e+00   5.6872600e+00   3.4012000e+00  -2.1785700e+07
   6.0279000e+00  -3.9621600e+00   6.2387600e+00   3.4011800e+00   5.6873900e+00   3.4012000e+00  -2.1785700e+07
   6.0276300e+00  -3.9618800e+00   6.2387900e+00   3.4011900e+00   5.6873200e+00   3.4012000e+00  -2.1785700e+07
   6.0277900e+00  -3.9617700e+00   6.2389700e+00   3.4011900e+00   5.6873500e+00   3.4011900e+00  -2.1785700e+07
   6.0279300e+00  -3.9619200e+00   6.2389200e+00   3.4011900e+00   5.6872500e+00   3.4012000e+00  -2.1785700e+07
   6.0276100e+00  -3.9617000e+00   6.2387200e+00   3.4011900e+00   5.6872300e+00   3.4012000e+00  -2.1785700e+07
   6.0277400e+00  -3.9617600e+00   6.2388800e+00   3.4011800e+00   5.6874800e+00   3.4011900e+00  -2.1785700e+07
   6.0278100e+00  -3.9617000e+00   6.2386100e+00   3.4011900e+00   5.6873400e+00   3.4012000e+00  -2.1785700e+07
   6.0276400e+00  -3.9616700e+00   6.2388100e+00   3.4011800e+00   5.6874100e+00   3.4012000e+00  -2.1785700e+07
   6.0276400e+00  -3.9616700e+00   6.2386600e+00   3.4011800e+00   5.6873100e+00   3.4012000e+00  -2.1785700e+07
   6.0275400e+00  -3.9610600e+00   6.2388400e+00   3.4011800e+00   5.6872900e+00   3.4012000e+00  -2.1785700e+07
   6.0274800e+00  -3.9612000e+00   6.2386900e+00   3.4011900e+00   5.6873000e+00   3.4012000e+00  -2.1785700e+07
   6.0274000e+00  -3.9609100e+00   6.2389600e+00   3.4011900e+00   5.6872500e+00   3.4012000e+00  -2.1785700e+07
   6.0273200e+00  -3.9608300e+00   6.2389600e+00   3.4011700e+00   5.6873800e+00   3.4012000e+00  -2.1785700e+07
   6.0276100e+00  -3.9608800e+00   6.2389900e+00   3.4012000e+00   5.6873200e+00   3.4012000e+00  -2.1785700e+07
   6.0273800e+00  -3.9608100e+00   6.2389700e+00   3.4012000e+00   5.6873400e+00   3.4012000e+00  -2.1785700e+07
   6.0275000e+00  -3.9610300e+00   6.2386900e+00   3.4012000e+00   5.6872700e+00   3.4012000e+00  -2.1785700e+07
   6.0276500e+00  -3.9609400e+00   6.2390600e+00   3.4011900e+00   5.6873700e+00   3.4012000e+00  -2.1785700e+07
   6.0270200e+00  -3.9605600e+00   6.2385100e+00   3.4011900e+00   5.6873600e+00   3.4012000e+00  -2.1785700e+07
   6.0272600e+00  -3.9606500e+00   6.2387000e+00   3.4011900e+00   5.6872800e+00   3.4012000e+00  -2.1785700e+07
   6.0274800e+00  -3.9607700e+00   6.2393000e+00   3.4011800e+00   5.6873800e+00   3.4012000e+00  -2.1785700e+07
   6.0272700e+00  -3.9607900e+00   6.2387600e+00   3.4011900e+00   5.6873100e+00   3.4012000e+00  -2.1785700e+07
   6.0273000e+00  -3.9606300e+00   6.2387600e+00   3.4011700e+00   5.6873900e+00   3.4011900e+00  -2.1785700e+07
   6.0272600e+00  -3.9606500e+00   6.2387800e+00   3.4011900e+00   5.6874400e+00   3.4012000e+00  -2.1785700e+07
   6.0274100e+00  -3.9606300e+00   6.2389600e+00   3.4011800e+00   5.6872800e+00   3.4011900e+00  -2.1785700e+07
   6.0276700e+00  -3.9609500e+00   6.2391800e+00   3.4012000e+00   5.6873100e+00   3.4012000e+00  -2.1785700e+07
   6.0272400e+00  -3.9606900e+00   6.2390500e+00   3.4012000e+00   5.6873800e+00   3.4012000e+00  -2.1785700e+07
   6.0273500e+00  -3.9612800e+00   6.2386000e+00   3.4011800e+00   5.6873700e+00   3.4011900e+00  -2.1785700e+07
   6.0277400e+00  -3.9614200e+00   6.2391900e+00   3.4011900e+00   5.6874000e+00   3.4012000e+00  -2.1785700e+07
   6.0272400e+00  -3.9609500e+00   6.2385800e+00   3.4011700e+00   5.6872700e+00   3.4012000e+00  -2.1785700e+07
   6.0272800e+00  -3.9607200e+00   6.2386000e+00   3.4011900e+00   5.6873400e+00   3.4012000e+00  -2.1785700e+07
   6.0274200e+00  -3.9608100e+00   6.2390700e+00   3.4011900e+00   5.6872800e+00   3.4012000e+00  -2.1785700e+07
   6.0274300e+00  -3.9607700e+00   6.2388400e+00   3.4011900e+00   5.6873700e+00   3.4012000e+00  -2.1785700e+07
   6.0275900e+00  -3.9611400e+00   6.2390600e+00   3.4011900e+00   5.6873200e+00   3.4012000e+00  -2.1785700e+07
   6.0274100e+00  -3.9614400e+00   6.2385200e+00   3.4012000e+00   5.6872900e+00   3.4012000e+00  -2.1785700e+07
   6.0278200e+00  -3.9613700e+00   6.2389300e+00   3.4011600e+00   5.6873000e+00   3.4012000e+00  -2.1785700e+07
   6.0277200e+00  -3.9613400e+00   6.2388900e+00   3.4011800e+00   5.6873200e+00   3.4012000e+00  -2.1785700e+07
   6.0274400e+00  -3.9610700e+00   6.2387400e+00   3.4011900e+00   5.6873100e+00   3.4011900e+00  -2.1785700e+07
   6.0276000e+00  -3.9609900e+00   6.2388600e+00   3.4011600e+00   5.6872400e+00   3.4011900e+00  -2.1785700e+07
   6.0275300e+00  -3.9610700e+00   6.2386900e+00   3.4011900e+00   5.6871800e+00   3.4012000e+00  -2.1785700e+07
   6.0274400e+00  -3.9609800e+00   6.2388200e+00   3.4011800e+00   5.6871600e+00   3.4012000e+00  -2.1785700e+07
   6.0275800e+00  -3.9613400e+00   6.2387400e+00   3.4011800e+00   5.6871600e+00   3.4011900e+00  -2.1785700e+07
   6.0275500e+00  -3.9611000e+00   6.2388700e+00   3.4011900e+00   5.6872900e+00   3.4012000e+00  -2.1785700e+07
   6.0274900e+00  -3.9611200e+00   6.2388500e+00   3.4011800e+00   5.6872600e+00   3.4012000e+00  -2.1785700e+07
   6.0273400e+00  -3.9610500e+00   6.2388200e+00   3.4011900e+00   5.6873700e+00   3.4012000e+00  -2.1785700e+07
   6.0273600e+00  -3.9606900e+00   6.2387900e+00   3.4011800e+00   5.6872600e+00   3.4011900e+00  -2.1785700e+07
   6.0274400e+00  -3.9608600e+00   6.2387900e+00   3.4011700e+00   5.6873600e+00   3.4012000e+00  -2.1785700e+07
   6.0275400e+00  -3.9613900e+00   6.2385700e+00   3.4011900e+00   5.6871800e+00   3.4012000e+00  -2.1785700e+07
   6.0275800e+00  -3.9617700e+00   6.2385900e+00   3.4011800e+00   5.6873300e+00   3.4011900e+00  -2.1785700e+07
   6.0277200e+00  -3.9617200e+00   6.2387300e+00   3.4011900e+00   5.6872700e+00   3.4012000e+00  -2.1785700e+07
   6.0276900e+00  -3.9614800e+00   6.2385000e+00   3.4011900e+00   5.6873000e+00   3.4012000e+00  -2.1785700e+07
   6.0276400e+00  -3.9616100e+00   6.2387100e+00   3.4011800e+00   5.6873700e+00   3.4011900e+00  -2.1785700e+07
   6.0275200e+00  -3.9612500e+00   6.2386400e+00   3.4011800e+00   5.6872900e+00   3.4012000e+00  -2.1785700e+07
   6.0276700e+00  -3.9612900e+00   6.2387000e+00   3.4011900e+00   5.6873300e+00   3.4012000e+00  -2.1785700e+07
   6.0277800e+00  -3.9615800e+00   6.2388000e+00   3.4011900e+00   5.6873600e+00   3.4012000e+00  -2.1785700e+07
   6.0281900e+00  -3.9620200e+00   6.2390300e+00   3.4011700e+00   5.6872900e+00   3.4011900e+00  -2.1785700e+07
   6.0277800e+00  -3.9616700e+00   6.2386400e+00   3.4011600e+00   5.6873100e+00   3.4012000e+00  -2.1785700e+07
   6.0278200e+00  -3.9617300e+00   6.2389500e+00   3.4011900e+00   5.6873800e+00   3.4011900e+00  -2.1785700e+07
   6.0280200e+00  -3.9615400e+00   6.2391500e+00   3.4011900e+00   5.6873100e+00   3.4011900e+00  -2.1785700e+07
   6.0277500e+00  -3.9615400e+00   6.2388100e+00   3.4011600e+00   5.6873200e+00   3.4012000e+00  -2.1785700e+07
   6.0272400e+00  -3.9610400e+00   6.2387100e+00   3.4011900e+00   5.6874000e+00   3.4012000e+00  -2.1785700e+07
   6.0271600e+00  -3.9606300e+00   6.2387800e+00   3.4011900e+00   5.6873200e+00   3.4012000e+00  -2.1785700e+07
   6.0271100e+00  -3.9606700e+00   6.2382900e+00   3.4011700e+00   5.6872000e+00   3.4012000e+00  -2.1785700e+07
   6.0272800e+00  -3.9610100e+00   6.2387600e+00   3.4011800e+00   5.6873100e+00   3.4012000e+00  -2.1785700e+07
   6.0273200e+00  -3.9608200e+00   6.2387300e+00   3.4011700e+00   5.6873300e+00   3.4012000e+00  -2.1785700e+07
   6.0275000e+00  -3.9610000e+00   6.2388400e+00   3.4011800e+00   5.6874300e+00   3.4011900e+00  -2.1785700e+07
   6.0277900e+00  -3.9614400e+00   6.2386500e+00   3.4011700e+00   5.6871700e+00   3.4011900e+00  -2.1785700e+07
   6.0278900e+00  -3.9615700e+00   6.2393300e+00   3.4011700e+00   5.6874400e+00   3.4012000e+00  -2.1785700e+07
   6.0276100e+00  -3.9613700e+00   6.2389100e+00   3.4012000e+00   5.6872300e+00   3.4012000e+00  -2.1785700e+07
   6.0274200e+00  -3.9613700e+00   6.2387900e+00   3.4011900e+00   5.6873900e+00   3.4012000e+00  -2.1785700e+07
   6.0277000e+00  -3.9614600e+00   6.2389300e+00   3.4011900e+00   5.6874000e+00   3.4011900e+00  -2.1785700e+07
   6.0278000e+00  -3.9612200e+00   6.2391400e+00   3.4011900e+00   5.6872900e+00   3.4011900e+00  -2.1785700e+07
   6.0276500e+00  -3.9613700e+00   6.2386800e+00   3.4011900e+00   5.6872600e+00   3.4012000e+00  -2.1785700e+07
   6.0276100e+00  -3.9613600e+00   6.2389400e+00   3.4011800e+00   5.6873200e+00   3.4012000e+00  -2.1785700e+07
   6.0278500e+00  -3.9619700e+00   6.2385300e+00   3.4011900e+00   5.6872400e+00   3.4011900e+00  -2.1785700e+07
   6.0280200e+00  -3.9620000e+00   6.2386600e+00   3.4011900e+00   5.6872200e+00   3.4012000e+00  -2.1785700e+07
   6.0278500e+00  -3.9620900e+00   6.2388100e+00   3.4012000e+00   5.6873700e+00   3.4012000e+00  -2.1785700e+07
   6.0280000e+00  -3.9622200e+00   6.2387400e+00   3.4011900e+00   5.6872900e+00   3.4012000e+00  -2.1785700e+07
   6.0279800e+00  -3.9623700e+00   6.2386800e+00   3.4011900e+00   5.6873200e+00   3.4012000e+00  -2.1785700e+07
   6.0280300e+00  -3.9624300e+00   6.2388800e+00   3.4012000e+00   5.6873400e+00   3.4012000e+00  -2.1785700e+07
   6.0283400e+00  -3.9625500e+00   6.2387200e+00   3.4011900e+00   5.6872300e+00   3.4011900e+00  -2.1785700e+07
   6.0282200e+00  -3.9623800e+00   6.2388200e+00   3.4011900e+00   5.6872900e+00   3.4012000e+00  -2.1785700e+07
   6.0279800e+00  -3.9620700e+00   6.2386800e+00   3.4011800e+00   5.6872800e+00   3.4011900e+00  -2.1785700e+07
   6.0279600e+00  -3.9620900e+00   6.2388700e+00   3.4011800e+00   5.6873500e+00   3.4012000e+00  -2.1785700e+07
   6.0277300e+00  -3.9617900e+00   6.2388600e+00   3.4011900e+00   5.6873600e+00   3.4012000e+00  -2.1785700e+07
   6.0278000e+00  -3.9617900e+00   6.2387700e+00   3.4011800e+00   5.6873800e+00   3.4012000e+00  -2.1785700e+07
   6.0278600e+00  -3.9618400e+00   6.2387200e+00   3.4011900e+00   5.6872900e+00   3.4012000e+00  -2.1785700e+07
   6.0274400e+00  -3.9616500e+00   6.2385900e+00   3.4011900e+00   5.6873400e+00   3.4011900e+00  -2.1785700e+07
   6.0279700e+00  -3.9619400e+00   6.2387100e+00   3.4011900e+00   5.6873100e+00   3.4011900e+00  -2.1785700e+07
   6.0279400e+00  -3.9619200e+00   6.2388300e+00   3.4011900e+00   5.6871400e+00   3.4011900e+00  -2.1785700e+07
   6.0279900e+00  -3.9621900e+00   6.2386800e+00   3.4011900e+00   5.6872600e+00   3.4011900e+00  -2.1785700e+07
   6.0278900e+00  -3.9619800e+00   6.2388800e+00   3.4011700e+00   5.6873000e+00   3.4012000e+00  -2.1785700e+07
   6.0281200e+00  -3.9620000e+00   6.2390000e+00   3.4011900e+00   5.6874000e+00   3.4012000e+00  -2.1785700e+07
   6.0278400e+00  -3.9616900e+00   6.2388100e+00   3.4011900e+00   5.6873000e+00   3.4011900e+00  -2.1785700e+07
   6.0280900e+00  -3.9617800e+00   6.2388700e+00   3.4011900e+00   5.6872300e+00   3.4011900e+00  -2.1785700e+07
   6.0278100e+00  -3.9614300e+00   6.2392100e+00   3.4012000e+00   5.6873500e+00   3.4012000e+00  -2.1785700e+07
   6.0279000e+00  -3.9613900e+00   6.2389400e+00   3.4011800e+00   5.6872900e+00   3.4012000e+00  -2.1785700e+07
   6.0275100e+00  -3.9609300e+00   6.2388500e+00   3.4011800e+00   5.6872000e+00   3.4011900e+00  -2.1785700e+07
   6.0271200e+00  -3.9606000e+00   6.2385000e+00   3.4011800e+00   5.6873100e+00   3.4011900e+00  -2.1785700e+07
   6.0272900e+00  -3.9607500e+00   6.2388800e+00   3.4011900e+00   5.6873600e+00   3.4012000e+00  -2.1785700e+07
   6.0272400e+00  -3.9608100e+00   6.2385600e+00   3.4011900e+00   5.6873800e+00   3.4012000e+00  -2.1785700e+07
   6.0276900e+00  -3.9612800e+00   6.2388000e+00   3.4011900e+00   5.6873400e+00   3.4012000e+00  -2.1785700e+07
   6.0279100e+00  -3.9615800e+00   6.2388700e+00   3.4012000e+00   5.6872900e+00   3.4011900e+00  -2.1785700e+07
   6.0277100e+00  -3.9616100e+00   6.2386400e+00   3.4011800e+00   5.6874100e+00   3.4012000e+00  -2.1785700e+07
   6.0277600e+00  -3.9617900e+00   6.2385900e+00   3.4011900e+00   5.6872600e+00   3.4012000e+00  -2.1785700e+07
   6.0279300e+00  -3.9620200e+00   6.2389800e+00   3.4011900e+00   5.6873400e+00   3.4012000e+00  -2.1785700e+07
   6.0278600e+00  -3.9621500e+00   6.2389500e+00   3.4011900e+00   5.6873600e+00   3.4011900e+00  -2.1785700e+07
   6.0277600e+00  -3.9622300e+00   6.2383500e+00   3.4011700e+00   5.6872700e+00   3.4012000e+00  -2.1785700e+07
   6.0277000e+00  -3.9624200e+00   6.2384600e+00   3.4011900e+00   5.6874200e+00   3.4012000e+00  -2.1785700e+07
   6.0279000e+00  -3.9621900e+00   6.2387100e+00   3.4011900e+00   5.6872900e+00   3.4011900e+00  -2.1785700e+07
   6.0280800e+00  -3.9622100e+00   6.2391100e+00   3.4011900e+00   5.6872900e+00   3.4011900e+00  -2.1785700e+07
   6.0279600e+00  -3.9622500e+00   6.2387400e+00   3.4011800e+00   5.6874000e+00   3.4012000e+00  -2.1785700e+07
   6.0278800e+00  -3.9621400e+00   6.2386100e+00   3.4011900e+00   5.6874200e+00   3.4012000e+00  -2.1785700e+07
   6.0278000e+00  -3.9620900e+00   6.2385800e+00   3.4011600e+00   5.6871800e+00   3.4011900e+00  -2.1785700e+07
   6.0279400e+00  -3.9619700e+00   6.2389600e+00   3.4011900e+00   5.6874100e+00   3.4012000e+00  -2.1785700e+07
   6.0278700e+00  -3.9621200e+00   6.2386200e+00   3.4012000e+00   5.6873400e+00   3.4012000e+00  -2.1785700e+07
   6.0278300e+00  -3.9618600e+00   6.2384800e+00   3.4012000e+00   5.6872500e+00   3.4012000e+00  -2.1785700e+07
   6.0278200e+00  -3.9615000e+00   6.2390000e+00   3.4011800e+00   5.6873500e+00   3.4011900e+00  -2.1785700e+07
   6.0278400e+00  -3.9615200e+00   6.2390400e+00   3.4011900e+00   5.6873600e+00   3.4012000e+00  -2.1785700e+07
   6.0277700e+00  -3.9614600e+00   6.2386700e+00   3.4011800e+00   5.6871900e+00   3.4011900e+00  -2.1785700e+07
   6.0274800e+00  -3.9610500e+00   6.2387900e+00   3.4011900e+00   5.6872200e+00   3.4011900e+00  -2.1785700e+07
   6.0275200e+00  -3.9610700e+00   6.2390400e+00   3.4011900e+00   5.6874400e+00   3.4011900e+00  -2.1785700e+07
   6.0275000e+00  -3.9608300e+00   6.2391800e+00   3.4011900e+00   5.6873600e+00   3.4011900e+00  -2.1785700e+07
   6.0274000e+00  -3.9608000e+00   6.2388300e+00   3.4011900e+00   5.6873000e+00   3.4011900e+00  -2.1785700e+07
   6.0273000e+00  -3.9605600e+00   6.2388700e+00   3.4011800e+00   5.6872400e+00   3.4012000e+00  -2.1785700e+07
   6.0273200e+00  -3.9608100e+00   6.2387500e+00   3.4011900e+00   5.6874200e+00   3.4012000e+00  -2.1785700e+07
   6.0271500e+00  -3.9605100e+00   6.2386500e+00   3.4011900e+00   5.6872200e+00   3.4012000e+00  -2.1785700e+07
   6.0275100e+00  -3.9606600e+00   6.2389300e+00   3.4011900e+00   5.6873700e+00   3.4011900e+00  -2.1785700e+07
   6.0275700e+00  -3.9612000e+00   6.2386100e+00   3.4011800e+00   5.6872400e+00   3.4012000e+00  -2.1785700e+07
   6.0274700e+00  -3.9609500e+00   6.2387700e+00   3.4011900e+00   5.6872700e+00   3.4011900e+00  -2.1785700e+07
   6.0274500e+00  -3.9608500e+00   6.2386000e+00   3.4012000e+00   5.6871800e+00   3.4011900e+00  -2.1785700e+07
   6.0274700e+00  -3.9609300e+00   6.2385800e+00   3.4011900e+00   5.6871700e+00   3.4012000e+00  -2.1785700e+07
   6.0276600e+00  -3.9610900e+00   6.2390300e+00   3.4011900e+00   5.6873100e+00   3.4012000e+00  -2.1785700e+07
   6.0277000e+00  -3.9611000e+00   6.2390600e+00   3.4011800e+00   5.6873800e+00   3.4012000e+00  -2.1785700e+07
   6.0279300e+00  -3.9616300e+00   6.2389400e+00   3.4011300e+00   5.6872600e+00   3.4012000e+00  -2.1785700e+07
   6.0276000e+00  -3.9615700e+00   6.2385700e+00   3.4011800e+00   5.6872700e+00   3.4012000e+00  -2.1785700e+07
   6.0275500e+00  -3.9613400e+00   6.2388300e+00   3.4011800e+00   5.6873500e+00   3.4012000e+00  -2.1785700e+07
   6.0276000e+00  -3.9612100e+00   6.2387900e+00   3.4011900e+00   5.6873600e+00   3.4012000e+00  -2.1785700e+07
   6.0275700e+00  -3.9613100e+00   6.2387700e+00   3.4011700e+00   5.6872700e+00   3.4012000e+00  -2.1785700e+07
   6.0279300e+00  -3.9617100e+00   6.2387400e+00   3.4011800e+00   5.6872100e+00   3.4011900e+00  -2.1785700e+07
   6.0281000e+00  -3.9619300e+00   6.2387700e+00   3.4012000e+00   5.6872600e+00   3.4012000e+00  -2.1785700e+07
   6.0280000e+00  -3.9619900e+00   6.2389100e+00   3.4011800e+00   5.6872500e+00   3.4012000e+00  -2.1785700e+07
   6.0278200e+00  -3.9619800e+00   6.2385900e+00   3.4011800e+00   5.6872700e+00   3.4011900e+00  -2.1785700e+07
   6.0280700e+00  -3.9623100e+00   6.2386300e+00   3.4011900e+00   5.6872600e+00   3.4012000e+00  -2.1785700e+07
   6.0279700e+00  -3.9620800e+00   6.2385700e+00   3.4011700e+00   5.6873700e+00   3.4012000e+00  -2.1785700e+07
   6.0278600e+00  -3.9618400e+00   6.2388300e+00   3.4011900e+00   5.6873400e+00   3.4011900e+00  -2.1785700e+07
   6.0280400e+00  -3.9619100e+00   6.2390100e+00   3.4011900e+00   5.6872900e+00   3.4012000e+00  -2.1785700e+07
   6.0277700e+00  -3.9620900e+00   6.2386600e+00   3.4011700e+00   5.6873600e+00   3.4012000e+00  -2.1785700e+07
   6.0282400e+00  -3.9620900e+00   6.2392300e+00   3.4011900e+00   5.6873600e+00   3.4011900e+00  -2.1785700e+07
   6.0280300e+00  -3.9622100e+00   6.2389900e+00   3.4011800e+00   5.6873700e+00   3.4012000e+00  -2.1785700e+07
   6.0281200e+00  -3.9622500e+00   6.2388600e+00   3.4011900e+00   5.6872000e+00   3.4012000e+00  -2.1785700e+07
   6.0281600e+00  -3.9624300e+00   6.2385900e+00   3.4011900e+00   5.6872300e+00   3.4012000e+00  -2.1785700e+07
   6.0278800e+00  -3.9621800e+00   6.2387400e+00   3.4011900e+00   5.6872000e+00   3.4012000e+00  -2.1785700e+07
   6.0279700e+00  -3.9623400e+00   6.2386600e+00   3.4011900e+00   5.6872300e+00   3.4012000e+00  -2.1785700e+07
   6.0280300e+00  -3.9619700e+00   6.2389000e+00   3.4011900e+00   5.6872300e+00   3.4012000e+00  -2.1785700e+07
   6.0278300e+00  -3.9617800e+00   6.2388000e+00   3.4011800e+00   5.6873100e+00   3.4012000e+00  -2.1785700e+07
   6.0281100e+00  -3.9619600e+00   6.2389800e+00   3.4011900e+00   5.6873300e+00   3.4012000e+00  -2.1785700e+07
   6.0277700e+00  -3.9617500e+00   6.2385500e+00   3.4011900e+00   5.6871500e+00   3.4012000e+00  -2.1785700e+07
   6.0276900e+00  -3.9617500e+00   6.2385300e+00   3.4011800e+00   5.6873300e+00   3.4012000e+00  -2.1785700e+07
   6.0278900e+00  -3.9617700e+00   6.2387700e+00   3.4011900e+00   5.6874300e+00   3.4011900e+00  -2.1785700e+07
   6.0279200e+00  -3.9618400e+00   6.2388600e+00   3.4011900e+00   5.6873100e+00   3.4012000e+00  -2.1785700e+07
   6.0280600e+00  -3.9619800e+00   6.2391200e+00   3.4011500e+00   5.6872900e+00   3.4012000e+00  -2.1785700e+07
   6.0282500e+00  -3.9620400e+00   6.2389300e+00   3.4011900e+00   5.6872600e+00   3.4012000e+00  -2.1785700e+07
   6.0279600e+00  -3.9619300e+00   6.2390100e+00   3.4012000e+00   5.6874100e+00   3.4012000e+00  -2.1785700e+07
   6.0275800e+00  -3.9613600e+00   6.2386400e+00   3.4011800e+00   5.6872100e+00   3.4012000e+00  -2.1785700e+07
   6.0276100e+00  -3.9612900e+00   6.2387400e+00   3.4011900e+00   5.6873500e+00   3.4011900e+00  -2.1785700e+07
   6.0275100e+00  -3.9611000e+00   6.2388700e+00   3.4011700e+00   5.6873500e+00   3.4011900e+00  -2.1785700e+07
   6.0275000e+00  -3.9612900e+00   6.2385600e+00   3.4011900e+00   5.6872900e+00   3.4012000e+00  -2.1785700e+07
   6.0275600e+00  -3.9614900e+00   6.2385200e+00   3.4011900e+00   5.6873500e+00   3.4011900e+00  -2.1785700e+07
   6.0276500e+00  -3.9614200e+00   6.2387600e+00   3.4011900e+00   5.6873600e+00   3.4012000e+00  -2.1785700e+07
   6.0273500e+00  -3.9613500e+00   6.2386500e+00   3.4012000e+00   5.6874100e+00   3.4011900e+00  -2.1785700e+07
   6.0276900e+00  -3.9611700e+00   6.2389200e+00   3.4012000e+00   5.6873300e+00   3.4012000e+00  -2.1785700e+07
   6.0274500e+00  -3.9613300e+00   6.2387300e+00   3.4011700e+00   5.6872900e+00   3.4012000e+00  -2.1785700e+07
   6.0276800e+00  -3.9613800e+00   6.2388700e+00   3.4011900e+00   5.6872400e+00   3.4012000e+00  -2.1785700e+07
   6.0276600e+00  -3.9613600e+00   6.2388400e+00   3.4012000e+00   5.6874700e+00   3.4012000e+00  -2.1785700e+07
   6.0277200e+00  -3.9614200e+00   6.2386500e+00   3.4011900e+00   5.6872100e+00   3.4012000e+00  -2.1785700e+07
   6.0276400e+00  -3.9612700e+00   6.2386100e+00   3.4011800e+00   5.6872700e+00   3.4011900e+00  -2.1785700e+07
   6.0275800e+00  -3.9612500e+00   6.2387200e+00   3.4011900e+00   5.6872300e+00   3.4012000e+00  -2.1785700e+07
   6.0276600e+00  -3.9610300e+00   6.2389600e+00   3.4011900e+00   5.6872100e+00   3.4012000e+00  -2.1785700e+07
   6.0276300e+00  -3.9611000e+00   6.2387500e+00   3.4011900e+00   5.6872600e+00   3.4012000e+00  -2.1785700e+07
   6.0274400e+00  -3.9609300e+00   6.2387500e+00   3.4011800e+00   5.6873000e+00   3.4012000e+00  -2.1785700e+07
   6.0274400e+00  -3.9613300e+00   6.2388100e+00   3.4011900e+00   5.6873700e+00   3.4011900e+00  -2.1785700e+07
   6.0274600e+00  -3.9611900e+00   6.2386900e+00   3.4011900e+00   5.6872500e+00   3.4012000e+00  -2.1785700e+07
   6.0277800e+00  -3.9616300e+00   6.2389700e+00   3.4011900e+00   5.6872200e+00   3.4011900e+00  -2.1785700e+07
   6.0276300e+00  -3.9613600e+00   6.2387900e+00   3.4011900e+00   5.6872800e+00   3.4011900e+00  -2.1785700e+07
   6.0274800e+00  -3.9614000e+00   6.2387000e+00   3.4011900e+00   5.6873100e+00   3.4012000e+00  -2.1785700e+07
   6.0276800e+00  -3.9610500e+00   6.2389500e+00   3.4011700e+00   5.6872800e+00   3.4012000e+00  -2.1785700e+07
   6.0274100e+00  -3.9608800e+00   6.2387400e+00   3.4011800e+00   5.6872300e+00   3.4012000e+00  -2.1785700e+07
   6.0272200e+00  -3.9607300e+00   6.2385200e+00   3.4011900e+00   5.6871300e+00   3.4011900e+00  -2.1785700e+07
   6.0275100e+00  -3.9607300e+00   6.2387500e+00   3.4011700e+00   5.6872100e+00   3.4012000e+00  -2.1785700e+07
   6.0272700e+00  -3.9607500e+00   6.2386800e+00   3.4011900e+00   5.6872400e+00   3.4012000e+00  -2.1785700e+07
   6.0273500e+00  -3.9608900e+00   6.2388000e+00   3.4011200e+00   5.6873600e+00   3.4012000e+00  -2.1785700e+07
   6.0275600e+00  -3.9610600e+00   6.2388600e+00   3.4011900e+00   5.6873600e+00   3.4012000e+00  -2.1785700e+07
   6.0276700e+00  -3.9610200e+00   6.2389000e+00   3.4011900e+00   5.6872800e+00   3.4012000e+00  -2.1785700e+07
   6.0274600e+00  -3.9609200e+00   6.2390300e+00   3.4011800e+00   5.6873700e+00   3.4012000e+00  -2.1785700e+07
   6.0275700e+00  -3.9609500e+00   6.2390000e+00   3.4012000e+00   5.6872500e+00   3.4012000e+00  -2.1785700e+07
   6.0273400e+00  -3.9608000e+00   6.2387900e+00   3.4011700e+00   5.6873000e+00   3.4012000e+00  -2.1785700e+07
   6.0274500e+00  -3.9608400e+00   6.2389700e+00   3.4011800e+00   5.6873100e+00   3.4012000e+00  -2.1785700e+07
   6.0272000e+00  -3.9607100e+00   6.2387500e+00   3.4011900e+00   5.6873600e+00   3.4012000e+00  -2.1785700e+07
   6.0274400e+00  -3.9608500e+00   6.2388200e+00   3.4011800e+00   5.6872200e+00   3.4012000e+00  -2.1785700e+07
   6.0273900e+00  -3.9610800e+00   6.2388200e+00   3.4011900e+00   5.6872200e+00   3.4012000e+00  -2.1785700e+07
   6.0276100e+00  -3.9611300e+00   6.2387900e+00   3.4011900e+00   5.6872300e+00   3.4012000e+00  -2.1785700e+07
   6.0275500e+00  -3.9610600e+00   6.2387300e+00   3.4011800e+00   5.6873300e+00   3.4012000e+00  -2.1785700e+07
   6.0275700e+00  -3.9611200e+00   6.2389200e+00   3.4011900e+00   5.6873700e+00   3.4012000e+00  -2.1785700e+07
   6.0274600e+00  -3.9609800e+00   6.2388700e+00   3.4011700e+00   5.6873500e+00   3.4011900e+00  -2.1785700e+07
   6.0276400e+00  -3.9612800e+00   6.2389500e+00   3.4011900e+00   5.6874300e+00   3.4012000e+00  -2.1785700e+07
   6.0273800e+00  -3.9613000e+00   6.2386000e+00   3.4011900e+00   5.6873500e+00   3.4012000e+00  -2.1785700e+07
   6.0276700e+00  -3.9612900e+00   6.2387900e+00   3.4011800e+00   5.6871800e+00   3.4012000e+00  -2.1785700e+07
   6.0277400e+00  -3.9614300e+00   6.2388500e+00   3.4012000e+00   5.6872400e+00   3.4012000e+00  -2.1785700e+07
   6.0276900e+00  -3.9617100e+00   6.2386400e+00   3.4011900e+00   5.6871800e+00   3.4011900e+00  -2.1785700e+07
   6.0280500e+00  -3.9621600e+00   6.2387900e+00   3.4011900e+00   5.6872500e+00   3.4011900e+00  -2.1785700e+07
   6.0279900e+00  -3.9621900e+00   6.2389000e+00   3.4012000e+00   5.6873200e+00   3.4012000e+00  -2.1785700e+07
   6.0279300e+00  -3.9621200e+00   6.2386700e+00   3.4012000e+00   5.6873200e+00   3.4011900e+00  -2.1785700e+07
   6.0279900e+00  -3.9622400e+00   6.2387100e+00   3.4011900e+00   5.6871800e+00   3.4012000e+00  -2.1785700e+07
   6.0280900e+00  -3.9622200e+00   6.2389100e+00   3.4011700e+00   5.6873100e+00   3.4011900e+00  -2.1785700e+07
   6.0279700e+00  -3.9618000e+00   6.2391600e+00   3.4011900e+00   5.6873900e+00   3.4011900e+00  -2.1785700e+07
   6.0276100e+00  -3.9619900e+00   6.2386500e+00   3.4011900e+00   5.6873700e+00   3.4012000e+00  -2.1785700e+07
   6.0278500e+00  -3.9618800e+00   6.2388100e+00   3.4011900e+00   5.6872900e+00   3.4011900e+00  -2.1785700e+07
   6.0280700e+00  -3.9621200e+00   6.2389100e+00   3.4011900e+00   5.6873200e+00   3.4012000e+00  -2.1785700e+07
   6.0279500e+00  -3.9623500e+00   6.2386700e+00   3.4011900e+00   5.6874400e+00   3.4011900e+00  -2.1785700e+07
   6.0279500e+00  -3.9623300e+00   6.2387700e+00   3.4011700e+00   5.6872500e+00   3.4011900e+00  -2.1785700e+07
   6.0281800e+00  -3.9622400e+00   6.2389100e+00   3.4011800e+00   5.6873200e+00   3.4011900e+00  -2.1785700e+07
   6.0277300e+00  -3.9619500e+00   6.2385800e+00   3.4011900e+00   5.6873200e+00   3.4012000e+00  -2.1785700e+07
   6.0278800e+00  -3.9617200e+00   6.2387600e+00   3.4011900e+00   5.6873900e+00   3.4012000e+00  -2.1785700e+07
   6.0279300e+00  -3.9617600e+00   6.2386600e+00   3.4011800e+00   5.6871800e+00   3.4012000e+00  -2.1785700e+07
   6.0278500e+00  -3.9618700e+00   6.2389400e+00   3.4011800e+00   5.6872800e+00   3.4011900e+00  -2.1785700e+07
   6.0279600e+00  -3.9618000e+00   6.2390200e+00   3.4012000e+00   5.6872300e+00   3.4012000e+00  -2.1785700e+07
   6.0279300e+00  -3.9616900e+00   6.2390000e+00   3.4011900e+00   5.6873300e+00   3.4012000e+00  -2.1785700e+07
   6.0276900e+00  -3.9614000e+00   6.2387100e+00   3.4011900e+00   5.6873300e+00   3.4012000e+00  -2.1785700e+07
   6.0277700e+00  -3.9613400e+00   6.2389000e+00   3.4011800e+00   5.6871700e+00   3.4011900e+00  -2.1785700e+07
   6.0274500e+00  -3.9611700e+00   6.2387000e+00   3.4012000e+00   5.6873500e+00   3.4012000e+00  -2.1785700e+07
   6.0278900e+00  -3.9613200e+00   6.2391500e+00   3.4011800e+00   5.6873900e+00   3.4012000e+00  -2.1785700e+07
   6.0275900e+00  -3.9613500e+00   6.2388400e+00   3.4011600e+00   5.6873100e+00   3.4012000e+00  -2.1785700e+07
   6.0275800e+00  -3.9614500e+00   6.2387700e+00   3.4011900e+00   5.6874000e+00   3.4011900e+00  -2.1785700e+07
   6.0274600e+00  -3.9612600e+00   6.2387900e+00   3.4011900e+00   5.6874700e+00   3.4011900e+00  -2.1785700e+07
   6.0278200e+00  -3.9615300e+00   6.2388700e+00   3.4011800e+00   5.6872300e+00   3.4011900e+00  -2.1785700e+07
   6.0278000e+00  -3.9615700e+00   6.2390100e+00   3.4011700e+00   5.6873800e+00   3.4012000e+00  -2.1785700e+07
   6.0278200e+00  -3.9615800e+00   6.2390200e+00   3.4012000e+00   5.6874000e+00   3.4012000e+00  -2.1785700e+07
   6.0278700e+00  -3.9616300e+00   6.2388600e+00   3.4012000e+00   5.6871900e+00   3.4012000e+00  -2.1785700e+07
   6.0275200e+00  -3.9614300e+00   6.2386600e+00   3.4011800e+00   5.6873000e+00   3.4011900e+00  -2.1785700e+07
   6.0277100e+00  -3.9614100e+00   6.2390500e+00   3.4011900e+00   5.6873800e+00   3.4012000e+00  -2.1785700e+07
   6.0277700e+00  -3.9616000e+00   6.2389000e+00   3.4011900e+00   5.6873200e+00   3.4012000e+00  -2.1785700e+07
   6.0278400e+00  -3.9614400e+00   6.2389000e+00   3.4011900e+00   5.6872800e+00   3.4012000e+00  -2.1785700e+07
   6.0277700e+00  -3.9617300e+00   6.2388800e+00   3.4011700e+00   5.6873600e+00   3.4012000e+00  -2.1785700e+07
   6.0278400e+00  -3.9618300e+00   6.2388500e+00   3.4012000e+00   5.6873200e+00   3.4011900e+00  -2.1785700e+07
   6.0280300e+00  -3.9617200e+00   6.2389200e+00   3.4011900e+00   5.6872000e+00   3.4012000e+00  -2.1785700e+07
   6.0277400e+00  -3.9616500e+00   6.2388100e+00   3.4011900e+00   5.6873400e+00   3.4012000e+00  -2.1785700e+07
   6.0279100e+00  -3.9616900e+00   6.2388200e+00   3.4011900e+00   5.6872400e+00   3.4012000e+00  -2.1785700e+07
   6.0278700e+00  -3.9616300e+00   6.2387800e+00   3.4011900e+00   5.6873000e+00   3.4011900e+00  -2.1785700e+07
   6.0276900e+00  -3.9615200e+00   6.2387100e+00   3.4011800e+00   5.6873200e+00   3.4012000e+00  -2.1785700e+07
   6.0278400e+00  -3.9616700e+00   6.2389700e+00   3.4011700e+00   5.6873000e+00   3.4012000e+00  -2.1785700e+07
   6.0277100e+00  -3.9617300e+00   6.2387200e+00   3.4011900e+00   5.6872400e+00   3.4012000e+00  -2.1785700e+07
   6.0281300e+00  -3.9620000e+00   6.2387700e+00   3.4011900e+00   5.6872300e+00   3.4012000e+00  -2.1785700e+07
   6.0277100e+00  -3.9618200e+00   6.2385900e+00   3.4012000e+00   5.6872900e+00   3.4011900e+00  -2.1785700e+07
   6.0279100e+00  -3.9620000e+00   6.2386700e+00   3.4011900e+00   5.6872800e+00   3.4012000e+00  -2.1785700e+07
   6.0279900e+00  -3.9620500e+00   6.2388800e+00   3.4011900e+00   5.6872800e+00   3.4012000e+00  -2.1785700e+07
   6.0277000e+00  -3.9619900e+00   6.2386700e+00   3.4011800e+00   5.6873700e+00   3.4012000e+00  -2.1785700e+07
   6.0277800e+00  -3.9617300e+00   6.2388400e+00   3.4011800e+00   5.6873200e+00   3.4012000e+00  -2.1785700e+07
   6.0277400e+00  -3.9614700e+00   6.2388800e+00   3.4011900e+00   5.6873900e+00   3.4011900e+00  -2.1785700e+07
   6.0276000e+00  -3.9614700e+00   6.2386900e+00   3.4011700e+00   5.6873100e+00   3.4012000e+00  -2.1785700e+07
   6.0276600e+00  -3.9614500e+00   6.2386900e+00   3.4011900e+00   5.6872900e+00   3.4011900e+00  -2.1785700e+07
   6.0275400e+00  -3.9614200e+00   6.2387900e+00   3.4011800e+00   5.6872600e+00   3.4011900e+00  -2.1785700e+07
   6.0277900e+00  -3.9615900e+00   6.2389600e+00   3.4011900e+00   5.6873200e+00   3.4012000e+00  -2.1785700e+07
   6.0278400e+00  -3.9618500e+00   6.2387500e+00   3.4011700e+00   5.6872600e+00   3.4011900e+00  -2.1785700e+07
   6.0277100e+00  -3.9617700e+00   6.2387600e+00   3.4011800e+00   5.6873400e+00   3.4011900e+00  -2.1785700e+07
   6.0278100e+00  -3.9616900e+00   6.2388500e+00   3.4011700e+00   5.6874000e+00   3.4011900e+00  -2.1785700e+07
   6.0278900e+00  -3.9620000e+00   6.2383600e+00   3.4012000e+00   5.6872200e+00   3.4012000e+00  -2.1785700e+07
   6.0278500e+00  -3.9621300e+00   6.2386000e+00   3.4011900e+00   5.6873300e+00   3.4012000e+00  -2.1785700e+07
   6.0277000e+00  -3.9617900e+00   6.2385800e+00   3.4011900e+00   5.6873400e+00   3.4012000e+00  -2.1785700e+07
   6.0278800e+00  -3.9616600e+00   6.2388400e+00   3.4011800e+00   5.6872500e+00   3.4011900e+00  -2.1785700e+07
   6.0277300e+00  -3.9613100e+00   6.2390000e+00   3.4011800e+00   5.6873200e+00   3.4012000e+00  -2.1785700e+07
   6.0274900e+00  -3.9611600e+00   6.2386200e+00   3.4012000e+00   5.6871800e+00   3.4011900e+00  -2.1785700e+07
   6.0276800e+00  -3.9612100e+00   6.2387800e+00   3.4012000e+00   5.6872600e+00   3.4012000e+00  -2.1785700e+07
   6.0276600e+00  -3.9611200e+00   6.2387500e+00   3.4011600e+00   5.6872800e+00   3.4011900e+00  -2.1785700e+07
   6.0274700e+00  -3.9611900e+00   6.2387400e+00   3.4011800e+00   5.6872900e+00   3.4012000e+00  -2.1785700e+07
   6.0277500e+00  -3.9613500e+00   6.2388300e+00   3.4012000e+00   5.6874200e+00   3.4012000e+00  -2.1785700e+07
   6.0276700e+00  -3.9614500e+00   6.2387900e+00   3.4011900e+00   5.6873300e+00   3.4011900e+00  -2.1785700e+07
   6.0278100e+00  -3.9614100e+00   6.2389100e+00   3.4011700e+00   5.6871900e+00   3.4012000e+00  -2.1785700e+07
   6.0276500e+00  -3.9612800e+00   6.2386900e+00   3.4011700e+00   5.6873300e+00   3.4011900e+00  -2.1785700e+07
   6.0279800e+00  -3.9615800e+00   6.2390200e+00   3.4011800e+00   5.6871600e+00   3.4012000e+00  -2.1785700e+07
   6.0274800e+00  -3.9616500e+00   6.2387300e+00   3.4011800e+00   5.6872900e+00   3.4012000e+00  -2.1785700e+07
   6.0278200e+00  -3.9616300e+00   6.2390100e+00   3.4011900e+00   5.6873600e+00   3.4012000e+00  -2.1785700e+07
   6.0277200e+00  -3.9613800e+00   6.2390600e+00   3.4012000e+00   5.6874500e+00   3.4011900e+00  -2.1785700e+07
   6.0278100e+00  -3.9616200e+00   6.2388800e+00   3.4011800e+00   5.6873800e+00   3.4011900e+00  -2.1785700e+07
   6.0277800e+00  -3.9618400e+00   6.2386200e+00   3.4012000e+00   5.6873000e+00   3.4012000e+00  -2.1785700e+07
   6.0280000e+00  -3.9622900e+00   6.2386400e+00   3.4011800e+00   5.6873400e+00   3.4011900e+00  -2.1785700e+07
   6.0280000e+00  -3.9620900e+00   6.2389300e+00   3.4011800e+00   5.6873400e+00   3.4012000e+00  -2.1785700e+07
   6.0279200e+00  -3.9623200e+00   6.2388200e+00   3.4011900e+00   5.6873400e+00   3.4012000e+00  -2.1785700e+07
   6.0278500e+00  -3.9615700e+00   6.2385200e+00   3.4012000e+00   5.6871200e+00   3.4011900e+00  -2.1785700e+07
   6.0278300e+00  -3.9618800e+00   6.2388200e+00   3.4011900e+00   5.6873000e+00   3.4012000e+00  -2.1785700e+07
   6.0276900e+00  -3.9616300e+00   6.2386500e+00   3.4011700e+00   5.6873300e+00   3.4011900e+00  -2.1785700e+07
   6.0279500e+00  -3.9615800e+00   6.2388700e+00   3.4012000e+00   5.6871400e+00   3.4012000e+00  -2.1785700e+07
   6.0275700e+00  -3.9616300e+00   6.2386700e+00   3.4011900e+00   5.6872400e+00   3.4012000e+00  -2.1785700e+07
   6.0277200e+00  -3.9614500e+00   6.2387400e+00   3.4011900e+00   5.6872700e+00   3.4011900e+00  -2.1785700e+07
   6.0276500e+00  -3.9613700e+00   6.2385300e+00   3.4011700e+00   5.6873300e+00   3.4011900e+00  -2.1785700e+07
   6.0274500e+00  -3.9611600e+00   6.2388800e+00   3.4012000e+00   5.6873400e+00   3.4012000e+00  -2.1785700e+07
   6.0273100e+00  -3.9607000e+00   6.2389600e+00   3.4011900e+00   5.6873500e+00   3.4012000e+00  -2.1785700e+07
   6.0272200e+00  -3.9604900e+00   6.2389200e+00   3.4011900e+00   5.6873100e+00   3.4012000e+00  -2.1785700e+07
   6.0271600e+00  -3.9603500e+00   6.2386100e+00   3.4011800e+00   5.6873200e+00   3.4012000e+00  -2.1785700e+07
   6.0271400e+00  -3.9604200e+00   6.2387200e+00   3.4012000e+00   5.6873000e+00   3.4012000e+00  -2.1785700e+07
   6.0270600e+00  -3.9604300e+00   6.2384000e+00   3.4011900e+00   5.6872000e+00   3.4011900e+00  -2.1785700e+07
   6.0270200e+00  -3.9601700e+00   6.2385800e+00   3.4011500e+00   5.6872700e+00   3.4012000e+00  -2.1785700e+07
   6.0270200e+00  -3.9601000e+00   6.2388300e+00   3.4011900e+00   5.6874200e+00   3.4011900e+00  -2.1785700e+07
   6.0271100e+00  -3.9601300e+00   6.2389500e+00   3.4011800e+00   5.6873300e+00   3.4011900e+00  -2.1785700e+07
   6.0272400e+00  -3.9602000e+00   6.2389500e+00   3.4011800e+00   5.6871600e+00   3.4012000e+00  -2.1785700e+07
   6.0274600e+00  -3.9605200e+00   6.2389700e+00   3.4011900e+00   5.6873300e+00   3.4011900e+00  -2.1785700e+07
   6.0273400e+00  -3.9606700e+00   6.2388800e+00   3.4012000e+00   5.6872900e+00   3.4012000e+00  -2.1785700e+07
   6.0272600e+00  -3.9608200e+00   6.2387600e+00   3.4011900e+00   5.6873500e+00   3.4012000e+00  -2.1785700e+07
   6.0274000e+00  -3.9607300e+00   6.2390500e+00   3.4011900e+00   5.6873700e+00   3.4012000e+00  -2.1785700e+07
   6.0272500e+00  -3.9609100e+00   6.2384600e+00   3.4011900e+00   5.6872500e+00   3.4012000e+00  -2.1785700e+07
   6.0274400e+00  -3.9611000e+00   6.2387600e+00   3.4011800e+00   5.6873400e+00   3.4012000e+00  -2.1785700e+07
   6.0274600e+00  -3.9611500e+00   6.2384200e+00   3.4011800e+00   5.6872200e+00   3.4012000e+00  -2.1785700e+07
   6.0278900e+00  -3.9614900e+00   6.2392700e+00   3.4011900e+00   5.6872800e+00   3.4011900e+00  -2.1785700e+07
   6.0278300e+00  -3.9615400e+00   6.2387800e+00   3.4011800e+00   5.6872900e+00   3.4012000e+00  -2.1785700e+07
   6.0278200e+00  -3.9617200e+00   6.2388300e+00   3.4011900e+00   5.6873400e+00   3.4011900e+00  -2.1785700e+07
   6.0276200e+00  -3.9615300e+00   6.2386600e+00   3.4012000e+00   5.6874200e+00   3.4012000e+00  -2.1785700e+07
   6.0277200e+00  -3.9614100e+00   6.2390300e+00   3.4011900e+00   5.6872400e+00   3.4012000e+00  -2.1785700e+07
   6.0275400e+00  -3.9615000e+00   6.2385800e+00   3.4011900e+00   5.6874600e+00   3.4012000e+00  -2.1785700e+07
   6.0276500e+00  -3.9614800e+00   6.2388100e+00   3.4011800e+00   5.6872700e+00   3.4011900e+00  -2.1785700e+07
   6.0274900e+00  -3.9612900e+00   6.2387700e+00   3.4011900e+00   5.6873900e+00   3.4012000e+00  -2.1785700e+07
   6.0277500e+00  -3.9614400e+00   6.2387400e+00   3.4011400e+00   5.6873200e+00   3.4011900e+00  -2.1785700e+07
   6.0276700e+00  -3.9615800e+00   6.2386700e+00   3.4011900e+00   5.6872700e+00   3.4012000e+00  -2.1785700e+07
   6.0277600e+00  -3.9614600e+00   6.2388500e+00   3.4011900e+00   5.6872100e+00   3.4012000e+00  -2.1785700e+07
   6.0274800e+00  -3.9613400e+00   6.2387900e+00   3.4011700e+00   5.6874400e+00   3.4012000e+00  -2.1785700e+07
   6.0276700e+00  -3.9616200e+00   6.2386600e+00   3.4011800e+00   5.6873400e+00   3.4011900e+00  -2.1785700e+07
   6.0276400e+00  -3.9612000e+00   6.2387400e+00   3.4011800e+00   5.6873000e+00   3.4011900e+00  -2.1785700e+07
   6.0276800e+00  -3.9614000e+00   6.2390900e+00   3.4011800e+00   5.6873900e+00   3.4012000e+00  -2.1785700e+07
   6.0277900e+00  -3.9614300e+00   6.2388900e+00   3.4011800e+00   5.6873200e+00   3.4011900e+00  -2.1785700e+07
   6.0276200e+00  -3.9615300e+00   6.2386900e+00   3.4011900e+00   5.6873400e+00   3.4012000e+00  -2.1785700e+07
   6.0277100e+00  -3.9615600e+00   6.2389100e+00   3.4011800e+00   5.6874600e+00   3.4012000e+00  -2.1785700e+07
   6.0276500e+00  -3.9613900e+00   6.2385700e+00   3.4011900e+00   5.6872800e+00   3.4011900e+00  -2.1785700e+07
   6.0275600e+00  -3.9612500e+00   6.2388600e+00   3.4012000e+00   5.6873100e+00   3.4011900e+00  -2.1785700e+07
   6.0276400e+00  -3.9613100e+00   6.2389600e+00   3.4011900e+00   5.6872500e+00   3.4011900e+00  -2.1785700e+07
   6.0274100e+00  -3.9610900e+00   6.2386700e+00   3.4012000e+00   5.6873100e+00   3.4011900e+00  -2.1785700e+07
   6.0277300e+00  -3.9611000e+00   6.2388000e+00   3.4012000e+00   5.6871300e+00   3.4011900e+00  -2.1785700e+07
   6.0273900e+00  -3.9611900e+00   6.2387300e+00   3.4011800e+00   5.6873100e+00   3.4012000e+00  -2.1785700e+07
   6.0274300e+00  -3.9610300e+00   6.2386700e+00   3.4011700e+00   5.6874300e+00   3.4012000e+00  -2.1785700e+07
   6.0271600e+00  -3.9607000e+00   6.2384600e+00   3.4011200e+00   5.6873400e+00   3.4012000e+00  -2.1785700e+07
   6.0274300e+00  -3.9607500e+00   6.2386800e+00   3.4011900e+00   5.6872900e+00   3.4012000e+00  -2.1785700e+07
   6.0271200e+00  -3.9604700e+00   6.2387000e+00   3.4011900e+00   5.6872900e+00   3.4012000e+00  -2.1785700e+07
   6.0271000e+00  -3.9601700e+00   6.2387400e+00   3.4011700e+00   5.6873800e+00   3.4011900e+00  -2.1785700e+07
   6.0271400e+00  -3.9601900e+00   6.2388800e+00   3.4011200e+00   5.6873300e+00   3.4011900e+00  -2.1785700e+07
   6.0269300e+00  -3.9600200e+00   6.2389500e+00   3.4011900e+00   5.6873600e+00   3.4012000e+00  -2.1785700e+07
   6.0270700e+00  -3.9600700e+00   6.2389300e+00   3.4011900e+00   5.6874300e+00   3.4012000e+00  -2.1785700e+07
   6.0269000e+00  -3.9599400e+00   6.2385200e+00   3.4011900e+00   5.6872000e+00   3.4012000e+00  -2.1785700e+07
   6.0270300e+00  -3.9600100e+00   6.2390200e+00   3.4011900e+00   5.6873400e+00   3.4012000e+00  -2.1785700e+07
   6.0270200e+00  -3.9600800e+00   6.2388900e+00   3.4011700e+00   5.6873100e+00   3.4011900e+00  -2.1785700e+07
   6.0270800e+00  -3.9601300e+00   6.2389800e+00   3.4011900e+00   5.6874200e+00   3.4012000e+00  -2.1785700e+07
   6.0274200e+00  -3.9602100e+00   6.2389500e+00   3.4011900e+00   5.6871200e+00   3.4012000e+00  -2.1785700e+07
   6.0269100e+00  -3.9599400e+00   6.2388400e+00   3.4011900e+00   5.6873000e+00   3.4011900e+00  -2.1785700e+07
   6.0273400e+00  -3.9606800e+00   6.2386900e+00   3.4011800e+00   5.6872600e+00   3.4012000e+00  -2.1785700e+07
   6.0270800e+00  -3.9605400e+00   6.2384300e+00   3.4011700e+00   5.6871600e+00   3.4012000e+00  -2.1785700e+07
   6.0274400e+00  -3.9604800e+00   6.2390200e+00   3.4011900e+00   5.6872800e+00   3.4011900e+00  -2.1785700e+07
   6.0272700e+00  -3.9606200e+00   6.2389700e+00   3.4011900e+00   5.6874100e+00   3.4012000e+00  -2.1785700e+07
   6.0271400e+00  -3.9605100e+00   6.2386900e+00   3.4011700e+00   5.6873000e+00   3.4012000e+00  -2.1785700e+07
   6.0270400e+00  -3.9606100e+00   6.2384300e+00   3.4011800e+00   5.6872900e+00   3.4012000e+00  -2.1785700e+07
   6.0273200e+00  -3.9608800e+00   6.2388300e+00   3.4011800e+00   5.6873400e+00   3.4012000e+00  -2.1785700e+07
   6.0272700e+00  -3.9609500e+00   6.2387500e+00   3.4011800e+00   5.6873400e+00   3.4011900e+00  -2.1785700e+07
   6.0274900e+00  -3.9607600e+00   6.2389900e+00   3.4012000e+00   5.6873000e+00   3.4012000e+00  -2.1785700e+07
   6.0276700e+00  -3.9609400e+00   6.2390900e+00   3.4011900e+00   5.6872300e+00   3.4012000e+00  -2.1785700e+07
   6.0273800e+00  -3.9608500e+00   6.2386000e+00   3.4011900e+00   5.6873300e+00   3.4011900e+00  -2.1785700e+07
   6.0275400e+00  -3.9608600e+00   6.2387800e+00   3.4011700e+00   5.6871900e+00   3.4012000e+00  -2.1785700e+07
   6.0272200e+00  -3.9605900e+00   6.2386200e+00   3.4011500e+00   5.6872400e+00   3.4012000e+00  -2.1785700e+07
   6.0274100e+00  -3.9608900e+00   6.2386900e+00   3.4011900e+00   5.6872000e+00   3.4011900e+00  -2.1785700e+07
   6.0276100e+00  -3.9611300e+00   6.2389200e+00   3.4011900e+00   5.6872700e+00   3.4012000e+00  -2.1785700e+07
   6.0277300e+00  -3.9610800e+00   6.2389700e+00   3.4011900e+00   5.6874000e+00   3.4011900e+00  -2.1785700e+07
   6.0271700e+00  -3.9607900e+00   6.2387200e+00   3.4011900e+00   5.6873700e+00   3.4012000e+00  -2.1785700e+07
   6.0274100e+00  -3.9609800e+00   6.2387400e+00   3.4011900e+00   5.6873300e+00   3.4012000e+00  -2.1785700e+07
   6.0273400e+00  -3.9606700e+00   6.2389500e+00   3.4011900e+00   5.6873200e+00   3.4011900e+00  -2.1785700e+07
   6.0273400e+00  -3.9608300e+00   6.2386800e+00   3.4012000e+00   5.6872400e+00   3.4011900e+00  -2.1785700e+07
   6.0273500e+00  -3.9608800e+00   6.2386000e+00   3.4011900e+00   5.6873300e+00   3.4012000e+00  -2.1785700e+07
   6.0273800e+00  -3.9611200e+00   6.2387200e+00   3.4011900e+00   5.6872400e+00   3.4011900e+00  -2.1785700e+07
   6.0273600e+00  -3.9609100e+00   6.2389000e+00   3.4011700e+00   5.6873200e+00   3.4011900e+00  -2.1785700e+07
   6.0274300e+00  -3.9610000e+00   6.2386100e+00   3.4012000e+00   5.6873000e+00   3.4012000e+00  -2.1785700e+07
   6.0273200e+00  -3.9608900e+00   6.2388800e+00   3.4011900e+00   5.6873900e+00   3.4012000e+00  -2.1785700e+07
   6.0274700e+00  -3.9610600e+00   6.2387800e+00   3.4012000e+00   5.6873200e+00   3.4011900e+00  -2.1785700e+07
   6.0273800e+00  -3.9608300e+00   6.2385200e+00   3.4012000e+00   5.6872600e+00   3.4012000e+00  -2.1785700e+07
   6.0271600e+00  -3.9606200e+00   6.2388000e+00   3.4011800e+00   5.6873100e+00   3.4011900e+00  -2.1785700e+07
   6.0272800e+00  -3.9608700e+00   6.2385700e+00   3.4011700e+00   5.6872600e+00   3.4012000e+00  -2.1785700e+07
   6.0273200e+00  -3.9610800e+00   6.2386200e+00   3.4011900e+00   5.6873600e+00   3.4012000e+00  -2.1785700e+07
   6.0273600e+00  -3.9610200e+00   6.2386700e+00   3.4011900e+00   5.6872800e+00   3.4011900e+00  -2.1785700e+07
   6.0274000e+00  -3.9607400e+00   6.2389800e+00   3.4011900e+00   5.6873000e+00   3.4012000e+00  -2.1785700e+07
   6.0272100e+00  -3.9607800e+00   6.2386800e+00   3.4011900e+00   5.6873900e+00   3.4012000e+00  -2.1785700e+07
   6.0274400e+00  -3.9608200e+00   6.2388800e+00   3.4012000e+00   5.6873600e+00   3.4012000e+00  -2.1785700e+07
   6.0273800e+00  -3.9607500e+00   6.2386800e+00   3.4011800e+00   5.6871600e+00   3.4012000e+00  -2.1785700e+07
