   5.9993600e+00  -3.8979000e+00   6.2395700e+00   3.4008600e+00   5.6866900e+00   3.4011000e+00  -3.6319200e+05
   5.9997700e+00  -3.8979200e+00   6.2418000e+00   3.4004600e+00   5.6874700e+00   3.4011800e+00  -3.6319200e+05
   5.9991200e+00  -3.8979300e+00   6.2411700e+00   3.3996000e+00   5.6879300e+00   3.4010400e+00  -3.6319400e+05
   6.0010500e+00  -3.8979500e+00   6.2444000e+00   3.4008900e+00   5.6876000e+00   3.4010600e+00  -3.6319600e+05
   5.9993100e+00  -3.8980300e+00   6.2404600e+00   3.4004300e+00   5.6867900e+00   3.4011000e+00  -3.6319200e+05
   5.9993700e+00  -3.8979800e+00   6.2415100e+00   3.3997800e+00   5.6873400e+00   3.4010700e+00  -3.6319300e+05
   5.9980100e+00  -3.8980800e+00   6.2382400e+00   3.4010800e+00   5.6876100e+00   3.4009700e+00  -3.6319400e+05
   5.9997000e+00  -3.8981200e+00   6.2408800e+00   3.4009100e+00   5.6872300e+00   3.4011500e+00  -3.6319000e+05
   5.9995100e+00  -3.8981900e+00   6.2404200e+00   3.3995800e+00   5.6876800e+00   3.4008300e+00  -3.6319500e+05
   5.9984400e+00  -3.8981500e+00   6.2395400e+00   3.3997400e+00   5.6874400e+00   3.4010500e+00  -3.6319300e+05
   5.9976100e+00  -3.8982000e+00   6.2384700e+00   3.4006100e+00   5.6876100e+00   3.4008700e+00  -3.6319500e+05
   5.9997400e+00  -3.8980200e+00   6.2407800e+00   3.3999300e+00   5.6876600e+00   3.4011900e+00  -3.6319200e+05
   5.9988600e+00  -3.8979100e+00   6.2399800e+00   3.4009700e+00   5.6872300e+00   3.4010100e+00  -3.6319200e+05
   6.0002200e+00  -3.8977900e+00   6.2423400e+00   3.4011900e+00   5.6870700e+00   3.4011800e+00  -3.6319200e+05
   5.9997600e+00  -3.8979300e+00   6.2412000e+00   3.4011700e+00   5.6877600e+00   3.4010900e+00  -3.6319200e+05
   6.0000900e+00  -3.8979300e+00   6.2427700e+00   3.4008000e+00   5.6876100e+00   3.4011200e+00  -3.6319300e+05
   6.0000500e+00  -3.8979800e+00   6.2402400e+00   3.4009600e+00   5.6867700e+00   3.4011700e+00  -3.6319100e+05
   6.0010000e+00  -3.8982200e+00   6.2428200e+00   3.4011500e+00   5.6869800e+00   3.4003400e+00  -3.6319900e+05
   5.9988800e+00  -3.8982800e+00   6.2408800e+00   3.3988600e+00   5.6876200e+00   3.4011600e+00  -3.6319300e+05
   5.9992200e+00  -3.8982600e+00   6.2429000e+00   3.4006500e+00   5.6879200e+00   3.4011400e+00  -3.6319300e+05
   5.9995800e+00  -3.8984100e+00   6.2411000e+00   3.4003700e+00   5.6866100e+00   3.4011600e+00  -3.6319100e+05
   5.9973800e+00  -3.8985700e+00   6.2383300e+00   3.4010400e+00   5.6879300e+00   3.4008900e+00  -3.6319400e+05
   5.9995000e+00  -3.8986100e+00   6.2408000e+00   3.4011400e+00   5.6874400e+00   3.4011600e+00  -3.6318800e+05
   5.9993100e+00  -3.8984400e+00   6.2424000e+00   3.4007800e+00   5.6877700e+00   3.4010400e+00  -3.6319200e+05
   5.9983600e+00  -3.8982200e+00   6.2390700e+00   3.4009200e+00   5.6866200e+00   3.4010500e+00  -3.6319300e+05
   5.9985600e+00  -3.8984300e+00   6.2409200e+00   3.3996100e+00   5.6882800e+00   3.4011000e+00  -3.6319300e+05
   5.9998700e+00  -3.8985300e+00   6.2419600e+00   3.3980900e+00   5.6878300e+00   3.4011700e+00  -3.6319400e+05
   6.0003600e+00  -3.8985500e+00   6.2411400e+00   3.3997800e+00   5.6878000e+00   3.4011700e+00  -3.6319200e+05
   5.9986600e+00  -3.8984400e+00   6.2402100e+00   3.4011500e+00   5.6871700e+00   3.4011800e+00  -3.6318900e+05
   6.0006500e+00  -3.8984000e+00   6.2414700e+00   3.4010100e+00   5.6879200e+00   3.4011700e+00  -3.6319200e+05
   6.0000100e+00  -3.8982700e+00   6.2395000e+00   3.4010300e+00   5.6875700e+00   3.4010000e+00  -3.6319400e+05
   5.9992000e+00  -3.8982800e+00   6.2398000e+00   3.4000400e+00   5.6877900e+00   3.4010500e+00  -3.6319300e+05
   5.9999800e+00  -3.8982100e+00   6.2414700e+00   3.3985800e+00   5.6867600e+00   3.4009000e+00  -3.6319700e+05
   5.9997500e+00  -3.8981400e+00   6.2398100e+00   3.4009400e+00   5.6869100e+00   3.4011600e+00  -3.6319100e+05
   5.9992900e+00  -3.8982400e+00   6.2390300e+00   3.4009400e+00   5.6871800e+00   3.4009100e+00  -3.6319300e+05
   5.9985300e+00  -3.8981500e+00   6.2400500e+00   3.4008900e+00   5.6866900e+00   3.4011500e+00  -3.6319200e+05
   5.9980100e+00  -3.8983900e+00   6.2410300e+00   3.3994500e+00   5.6877900e+00   3.4011400e+00  -3.6319400e+05
   5.9995500e+00  -3.8984100e+00   6.2415700e+00   3.4009700e+00   5.6872100e+00   3.4009900e+00  -3.6319100e+05
   5.9996400e+00  -3.8983000e+00   6.2418700e+00   3.4002300e+00   5.6874600e+00   3.4010800e+00  -3.6319200e+05
   5.9989800e+00  -3.8983200e+00   6.2418500e+00   3.4003900e+00   5.6875900e+00   3.4011600e+00  -3.6319200e+05
   5.9998100e+00  -3.8984100e+00   6.2409100e+00   3.4011000e+00   5.6870400e+00   3.4011800e+00  -3.6318900e+05
   6.0000700e+00  -3.8982300e+00   6.2411800e+00   3.4008100e+00   5.6872800e+00   3.4011400e+00  -3.6319000e+05
   5.9989000e+00  -3.8981600e+00   6.2400800e+00   3.4011200e+00   5.6876700e+00   3.4011400e+00  -3.6319000e+05
   5.9995400e+00  -3.8982400e+00   6.2399000e+00   3.4005000e+00   5.6865800e+00   3.4010400e+00  -3.6319200e+05
   6.0005800e+00  -3.8980900e+00   6.2431100e+00   3.4011700e+00   5.6868600e+00   3.4011400e+00  -3.6319300e+05
   6.0003000e+00  -3.8981700e+00   6.2431800e+00   3.4004800e+00   5.6870700e+00   3.4011500e+00  -3.6319300e+05
   6.0007400e+00  -3.8980800e+00   6.2398100e+00   3.4004500e+00   5.6866900e+00   3.4006800e+00  -3.6319900e+05
   5.9983300e+00  -3.8981500e+00   6.2420500e+00   3.4003700e+00   5.6888600e+00   3.4009700e+00  -3.6319700e+05
   6.0002700e+00  -3.8983300e+00   6.2399100e+00   3.4007100e+00   5.6868300e+00   3.4011400e+00  -3.6319100e+05
   5.9984200e+00  -3.8981300e+00   6.2397600e+00   3.4006800e+00   5.6875500e+00   3.4009800e+00  -3.6319200e+05
   5.9992600e+00  -3.8982800e+00   6.2393600e+00   3.3992600e+00   5.6876700e+00   3.4008900e+00  -3.6319600e+05
   5.9994500e+00  -3.8981400e+00   6.2396500e+00   3.4004000e+00   5.6869000e+00   3.4010800e+00  -3.6319200e+05
   5.9993500e+00  -3.8982600e+00   6.2414000e+00   3.4011400e+00   5.6887100e+00   3.4011300e+00  -3.6319300e+05
   6.0001200e+00  -3.8981000e+00   6.2429200e+00   3.4006800e+00   5.6874800e+00   3.4011500e+00  -3.6319200e+05
   6.0006000e+00  -3.8980600e+00   6.2404300e+00   3.4005100e+00   5.6870900e+00   3.4011700e+00  -3.6319300e+05
   5.9989000e+00  -3.8979400e+00   6.2401700e+00   3.4009400e+00   5.6875800e+00   3.4010200e+00  -3.6319200e+05
   5.9970200e+00  -3.8978400e+00   6.2396800e+00   3.3993600e+00   5.6879800e+00   3.4011100e+00  -3.6319700e+05
   5.9988500e+00  -3.8979400e+00   6.2399800e+00   3.4002500e+00   5.6871800e+00   3.4010300e+00  -3.6319300e+05
   5.9989700e+00  -3.8979200e+00   6.2409400e+00   3.3986900e+00   5.6875400e+00   3.4011800e+00  -3.6319400e+05
   6.0000400e+00  -3.8978100e+00   6.2425800e+00   3.4002800e+00   5.6875100e+00   3.4008000e+00  -3.6319600e+05
   5.9996700e+00  -3.8978400e+00   6.2394100e+00   3.4011100e+00   5.6868000e+00   3.4010100e+00  -3.6319300e+05
   5.9989400e+00  -3.8978600e+00   6.2396200e+00   3.4004700e+00   5.6875600e+00   3.4011500e+00  -3.6319200e+05
   5.9988500e+00  -3.8978500e+00   6.2391500e+00   3.3999900e+00   5.6875300e+00   3.4011300e+00  -3.6319400e+05
   5.9992600e+00  -3.8978200e+00   6.2416600e+00   3.3984200e+00   5.6870600e+00   3.4010800e+00  -3.6319600e+05
   5.9984800e+00  -3.8979800e+00   6.2402900e+00   3.4001100e+00   5.6881600e+00   3.4011100e+00  -3.6319300e+05
   6.0001200e+00  -3.8979400e+00   6.2432800e+00   3.4001400e+00   5.6874100e+00   3.4011100e+00  -3.6319500e+05
   5.9998200e+00  -3.8979500e+00   6.2412000e+00   3.3992000e+00   5.6874400e+00   3.4008400e+00  -3.6319600e+05
   5.9984300e+00  -3.8980700e+00   6.2408200e+00   3.3993000e+00   5.6875100e+00   3.4011800e+00  -3.6319300e+05
   5.9984500e+00  -3.8981400e+00   6.2411500e+00   3.4011200e+00   5.6873300e+00   3.4011300e+00  -3.6319200e+05
   5.9971200e+00  -3.8981400e+00   6.2384400e+00   3.4009600e+00   5.6874900e+00   3.4011200e+00  -3.6319400e+05
   6.0002900e+00  -3.8980800e+00   6.2400100e+00   3.4000200e+00   5.6871200e+00   3.4011600e+00  -3.6319400e+05
   6.0010700e+00  -3.8981300e+00   6.2448300e+00   3.4006500e+00   5.6883300e+00   3.4012000e+00  -3.6319700e+05
   6.0002300e+00  -3.8981600e+00   6.2436900e+00   3.4008200e+00   5.6886600e+00   3.4010800e+00  -3.6319600e+05
   5.9987500e+00  -3.8981000e+00   6.2414300e+00   3.3993900e+00   5.6881800e+00   3.4011700e+00  -3.6319400e+05
   5.9994400e+00  -3.8980400e+00   6.2424300e+00   3.4004200e+00   5.6870800e+00   3.4011600e+00  -3.6319300e+05
   5.9982800e+00  -3.8980700e+00   6.2401000e+00   3.4010200e+00   5.6875400e+00   3.4010900e+00  -3.6319100e+05
   6.0001100e+00  -3.8979500e+00   6.2422800e+00   3.4011400e+00   5.6871500e+00   3.4011000e+00  -3.6319200e+05
   5.9984800e+00  -3.8979900e+00   6.2395200e+00   3.4006300e+00   5.6864600e+00   3.4011500e+00  -3.6319300e+05
   5.9993500e+00  -3.8979100e+00   6.2407600e+00   3.4007700e+00   5.6883400e+00   3.4011500e+00  -3.6319300e+05
   5.9982600e+00  -3.8978700e+00   6.2389000e+00   3.4004000e+00   5.6874500e+00   3.4011400e+00  -3.6319300e+05
   5.9998700e+00  -3.8979000e+00   6.2411700e+00   3.4010800e+00   5.6875900e+00   3.4011400e+00  -3.6319100e+05
   5.9994600e+00  -3.8982400e+00   6.2405100e+00   3.4009000e+00   5.6874000e+00   3.4012000e+00  -3.6318900e+05
   5.9978900e+00  -3.8984300e+00   6.2386300e+00   3.4009800e+00   5.6875100e+00   3.4011600e+00  -3.6319100e+05
   5.9988600e+00  -3.8985600e+00   6.2403700e+00   3.4007300e+00   5.6876800e+00   3.4011700e+00  -3.6318900e+05
   5.9991200e+00  -3.8985100e+00   6.2410200e+00   3.4011800e+00   5.6867300e+00   3.4011400e+00  -3.6319100e+05
   5.9987400e+00  -3.8986600e+00   6.2401100e+00   3.4009200e+00   5.6882200e+00   3.4008400e+00  -3.6319300e+05
   5.9985500e+00  -3.8986300e+00   6.2401000e+00   3.4010000e+00   5.6873200e+00   3.4010800e+00  -3.6319000e+05
   5.9983700e+00  -3.8987200e+00   6.2391300e+00   3.3996000e+00   5.6884800e+00   3.4011200e+00  -3.6319400e+05
   6.0014900e+00  -3.8987400e+00   6.2423900e+00   3.3995100e+00   5.6873400e+00   3.4008400e+00  -3.6319600e+05
   6.0000900e+00  -3.8986300e+00   6.2418500e+00   3.4006000e+00   5.6872800e+00   3.4011400e+00  -3.6319000e+05
   6.0008100e+00  -3.8988600e+00   6.2414400e+00   3.4006100e+00   5.6871600e+00   3.4010500e+00  -3.6319000e+05
   5.9991900e+00  -3.8990300e+00   6.2393100e+00   3.4010000e+00   5.6870100e+00   3.4011500e+00  -3.6318800e+05
   5.9991700e+00  -3.8988300e+00   6.2401400e+00   3.4006100e+00   5.6877800e+00   3.4011900e+00  -3.6318800e+05
   5.9996500e+00  -3.8990100e+00   6.2394100e+00   3.4007500e+00   5.6866000e+00   3.4011500e+00  -3.6318900e+05
   5.9997200e+00  -3.8988100e+00   6.2398900e+00   3.4007400e+00   5.6871800e+00   3.4010700e+00  -3.6318900e+05
   5.9995000e+00  -3.8987200e+00   6.2420600e+00   3.4007400e+00   5.6878700e+00   3.4011300e+00  -3.6319000e+05
   5.9997400e+00  -3.8989800e+00   6.2430800e+00   3.4010300e+00   5.6886500e+00   3.4011000e+00  -3.6319200e+05
   5.9989500e+00  -3.8991400e+00   6.2415400e+00   3.4008800e+00   5.6875000e+00   3.4011900e+00  -3.6318900e+05
   5.9986700e+00  -3.8991800e+00   6.2409400e+00   3.4007000e+00   5.6875900e+00   3.4011000e+00  -3.6318900e+05
   5.9995300e+00  -3.8992300e+00   6.2407600e+00   3.4001900e+00   5.6876800e+00   3.4009300e+00  -3.6319000e+05
   6.0003400e+00  -3.8992100e+00   6.2414900e+00   3.4011300e+00   5.6879900e+00   3.4011000e+00  -3.6318800e+05
   5.9987300e+00  -3.8989900e+00   6.2390200e+00   3.4002200e+00   5.6873300e+00   3.4009100e+00  -3.6319200e+05
   6.0001300e+00  -3.8988400e+00   6.2403800e+00   3.4010000e+00   5.6873500e+00   3.4011200e+00  -3.6318900e+05
   5.9999400e+00  -3.8990300e+00   6.2393800e+00   3.4011700e+00   5.6866200e+00   3.4010800e+00  -3.6318900e+05
   5.9996500e+00  -3.8988900e+00   6.2420200e+00   3.4011600e+00   5.6881600e+00   3.4011400e+00  -3.6318900e+05
   5.9995200e+00  -3.8988100e+00   6.2407500e+00   3.3998400e+00   5.6877600e+00   3.4010800e+00  -3.6319100e+05
   5.9989400e+00  -3.8990900e+00   6.2386500e+00   3.4000400e+00   5.6876800e+00   3.4011800e+00  -3.6319000e+05
   6.0005200e+00  -3.8989300e+00   6.2410800e+00   3.4005800e+00   5.6874100e+00   3.4010900e+00  -3.6318900e+05
   5.9994700e+00  -3.8990600e+00   6.2385000e+00   3.4000100e+00   5.6876700e+00   3.4008300e+00  -3.6319500e+05
   5.9989800e+00  -3.8991700e+00   6.2386600e+00   3.4009300e+00   5.6873400e+00   3.4011900e+00  -3.6318800e+05
   5.9999500e+00  -3.8989300e+00   6.2411800e+00   3.3989200e+00   5.6872400e+00   3.4010400e+00  -3.6319200e+05
   5.9994000e+00  -3.8992300e+00   6.2412200e+00   3.3982700e+00   5.6880700e+00   3.4009200e+00  -3.6319400e+05
   6.0001900e+00  -3.8991900e+00   6.2412700e+00   3.3977300e+00   5.6871200e+00   3.4011300e+00  -3.6319200e+05
   6.0007100e+00  -3.8990500e+00   6.2420200e+00   3.4006900e+00   5.6861900e+00   3.4011100e+00  -3.6319200e+05
   6.0007300e+00  -3.8993800e+00   6.2425700e+00   3.4002800e+00   5.6870700e+00   3.4011400e+00  -3.6318900e+05
   6.0004700e+00  -3.8991300e+00   6.2396300e+00   3.4010900e+00   5.6863200e+00   3.4010900e+00  -3.6318900e+05
   6.0008500e+00  -3.8992200e+00   6.2417700e+00   3.4010300e+00   5.6879100e+00   3.4010300e+00  -3.6319000e+05
   5.9987800e+00  -3.8992800e+00   6.2403900e+00   3.4008900e+00   5.6875600e+00   3.4008600e+00  -3.6319000e+05
   6.0004300e+00  -3.8991800e+00   6.2408800e+00   3.4009900e+00   5.6863200e+00   3.4009900e+00  -3.6319000e+05
   5.9993700e+00  -3.8991400e+00   6.2414600e+00   3.4002400e+00   5.6879500e+00   3.4011200e+00  -3.6318900e+05
   5.9988500e+00  -3.8991300e+00   6.2407200e+00   3.4003700e+00   5.6874900e+00   3.4011200e+00  -3.6318900e+05
   5.9985200e+00  -3.8990500e+00   6.2381400e+00   3.4010300e+00   5.6872800e+00   3.4011700e+00  -3.6318900e+05
   6.0000300e+00  -3.8991300e+00   6.2427900e+00   3.4009600e+00   5.6879700e+00   3.4011400e+00  -3.6318900e+05
   5.9991200e+00  -3.8992800e+00   6.2398400e+00   3.4005800e+00   5.6866600e+00   3.4011200e+00  -3.6318900e+05
   5.9984800e+00  -3.8993500e+00   6.2394000e+00   3.4009100e+00   5.6873100e+00   3.4009200e+00  -3.6319000e+05
   6.0004300e+00  -3.8992000e+00   6.2416100e+00   3.4008300e+00   5.6871400e+00   3.4008200e+00  -3.6319000e+05
   6.0009100e+00  -3.8993100e+00   6.2400100e+00   3.4007300e+00   5.6863200e+00   3.4010000e+00  -3.6319100e+05
   5.9999600e+00  -3.8993100e+00   6.2390800e+00   3.4003400e+00   5.6869700e+00   3.4011400e+00  -3.6318900e+05
   5.9996600e+00  -3.8990000e+00   6.2400700e+00   3.4005600e+00   5.6872200e+00   3.4010600e+00  -3.6318900e+05
   5.9997600e+00  -3.8988800e+00   6.2418800e+00   3.4008000e+00   5.6870600e+00   3.4010100e+00  -3.6319100e+05
   5.9994100e+00  -3.8987500e+00   6.2397700e+00   3.4003200e+00   5.6873600e+00   3.4011500e+00  -3.6318900e+05
   5.9995900e+00  -3.8990200e+00   6.2407900e+00   3.4008600e+00   5.6867600e+00   3.4011600e+00  -3.6318800e+05
   6.0016700e+00  -3.8989600e+00   6.2404900e+00   3.4010800e+00   5.6868800e+00   3.4011900e+00  -3.6319200e+05
   5.9996900e+00  -3.8987600e+00   6.2426200e+00   3.4001400e+00   5.6872300e+00   3.4009700e+00  -3.6319400e+05
   5.9998800e+00  -3.8986400e+00   6.2399600e+00   3.4010300e+00   5.6873500e+00   3.4010000e+00  -3.6319000e+05
   5.9990500e+00  -3.8987900e+00   6.2404300e+00   3.4008600e+00   5.6872400e+00   3.4011100e+00  -3.6318900e+05
   6.0009400e+00  -3.8989100e+00   6.2425500e+00   3.4010400e+00   5.6872100e+00   3.4010300e+00  -3.6319000e+05
   6.0003500e+00  -3.8989100e+00   6.2407200e+00   3.4003900e+00   5.6870900e+00   3.4010400e+00  -3.6319000e+05
   5.9995100e+00  -3.8986400e+00   6.2401400e+00   3.4007100e+00   5.6878200e+00   3.4011900e+00  -3.6318900e+05
   5.9998300e+00  -3.8985600e+00   6.2418000e+00   3.4000300e+00   5.6875100e+00   3.4011600e+00  -3.6319000e+05
   5.9995800e+00  -3.8984600e+00   6.2405800e+00   3.4009700e+00   5.6868400e+00   3.4011800e+00  -3.6318900e+05
   5.9996900e+00  -3.8983000e+00   6.2414800e+00   3.4010900e+00   5.6872000e+00   3.4011900e+00  -3.6318900e+05
   5.9992300e+00  -3.8981300e+00   6.2390100e+00   3.4011400e+00   5.6865900e+00   3.4011500e+00  -3.6319100e+05
   5.9992600e+00  -3.8981100e+00   6.2404200e+00   3.4011400e+00   5.6878500e+00   3.4009900e+00  -3.6319200e+05
   6.0009800e+00  -3.8979700e+00   6.2411000e+00   3.4003700e+00   5.6873600e+00   3.4011800e+00  -3.6319500e+05
   5.9989500e+00  -3.8980200e+00   6.2405200e+00   3.3994900e+00   5.6880000e+00   3.4011000e+00  -3.6319400e+05
   5.9993400e+00  -3.8979800e+00   6.2410300e+00   3.4006300e+00   5.6879900e+00   3.4011500e+00  -3.6319200e+05
   5.9979400e+00  -3.8979200e+00   6.2401200e+00   3.4009800e+00   5.6874000e+00   3.4011500e+00  -3.6319200e+05
   5.9987300e+00  -3.8980400e+00   6.2402200e+00   3.3996400e+00   5.6881100e+00   3.4011100e+00  -3.6319400e+05
   5.9993200e+00  -3.8978700e+00   6.2421300e+00   3.4005300e+00   5.6871000e+00   3.4010000e+00  -3.6319400e+05
   5.9998100e+00  -3.8975700e+00   6.2398200e+00   3.4009900e+00   5.6863500e+00   3.4011500e+00  -3.6319300e+05
   5.9988000e+00  -3.8972600e+00   6.2401600e+00   3.4010700e+00   5.6874300e+00   3.4010500e+00  -3.6319300e+05
   5.9974500e+00  -3.8973200e+00   6.2412600e+00   3.3995300e+00   5.6883100e+00   3.4011300e+00  -3.6319800e+05
   6.0000500e+00  -3.8972300e+00   6.2417000e+00   3.4000700e+00   5.6873100e+00   3.4009300e+00  -3.6319700e+05
   5.9982700e+00  -3.8972300e+00   6.2405200e+00   3.4008200e+00   5.6872900e+00   3.4010800e+00  -3.6319400e+05
   5.9992300e+00  -3.8972600e+00   6.2408200e+00   3.4007600e+00   5.6864300e+00   3.4009500e+00  -3.6319600e+05
   5.9994800e+00  -3.8973800e+00   6.2416500e+00   3.4009600e+00   5.6870300e+00   3.4010600e+00  -3.6319400e+05
   5.9981400e+00  -3.8972800e+00   6.2404600e+00   3.3999100e+00   5.6872800e+00   3.4009100e+00  -3.6319700e+05
   5.9986600e+00  -3.8973600e+00   6.2407400e+00   3.4011900e+00   5.6871000e+00   3.4010300e+00  -3.6319300e+05
   5.9981300e+00  -3.8975700e+00   6.2391700e+00   3.4002500e+00   5.6875100e+00   3.4010400e+00  -3.6319500e+05
   5.9996200e+00  -3.8975000e+00   6.2400600e+00   3.4011200e+00   5.6867900e+00   3.4011500e+00  -3.6319200e+05
   5.9988300e+00  -3.8974500e+00   6.2395300e+00   3.4010600e+00   5.6873100e+00   3.4011100e+00  -3.6319300e+05
   5.9991000e+00  -3.8976700e+00   6.2422800e+00   3.4009400e+00   5.6872800e+00   3.4011900e+00  -3.6319300e+05
   5.9996800e+00  -3.8976100e+00   6.2417000e+00   3.4008400e+00   5.6869700e+00   3.4011500e+00  -3.6319200e+05
   5.9987900e+00  -3.8976900e+00   6.2398300e+00   3.4004700e+00   5.6871000e+00   3.4011900e+00  -3.6319200e+05
   5.9987100e+00  -3.8979000e+00   6.2414000e+00   3.4005000e+00   5.6873800e+00   3.4011000e+00  -3.6319300e+05
   5.9988000e+00  -3.8979100e+00   6.2406300e+00   3.4008200e+00   5.6878900e+00   3.4010500e+00  -3.6319200e+05
   6.0005200e+00  -3.8977600e+00   6.2394400e+00   3.3987200e+00   5.6864300e+00   3.4011400e+00  -3.6319900e+05
   5.9980400e+00  -3.8976100e+00   6.2393700e+00   3.4008300e+00   5.6871200e+00   3.4010900e+00  -3.6319300e+05
   6.0000600e+00  -3.8977700e+00   6.2407600e+00   3.4006100e+00   5.6862500e+00   3.4011700e+00  -3.6319400e+05
   6.0008000e+00  -3.8977800e+00   6.2418400e+00   3.4010900e+00   5.6868900e+00   3.4006900e+00  -3.6319700e+05
   5.9988200e+00  -3.8976100e+00   6.2403300e+00   3.3994600e+00   5.6874900e+00   3.4010100e+00  -3.6319500e+05
   5.9981000e+00  -3.8975300e+00   6.2411400e+00   3.4011600e+00   5.6879800e+00   3.4010800e+00  -3.6319400e+05
   5.9990100e+00  -3.8976500e+00   6.2408400e+00   3.4005300e+00   5.6869000e+00   3.4008800e+00  -3.6319500e+05
   6.0000600e+00  -3.8975600e+00   6.2399200e+00   3.4011700e+00   5.6870000e+00   3.4011400e+00  -3.6319300e+05
   5.9989700e+00  -3.8976200e+00   6.2411800e+00   3.4007500e+00   5.6878800e+00   3.4008500e+00  -3.6319500e+05
   6.0012500e+00  -3.8976000e+00   6.2409600e+00   3.4007700e+00   5.6865300e+00   3.4011300e+00  -3.6319700e+05
   5.9996400e+00  -3.8976400e+00   6.2421200e+00   3.3989100e+00   5.6868900e+00   3.4007800e+00  -3.6320000e+05
   5.9987900e+00  -3.8976000e+00   6.2410300e+00   3.4010500e+00   5.6876000e+00   3.4010900e+00  -3.6319200e+05
   6.0009600e+00  -3.8978000e+00   6.2407300e+00   3.4001500e+00   5.6875700e+00   3.4011100e+00  -3.6319800e+05
   5.9979400e+00  -3.8979100e+00   6.2415700e+00   3.4009900e+00   5.6878300e+00   3.4009600e+00  -3.6319600e+05
   5.9999200e+00  -3.8978400e+00   6.2392200e+00   3.4002900e+00   5.6867600e+00   3.4012000e+00  -3.6319400e+05
   5.9999000e+00  -3.8977800e+00   6.2400600e+00   3.4001400e+00   5.6876200e+00   3.4010800e+00  -3.6319500e+05
   5.9997900e+00  -3.8977900e+00   6.2422100e+00   3.4006900e+00   5.6872400e+00   3.4009800e+00  -3.6319400e+05
   5.9987100e+00  -3.8974500e+00   6.2397700e+00   3.3995300e+00   5.6869800e+00   3.4011900e+00  -3.6319400e+05
   5.9991100e+00  -3.8976400e+00   6.2402800e+00   3.4005500e+00   5.6873000e+00   3.4011500e+00  -3.6319200e+05
   5.9986300e+00  -3.8977200e+00   6.2408300e+00   3.4007200e+00   5.6881500e+00   3.4010100e+00  -3.6319400e+05
   5.9991000e+00  -3.8978800e+00   6.2417600e+00   3.4008900e+00   5.6869400e+00   3.4011700e+00  -3.6319300e+05
   6.0002800e+00  -3.8979300e+00   6.2423800e+00   3.4009200e+00   5.6881400e+00   3.4008700e+00  -3.6319600e+05
   5.9996700e+00  -3.8978200e+00   6.2430000e+00   3.4008700e+00   5.6873900e+00   3.4011800e+00  -3.6319300e+05
   6.0000300e+00  -3.8981200e+00   6.2422100e+00   3.4006000e+00   5.6874500e+00   3.4011300e+00  -3.6319200e+05
   5.9997700e+00  -3.8980900e+00   6.2396500e+00   3.4010500e+00   5.6871500e+00   3.4010800e+00  -3.6319200e+05
   5.9982500e+00  -3.8982200e+00   6.2398100e+00   3.4005300e+00   5.6878900e+00   3.4011300e+00  -3.6319200e+05
   5.9991000e+00  -3.8982200e+00   6.2401300e+00   3.4011300e+00   5.6875900e+00   3.4011000e+00  -3.6319000e+05
   5.9989700e+00  -3.8981200e+00   6.2388800e+00   3.4008800e+00   5.6874800e+00   3.4008000e+00  -3.6319500e+05
   6.0002500e+00  -3.8982100e+00   6.2416400e+00   3.4009100e+00   5.6860600e+00   3.4011500e+00  -3.6319400e+05
   6.0001100e+00  -3.8980100e+00   6.2414900e+00   3.4010300e+00   5.6878700e+00   3.4011600e+00  -3.6319200e+05
   6.0001400e+00  -3.8978800e+00   6.2418200e+00   3.4002200e+00   5.6867800e+00   3.4010000e+00  -3.6319400e+05
   6.0001100e+00  -3.8978800e+00   6.2437500e+00   3.4006600e+00   5.6874400e+00   3.4011200e+00  -3.6319500e+05
   5.9988600e+00  -3.8978800e+00   6.2401400e+00   3.4007300e+00   5.6874900e+00   3.4011500e+00  -3.6319100e+05
   5.9985100e+00  -3.8977800e+00   6.2389600e+00   3.4009800e+00   5.6871300e+00   3.4010800e+00  -3.6319200e+05
   5.9993500e+00  -3.8981000e+00   6.2411600e+00   3.4006400e+00   5.6873000e+00   3.4011700e+00  -3.6319000e+05
   5.9993200e+00  -3.8980500e+00   6.2390800e+00   3.4007900e+00   5.6869400e+00   3.4009400e+00  -3.6319300e+05
   5.9993500e+00  -3.8977800e+00   6.2413800e+00   3.4009700e+00   5.6874100e+00   3.4011100e+00  -3.6319100e+05
   5.9998300e+00  -3.8977200e+00   6.2416000e+00   3.4008900e+00   5.6881000e+00   3.4011600e+00  -3.6319300e+05
   5.9981800e+00  -3.8975600e+00   6.2383800e+00   3.4004900e+00   5.6871400e+00   3.4011600e+00  -3.6319400e+05
   5.9992500e+00  -3.8976300e+00   6.2397700e+00   3.4010800e+00   5.6881100e+00   3.4011900e+00  -3.6319400e+05
   5.9993200e+00  -3.8975700e+00   6.2414700e+00   3.4009300e+00   5.6868100e+00   3.4011800e+00  -3.6319300e+05
   5.9989500e+00  -3.8973700e+00   6.2432200e+00   3.4003600e+00   5.6878800e+00   3.4010800e+00  -3.6319700e+05
   5.9995500e+00  -3.8975000e+00   6.2380200e+00   3.4006800e+00   5.6861400e+00   3.4011700e+00  -3.6319700e+05
   5.9981800e+00  -3.8974300e+00   6.2400900e+00   3.4006200e+00   5.6870000e+00   3.4011600e+00  -3.6319400e+05
   5.9983800e+00  -3.8973500e+00   6.2401700e+00   3.4010700e+00   5.6867600e+00   3.4010600e+00  -3.6319400e+05
   5.9988800e+00  -3.8972900e+00   6.2424800e+00   3.4011800e+00   5.6871800e+00   3.4011000e+00  -3.6319500e+05
   5.9992700e+00  -3.8973200e+00   6.2391300e+00   3.4002100e+00   5.6872900e+00   3.4009800e+00  -3.6319700e+05
   5.9999300e+00  -3.8973200e+00   6.2416500e+00   3.4011000e+00   5.6867200e+00   3.4011200e+00  -3.6319400e+05
   6.0000300e+00  -3.8972900e+00   6.2427600e+00   3.4009300e+00   5.6881800e+00   3.4009200e+00  -3.6319800e+05
   6.0007500e+00  -3.8970300e+00   6.2421600e+00   3.4010400e+00   5.6866900e+00   3.4009800e+00  -3.6319800e+05
   5.9982700e+00  -3.8969600e+00   6.2375400e+00   3.3992900e+00   5.6863400e+00   3.4011000e+00  -3.6320000e+05
   5.9995700e+00  -3.8969200e+00   6.2406200e+00   3.4011500e+00   5.6871100e+00   3.4010800e+00  -3.6319500e+05
   5.9984700e+00  -3.8968800e+00   6.2413600e+00   3.4011000e+00   5.6872900e+00   3.4011400e+00  -3.6319400e+05
   5.9982400e+00  -3.8966400e+00   6.2399200e+00   3.4004200e+00   5.6869500e+00   3.4011200e+00  -3.6319600e+05
   5.9973800e+00  -3.8967400e+00   6.2378500e+00   3.4011900e+00   5.6872500e+00   3.4010000e+00  -3.6319800e+05
   5.9980400e+00  -3.8968600e+00   6.2406900e+00   3.4007500e+00   5.6874200e+00   3.4011000e+00  -3.6319500e+05
   5.9974800e+00  -3.8970400e+00   6.2400200e+00   3.4008000e+00   5.6877900e+00   3.4010100e+00  -3.6319600e+05
   5.9999000e+00  -3.8968900e+00   6.2405000e+00   3.4010100e+00   5.6886800e+00   3.4011100e+00  -3.6320400e+05
   5.9980100e+00  -3.8968100e+00   6.2396800e+00   3.4008100e+00   5.6870800e+00   3.4010400e+00  -3.6319600e+05
   5.9989400e+00  -3.8968500e+00   6.2384900e+00   3.4008900e+00   5.6871500e+00   3.4011100e+00  -3.6319700e+05
   5.9985000e+00  -3.8968400e+00   6.2408200e+00   3.4010400e+00   5.6874100e+00   3.4011000e+00  -3.6319400e+05
   5.9982200e+00  -3.8965900e+00   6.2408300e+00   3.4010900e+00   5.6873400e+00   3.4009700e+00  -3.6319600e+05
   5.9991700e+00  -3.8966800e+00   6.2412300e+00   3.4011300e+00   5.6876500e+00   3.4010200e+00  -3.6319600e+05
   5.9999900e+00  -3.8967200e+00   6.2426000e+00   3.3998700e+00   5.6882400e+00   3.4010800e+00  -3.6320000e+05
   5.9984800e+00  -3.8966200e+00   6.2413300e+00   3.4007300e+00   5.6872200e+00   3.4011700e+00  -3.6319500e+05
   5.9996100e+00  -3.8969100e+00   6.2428400e+00   3.4011000e+00   5.6874200e+00   3.4011000e+00  -3.6319600e+05
   5.9988700e+00  -3.8970000e+00   6.2408200e+00   3.4011200e+00   5.6872900e+00   3.4010900e+00  -3.6319400e+05
   5.9987700e+00  -3.8971000e+00   6.2406700e+00   3.4008800e+00   5.6877800e+00   3.4011900e+00  -3.6319300e+05
   5.9997900e+00  -3.8970700e+00   6.2405100e+00   3.4002400e+00   5.6866100e+00   3.4011500e+00  -3.6319600e+05
   5.9979000e+00  -3.8971200e+00   6.2395500e+00   3.4011000e+00   5.6878900e+00   3.4010200e+00  -3.6319500e+05
   6.0002400e+00  -3.8970600e+00   6.2424900e+00   3.3994700e+00   5.6866700e+00   3.4011900e+00  -3.6319700e+05
   5.9985700e+00  -3.8972700e+00   6.2402400e+00   3.4006800e+00   5.6872600e+00   3.4011000e+00  -3.6319400e+05
   5.9999500e+00  -3.8972300e+00   6.2409300e+00   3.4002000e+00   5.6875900e+00   3.4010400e+00  -3.6319700e+05
   5.9980200e+00  -3.8971800e+00   6.2396300e+00   3.4003700e+00   5.6869800e+00   3.4009400e+00  -3.6319700e+05
   6.0000500e+00  -3.8971400e+00   6.2416700e+00   3.4008500e+00   5.6868000e+00   3.4010600e+00  -3.6319500e+05
   6.0008400e+00  -3.8972100e+00   6.2425800e+00   3.3988300e+00   5.6857400e+00   3.4010600e+00  -3.6320400e+05
   5.9979600e+00  -3.8971200e+00   6.2372200e+00   3.4007000e+00   5.6865900e+00   3.4003400e+00  -3.6320500e+05
   5.9978000e+00  -3.8973700e+00   6.2398600e+00   3.4011300e+00   5.6874100e+00   3.4011000e+00  -3.6319300e+05
   5.9987700e+00  -3.8973000e+00   6.2419400e+00   3.4009200e+00   5.6878200e+00   3.4011400e+00  -3.6319400e+05
   5.9986500e+00  -3.8972200e+00   6.2389400e+00   3.4004900e+00   5.6873600e+00   3.4010400e+00  -3.6319600e+05
   5.9994900e+00  -3.8974700e+00   6.2411400e+00   3.4008400e+00   5.6861600e+00   3.4011300e+00  -3.6319600e+05
   5.9990500e+00  -3.8977100e+00   6.2398900e+00   3.4005200e+00   5.6880500e+00   3.4011800e+00  -3.6319400e+05
   5.9995300e+00  -3.8978500e+00   6.2390900e+00   3.3986500e+00   5.6859200e+00   3.4011300e+00  -3.6319800e+05
   6.0003000e+00  -3.8975400e+00   6.2420700e+00   3.4009900e+00   5.6864800e+00   3.4011200e+00  -3.6319500e+05
   5.9988600e+00  -3.8976200e+00   6.2389400e+00   3.4011300e+00   5.6869300e+00   3.4010600e+00  -3.6319300e+05
   5.9979200e+00  -3.8978400e+00   6.2403000e+00   3.3997000e+00   5.6877100e+00   3.4010500e+00  -3.6319500e+05
   6.0006400e+00  -3.8979500e+00   6.2421900e+00   3.4011300e+00   5.6872300e+00   3.4011500e+00  -3.6319200e+05
   5.9982000e+00  -3.8980000e+00   6.2403300e+00   3.4011700e+00   5.6876300e+00   3.4011400e+00  -3.6319100e+05
   5.9981600e+00  -3.8978600e+00   6.2405200e+00   3.4007500e+00   5.6879200e+00   3.4011200e+00  -3.6319200e+05
   5.9997400e+00  -3.8979500e+00   6.2409500e+00   3.4000400e+00   5.6870400e+00   3.4011600e+00  -3.6319200e+05
   6.0007000e+00  -3.8978100e+00   6.2430800e+00   3.3993100e+00   5.6871800e+00   3.4011800e+00  -3.6319600e+05
   6.0004600e+00  -3.8979900e+00   6.2423100e+00   3.4010700e+00   5.6865500e+00   3.4011200e+00  -3.6319300e+05
   5.9984600e+00  -3.8981000e+00   6.2405900e+00   3.4008700e+00   5.6874600e+00   3.4011200e+00  -3.6319100e+05
   5.9984300e+00  -3.8980000e+00   6.2385300e+00   3.3998500e+00   5.6873400e+00   3.4010800e+00  -3.6319400e+05
   5.9980500e+00  -3.8978500e+00   6.2397500e+00   3.4009300e+00   5.6868400e+00   3.4009600e+00  -3.6319500e+05
   5.9998100e+00  -3.8980100e+00   6.2408500e+00   3.4011800e+00   5.6867600e+00   3.4011800e+00  -3.6319000e+05
   5.9996300e+00  -3.8980000e+00   6.2402900e+00   3.4007900e+00   5.6873000e+00   3.4010200e+00  -3.6319200e+05
   5.9990600e+00  -3.8980000e+00   6.2402900e+00   3.4010400e+00   5.6870000e+00   3.4011900e+00  -3.6319000e+05
   5.9993100e+00  -3.8979700e+00   6.2398000e+00   3.4008600e+00   5.6871400e+00   3.4008400e+00  -3.6319400e+05
   5.9997200e+00  -3.8981900e+00   6.2426000e+00   3.4007900e+00   5.6878000e+00   3.4009100e+00  -3.6319400e+05
   5.9984000e+00  -3.8981800e+00   6.2391600e+00   3.3995600e+00   5.6873600e+00   3.4011800e+00  -3.6319200e+05
   5.9998600e+00  -3.8978500e+00   6.2417400e+00   3.4008300e+00   5.6864800e+00   3.4011100e+00  -3.6319400e+05
   5.9993400e+00  -3.8979500e+00   6.2420700e+00   3.4000900e+00   5.6874400e+00   3.4011400e+00  -3.6319300e+05
   5.9988800e+00  -3.8980000e+00   6.2409800e+00   3.4001600e+00   5.6875900e+00   3.4010900e+00  -3.6319200e+05
   5.9989200e+00  -3.8978700e+00   6.2392300e+00   3.4007800e+00   5.6878600e+00   3.4011600e+00  -3.6319300e+05
   5.9987900e+00  -3.8978700e+00   6.2405700e+00   3.4005000e+00   5.6873900e+00   3.4009100e+00  -3.6319400e+05
   5.9977200e+00  -3.8980000e+00   6.2396700e+00   3.4004000e+00   5.6879600e+00   3.4011100e+00  -3.6319300e+05
   5.9989500e+00  -3.8980000e+00   6.2426100e+00   3.4002300e+00   5.6880400e+00   3.4011700e+00  -3.6319400e+05
   6.0006100e+00  -3.8980100e+00   6.2434900e+00   3.4008000e+00   5.6875500e+00   3.4010800e+00  -3.6319400e+05
   5.9985600e+00  -3.8979500e+00   6.2405800e+00   3.4010100e+00   5.6877600e+00   3.4011000e+00  -3.6319100e+05
   5.9991800e+00  -3.8979100e+00   6.2410000e+00   3.4009100e+00   5.6879900e+00   3.4011300e+00  -3.6319200e+05
   5.9995300e+00  -3.8979700e+00   6.2419700e+00   3.4005300e+00   5.6867900e+00   3.4011100e+00  -3.6319400e+05
   5.9988800e+00  -3.8978100e+00   6.2385000e+00   3.4011000e+00   5.6873800e+00   3.4011300e+00  -3.6319300e+05
   5.9986500e+00  -3.8978600e+00   6.2394100e+00   3.4007800e+00   5.6871900e+00   3.4011000e+00  -3.6319200e+05
   5.9989500e+00  -3.8978500e+00   6.2413900e+00   3.4004800e+00   5.6871600e+00   3.4010400e+00  -3.6319400e+05
   5.9994000e+00  -3.8977600e+00   6.2403500e+00   3.4011000e+00   5.6869200e+00   3.4009600e+00  -3.6319300e+05
   5.9987900e+00  -3.8978600e+00   6.2392200e+00   3.4010100e+00   5.6873800e+00   3.4011600e+00  -3.6319100e+05
   5.9996100e+00  -3.8976700e+00   6.2429400e+00   3.4010900e+00   5.6877100e+00   3.4010000e+00  -3.6319400e+05
   5.9994600e+00  -3.8976400e+00   6.2405600e+00   3.3980700e+00   5.6869100e+00   3.4011200e+00  -3.6319600e+05
   5.9988700e+00  -3.8974500e+00   6.2400600e+00   3.4010900e+00   5.6871300e+00   3.4010400e+00  -3.6319300e+05
   5.9989900e+00  -3.8973600e+00   6.2395900e+00   3.3998700e+00   5.6874500e+00   3.4010600e+00  -3.6319600e+05
   6.0002700e+00  -3.8974100e+00   6.2440000e+00   3.4007500e+00   5.6874900e+00   3.4010000e+00  -3.6319800e+05
   5.9983900e+00  -3.8974400e+00   6.2398700e+00   3.4011400e+00   5.6879900e+00   3.4011200e+00  -3.6319300e+05
   5.9992900e+00  -3.8975400e+00   6.2404300e+00   3.4003000e+00   5.6872900e+00   3.4010900e+00  -3.6319300e+05
   5.9995500e+00  -3.8975700e+00   6.2398200e+00   3.4003300e+00   5.6870000e+00   3.4011000e+00  -3.6319400e+05
   5.9982900e+00  -3.8975100e+00   6.2408500e+00   3.4010500e+00   5.6868100e+00   3.4011400e+00  -3.6319400e+05
   5.9987900e+00  -3.8971900e+00   6.2412200e+00   3.4004600e+00   5.6869400e+00   3.4011300e+00  -3.6319500e+05
   5.9979800e+00  -3.8972100e+00   6.2420300e+00   3.4007100e+00   5.6877000e+00   3.4011600e+00  -3.6319600e+05
   5.9994400e+00  -3.8972800e+00   6.2421800e+00   3.4010900e+00   5.6871300e+00   3.4011100e+00  -3.6319400e+05
   5.9985400e+00  -3.8973700e+00   6.2409600e+00   3.4005600e+00   5.6877600e+00   3.4011500e+00  -3.6319300e+05
   5.9979300e+00  -3.8972300e+00   6.2416800e+00   3.4004200e+00   5.6874000e+00   3.4011100e+00  -3.6319700e+05
   5.9991400e+00  -3.8972600e+00   6.2398300e+00   3.4006500e+00   5.6868500e+00   3.4011700e+00  -3.6319300e+05
   5.9993900e+00  -3.8972200e+00   6.2424300e+00   3.4011200e+00   5.6874100e+00   3.4010100e+00  -3.6319500e+05
   5.9982400e+00  -3.8972400e+00   6.2402600e+00   3.3994900e+00   5.6873400e+00   3.4011700e+00  -3.6319500e+05
   5.9991300e+00  -3.8971100e+00   6.2419400e+00   3.4009500e+00   5.6882500e+00   3.4011300e+00  -3.6319500e+05
   5.9983200e+00  -3.8971000e+00   6.2396900e+00   3.4003300e+00   5.6871300e+00   3.4011900e+00  -3.6319400e+05
   5.9979700e+00  -3.8970600e+00   6.2411000e+00   3.4004800e+00   5.6871000e+00   3.4011800e+00  -3.6319600e+05
   5.9983100e+00  -3.8969900e+00   6.2374900e+00   3.3998500e+00   5.6867700e+00   3.4009900e+00  -3.6320000e+05
   5.9987700e+00  -3.8969800e+00   6.2394200e+00   3.4010800e+00   5.6867800e+00   3.4010900e+00  -3.6319500e+05
   5.9998800e+00  -3.8967700e+00   6.2416800e+00   3.4006000e+00   5.6872500e+00   3.4010100e+00  -3.6319700e+05
   5.9984700e+00  -3.8968500e+00   6.2416400e+00   3.4009100e+00   5.6880700e+00   3.4010300e+00  -3.6319600e+05
   5.9996900e+00  -3.8968800e+00   6.2417700e+00   3.3992500e+00   5.6862000e+00   3.4009800e+00  -3.6320100e+05
   5.9979200e+00  -3.8968500e+00   6.2380700e+00   3.4010700e+00   5.6872100e+00   3.4009300e+00  -3.6319800e+05
   5.9981000e+00  -3.8969600e+00   6.2388400e+00   3.4008000e+00   5.6867100e+00   3.4011000e+00  -3.6319600e+05
   5.9993300e+00  -3.8969400e+00   6.2404900e+00   3.4010000e+00   5.6868000e+00   3.4010700e+00  -3.6319500e+05
   5.9983200e+00  -3.8969600e+00   6.2419900e+00   3.4002200e+00   5.6879700e+00   3.4010900e+00  -3.6319700e+05
   5.9989600e+00  -3.8970100e+00   6.2419600e+00   3.4007300e+00   5.6876800e+00   3.4010500e+00  -3.6319500e+05
   5.9988100e+00  -3.8970700e+00   6.2403000e+00   3.4007700e+00   5.6864400e+00   3.4011600e+00  -3.6319500e+05
   5.9989300e+00  -3.8969600e+00   6.2402000e+00   3.4011600e+00   5.6874100e+00   3.4009200e+00  -3.6319600e+05
   5.9982200e+00  -3.8968800e+00   6.2404800e+00   3.4009700e+00   5.6871500e+00   3.4008600e+00  -3.6319700e+05
   5.9979700e+00  -3.8970100e+00   6.2399000e+00   3.4001100e+00   5.6884800e+00   3.4010600e+00  -3.6319800e+05
   5.9991100e+00  -3.8967100e+00   6.2411200e+00   3.4001000e+00   5.6866900e+00   3.4009800e+00  -3.6319800e+05
   5.9985800e+00  -3.8966900e+00   6.2401900e+00   3.4009800e+00   5.6877300e+00   3.4011500e+00  -3.6319500e+05
   5.9978300e+00  -3.8965400e+00   6.2381800e+00   3.4010700e+00   5.6877800e+00   3.4010000e+00  -3.6319900e+05
   5.9975600e+00  -3.8963600e+00   6.2410800e+00   3.4010300e+00   5.6869800e+00   3.4011200e+00  -3.6319900e+05
   5.9998900e+00  -3.8963400e+00   6.2402400e+00   3.3993700e+00   5.6867100e+00   3.4011200e+00  -3.6320100e+05
   6.0000400e+00  -3.8963300e+00   6.2401600e+00   3.4008000e+00   5.6866000e+00   3.4010600e+00  -3.6320000e+05
   5.9986300e+00  -3.8962300e+00   6.2410200e+00   3.4001800e+00   5.6873900e+00   3.4007100e+00  -3.6320100e+05
   5.9977100e+00  -3.8962700e+00   6.2409800e+00   3.4007300e+00   5.6877700e+00   3.4011300e+00  -3.6319700e+05
   5.9985600e+00  -3.8962100e+00   6.2423300e+00   3.3995700e+00   5.6879800e+00   3.4011900e+00  -3.6319900e+05
   5.9981400e+00  -3.8962400e+00   6.2404300e+00   3.4008300e+00   5.6875200e+00   3.4010400e+00  -3.6319700e+05
   5.9999600e+00  -3.8962000e+00   6.2434600e+00   3.4005900e+00   5.6871400e+00   3.4011500e+00  -3.6319900e+05
   5.9987700e+00  -3.8963600e+00   6.2400400e+00   3.4000600e+00   5.6868800e+00   3.4011300e+00  -3.6319700e+05
   5.9991800e+00  -3.8961800e+00   6.2418500e+00   3.4001300e+00   5.6866600e+00   3.4010800e+00  -3.6319900e+05
   5.9978500e+00  -3.8961300e+00   6.2404200e+00   3.3999000e+00   5.6880400e+00   3.4010300e+00  -3.6320000e+05
   5.9972200e+00  -3.8959600e+00   6.2400800e+00   3.4006600e+00   5.6870600e+00   3.4011500e+00  -3.6319900e+05
   5.9990400e+00  -3.8958900e+00   6.2429400e+00   3.4010400e+00   5.6881100e+00   3.4012000e+00  -3.6319900e+05
   5.9999500e+00  -3.8959900e+00   6.2408700e+00   3.4008600e+00   5.6873900e+00   3.4009800e+00  -3.6320200e+05
   5.9971100e+00  -3.8960800e+00   6.2378500e+00   3.4006000e+00   5.6872200e+00   3.4011200e+00  -3.6320000e+05
   5.9991300e+00  -3.8960800e+00   6.2434400e+00   3.4007700e+00   5.6880600e+00   3.4011800e+00  -3.6319900e+05
   5.9992600e+00  -3.8962900e+00   6.2432000e+00   3.4001200e+00   5.6881300e+00   3.4007900e+00  -3.6320300e+05
   5.9995400e+00  -3.8963200e+00   6.2404500e+00   3.3996200e+00   5.6865500e+00   3.4010900e+00  -3.6320000e+05
   5.9989800e+00  -3.8963700e+00   6.2410900e+00   3.4011900e+00   5.6874200e+00   3.4008900e+00  -3.6319700e+05
   5.9983800e+00  -3.8961300e+00   6.2402900e+00   3.3996800e+00   5.6874200e+00   3.4010200e+00  -3.6319900e+05
   5.9985300e+00  -3.8959900e+00   6.2426400e+00   3.3992500e+00   5.6874900e+00   3.4011800e+00  -3.6320100e+05
   5.9983300e+00  -3.8961100e+00   6.2396900e+00   3.3986600e+00   5.6876000e+00   3.4011500e+00  -3.6320100e+05
   5.9988000e+00  -3.8961100e+00   6.2406500e+00   3.4006000e+00   5.6872600e+00   3.4007500e+00  -3.6320000e+05
   5.9987600e+00  -3.8961700e+00   6.2409100e+00   3.4007200e+00   5.6869000e+00   3.4011300e+00  -3.6319700e+05
   5.9978700e+00  -3.8960200e+00   6.2416900e+00   3.4010700e+00   5.6888100e+00   3.4009300e+00  -3.6320200e+05
   5.9964100e+00  -3.8959400e+00   6.2399800e+00   3.4008700e+00   5.6880200e+00   3.4011400e+00  -3.6320000e+05
   5.9976600e+00  -3.8958200e+00   6.2419800e+00   3.4004100e+00   5.6880500e+00   3.4008600e+00  -3.6320200e+05
   5.9994200e+00  -3.8955300e+00   6.2427600e+00   3.3997400e+00   5.6865900e+00   3.4011200e+00  -3.6320300e+05
   5.9976600e+00  -3.8954100e+00   6.2405100e+00   3.4007200e+00   5.6872200e+00   3.4011500e+00  -3.6319900e+05
   5.9966900e+00  -3.8953200e+00   6.2383100e+00   3.4001200e+00   5.6874200e+00   3.4010900e+00  -3.6320200e+05
   5.9981300e+00  -3.8951900e+00   6.2406800e+00   3.3992500e+00   5.6865600e+00   3.4011500e+00  -3.6320300e+05
   5.9974000e+00  -3.8949500e+00   6.2405500e+00   3.4006100e+00   5.6875500e+00   3.4010800e+00  -3.6320100e+05
   5.9982900e+00  -3.8950500e+00   6.2405700e+00   3.4004200e+00   5.6877200e+00   3.4010500e+00  -3.6320200e+05
   5.9970600e+00  -3.8947800e+00   6.2407600e+00   3.4003400e+00   5.6870700e+00   3.4010900e+00  -3.6320300e+05
   5.9984700e+00  -3.8946100e+00   6.2425700e+00   3.4000300e+00   5.6875200e+00   3.4010500e+00  -3.6320400e+05
   5.9985500e+00  -3.8947400e+00   6.2425500e+00   3.4007200e+00   5.6874300e+00   3.4011100e+00  -3.6320200e+05
   5.9978700e+00  -3.8947200e+00   6.2414000e+00   3.4010500e+00   5.6879200e+00   3.4010700e+00  -3.6320200e+05
   5.9980400e+00  -3.8948000e+00   6.2407100e+00   3.4008300e+00   5.6867900e+00   3.4011900e+00  -3.6320100e+05
   5.9976500e+00  -3.8948200e+00   6.2401000e+00   3.4004100e+00   5.6871500e+00   3.4011800e+00  -3.6320100e+05
   5.9959500e+00  -3.8947500e+00   6.2391200e+00   3.4006700e+00   5.6867000e+00   3.4011000e+00  -3.6320600e+05
   5.9976600e+00  -3.8946800e+00   6.2392900e+00   3.4006800e+00   5.6859800e+00   3.4011500e+00  -3.6320400e+05
   5.9972300e+00  -3.8947200e+00   6.2388900e+00   3.3998100e+00   5.6874400e+00   3.4010200e+00  -3.6320500e+05
   5.9983400e+00  -3.8946600e+00   6.2419600e+00   3.4001800e+00   5.6881000e+00   3.4011900e+00  -3.6320300e+05
   5.9973700e+00  -3.8945800e+00   6.2380400e+00   3.3998200e+00   5.6872700e+00   3.4011100e+00  -3.6320600e+05
   5.9979000e+00  -3.8945100e+00   6.2399100e+00   3.4011000e+00   5.6866400e+00   3.4011300e+00  -3.6320200e+05
   5.9984700e+00  -3.8946100e+00   6.2420900e+00   3.3998500e+00   5.6875500e+00   3.4009300e+00  -3.6320500e+05
   5.9977100e+00  -3.8945200e+00   6.2413400e+00   3.4004500e+00   5.6869100e+00   3.4011800e+00  -3.6320200e+05
   5.9971800e+00  -3.8945600e+00   6.2411100e+00   3.4010900e+00   5.6880000e+00   3.4011200e+00  -3.6320200e+05
   5.9979300e+00  -3.8947000e+00   6.2397600e+00   3.4007400e+00   5.6871900e+00   3.4006500e+00  -3.6320600e+05
   5.9965900e+00  -3.8945500e+00   6.2374300e+00   3.4003200e+00   5.6869200e+00   3.4010400e+00  -3.6320600e+05
   5.9979900e+00  -3.8945300e+00   6.2409400e+00   3.4010100e+00   5.6876500e+00   3.4009400e+00  -3.6320300e+05
   5.9977200e+00  -3.8943800e+00   6.2418000e+00   3.4001200e+00   5.6871700e+00   3.4010700e+00  -3.6320400e+05
   5.9980000e+00  -3.8946700e+00   6.2392000e+00   3.4001200e+00   5.6862900e+00   3.4011200e+00  -3.6320400e+05
   5.9976300e+00  -3.8949300e+00   6.2398700e+00   3.4000900e+00   5.6869700e+00   3.4011700e+00  -3.6320100e+05
   5.9981800e+00  -3.8951100e+00   6.2417300e+00   3.4012000e+00   5.6883900e+00   3.4011100e+00  -3.6320100e+05
   5.9970400e+00  -3.8950200e+00   6.2376700e+00   3.4009600e+00   5.6876300e+00   3.4011600e+00  -3.6320400e+05
   5.9982200e+00  -3.8948500e+00   6.2411900e+00   3.4005100e+00   5.6879500e+00   3.4010000e+00  -3.6320300e+05
   5.9979700e+00  -3.8949500e+00   6.2416900e+00   3.4007600e+00   5.6874500e+00   3.4010700e+00  -3.6320100e+05
   5.9987000e+00  -3.8951200e+00   6.2413400e+00   3.4011400e+00   5.6863900e+00   3.4011000e+00  -3.6320100e+05
   5.9989500e+00  -3.8951300e+00   6.2425200e+00   3.4004000e+00   5.6870200e+00   3.4011600e+00  -3.6320100e+05
   5.9960900e+00  -3.8950900e+00   6.2406200e+00   3.4008100e+00   5.6878500e+00   3.4004100e+00  -3.6321000e+05
   5.9983700e+00  -3.8951500e+00   6.2411200e+00   3.4001300e+00   5.6882500e+00   3.4010400e+00  -3.6320400e+05
   5.9987500e+00  -3.8951200e+00   6.2409700e+00   3.3996700e+00   5.6865500e+00   3.4009400e+00  -3.6320400e+05
   5.9981900e+00  -3.8951300e+00   6.2411000e+00   3.3998800e+00   5.6861500e+00   3.4011200e+00  -3.6320500e+05
   6.0001900e+00  -3.8950100e+00   6.2417600e+00   3.4002500e+00   5.6868200e+00   3.4011900e+00  -3.6320400e+05
   5.9971500e+00  -3.8946500e+00   6.2409600e+00   3.4003800e+00   5.6874700e+00   3.4011000e+00  -3.6320300e+05
   5.9970300e+00  -3.8944400e+00   6.2400200e+00   3.3998400e+00   5.6877900e+00   3.4011800e+00  -3.6320300e+05
   5.9980400e+00  -3.8945900e+00   6.2403200e+00   3.3979100e+00   5.6874600e+00   3.4010200e+00  -3.6320700e+05
   5.9983600e+00  -3.8943300e+00   6.2422300e+00   3.4007500e+00   5.6868800e+00   3.4008700e+00  -3.6320600e+05
   5.9979000e+00  -3.8940200e+00   6.2434000e+00   3.4004500e+00   5.6873200e+00   3.4010200e+00  -3.6320800e+05
   5.9972300e+00  -3.8941900e+00   6.2404800e+00   3.4004400e+00   5.6875800e+00   3.4010600e+00  -3.6320400e+05
   5.9970100e+00  -3.8942300e+00   6.2413900e+00   3.4011200e+00   5.6872800e+00   3.4011800e+00  -3.6320300e+05
   5.9981400e+00  -3.8943300e+00   6.2400600e+00   3.4007900e+00   5.6872500e+00   3.4009400e+00  -3.6320500e+05
   5.9976500e+00  -3.8943300e+00   6.2391800e+00   3.4010100e+00   5.6867900e+00   3.4011200e+00  -3.6320300e+05
   5.9979100e+00  -3.8944200e+00   6.2417700e+00   3.4008800e+00   5.6875600e+00   3.4008700e+00  -3.6320400e+05
   5.9983100e+00  -3.8943700e+00   6.2403600e+00   3.4010000e+00   5.6866800e+00   3.4009400e+00  -3.6320400e+05
   5.9981200e+00  -3.8944800e+00   6.2422400e+00   3.4007100e+00   5.6877900e+00   3.4011100e+00  -3.6320300e+05
   5.9982300e+00  -3.8945600e+00   6.2418700e+00   3.4011700e+00   5.6880300e+00   3.4010000e+00  -3.6320300e+05
   5.9970800e+00  -3.8946300e+00   6.2418300e+00   3.4009200e+00   5.6876400e+00   3.4011600e+00  -3.6320300e+05
   5.9977300e+00  -3.8948400e+00   6.2404200e+00   3.4006700e+00   5.6869400e+00   3.4009900e+00  -3.6320200e+05
   5.9979400e+00  -3.8949700e+00   6.2396500e+00   3.4009300e+00   5.6870200e+00   3.4011300e+00  -3.6320000e+05
   5.9983100e+00  -3.8949600e+00   6.2416200e+00   3.4008100e+00   5.6876900e+00   3.4009300e+00  -3.6320200e+05
   5.9967300e+00  -3.8951100e+00   6.2389700e+00   3.4004600e+00   5.6869400e+00   3.4011200e+00  -3.6320200e+05
   5.9979700e+00  -3.8952500e+00   6.2400200e+00   3.4010700e+00   5.6875200e+00   3.4011800e+00  -3.6319900e+05
   5.9988500e+00  -3.8952700e+00   6.2411700e+00   3.4007100e+00   5.6876600e+00   3.4009400e+00  -3.6320200e+05
   5.9984700e+00  -3.8950000e+00   6.2406900e+00   3.3988600e+00   5.6871700e+00   3.4011900e+00  -3.6320300e+05
   5.9981700e+00  -3.8950800e+00   6.2429100e+00   3.3989100e+00   5.6869600e+00   3.4009100e+00  -3.6320800e+05
   5.9965100e+00  -3.8952400e+00   6.2393900e+00   3.4010200e+00   5.6885100e+00   3.4011100e+00  -3.6320300e+05
   5.9984700e+00  -3.8952700e+00   6.2396900e+00   3.4010600e+00   5.6866600e+00   3.4010500e+00  -3.6320100e+05
   5.9973800e+00  -3.8952600e+00   6.2396800e+00   3.4007000e+00   5.6876900e+00   3.4011900e+00  -3.6319900e+05
   5.9984100e+00  -3.8951500e+00   6.2427400e+00   3.4006000e+00   5.6874400e+00   3.4011300e+00  -3.6320100e+05
   5.9978000e+00  -3.8951800e+00   6.2403700e+00   3.4004300e+00   5.6877400e+00   3.4010800e+00  -3.6320100e+05
   5.9985600e+00  -3.8953400e+00   6.2417200e+00   3.4004400e+00   5.6868200e+00   3.4011300e+00  -3.6320100e+05
   5.9960000e+00  -3.8951500e+00   6.2393300e+00   3.4006200e+00   5.6879800e+00   3.4011700e+00  -3.6320200e+05
   5.9971300e+00  -3.8955100e+00   6.2385700e+00   3.4010000e+00   5.6881100e+00   3.4010700e+00  -3.6320200e+05
   5.9973400e+00  -3.8955100e+00   6.2400000e+00   3.4005300e+00   5.6875400e+00   3.4011400e+00  -3.6319900e+05
   5.9975800e+00  -3.8955000e+00   6.2390600e+00   3.4005100e+00   5.6863200e+00   3.4009200e+00  -3.6320300e+05
   5.9986300e+00  -3.8953400e+00   6.2402500e+00   3.4010800e+00   5.6863600e+00   3.4011600e+00  -3.6320000e+05
   5.9984500e+00  -3.8952100e+00   6.2395400e+00   3.3997500e+00   5.6868700e+00   3.4011700e+00  -3.6320200e+05
   5.9973100e+00  -3.8951600e+00   6.2402300e+00   3.3997500e+00   5.6876500e+00   3.4010600e+00  -3.6320200e+05
   5.9980400e+00  -3.8952000e+00   6.2403400e+00   3.4011300e+00   5.6875000e+00   3.4009700e+00  -3.6320000e+05
   5.9971500e+00  -3.8954400e+00   6.2379700e+00   3.4009600e+00   5.6872300e+00   3.4011300e+00  -3.6320100e+05
   5.9974000e+00  -3.8956200e+00   6.2402500e+00   3.4006800e+00   5.6882700e+00   3.4011700e+00  -3.6320000e+05
   5.9975000e+00  -3.8955300e+00   6.2419900e+00   3.4011000e+00   5.6875800e+00   3.4011100e+00  -3.6320000e+05
   5.9973600e+00  -3.8954200e+00   6.2422400e+00   3.3993300e+00   5.6880100e+00   3.4011200e+00  -3.6320400e+05
   5.9977800e+00  -3.8955100e+00   6.2402700e+00   3.4006700e+00   5.6873700e+00   3.4008000e+00  -3.6320200e+05
   5.9980900e+00  -3.8955900e+00   6.2414900e+00   3.4007400e+00   5.6874400e+00   3.4011400e+00  -3.6319900e+05
   5.9982400e+00  -3.8954000e+00   6.2392300e+00   3.3997000e+00   5.6867800e+00   3.4008400e+00  -3.6320400e+05
   5.9983000e+00  -3.8954900e+00   6.2396200e+00   3.4008200e+00   5.6863200e+00   3.4010300e+00  -3.6320100e+05
   5.9986800e+00  -3.8955600e+00   6.2395000e+00   3.3988100e+00   5.6871400e+00   3.4011100e+00  -3.6320300e+05
   5.9987700e+00  -3.8955200e+00   6.2401800e+00   3.4001900e+00   5.6873100e+00   3.4007700e+00  -3.6320400e+05
   5.9978700e+00  -3.8956100e+00   6.2402200e+00   3.3989100e+00   5.6870800e+00   3.4010300e+00  -3.6320200e+05
   5.9975200e+00  -3.8955300e+00   6.2409700e+00   3.4006000e+00   5.6877600e+00   3.4010800e+00  -3.6320000e+05
   5.9977200e+00  -3.8954500e+00   6.2415100e+00   3.4004400e+00   5.6878100e+00   3.4010200e+00  -3.6320100e+05
   5.9981600e+00  -3.8953500e+00   6.2392600e+00   3.3990800e+00   5.6873800e+00   3.4011100e+00  -3.6320300e+05
   5.9970400e+00  -3.8954900e+00   6.2403000e+00   3.4009000e+00   5.6875500e+00   3.4009100e+00  -3.6320100e+05
   5.9987900e+00  -3.8951800e+00   6.2386600e+00   3.4010800e+00   5.6872700e+00   3.4011400e+00  -3.6320400e+05
   5.9968300e+00  -3.8952300e+00   6.2402500e+00   3.4004600e+00   5.6879200e+00   3.4011300e+00  -3.6320100e+05
   5.9991200e+00  -3.8951200e+00   6.2409300e+00   3.3998300e+00   5.6868400e+00   3.4010500e+00  -3.6320300e+05
   5.9981900e+00  -3.8950600e+00   6.2401300e+00   3.4008700e+00   5.6868700e+00   3.4010000e+00  -3.6320100e+05
   5.9972400e+00  -3.8946600e+00   6.2405200e+00   3.3997600e+00   5.6874200e+00   3.4011000e+00  -3.6320300e+05
   5.9983300e+00  -3.8944000e+00   6.2423500e+00   3.3999400e+00   5.6879000e+00   3.4011300e+00  -3.6320400e+05
   5.9959200e+00  -3.8942300e+00   6.2408600e+00   3.4010600e+00   5.6870000e+00   3.4009700e+00  -3.6320900e+05
   5.9961500e+00  -3.8939400e+00   6.2396300e+00   3.4007600e+00   5.6872400e+00   3.4010700e+00  -3.6320500e+05
   5.9975100e+00  -3.8938300e+00   6.2404200e+00   3.4010800e+00   5.6868900e+00   3.4009000e+00  -3.6320600e+05
   5.9957000e+00  -3.8939200e+00   6.2400100e+00   3.4008600e+00   5.6880600e+00   3.4009000e+00  -3.6320800e+05
   5.9963300e+00  -3.8937800e+00   6.2402000e+00   3.4011100e+00   5.6881100e+00   3.4010300e+00  -3.6320600e+05
   5.9988600e+00  -3.8940500e+00   6.2409000e+00   3.3998400e+00   5.6872600e+00   3.4011500e+00  -3.6320600e+05
   5.9980400e+00  -3.8940400e+00   6.2401400e+00   3.4008800e+00   5.6860100e+00   3.4011100e+00  -3.6320600e+05
   5.9981300e+00  -3.8940000e+00   6.2416800e+00   3.3997700e+00   5.6871600e+00   3.4011000e+00  -3.6320500e+05
   5.9984500e+00  -3.8939500e+00   6.2400900e+00   3.4009900e+00   5.6871600e+00   3.4011500e+00  -3.6320500e+05
   5.9970900e+00  -3.8939900e+00   6.2409800e+00   3.4009600e+00   5.6878200e+00   3.4008900e+00  -3.6320600e+05
   5.9965700e+00  -3.8939700e+00   6.2409600e+00   3.4010700e+00   5.6869800e+00   3.4011400e+00  -3.6320500e+05
   5.9977000e+00  -3.8939200e+00   6.2430800e+00   3.4011800e+00   5.6883800e+00   3.4011500e+00  -3.6320600e+05
   5.9965500e+00  -3.8939100e+00   6.2409200e+00   3.3994400e+00   5.6876700e+00   3.4010700e+00  -3.6320700e+05
   5.9966200e+00  -3.8939500e+00   6.2405100e+00   3.4006300e+00   5.6873800e+00   3.4011800e+00  -3.6320400e+05
   5.9956400e+00  -3.8937000e+00   6.2417600e+00   3.4011100e+00   5.6881400e+00   3.4011400e+00  -3.6320900e+05
   5.9984100e+00  -3.8937500e+00   6.2428800e+00   3.4011400e+00   5.6873700e+00   3.4010100e+00  -3.6320600e+05
   5.9972900e+00  -3.8938900e+00   6.2403800e+00   3.4009500e+00   5.6877400e+00   3.4011400e+00  -3.6320400e+05
   5.9968200e+00  -3.8937400e+00   6.2397200e+00   3.4009100e+00   5.6883000e+00   3.4012000e+00  -3.6320600e+05
   5.9981900e+00  -3.8936100e+00   6.2418800e+00   3.4010400e+00   5.6872500e+00   3.4011900e+00  -3.6320400e+05
   5.9971100e+00  -3.8938400e+00   6.2412900e+00   3.3983300e+00   5.6877300e+00   3.4010500e+00  -3.6320900e+05
   5.9965100e+00  -3.8938900e+00   6.2410100e+00   3.3983400e+00   5.6875600e+00   3.4011300e+00  -3.6320800e+05
   5.9979900e+00  -3.8938400e+00   6.2412300e+00   3.4001000e+00   5.6868100e+00   3.4010900e+00  -3.6320600e+05
   5.9986900e+00  -3.8937800e+00   6.2427500e+00   3.4009900e+00   5.6882900e+00   3.4011800e+00  -3.6320700e+05
   5.9984700e+00  -3.8938500e+00   6.2424900e+00   3.4011600e+00   5.6876200e+00   3.4011100e+00  -3.6320500e+05
   5.9976300e+00  -3.8937500e+00   6.2412800e+00   3.4008900e+00   5.6871500e+00   3.4010000e+00  -3.6320500e+05
   5.9965600e+00  -3.8936300e+00   6.2420500e+00   3.3992600e+00   5.6877600e+00   3.4011500e+00  -3.6320900e+05
   5.9965300e+00  -3.8935400e+00   6.2385500e+00   3.4003100e+00   5.6874600e+00   3.4009800e+00  -3.6320900e+05
   5.9975600e+00  -3.8936100e+00   6.2392600e+00   3.4010900e+00   5.6875200e+00   3.4011800e+00  -3.6320600e+05
   5.9982700e+00  -3.8934900e+00   6.2403400e+00   3.4004000e+00   5.6867000e+00   3.4011600e+00  -3.6320700e+05
   5.9968500e+00  -3.8933100e+00   6.2410800e+00   3.4008800e+00   5.6869000e+00   3.4011700e+00  -3.6320600e+05
   5.9977200e+00  -3.8932200e+00   6.2411600e+00   3.3989500e+00   5.6876600e+00   3.4011400e+00  -3.6320900e+05
   5.9961400e+00  -3.8932000e+00   6.2404000e+00   3.4009800e+00   5.6883500e+00   3.4011900e+00  -3.6320700e+05
   5.9986300e+00  -3.8932500e+00   6.2396300e+00   3.4011300e+00   5.6863600e+00   3.4010600e+00  -3.6321000e+05
   5.9973900e+00  -3.8933600e+00   6.2404200e+00   3.4009200e+00   5.6864900e+00   3.4010600e+00  -3.6320700e+05
   5.9972900e+00  -3.8935000e+00   6.2417300e+00   3.4004800e+00   5.6876800e+00   3.4009600e+00  -3.6320700e+05
   5.9966400e+00  -3.8935600e+00   6.2378200e+00   3.4000300e+00   5.6866000e+00   3.4011600e+00  -3.6320800e+05
   5.9972300e+00  -3.8934500e+00   6.2410400e+00   3.4004000e+00   5.6877900e+00   3.4006600e+00  -3.6321000e+05
   5.9975800e+00  -3.8932900e+00   6.2422700e+00   3.4011700e+00   5.6869400e+00   3.4011600e+00  -3.6320600e+05
   5.9962000e+00  -3.8931300e+00   6.2421500e+00   3.4006800e+00   5.6879100e+00   3.4010100e+00  -3.6321000e+05
   5.9987600e+00  -3.8932900e+00   6.2403200e+00   3.4009900e+00   5.6867400e+00   3.4011500e+00  -3.6320800e+05
   5.9961100e+00  -3.8930100e+00   6.2400200e+00   3.4010700e+00   5.6876200e+00   3.4011500e+00  -3.6320600e+05
   5.9972300e+00  -3.8930700e+00   6.2419300e+00   3.3995700e+00   5.6876300e+00   3.4010100e+00  -3.6321000e+05
   5.9988800e+00  -3.8928400e+00   6.2419800e+00   3.3987900e+00   5.6866000e+00   3.4011800e+00  -3.6321200e+05
   5.9958600e+00  -3.8928300e+00   6.2402300e+00   3.4001700e+00   5.6874000e+00   3.4011400e+00  -3.6320900e+05
   5.9972700e+00  -3.8928000e+00   6.2418000e+00   3.4002700e+00   5.6877900e+00   3.4011900e+00  -3.6320800e+05
   5.9967800e+00  -3.8926900e+00   6.2423200e+00   3.4011800e+00   5.6875000e+00   3.4010900e+00  -3.6320900e+05
   5.9965700e+00  -3.8929100e+00   6.2408700e+00   3.4004000e+00   5.6863400e+00   3.4010300e+00  -3.6321200e+05
   5.9972400e+00  -3.8929600e+00   6.2404400e+00   3.3999700e+00   5.6877700e+00   3.4010600e+00  -3.6320900e+05
   5.9965900e+00  -3.8928800e+00   6.2399900e+00   3.4011600e+00   5.6866700e+00   3.4010300e+00  -3.6320800e+05
   5.9973600e+00  -3.8926700e+00   6.2423500e+00   3.3997500e+00   5.6876500e+00   3.4009400e+00  -3.6321200e+05
   5.9960800e+00  -3.8925300e+00   6.2398400e+00   3.4011900e+00   5.6871300e+00   3.4011000e+00  -3.6320800e+05
   5.9976700e+00  -3.8924000e+00   6.2407200e+00   3.4010200e+00   5.6872000e+00   3.4009300e+00  -3.6321100e+05
   5.9977200e+00  -3.8924400e+00   6.2411200e+00   3.3991000e+00   5.6869100e+00   3.4011300e+00  -3.6321200e+05
   5.9972700e+00  -3.8923000e+00   6.2407000e+00   3.4000600e+00   5.6863700e+00   3.4011500e+00  -3.6321100e+05
   5.9957200e+00  -3.8923300e+00   6.2406400e+00   3.4000700e+00   5.6873000e+00   3.4010100e+00  -3.6321200e+05
   5.9964800e+00  -3.8927100e+00   6.2413800e+00   3.4005300e+00   5.6889300e+00   3.4011900e+00  -3.6321200e+05
   5.9979300e+00  -3.8930900e+00   6.2426000e+00   3.4002800e+00   5.6870800e+00   3.4010800e+00  -3.6320900e+05
   5.9959700e+00  -3.8929700e+00   6.2399300e+00   3.4001600e+00   5.6878300e+00   3.4010900e+00  -3.6320900e+05
   5.9982600e+00  -3.8931000e+00   6.2400500e+00   3.4010000e+00   5.6873400e+00   3.4011100e+00  -3.6320900e+05
   5.9961600e+00  -3.8930300e+00   6.2383600e+00   3.3989900e+00   5.6872700e+00   3.4010800e+00  -3.6321100e+05
   5.9986300e+00  -3.8927700e+00   6.2426800e+00   3.4001600e+00   5.6869300e+00   3.4008300e+00  -3.6321300e+05
   5.9967400e+00  -3.8928700e+00   6.2404200e+00   3.4011200e+00   5.6875300e+00   3.4011000e+00  -3.6320700e+05
   5.9974400e+00  -3.8928800e+00   6.2404000e+00   3.4000600e+00   5.6868700e+00   3.4011900e+00  -3.6320800e+05
   5.9978600e+00  -3.8928700e+00   6.2422700e+00   3.4009800e+00   5.6878800e+00   3.4011300e+00  -3.6320800e+05
   5.9967400e+00  -3.8929200e+00   6.2411100e+00   3.4002600e+00   5.6874500e+00   3.4009600e+00  -3.6320900e+05
   5.9958300e+00  -3.8929600e+00   6.2417400e+00   3.4003500e+00   5.6884400e+00   3.4008300e+00  -3.6321300e+05
   5.9973300e+00  -3.8930500e+00   6.2402100e+00   3.4004600e+00   5.6875100e+00   3.4010000e+00  -3.6320900e+05
   5.9974200e+00  -3.8930700e+00   6.2420300e+00   3.4011700e+00   5.6874500e+00   3.4011500e+00  -3.6320600e+05
   5.9963400e+00  -3.8928800e+00   6.2396400e+00   3.4005100e+00   5.6869300e+00   3.4011500e+00  -3.6320800e+05
   5.9959200e+00  -3.8928300e+00   6.2396500e+00   3.3989600e+00   5.6876200e+00   3.4010300e+00  -3.6321100e+05
   5.9979500e+00  -3.8928900e+00   6.2422000e+00   3.4010700e+00   5.6885600e+00   3.4011900e+00  -3.6321000e+05
   5.9965400e+00  -3.8930500e+00   6.2393900e+00   3.4010100e+00   5.6876700e+00   3.4011600e+00  -3.6320700e+05
   5.9978600e+00  -3.8931500e+00   6.2415900e+00   3.4009000e+00   5.6871900e+00   3.4011000e+00  -3.6320600e+05
   5.9974800e+00  -3.8930400e+00   6.2416200e+00   3.4009900e+00   5.6873600e+00   3.4010800e+00  -3.6320700e+05
   5.9973300e+00  -3.8932900e+00   6.2402200e+00   3.3995700e+00   5.6869000e+00   3.4011800e+00  -3.6320700e+05
   5.9969500e+00  -3.8932900e+00   6.2424900e+00   3.4010000e+00   5.6877000e+00   3.4009600e+00  -3.6320900e+05
   5.9969300e+00  -3.8931600e+00   6.2419800e+00   3.4011000e+00   5.6884600e+00   3.4011600e+00  -3.6320700e+05
   5.9973100e+00  -3.8931200e+00   6.2412600e+00   3.3977400e+00   5.6883400e+00   3.4008000e+00  -3.6321600e+05
   5.9974200e+00  -3.8931800e+00   6.2405200e+00   3.4007400e+00   5.6866900e+00   3.4011300e+00  -3.6320600e+05
