   6.0251100e+00  -3.9560700e+00   6.2389500e+00   3.4011600e+00   5.6873400e+00   3.4012000e+00  -2.5416700e+07
   6.0252100e+00  -3.9559600e+00   6.2388800e+00   3.4011900e+00   5.6871900e+00   3.4012000e+00  -2.5416700e+07
   6.0252100e+00  -3.9559100e+00   6.2390200e+00   3.4011900e+00   5.6872000e+00   3.4011900e+00  -2.5416700e+07
   6.0253400e+00  -3.9559400e+00   6.2392300e+00   3.4011900e+00   5.6872700e+00   3.4011900e+00  -2.5416700e+07
   6.0251500e+00  -3.9559900e+00   6.2388900e+00   3.4012000e+00   5.6873300e+00   3.4012000e+00  -2.5416700e+07
   6.0252700e+00  -3.9560300e+00   6.2392000e+00   3.4011700e+00   5.6874000e+00   3.4012000e+00  -2.5416700e+07
   6.0252700e+00  -3.9560000e+00   6.2388600e+00   3.4011800e+00   5.6873000e+00   3.4012000e+00  -2.5416700e+07
   6.0253100e+00  -3.9559700e+00   6.2388500e+00   3.4011900e+00   5.6871700e+00   3.4012000e+00  -2.5416700e+07
   6.0252300e+00  -3.9559600e+00   6.2388900e+00   3.4011900e+00   5.6873200e+00   3.4011900e+00  -2.5416700e+07
   6.0251600e+00  -3.9559500e+00   6.2390300e+00   3.4011900e+00   5.6872900e+00   3.4012000e+00  -2.5416700e+07
   6.0252000e+00  -3.9559000e+00   6.2388900e+00   3.4011900e+00   5.6872800e+00   3.4012000e+00  -2.5416700e+07
   6.0250700e+00  -3.9559600e+00   6.2389400e+00   3.4011800e+00   5.6874200e+00   3.4011900e+00  -2.5416700e+07
   6.0250200e+00  -3.9559500e+00   6.2387800e+00   3.4011800e+00   5.6873000e+00   3.4012000e+00  -2.5416700e+07
   6.0249600e+00  -3.9559300e+00   6.2387900e+00   3.4012000e+00   5.6873400e+00   3.4012000e+00  -2.5416700e+07
   6.0249800e+00  -3.9559300e+00   6.2390000e+00   3.4011800e+00   5.6875400e+00   3.4011900e+00  -2.5416700e+07
   6.0251500e+00  -3.9559300e+00   6.2388800e+00   3.4011900e+00   5.6873000e+00   3.4012000e+00  -2.5416700e+07
   6.0253000e+00  -3.9560300e+00   6.2391100e+00   3.4011900e+00   5.6873500e+00   3.4012000e+00  -2.5416700e+07
   6.0252100e+00  -3.9560100e+00   6.2389600e+00   3.4011900e+00   5.6872200e+00   3.4011900e+00  -2.5416700e+07
   6.0250200e+00  -3.9559500e+00   6.2387400e+00   3.4011800e+00   5.6872800e+00   3.4012000e+00  -2.5416700e+07
   6.0252300e+00  -3.9560000e+00   6.2389400e+00   3.4011900e+00   5.6873600e+00   3.4011900e+00  -2.5416700e+07
   6.0251200e+00  -3.9559200e+00   6.2387900e+00   3.4011800e+00   5.6872800e+00   3.4012000e+00  -2.5416700e+07
   6.0249400e+00  -3.9559400e+00   6.2385400e+00   3.4011800e+00   5.6872200e+00   3.4011900e+00  -2.5416700e+07
   6.0252300e+00  -3.9558700e+00   6.2389600e+00   3.4012000e+00   5.6872600e+00   3.4012000e+00  -2.5416700e+07
   6.0250200e+00  -3.9558300e+00   6.2388600e+00   3.4012000e+00   5.6873200e+00   3.4012000e+00  -2.5416700e+07
   6.0252400e+00  -3.9557800e+00   6.2390300e+00   3.4011900e+00   5.6872800e+00   3.4012000e+00  -2.5416700e+07
   6.0250000e+00  -3.9557400e+00   6.2387000e+00   3.4011900e+00   5.6872600e+00   3.4012000e+00  -2.5416700e+07
   6.0249700e+00  -3.9557800e+00   6.2388800e+00   3.4012000e+00   5.6872900e+00   3.4012000e+00  -2.5416700e+07
   6.0250000e+00  -3.9557700e+00   6.2389100e+00   3.4011900e+00   5.6873100e+00   3.4012000e+00  -2.5416700e+07
   6.0249400e+00  -3.9557400e+00   6.2390100e+00   3.4011900e+00   5.6873900e+00   3.4012000e+00  -2.5416700e+07
   6.0251700e+00  -3.9557300e+00   6.2390200e+00   3.4012000e+00   5.6873800e+00   3.4012000e+00  -2.5416700e+07
   6.0252300e+00  -3.9558000e+00   6.2389900e+00   3.4012000e+00   5.6872300e+00   3.4012000e+00  -2.5416700e+07
   6.0250800e+00  -3.9557900e+00   6.2389700e+00   3.4011800e+00   5.6873100e+00   3.4011900e+00  -2.5416700e+07
   6.0251000e+00  -3.9558100e+00   6.2388800e+00   3.4011900e+00   5.6872400e+00   3.4012000e+00  -2.5416700e+07
   6.0251400e+00  -3.9557500e+00   6.2389200e+00   3.4011800e+00   5.6873000e+00   3.4012000e+00  -2.5416700e+07
   6.0252100e+00  -3.9558000e+00   6.2390000e+00   3.4012000e+00   5.6872000e+00   3.4012000e+00  -2.5416700e+07
   6.0249500e+00  -3.9557800e+00   6.2385000e+00   3.4011900e+00   5.6872100e+00   3.4012000e+00  -2.5416700e+07
   6.0250900e+00  -3.9557600e+00   6.2390800e+00   3.4011900e+00   5.6873300e+00   3.4012000e+00  -2.5416700e+07
   6.0249900e+00  -3.9557300e+00   6.2391000e+00   3.4011900e+00   5.6874400e+00   3.4011900e+00  -2.5416700e+07
   6.0250000e+00  -3.9557300e+00   6.2388500e+00   3.4011900e+00   5.6872900e+00   3.4012000e+00  -2.5416700e+07
   6.0250700e+00  -3.9556800e+00   6.2389500e+00   3.4011900e+00   5.6873400e+00   3.4012000e+00  -2.5416700e+07
   6.0251100e+00  -3.9556900e+00   6.2393100e+00   3.4011700e+00   5.6874000e+00   3.4011900e+00  -2.5416700e+07
   6.0250900e+00  -3.9556700e+00   6.2388800e+00   3.4011800e+00   5.6873100e+00   3.4011900e+00  -2.5416700e+07
   6.0247700e+00  -3.9557200e+00   6.2386900e+00   3.4011900e+00   5.6873900e+00   3.4012000e+00  -2.5416700e+07
   6.0250300e+00  -3.9557000e+00   6.2389600e+00   3.4011900e+00   5.6874300e+00   3.4012000e+00  -2.5416700e+07
   6.0250400e+00  -3.9557300e+00   6.2390800e+00   3.4011800e+00   5.6874100e+00   3.4012000e+00  -2.5416700e+07
   6.0251000e+00  -3.9556900e+00   6.2392100e+00   3.4011800e+00   5.6872900e+00   3.4012000e+00  -2.5416700e+07
   6.0250200e+00  -3.9557300e+00   6.2390200e+00   3.4011800e+00   5.6872300e+00   3.4012000e+00  -2.5416700e+07
   6.0251600e+00  -3.9558100e+00   6.2389700e+00   3.4011900e+00   5.6873100e+00   3.4012000e+00  -2.5416700e+07
   6.0251100e+00  -3.9557800e+00   6.2388700e+00   3.4012000e+00   5.6873600e+00   3.4011900e+00  -2.5416700e+07
   6.0250100e+00  -3.9558000e+00   6.2388500e+00   3.4011900e+00   5.6872800e+00   3.4012000e+00  -2.5416700e+07
   6.0252600e+00  -3.9559300e+00   6.2391000e+00   3.4011900e+00   5.6873700e+00   3.4012000e+00  -2.5416700e+07
   6.0251500e+00  -3.9560300e+00   6.2386500e+00   3.4012000e+00   5.6873900e+00   3.4012000e+00  -2.5416700e+07
   6.0252800e+00  -3.9560300e+00   6.2388400e+00   3.4012000e+00   5.6871700e+00   3.4011900e+00  -2.5416700e+07
   6.0252900e+00  -3.9561100e+00   6.2391100e+00   3.4012000e+00   5.6873300e+00   3.4012000e+00  -2.5416700e+07
   6.0252700e+00  -3.9561800e+00   6.2388400e+00   3.4011800e+00   5.6872500e+00   3.4011900e+00  -2.5416700e+07
   6.0254800e+00  -3.9562600e+00   6.2392200e+00   3.4012000e+00   5.6872800e+00   3.4012000e+00  -2.5416700e+07
   6.0253400e+00  -3.9563700e+00   6.2389400e+00   3.4011800e+00   5.6873800e+00   3.4012000e+00  -2.5416700e+07
   6.0250900e+00  -3.9562000e+00   6.2387000e+00   3.4011500e+00   5.6873700e+00   3.4012000e+00  -2.5416700e+07
   6.0254000e+00  -3.9563300e+00   6.2389300e+00   3.4011900e+00   5.6872800e+00   3.4012000e+00  -2.5416700e+07
   6.0251500e+00  -3.9563600e+00   6.2387700e+00   3.4011900e+00   5.6873100e+00   3.4012000e+00  -2.5416700e+07
   6.0253600e+00  -3.9562800e+00   6.2388200e+00   3.4011800e+00   5.6873600e+00   3.4012000e+00  -2.5416700e+07
   6.0251000e+00  -3.9562200e+00   6.2388700e+00   3.4012000e+00   5.6873200e+00   3.4011900e+00  -2.5416700e+07
   6.0252600e+00  -3.9562500e+00   6.2389800e+00   3.4011900e+00   5.6872700e+00   3.4012000e+00  -2.5416700e+07
   6.0252400e+00  -3.9561700e+00   6.2389100e+00   3.4012000e+00   5.6872800e+00   3.4011900e+00  -2.5416700e+07
   6.0253200e+00  -3.9562300e+00   6.2390500e+00   3.4012000e+00   5.6872900e+00   3.4012000e+00  -2.5416700e+07
   6.0253000e+00  -3.9562800e+00   6.2389400e+00   3.4011900e+00   5.6873900e+00   3.4012000e+00  -2.5416700e+07
   6.0253900e+00  -3.9563800e+00   6.2388900e+00   3.4011600e+00   5.6873900e+00   3.4012000e+00  -2.5416700e+07
   6.0254400e+00  -3.9563500e+00   6.2390100e+00   3.4012000e+00   5.6872700e+00   3.4012000e+00  -2.5416700e+07
   6.0253300e+00  -3.9562700e+00   6.2389700e+00   3.4011700e+00   5.6872600e+00   3.4012000e+00  -2.5416700e+07
   6.0252100e+00  -3.9562900e+00   6.2387500e+00   3.4011900e+00   5.6872700e+00   3.4012000e+00  -2.5416700e+07
   6.0253300e+00  -3.9561700e+00   6.2390600e+00   3.4011900e+00   5.6872800e+00   3.4011900e+00  -2.5416700e+07
   6.0253100e+00  -3.9560900e+00   6.2390200e+00   3.4011900e+00   5.6873600e+00   3.4011900e+00  -2.5416700e+07
   6.0252200e+00  -3.9561900e+00   6.2387600e+00   3.4011900e+00   5.6872400e+00   3.4012000e+00  -2.5416700e+07
   6.0252800e+00  -3.9561400e+00   6.2389400e+00   3.4011900e+00   5.6873300e+00   3.4012000e+00  -2.5416700e+07
   6.0254000e+00  -3.9561800e+00   6.2389400e+00   3.4011900e+00   5.6872400e+00   3.4012000e+00  -2.5416700e+07
   6.0253100e+00  -3.9561600e+00   6.2390300e+00   3.4011900e+00   5.6872400e+00   3.4012000e+00  -2.5416700e+07
   6.0252700e+00  -3.9562300e+00   6.2388300e+00   3.4011900e+00   5.6872400e+00   3.4011900e+00  -2.5416700e+07
   6.0254400e+00  -3.9562000e+00   6.2389400e+00   3.4011700e+00   5.6872500e+00   3.4012000e+00  -2.5416700e+07
   6.0250300e+00  -3.9560100e+00   6.2387700e+00   3.4011900e+00   5.6872800e+00   3.4012000e+00  -2.5416700e+07
   6.0252000e+00  -3.9559400e+00   6.2389500e+00   3.4011800e+00   5.6873300e+00   3.4012000e+00  -2.5416700e+07
   6.0251000e+00  -3.9559600e+00   6.2388300e+00   3.4011900e+00   5.6872700e+00   3.4011900e+00  -2.5416700e+07
   6.0249900e+00  -3.9559000e+00   6.2388500e+00   3.4011800e+00   5.6872800e+00   3.4012000e+00  -2.5416700e+07
   6.0249700e+00  -3.9559300e+00   6.2386700e+00   3.4011800e+00   5.6872500e+00   3.4012000e+00  -2.5416700e+07
   6.0251800e+00  -3.9558700e+00   6.2390900e+00   3.4011900e+00   5.6873400e+00   3.4012000e+00  -2.5416700e+07
   6.0250300e+00  -3.9559700e+00   6.2387600e+00   3.4011800e+00   5.6872900e+00   3.4012000e+00  -2.5416700e+07
   6.0251000e+00  -3.9559900e+00   6.2389700e+00   3.4011900e+00   5.6873000e+00   3.4011900e+00  -2.5416700e+07
   6.0251100e+00  -3.9560100e+00   6.2387500e+00   3.4011800e+00   5.6872700e+00   3.4012000e+00  -2.5416700e+07
   6.0251800e+00  -3.9559200e+00   6.2390100e+00   3.4012000e+00   5.6872100e+00   3.4011900e+00  -2.5416700e+07
   6.0252600e+00  -3.9559300e+00   6.2390100e+00   3.4012000e+00   5.6873000e+00   3.4011900e+00  -2.5416700e+07
   6.0251700e+00  -3.9558200e+00   6.2389100e+00   3.4012000e+00   5.6873000e+00   3.4012000e+00  -2.5416700e+07
   6.0249600e+00  -3.9557100e+00   6.2389400e+00   3.4011900e+00   5.6872600e+00   3.4012000e+00  -2.5416700e+07
   6.0250500e+00  -3.9556800e+00   6.2388000e+00   3.4012000e+00   5.6873000e+00   3.4012000e+00  -2.5416700e+07
   6.0250800e+00  -3.9556900e+00   6.2388700e+00   3.4011900e+00   5.6872400e+00   3.4011900e+00  -2.5416700e+07
   6.0249800e+00  -3.9556200e+00   6.2388700e+00   3.4011900e+00   5.6873000e+00   3.4012000e+00  -2.5416700e+07
   6.0249400e+00  -3.9556000e+00   6.2387700e+00   3.4011700e+00   5.6872200e+00   3.4012000e+00  -2.5416700e+07
   6.0249100e+00  -3.9556000e+00   6.2389500e+00   3.4011900e+00   5.6873100e+00   3.4012000e+00  -2.5416700e+07
   6.0249300e+00  -3.9556500e+00   6.2391000e+00   3.4011800e+00   5.6873900e+00   3.4012000e+00  -2.5416700e+07
   6.0251600e+00  -3.9557500e+00   6.2390900e+00   3.4011900e+00   5.6873400e+00   3.4012000e+00  -2.5416700e+07
   6.0251300e+00  -3.9557300e+00   6.2390200e+00   3.4012000e+00   5.6873100e+00   3.4012000e+00  -2.5416700e+07
   6.0251200e+00  -3.9557100e+00   6.2390800e+00   3.4011900e+00   5.6873800e+00   3.4012000e+00  -2.5416700e+07
   6.0249700e+00  -3.9556200e+00   6.2388300e+00   3.4011800e+00   5.6873400e+00   3.4011900e+00  -2.5416700e+07
   6.0250500e+00  -3.9556300e+00   6.2389100e+00   3.4011800e+00   5.6873300e+00   3.4011900e+00  -2.5416700e+07
   6.0251700e+00  -3.9557800e+00   6.2391300e+00   3.4011900e+00   5.6873300e+00   3.4012000e+00  -2.5416700e+07
   6.0251800e+00  -3.9559000e+00   6.2389200e+00   3.4011800e+00   5.6873600e+00   3.4011900e+00  -2.5416700e+07
   6.0251500e+00  -3.9559200e+00   6.2389500e+00   3.4011900e+00   5.6872900e+00   3.4012000e+00  -2.5416700e+07
   6.0252000e+00  -3.9559000e+00   6.2389600e+00   3.4012000e+00   5.6873000e+00   3.4012000e+00  -2.5416700e+07
   6.0253000e+00  -3.9559200e+00   6.2393500e+00   3.4011800e+00   5.6874100e+00   3.4012000e+00  -2.5416700e+07
   6.0251600e+00  -3.9559200e+00   6.2388300e+00   3.4011800e+00   5.6873100e+00   3.4011900e+00  -2.5416700e+07
   6.0251700e+00  -3.9559100e+00   6.2391700e+00   3.4011500e+00   5.6874700e+00   3.4012000e+00  -2.5416700e+07
   6.0250200e+00  -3.9558700e+00   6.2390300e+00   3.4011900e+00   5.6873800e+00   3.4012000e+00  -2.5416700e+07
   6.0250100e+00  -3.9559100e+00   6.2386200e+00   3.4012000e+00   5.6872600e+00   3.4012000e+00  -2.5416700e+07
   6.0252000e+00  -3.9558900e+00   6.2389800e+00   3.4011800e+00   5.6873200e+00   3.4012000e+00  -2.5416700e+07
   6.0250100e+00  -3.9558600e+00   6.2387800e+00   3.4011900e+00   5.6873300e+00   3.4012000e+00  -2.5416700e+07
   6.0250900e+00  -3.9558700e+00   6.2390600e+00   3.4011900e+00   5.6873600e+00   3.4012000e+00  -2.5416700e+07
   6.0250700e+00  -3.9559500e+00   6.2390800e+00   3.4011900e+00   5.6874500e+00   3.4011900e+00  -2.5416700e+07
   6.0252300e+00  -3.9559500e+00   6.2390500e+00   3.4011800e+00   5.6873900e+00   3.4011900e+00  -2.5416700e+07
   6.0251300e+00  -3.9559100e+00   6.2389500e+00   3.4011900e+00   5.6873400e+00   3.4012000e+00  -2.5416700e+07
   6.0246700e+00  -3.9558300e+00   6.2388000e+00   3.4011900e+00   5.6875100e+00   3.4012000e+00  -2.5416700e+07
   6.0251900e+00  -3.9558100e+00   6.2391700e+00   3.4011800e+00   5.6873200e+00   3.4012000e+00  -2.5416700e+07
   6.0250600e+00  -3.9558500e+00   6.2386500e+00   3.4011800e+00   5.6872300e+00   3.4012000e+00  -2.5416700e+07
   6.0251600e+00  -3.9558600e+00   6.2388100e+00   3.4012000e+00   5.6874300e+00   3.4011900e+00  -2.5416700e+07
   6.0252300e+00  -3.9558400e+00   6.2390900e+00   3.4011800e+00   5.6873500e+00   3.4011900e+00  -2.5416700e+07
   6.0251200e+00  -3.9558000e+00   6.2389600e+00   3.4011900e+00   5.6872800e+00   3.4012000e+00  -2.5416700e+07
   6.0249300e+00  -3.9558200e+00   6.2388900e+00   3.4011900e+00   5.6873100e+00   3.4012000e+00  -2.5416700e+07
   6.0251500e+00  -3.9559500e+00   6.2389700e+00   3.4011800e+00   5.6873200e+00   3.4012000e+00  -2.5416700e+07
   6.0250700e+00  -3.9560000e+00   6.2389100e+00   3.4011900e+00   5.6872600e+00   3.4011900e+00  -2.5416700e+07
   6.0251000e+00  -3.9560400e+00   6.2388700e+00   3.4011800e+00   5.6873200e+00   3.4011900e+00  -2.5416700e+07
   6.0250200e+00  -3.9560700e+00   6.2388800e+00   3.4011800e+00   5.6873800e+00   3.4012000e+00  -2.5416700e+07
   6.0251700e+00  -3.9559800e+00   6.2390400e+00   3.4011800e+00   5.6873100e+00   3.4011900e+00  -2.5416700e+07
   6.0252100e+00  -3.9560400e+00   6.2389800e+00   3.4012000e+00   5.6872500e+00   3.4012000e+00  -2.5416700e+07
   6.0252800e+00  -3.9561500e+00   6.2389700e+00   3.4011900e+00   5.6872100e+00   3.4011900e+00  -2.5416700e+07
   6.0252900e+00  -3.9560200e+00   6.2392600e+00   3.4011900e+00   5.6873700e+00   3.4012000e+00  -2.5416700e+07
   6.0253200e+00  -3.9560600e+00   6.2390900e+00   3.4011900e+00   5.6873500e+00   3.4012000e+00  -2.5416700e+07
   6.0253100e+00  -3.9561100e+00   6.2391000e+00   3.4011800e+00   5.6874100e+00   3.4012000e+00  -2.5416700e+07
   6.0252100e+00  -3.9560600e+00   6.2389000e+00   3.4012000e+00   5.6873900e+00   3.4012000e+00  -2.5416700e+07
   6.0252400e+00  -3.9561000e+00   6.2385700e+00   3.4011900e+00   5.6872300e+00   3.4012000e+00  -2.5416700e+07
   6.0251500e+00  -3.9561100e+00   6.2388800e+00   3.4012000e+00   5.6872800e+00   3.4011900e+00  -2.5416700e+07
   6.0251700e+00  -3.9560700e+00   6.2389800e+00   3.4012000e+00   5.6873600e+00   3.4011900e+00  -2.5416700e+07
   6.0250700e+00  -3.9561200e+00   6.2386600e+00   3.4011900e+00   5.6871600e+00   3.4012000e+00  -2.5416700e+07
   6.0252900e+00  -3.9561000e+00   6.2387900e+00   3.4011900e+00   5.6872900e+00   3.4011900e+00  -2.5416700e+07
   6.0251800e+00  -3.9560200e+00   6.2389800e+00   3.4011900e+00   5.6873200e+00   3.4012000e+00  -2.5416700e+07
   6.0250900e+00  -3.9560500e+00   6.2387700e+00   3.4011900e+00   5.6872900e+00   3.4012000e+00  -2.5416700e+07
   6.0254200e+00  -3.9561300e+00   6.2389200e+00   3.4011900e+00   5.6872200e+00   3.4011900e+00  -2.5416700e+07
   6.0251100e+00  -3.9561700e+00   6.2388500e+00   3.4011800e+00   5.6873400e+00   3.4011900e+00  -2.5416700e+07
   6.0253100e+00  -3.9561500e+00   6.2391600e+00   3.4011700e+00   5.6873600e+00   3.4011900e+00  -2.5416700e+07
   6.0251700e+00  -3.9561600e+00   6.2388400e+00   3.4011900e+00   5.6873300e+00   3.4012000e+00  -2.5416700e+07
   6.0254100e+00  -3.9561400e+00   6.2387500e+00   3.4011900e+00   5.6872000e+00   3.4012000e+00  -2.5416700e+07
   6.0254900e+00  -3.9562400e+00   6.2393300e+00   3.4011900e+00   5.6872800e+00   3.4011900e+00  -2.5416700e+07
   6.0252000e+00  -3.9562100e+00   6.2388500e+00   3.4011900e+00   5.6873200e+00   3.4012000e+00  -2.5416700e+07
   6.0253000e+00  -3.9561700e+00   6.2390100e+00   3.4011900e+00   5.6872600e+00   3.4011900e+00  -2.5416700e+07
   6.0251700e+00  -3.9561400e+00   6.2388200e+00   3.4011900e+00   5.6872400e+00   3.4012000e+00  -2.5416700e+07
   6.0251700e+00  -3.9561300e+00   6.2389500e+00   3.4011900e+00   5.6872900e+00   3.4012000e+00  -2.5416700e+07
   6.0253500e+00  -3.9561400e+00   6.2389400e+00   3.4011900e+00   5.6873400e+00   3.4012000e+00  -2.5416700e+07
   6.0252500e+00  -3.9561300e+00   6.2390100e+00   3.4011800e+00   5.6872900e+00   3.4011900e+00  -2.5416700e+07
   6.0253600e+00  -3.9562700e+00   6.2391500e+00   3.4011800e+00   5.6873000e+00   3.4012000e+00  -2.5416700e+07
   6.0252800e+00  -3.9563500e+00   6.2386800e+00   3.4011900e+00   5.6872800e+00   3.4012000e+00  -2.5416700e+07
   6.0254000e+00  -3.9562900e+00   6.2391300e+00   3.4011900e+00   5.6873400e+00   3.4012000e+00  -2.5416700e+07
   6.0252500e+00  -3.9563200e+00   6.2390100e+00   3.4011800e+00   5.6873500e+00   3.4011900e+00  -2.5416700e+07
   6.0252500e+00  -3.9563300e+00   6.2389000e+00   3.4011900e+00   5.6873600e+00   3.4012000e+00  -2.5416700e+07
   6.0253100e+00  -3.9563100e+00   6.2389000e+00   3.4012000e+00   5.6873400e+00   3.4011900e+00  -2.5416700e+07
   6.0252500e+00  -3.9562900e+00   6.2389800e+00   3.4011900e+00   5.6873800e+00   3.4011900e+00  -2.5416700e+07
   6.0252800e+00  -3.9563000e+00   6.2389200e+00   3.4011900e+00   5.6872700e+00   3.4012000e+00  -2.5416700e+07
   6.0253100e+00  -3.9562500e+00   6.2390600e+00   3.4011900e+00   5.6873100e+00   3.4012000e+00  -2.5416700e+07
   6.0253600e+00  -3.9561800e+00   6.2389900e+00   3.4011900e+00   5.6873800e+00   3.4011900e+00  -2.5416700e+07
   6.0252800e+00  -3.9561800e+00   6.2388700e+00   3.4011800e+00   5.6873300e+00   3.4012000e+00  -2.5416700e+07
   6.0251900e+00  -3.9561500e+00   6.2390000e+00   3.4011800e+00   5.6873200e+00   3.4012000e+00  -2.5416700e+07
   6.0251100e+00  -3.9562000e+00   6.2389200e+00   3.4011800e+00   5.6873300e+00   3.4012000e+00  -2.5416700e+07
   6.0251300e+00  -3.9562700e+00   6.2387800e+00   3.4012000e+00   5.6873700e+00   3.4012000e+00  -2.5416700e+07
   6.0253600e+00  -3.9563600e+00   6.2389200e+00   3.4011700e+00   5.6872800e+00   3.4011900e+00  -2.5416700e+07
   6.0255600e+00  -3.9563500e+00   6.2391800e+00   3.4011900e+00   5.6872700e+00   3.4011900e+00  -2.5416700e+07
   6.0250800e+00  -3.9563000e+00   6.2387900e+00   3.4011900e+00   5.6874700e+00   3.4012000e+00  -2.5416700e+07
   6.0254100e+00  -3.9563200e+00   6.2390300e+00   3.4012000e+00   5.6873200e+00   3.4012000e+00  -2.5416700e+07
   6.0252600e+00  -3.9564300e+00   6.2388600e+00   3.4011800e+00   5.6873500e+00   3.4011900e+00  -2.5416700e+07
   6.0255500e+00  -3.9564900e+00   6.2391500e+00   3.4011900e+00   5.6873000e+00   3.4012000e+00  -2.5416700e+07
   6.0254100e+00  -3.9565400e+00   6.2390800e+00   3.4011900e+00   5.6872900e+00   3.4012000e+00  -2.5416700e+07
   6.0253800e+00  -3.9565500e+00   6.2389400e+00   3.4012000e+00   5.6873700e+00   3.4012000e+00  -2.5416700e+07
   6.0255000e+00  -3.9566400e+00   6.2389500e+00   3.4011900e+00   5.6872800e+00   3.4011900e+00  -2.5416700e+07
   6.0255400e+00  -3.9565800e+00   6.2388600e+00   3.4012000e+00   5.6871800e+00   3.4012000e+00  -2.5416700e+07
   6.0255000e+00  -3.9565500e+00   6.2390700e+00   3.4011900e+00   5.6873300e+00   3.4012000e+00  -2.5416700e+07
   6.0255600e+00  -3.9565000e+00   6.2389500e+00   3.4012000e+00   5.6872200e+00   3.4012000e+00  -2.5416700e+07
   6.0252700e+00  -3.9564500e+00   6.2388400e+00   3.4011600e+00   5.6872900e+00   3.4012000e+00  -2.5416700e+07
   6.0254500e+00  -3.9564900e+00   6.2391300e+00   3.4011800e+00   5.6873200e+00   3.4012000e+00  -2.5416700e+07
   6.0256100e+00  -3.9564700e+00   6.2391400e+00   3.4011900e+00   5.6873100e+00   3.4012000e+00  -2.5416700e+07
   6.0253100e+00  -3.9564500e+00   6.2387000e+00   3.4011900e+00   5.6873600e+00   3.4012000e+00  -2.5416700e+07
   6.0254300e+00  -3.9564600e+00   6.2389000e+00   3.4011900e+00   5.6872900e+00   3.4012000e+00  -2.5416700e+07
   6.0253600e+00  -3.9564800e+00   6.2387800e+00   3.4011900e+00   5.6872700e+00   3.4012000e+00  -2.5416700e+07
   6.0255000e+00  -3.9565000e+00   6.2388900e+00   3.4011900e+00   5.6873000e+00   3.4012000e+00  -2.5416700e+07
   6.0253500e+00  -3.9564800e+00   6.2388200e+00   3.4011900e+00   5.6872500e+00   3.4012000e+00  -2.5416700e+07
   6.0254000e+00  -3.9564400e+00   6.2389200e+00   3.4011900e+00   5.6873600e+00   3.4011900e+00  -2.5416700e+07
   6.0255900e+00  -3.9564000e+00   6.2391600e+00   3.4011900e+00   5.6872600e+00   3.4012000e+00  -2.5416700e+07
   6.0253000e+00  -3.9564400e+00   6.2388900e+00   3.4011900e+00   5.6873200e+00   3.4012000e+00  -2.5416700e+07
   6.0253900e+00  -3.9564000e+00   6.2388700e+00   3.4011900e+00   5.6873000e+00   3.4012000e+00  -2.5416700e+07
   6.0253300e+00  -3.9564000e+00   6.2388900e+00   3.4011700e+00   5.6873100e+00   3.4011900e+00  -2.5416700e+07
   6.0253800e+00  -3.9563700e+00   6.2388000e+00   3.4012000e+00   5.6873200e+00   3.4012000e+00  -2.5416700e+07
   6.0252100e+00  -3.9562800e+00   6.2388100e+00   3.4012000e+00   5.6872900e+00   3.4012000e+00  -2.5416700e+07
   6.0252700e+00  -3.9562800e+00   6.2389400e+00   3.4011800e+00   5.6873300e+00   3.4012000e+00  -2.5416700e+07
   6.0253900e+00  -3.9562500e+00   6.2390100e+00   3.4012000e+00   5.6873800e+00   3.4012000e+00  -2.5416700e+07
   6.0251400e+00  -3.9562500e+00   6.2385700e+00   3.4011900e+00   5.6873000e+00   3.4012000e+00  -2.5416700e+07
   6.0251900e+00  -3.9562600e+00   6.2385800e+00   3.4011900e+00   5.6873100e+00   3.4012000e+00  -2.5416700e+07
   6.0254200e+00  -3.9563300e+00   6.2388300e+00   3.4012000e+00   5.6872100e+00   3.4011900e+00  -2.5416700e+07
   6.0254500e+00  -3.9562600e+00   6.2390700e+00   3.4011900e+00   5.6873300e+00   3.4012000e+00  -2.5416700e+07
   6.0253900e+00  -3.9563200e+00   6.2390200e+00   3.4011900e+00   5.6872700e+00   3.4011900e+00  -2.5416700e+07
   6.0252300e+00  -3.9562900e+00   6.2389300e+00   3.4012000e+00   5.6873200e+00   3.4011900e+00  -2.5416700e+07
   6.0253100e+00  -3.9563400e+00   6.2388600e+00   3.4011900e+00   5.6872800e+00   3.4012000e+00  -2.5416700e+07
   6.0250900e+00  -3.9563300e+00   6.2386900e+00   3.4011900e+00   5.6873300e+00   3.4012000e+00  -2.5416700e+07
   6.0253600e+00  -3.9563200e+00   6.2389600e+00   3.4012000e+00   5.6873600e+00   3.4012000e+00  -2.5416700e+07
   6.0253900e+00  -3.9563500e+00   6.2390700e+00   3.4011800e+00   5.6874200e+00   3.4012000e+00  -2.5416700e+07
   6.0253200e+00  -3.9562300e+00   6.2388800e+00   3.4011800e+00   5.6873900e+00   3.4011900e+00  -2.5416700e+07
   6.0254900e+00  -3.9562200e+00   6.2389500e+00   3.4012000e+00   5.6872000e+00   3.4011900e+00  -2.5416700e+07
   6.0252500e+00  -3.9562400e+00   6.2389000e+00   3.4012000e+00   5.6873100e+00   3.4011900e+00  -2.5416700e+07
   6.0253500e+00  -3.9562800e+00   6.2390800e+00   3.4011800e+00   5.6872200e+00   3.4011900e+00  -2.5416700e+07
   6.0251400e+00  -3.9562100e+00   6.2387100e+00   3.4012000e+00   5.6873200e+00   3.4012000e+00  -2.5416700e+07
   6.0253900e+00  -3.9561700e+00   6.2390200e+00   3.4011800e+00   5.6872700e+00   3.4011900e+00  -2.5416700e+07
   6.0251900e+00  -3.9562000e+00   6.2387600e+00   3.4011900e+00   5.6872200e+00   3.4011900e+00  -2.5416700e+07
   6.0250900e+00  -3.9562000e+00   6.2390600e+00   3.4011900e+00   5.6873600e+00   3.4012000e+00  -2.5416700e+07
   6.0252300e+00  -3.9562300e+00   6.2389400e+00   3.4011900e+00   5.6872500e+00   3.4011900e+00  -2.5416700e+07
   6.0252100e+00  -3.9562000e+00   6.2388800e+00   3.4011900e+00   5.6874200e+00   3.4012000e+00  -2.5416700e+07
   6.0252900e+00  -3.9561300e+00   6.2388200e+00   3.4011700e+00   5.6872200e+00   3.4012000e+00  -2.5416700e+07
   6.0252300e+00  -3.9561500e+00   6.2387700e+00   3.4011900e+00   5.6872900e+00   3.4012000e+00  -2.5416700e+07
   6.0253300e+00  -3.9561700e+00   6.2388900e+00   3.4011900e+00   5.6873300e+00   3.4012000e+00  -2.5416700e+07
   6.0252000e+00  -3.9562300e+00   6.2390300e+00   3.4011300e+00   5.6873400e+00   3.4012000e+00  -2.5416700e+07
   6.0251900e+00  -3.9562000e+00   6.2389700e+00   3.4012000e+00   5.6873200e+00   3.4012000e+00  -2.5416700e+07
   6.0252200e+00  -3.9561900e+00   6.2387700e+00   3.4011900e+00   5.6873000e+00   3.4011900e+00  -2.5416700e+07
   6.0251100e+00  -3.9562000e+00   6.2389300e+00   3.4011700e+00   5.6873700e+00   3.4012000e+00  -2.5416700e+07
   6.0252400e+00  -3.9562400e+00   6.2389300e+00   3.4011800e+00   5.6873400e+00   3.4012000e+00  -2.5416700e+07
   6.0252600e+00  -3.9563000e+00   6.2387300e+00   3.4012000e+00   5.6872400e+00   3.4011900e+00  -2.5416700e+07
   6.0254200e+00  -3.9562900e+00   6.2389900e+00   3.4011900e+00   5.6872200e+00   3.4012000e+00  -2.5416700e+07
   6.0251800e+00  -3.9563200e+00   6.2387600e+00   3.4012000e+00   5.6873400e+00   3.4011900e+00  -2.5416700e+07
   6.0253300e+00  -3.9563600e+00   6.2388600e+00   3.4012000e+00   5.6873100e+00   3.4012000e+00  -2.5416700e+07
   6.0252900e+00  -3.9563800e+00   6.2389100e+00   3.4011900e+00   5.6872500e+00   3.4012000e+00  -2.5416700e+07
   6.0254400e+00  -3.9565100e+00   6.2389300e+00   3.4011900e+00   5.6873400e+00   3.4012000e+00  -2.5416700e+07
   6.0256400e+00  -3.9565700e+00   6.2390200e+00   3.4012000e+00   5.6872400e+00   3.4012000e+00  -2.5416700e+07
   6.0254000e+00  -3.9565900e+00   6.2390000e+00   3.4011900e+00   5.6873600e+00   3.4011900e+00  -2.5416700e+07
   6.0252900e+00  -3.9565800e+00   6.2387500e+00   3.4011900e+00   5.6873500e+00   3.4012000e+00  -2.5416700e+07
   6.0253500e+00  -3.9565200e+00   6.2388000e+00   3.4011900e+00   5.6873400e+00   3.4012000e+00  -2.5416700e+07
   6.0253100e+00  -3.9563900e+00   6.2389600e+00   3.4011900e+00   5.6872700e+00   3.4011900e+00  -2.5416700e+07
   6.0252900e+00  -3.9562800e+00   6.2389700e+00   3.4011900e+00   5.6873400e+00   3.4012000e+00  -2.5416700e+07
   6.0252400e+00  -3.9562800e+00   6.2390000e+00   3.4011700e+00   5.6873200e+00   3.4011900e+00  -2.5416700e+07
   6.0254400e+00  -3.9563000e+00   6.2390300e+00   3.4011800e+00   5.6872200e+00   3.4012000e+00  -2.5416700e+07
   6.0252100e+00  -3.9562300e+00   6.2390600e+00   3.4011900e+00   5.6873700e+00   3.4011900e+00  -2.5416700e+07
   6.0251900e+00  -3.9562200e+00   6.2388800e+00   3.4012000e+00   5.6873100e+00   3.4012000e+00  -2.5416700e+07
   6.0251700e+00  -3.9561200e+00   6.2387300e+00   3.4011900e+00   5.6873100e+00   3.4012000e+00  -2.5416700e+07
   6.0253100e+00  -3.9561200e+00   6.2391200e+00   3.4012000e+00   5.6873900e+00   3.4012000e+00  -2.5416700e+07
   6.0252400e+00  -3.9562100e+00   6.2389900e+00   3.4011800e+00   5.6873200e+00   3.4012000e+00  -2.5416700e+07
   6.0252600e+00  -3.9563900e+00   6.2389000e+00   3.4011600e+00   5.6874200e+00   3.4012000e+00  -2.5416700e+07
   6.0254400e+00  -3.9564000e+00   6.2389100e+00   3.4011600e+00   5.6873500e+00   3.4012000e+00  -2.5416700e+07
   6.0253200e+00  -3.9563200e+00   6.2390500e+00   3.4011800e+00   5.6873600e+00   3.4011900e+00  -2.5416700e+07
   6.0251700e+00  -3.9562500e+00   6.2388800e+00   3.4011900e+00   5.6873400e+00   3.4012000e+00  -2.5416700e+07
   6.0253800e+00  -3.9561800e+00   6.2391200e+00   3.4011900e+00   5.6873000e+00   3.4011900e+00  -2.5416700e+07
   6.0251100e+00  -3.9562000e+00   6.2385300e+00   3.4012000e+00   5.6872200e+00   3.4011900e+00  -2.5416700e+07
   6.0252400e+00  -3.9562600e+00   6.2387700e+00   3.4011800e+00   5.6872900e+00   3.4011900e+00  -2.5416700e+07
   6.0254300e+00  -3.9562900e+00   6.2391500e+00   3.4011900e+00   5.6874000e+00   3.4012000e+00  -2.5416700e+07
   6.0252500e+00  -3.9562700e+00   6.2385100e+00   3.4012000e+00   5.6872000e+00   3.4012000e+00  -2.5416700e+07
   6.0252900e+00  -3.9562700e+00   6.2389300e+00   3.4012000e+00   5.6872400e+00   3.4012000e+00  -2.5416700e+07
   6.0251700e+00  -3.9561700e+00   6.2389300e+00   3.4011900e+00   5.6873400e+00   3.4012000e+00  -2.5416700e+07
   6.0252700e+00  -3.9562400e+00   6.2390000e+00   3.4011900e+00   5.6874200e+00   3.4012000e+00  -2.5416700e+07
   6.0255500e+00  -3.9562600e+00   6.2392000e+00   3.4011900e+00   5.6873300e+00   3.4011900e+00  -2.5416700e+07
   6.0252500e+00  -3.9563600e+00   6.2389800e+00   3.4011900e+00   5.6873100e+00   3.4012000e+00  -2.5416700e+07
   6.0252900e+00  -3.9562600e+00   6.2386800e+00   3.4011700e+00   5.6872300e+00   3.4012000e+00  -2.5416700e+07
   6.0253200e+00  -3.9563300e+00   6.2389100e+00   3.4011900e+00   5.6873000e+00   3.4012000e+00  -2.5416700e+07
   6.0253700e+00  -3.9563700e+00   6.2388600e+00   3.4011900e+00   5.6873600e+00   3.4012000e+00  -2.5416700e+07
   6.0255800e+00  -3.9564300e+00   6.2391300e+00   3.4012000e+00   5.6872400e+00   3.4012000e+00  -2.5416700e+07
   6.0253100e+00  -3.9563500e+00   6.2387800e+00   3.4012000e+00   5.6872100e+00   3.4011900e+00  -2.5416700e+07
   6.0252100e+00  -3.9562400e+00   6.2387700e+00   3.4011900e+00   5.6873500e+00   3.4012000e+00  -2.5416700e+07
   6.0254000e+00  -3.9562800e+00   6.2389600e+00   3.4011900e+00   5.6871500e+00   3.4012000e+00  -2.5416700e+07
   6.0253000e+00  -3.9563500e+00   6.2388300e+00   3.4011900e+00   5.6873200e+00   3.4012000e+00  -2.5416700e+07
   6.0254400e+00  -3.9563500e+00   6.2388800e+00   3.4011700e+00   5.6872400e+00   3.4011900e+00  -2.5416700e+07
   6.0253300e+00  -3.9563800e+00   6.2390000e+00   3.4012000e+00   5.6872700e+00   3.4012000e+00  -2.5416700e+07
   6.0252500e+00  -3.9564400e+00   6.2388500e+00   3.4011900e+00   5.6873300e+00   3.4012000e+00  -2.5416700e+07
   6.0253900e+00  -3.9564000e+00   6.2387400e+00   3.4011800e+00   5.6872700e+00   3.4011900e+00  -2.5416700e+07
   6.0254100e+00  -3.9563900e+00   6.2388600e+00   3.4011900e+00   5.6873600e+00   3.4011900e+00  -2.5416700e+07
   6.0253400e+00  -3.9564100e+00   6.2388400e+00   3.4011900e+00   5.6872200e+00   3.4011900e+00  -2.5416700e+07
   6.0254500e+00  -3.9562600e+00   6.2389800e+00   3.4011900e+00   5.6872000e+00   3.4012000e+00  -2.5416700e+07
   6.0250900e+00  -3.9562400e+00   6.2387700e+00   3.4011900e+00   5.6873300e+00   3.4012000e+00  -2.5416700e+07
   6.0253200e+00  -3.9562500e+00   6.2391200e+00   3.4011900e+00   5.6873700e+00   3.4011900e+00  -2.5416700e+07
   6.0253700e+00  -3.9561800e+00   6.2390300e+00   3.4011900e+00   5.6872600e+00   3.4011900e+00  -2.5416700e+07
   6.0252900e+00  -3.9562100e+00   6.2389900e+00   3.4011800e+00   5.6873300e+00   3.4011900e+00  -2.5416700e+07
   6.0253000e+00  -3.9562500e+00   6.2388700e+00   3.4011900e+00   5.6873000e+00   3.4012000e+00  -2.5416700e+07
   6.0252100e+00  -3.9561800e+00   6.2388900e+00   3.4011900e+00   5.6873300e+00   3.4012000e+00  -2.5416700e+07
   6.0252400e+00  -3.9560400e+00   6.2390300e+00   3.4011900e+00   5.6872200e+00   3.4012000e+00  -2.5416700e+07
   6.0253300e+00  -3.9560000e+00   6.2391000e+00   3.4011900e+00   5.6873100e+00   3.4012000e+00  -2.5416700e+07
   6.0250000e+00  -3.9559200e+00   6.2386900e+00   3.4011900e+00   5.6871600e+00   3.4012000e+00  -2.5416700e+07
   6.0251300e+00  -3.9558600e+00   6.2387600e+00   3.4011900e+00   5.6873200e+00   3.4012000e+00  -2.5416700e+07
   6.0252100e+00  -3.9558000e+00   6.2391500e+00   3.4011900e+00   5.6874200e+00   3.4012000e+00  -2.5416700e+07
   6.0252100e+00  -3.9558000e+00   6.2389100e+00   3.4011800e+00   5.6872900e+00   3.4011900e+00  -2.5416700e+07
   6.0250700e+00  -3.9557400e+00   6.2391600e+00   3.4011600e+00   5.6873400e+00   3.4012000e+00  -2.5416700e+07
   6.0251700e+00  -3.9557000e+00   6.2391500e+00   3.4011900e+00   5.6872700e+00   3.4011900e+00  -2.5416700e+07
   6.0248900e+00  -3.9557700e+00   6.2387500e+00   3.4011800e+00   5.6872600e+00   3.4012000e+00  -2.5416700e+07
   6.0253100e+00  -3.9558200e+00   6.2393000e+00   3.4011900e+00   5.6873200e+00   3.4012000e+00  -2.5416700e+07
   6.0251600e+00  -3.9557000e+00   6.2390500e+00   3.4011900e+00   5.6873600e+00   3.4012000e+00  -2.5416700e+07
   6.0251000e+00  -3.9557500e+00   6.2389200e+00   3.4011900e+00   5.6872500e+00   3.4012000e+00  -2.5416700e+07
   6.0251500e+00  -3.9557400e+00   6.2392400e+00   3.4012000e+00   5.6874400e+00   3.4011900e+00  -2.5416700e+07
   6.0251500e+00  -3.9557700e+00   6.2393200e+00   3.4011900e+00   5.6873700e+00   3.4012000e+00  -2.5416700e+07
   6.0252000e+00  -3.9557000e+00   6.2389200e+00   3.4012000e+00   5.6871700e+00   3.4012000e+00  -2.5416700e+07
   6.0250200e+00  -3.9556600e+00   6.2389300e+00   3.4011900e+00   5.6872900e+00   3.4011900e+00  -2.5416700e+07
   6.0248300e+00  -3.9555900e+00   6.2388700e+00   3.4011900e+00   5.6873400e+00   3.4012000e+00  -2.5416700e+07
   6.0250900e+00  -3.9556800e+00   6.2389300e+00   3.4011900e+00   5.6873600e+00   3.4012000e+00  -2.5416700e+07
   6.0249700e+00  -3.9556800e+00   6.2390200e+00   3.4011900e+00   5.6872800e+00   3.4012000e+00  -2.5416700e+07
   6.0251300e+00  -3.9557900e+00   6.2389300e+00   3.4011700e+00   5.6873200e+00   3.4011900e+00  -2.5416700e+07
   6.0252000e+00  -3.9558400e+00   6.2391400e+00   3.4011900e+00   5.6873800e+00   3.4012000e+00  -2.5416700e+07
   6.0250600e+00  -3.9559600e+00   6.2390400e+00   3.4011900e+00   5.6873600e+00   3.4012000e+00  -2.5416700e+07
   6.0252800e+00  -3.9560700e+00   6.2392100e+00   3.4011900e+00   5.6874400e+00   3.4012000e+00  -2.5416700e+07
   6.0249500e+00  -3.9560500e+00   6.2387400e+00   3.4011900e+00   5.6873500e+00   3.4012000e+00  -2.5416700e+07
   6.0251000e+00  -3.9560200e+00   6.2388100e+00   3.4011900e+00   5.6873800e+00   3.4011900e+00  -2.5416700e+07
   6.0250900e+00  -3.9559600e+00   6.2388600e+00   3.4011800e+00   5.6873700e+00   3.4011900e+00  -2.5416700e+07
   6.0253100e+00  -3.9560800e+00   6.2391500e+00   3.4011900e+00   5.6872900e+00   3.4012000e+00  -2.5416700e+07
   6.0250700e+00  -3.9560800e+00   6.2388800e+00   3.4011800e+00   5.6873500e+00   3.4012000e+00  -2.5416700e+07
   6.0251900e+00  -3.9560000e+00   6.2388700e+00   3.4011800e+00   5.6873400e+00   3.4011900e+00  -2.5416700e+07
   6.0250900e+00  -3.9560400e+00   6.2389100e+00   3.4011700e+00   5.6873300e+00   3.4012000e+00  -2.5416700e+07
   6.0252100e+00  -3.9559900e+00   6.2391800e+00   3.4011900e+00   5.6873500e+00   3.4012000e+00  -2.5416700e+07
   6.0252000e+00  -3.9560600e+00   6.2386800e+00   3.4011800e+00   5.6871700e+00   3.4012000e+00  -2.5416700e+07
   6.0252500e+00  -3.9560900e+00   6.2389400e+00   3.4011900e+00   5.6872700e+00   3.4012000e+00  -2.5416700e+07
   6.0253500e+00  -3.9561300e+00   6.2391600e+00   3.4011900e+00   5.6873800e+00   3.4012000e+00  -2.5416700e+07
   6.0252400e+00  -3.9561000e+00   6.2388200e+00   3.4011900e+00   5.6872300e+00   3.4011900e+00  -2.5416700e+07
   6.0253000e+00  -3.9560800e+00   6.2390000e+00   3.4011900e+00   5.6873700e+00   3.4012000e+00  -2.5416700e+07
   6.0250700e+00  -3.9560800e+00   6.2388000e+00   3.4011900e+00   5.6873100e+00   3.4011900e+00  -2.5416700e+07
   6.0252900e+00  -3.9561000e+00   6.2391800e+00   3.4011800e+00   5.6873800e+00   3.4012000e+00  -2.5416700e+07
   6.0251000e+00  -3.9560300e+00   6.2388800e+00   3.4011900e+00   5.6872600e+00   3.4012000e+00  -2.5416700e+07
   6.0252600e+00  -3.9560600e+00   6.2388800e+00   3.4011900e+00   5.6872600e+00   3.4012000e+00  -2.5416700e+07
   6.0250900e+00  -3.9560400e+00   6.2387200e+00   3.4011900e+00   5.6873100e+00   3.4012000e+00  -2.5416700e+07
   6.0252600e+00  -3.9560600e+00   6.2391300e+00   3.4011900e+00   5.6872600e+00   3.4012000e+00  -2.5416700e+07
   6.0250000e+00  -3.9560100e+00   6.2386100e+00   3.4012000e+00   5.6873300e+00   3.4011900e+00  -2.5416700e+07
   6.0254100e+00  -3.9560400e+00   6.2390400e+00   3.4011800e+00   5.6872400e+00   3.4011900e+00  -2.5416700e+07
   6.0251500e+00  -3.9559700e+00   6.2390200e+00   3.4012000e+00   5.6873100e+00   3.4011900e+00  -2.5416700e+07
   6.0253800e+00  -3.9560600e+00   6.2390200e+00   3.4011800e+00   5.6872500e+00   3.4011900e+00  -2.5416700e+07
   6.0251300e+00  -3.9559500e+00   6.2390000e+00   3.4012000e+00   5.6873100e+00   3.4012000e+00  -2.5416700e+07
   6.0250400e+00  -3.9559200e+00   6.2385400e+00   3.4011900e+00   5.6871600e+00   3.4012000e+00  -2.5416700e+07
   6.0250700e+00  -3.9559400e+00   6.2388000e+00   3.4011900e+00   5.6872700e+00   3.4011900e+00  -2.5416700e+07
   6.0249200e+00  -3.9559300e+00   6.2389000e+00   3.4011900e+00   5.6874600e+00   3.4012000e+00  -2.5416700e+07
   6.0250500e+00  -3.9559100e+00   6.2391000e+00   3.4011800e+00   5.6872800e+00   3.4011900e+00  -2.5416700e+07
   6.0251400e+00  -3.9559600e+00   6.2390300e+00   3.4011900e+00   5.6873300e+00   3.4011900e+00  -2.5416700e+07
   6.0251200e+00  -3.9559300e+00   6.2390100e+00   3.4012000e+00   5.6872900e+00   3.4012000e+00  -2.5416700e+07
   6.0252000e+00  -3.9559400e+00   6.2389800e+00   3.4011800e+00   5.6872000e+00   3.4012000e+00  -2.5416700e+07
   6.0250500e+00  -3.9559300e+00   6.2388000e+00   3.4011600e+00   5.6872700e+00   3.4012000e+00  -2.5416700e+07
   6.0253800e+00  -3.9559400e+00   6.2391000e+00   3.4011900e+00   5.6871800e+00   3.4011900e+00  -2.5416700e+07
   6.0252000e+00  -3.9558900e+00   6.2388200e+00   3.4011900e+00   5.6872800e+00   3.4011900e+00  -2.5416700e+07
   6.0251600e+00  -3.9558900e+00   6.2389600e+00   3.4011900e+00   5.6872800e+00   3.4012000e+00  -2.5416700e+07
   6.0250500e+00  -3.9559800e+00   6.2388800e+00   3.4011900e+00   5.6873100e+00   3.4012000e+00  -2.5416700e+07
   6.0251500e+00  -3.9559700e+00   6.2391000e+00   3.4011800e+00   5.6873700e+00   3.4011900e+00  -2.5416700e+07
   6.0251700e+00  -3.9560300e+00   6.2388600e+00   3.4011900e+00   5.6873100e+00   3.4012000e+00  -2.5416700e+07
   6.0251300e+00  -3.9559900e+00   6.2389700e+00   3.4012000e+00   5.6873400e+00   3.4012000e+00  -2.5416700e+07
   6.0251800e+00  -3.9559500e+00   6.2390300e+00   3.4011800e+00   5.6873000e+00   3.4012000e+00  -2.5416700e+07
   6.0252100e+00  -3.9559400e+00   6.2388800e+00   3.4011900e+00   5.6873400e+00   3.4011900e+00  -2.5416700e+07
   6.0253100e+00  -3.9560300e+00   6.2391600e+00   3.4011900e+00   5.6873400e+00   3.4012000e+00  -2.5416700e+07
   6.0252600e+00  -3.9560400e+00   6.2390100e+00   3.4011800e+00   5.6872900e+00   3.4012000e+00  -2.5416700e+07
   6.0252300e+00  -3.9560800e+00   6.2391600e+00   3.4012000e+00   5.6872500e+00   3.4012000e+00  -2.5416700e+07
   6.0252000e+00  -3.9561500e+00   6.2390500e+00   3.4011800e+00   5.6874000e+00   3.4011900e+00  -2.5416700e+07
   6.0253800e+00  -3.9561700e+00   6.2390600e+00   3.4011900e+00   5.6873700e+00   3.4012000e+00  -2.5416700e+07
   6.0252900e+00  -3.9561300e+00   6.2390000e+00   3.4011900e+00   5.6873100e+00   3.4012000e+00  -2.5416700e+07
   6.0251800e+00  -3.9561000e+00   6.2389300e+00   3.4011700e+00   5.6872800e+00   3.4011900e+00  -2.5416700e+07
   6.0250200e+00  -3.9560900e+00   6.2388300e+00   3.4011700e+00   5.6873600e+00   3.4012000e+00  -2.5416700e+07
   6.0251200e+00  -3.9561300e+00   6.2388000e+00   3.4011800e+00   5.6873700e+00   3.4012000e+00  -2.5416700e+07
   6.0252600e+00  -3.9561000e+00   6.2389600e+00   3.4011800e+00   5.6873100e+00   3.4011900e+00  -2.5416700e+07
   6.0250400e+00  -3.9562100e+00   6.2388800e+00   3.4011900e+00   5.6873300e+00   3.4012000e+00  -2.5416700e+07
   6.0252500e+00  -3.9562000e+00   6.2385900e+00   3.4011900e+00   5.6871200e+00   3.4011900e+00  -2.5416700e+07
   6.0255000e+00  -3.9562700e+00   6.2391100e+00   3.4011700e+00   5.6872300e+00   3.4012000e+00  -2.5416700e+07
   6.0253700e+00  -3.9562700e+00   6.2389800e+00   3.4012000e+00   5.6872100e+00   3.4012000e+00  -2.5416700e+07
   6.0253000e+00  -3.9561900e+00   6.2388100e+00   3.4011900e+00   5.6872600e+00   3.4011900e+00  -2.5416700e+07
   6.0252000e+00  -3.9561900e+00   6.2389300e+00   3.4011800e+00   5.6873500e+00   3.4012000e+00  -2.5416700e+07
   6.0251100e+00  -3.9561400e+00   6.2389900e+00   3.4011900e+00   5.6873600e+00   3.4012000e+00  -2.5416700e+07
   6.0250300e+00  -3.9561100e+00   6.2383600e+00   3.4011900e+00   5.6873500e+00   3.4012000e+00  -2.5416700e+07
   6.0251800e+00  -3.9560000e+00   6.2387300e+00   3.4011800e+00   5.6872500e+00   3.4012000e+00  -2.5416700e+07
   6.0250200e+00  -3.9559100e+00   6.2389600e+00   3.4011900e+00   5.6874500e+00   3.4011900e+00  -2.5416700e+07
   6.0251000e+00  -3.9557900e+00   6.2388500e+00   3.4011800e+00   5.6872400e+00   3.4011900e+00  -2.5416700e+07
   6.0251000e+00  -3.9558100e+00   6.2389400e+00   3.4011900e+00   5.6872600e+00   3.4012000e+00  -2.5416700e+07
   6.0250600e+00  -3.9558100e+00   6.2389200e+00   3.4011900e+00   5.6873700e+00   3.4012000e+00  -2.5416700e+07
   6.0253000e+00  -3.9559200e+00   6.2390700e+00   3.4012000e+00   5.6873100e+00   3.4011900e+00  -2.5416700e+07
   6.0250100e+00  -3.9558500e+00   6.2388800e+00   3.4011900e+00   5.6872800e+00   3.4012000e+00  -2.5416700e+07
   6.0250900e+00  -3.9558900e+00   6.2388300e+00   3.4011900e+00   5.6872600e+00   3.4012000e+00  -2.5416700e+07
   6.0251600e+00  -3.9559000e+00   6.2391500e+00   3.4011900e+00   5.6873800e+00   3.4012000e+00  -2.5416700e+07
   6.0252000e+00  -3.9559900e+00   6.2386500e+00   3.4012000e+00   5.6872100e+00   3.4012000e+00  -2.5416700e+07
   6.0251700e+00  -3.9560000e+00   6.2389900e+00   3.4011900e+00   5.6873300e+00   3.4012000e+00  -2.5416700e+07
   6.0251800e+00  -3.9561200e+00   6.2387800e+00   3.4011800e+00   5.6872100e+00   3.4012000e+00  -2.5416700e+07
   6.0252100e+00  -3.9561200e+00   6.2391000e+00   3.4011900e+00   5.6873300e+00   3.4011900e+00  -2.5416700e+07
   6.0251600e+00  -3.9560900e+00   6.2390700e+00   3.4011900e+00   5.6874600e+00   3.4012000e+00  -2.5416700e+07
   6.0251200e+00  -3.9559800e+00   6.2388700e+00   3.4011800e+00   5.6873300e+00   3.4012000e+00  -2.5416700e+07
   6.0251300e+00  -3.9559400e+00   6.2387100e+00   3.4011900e+00   5.6872400e+00   3.4012000e+00  -2.5416700e+07
   6.0251200e+00  -3.9559100e+00   6.2390100e+00   3.4011600e+00   5.6873200e+00   3.4012000e+00  -2.5416700e+07
   6.0252100e+00  -3.9559200e+00   6.2389100e+00   3.4011800e+00   5.6872500e+00   3.4012000e+00  -2.5416700e+07
   6.0251000e+00  -3.9559800e+00   6.2390900e+00   3.4012000e+00   5.6873700e+00   3.4012000e+00  -2.5416700e+07
   6.0251700e+00  -3.9560400e+00   6.2389200e+00   3.4012000e+00   5.6872800e+00   3.4012000e+00  -2.5416700e+07
   6.0252400e+00  -3.9560200e+00   6.2390700e+00   3.4011900e+00   5.6873000e+00   3.4011900e+00  -2.5416700e+07
   6.0252100e+00  -3.9559800e+00   6.2388400e+00   3.4011900e+00   5.6872500e+00   3.4012000e+00  -2.5416700e+07
   6.0251700e+00  -3.9559400e+00   6.2388200e+00   3.4012000e+00   5.6873000e+00   3.4012000e+00  -2.5416700e+07
   6.0250700e+00  -3.9559500e+00   6.2390600e+00   3.4011900e+00   5.6874200e+00   3.4011900e+00  -2.5416700e+07
   6.0250600e+00  -3.9559800e+00   6.2386800e+00   3.4011800e+00   5.6873600e+00   3.4011900e+00  -2.5416700e+07
   6.0251800e+00  -3.9560300e+00   6.2390600e+00   3.4011900e+00   5.6875100e+00   3.4012000e+00  -2.5416700e+07
   6.0250400e+00  -3.9559500e+00   6.2387900e+00   3.4012000e+00   5.6872700e+00   3.4012000e+00  -2.5416700e+07
   6.0250300e+00  -3.9559100e+00   6.2388800e+00   3.4011900e+00   5.6873300e+00   3.4012000e+00  -2.5416700e+07
   6.0252400e+00  -3.9558900e+00   6.2391200e+00   3.4012000e+00   5.6873700e+00   3.4012000e+00  -2.5416700e+07
   6.0250600e+00  -3.9559300e+00   6.2387600e+00   3.4012000e+00   5.6872300e+00   3.4012000e+00  -2.5416700e+07
   6.0250200e+00  -3.9559200e+00   6.2389600e+00   3.4012000e+00   5.6873400e+00   3.4012000e+00  -2.5416700e+07
   6.0252600e+00  -3.9560000e+00   6.2389100e+00   3.4011700e+00   5.6872600e+00   3.4011900e+00  -2.5416700e+07
   6.0251300e+00  -3.9559700e+00   6.2390800e+00   3.4012000e+00   5.6872900e+00   3.4011900e+00  -2.5416700e+07
   6.0250800e+00  -3.9560300e+00   6.2390100e+00   3.4012000e+00   5.6873600e+00   3.4011900e+00  -2.5416700e+07
   6.0252800e+00  -3.9560200e+00   6.2389200e+00   3.4011800e+00   5.6872900e+00   3.4012000e+00  -2.5416700e+07
   6.0250200e+00  -3.9561400e+00   6.2387100e+00   3.4011900e+00   5.6872900e+00   3.4012000e+00  -2.5416700e+07
   6.0252700e+00  -3.9560900e+00   6.2390500e+00   3.4011800e+00   5.6872400e+00   3.4012000e+00  -2.5416700e+07
   6.0252300e+00  -3.9560900e+00   6.2390400e+00   3.4012000e+00   5.6873200e+00   3.4012000e+00  -2.5416700e+07
   6.0252800e+00  -3.9561200e+00   6.2386800e+00   3.4012000e+00   5.6872700e+00   3.4012000e+00  -2.5416700e+07
   6.0252000e+00  -3.9560900e+00   6.2389400e+00   3.4011900e+00   5.6873700e+00   3.4012000e+00  -2.5416700e+07
   6.0254000e+00  -3.9561600e+00   6.2390300e+00   3.4011900e+00   5.6872500e+00   3.4011900e+00  -2.5416700e+07
   6.0254300e+00  -3.9562700e+00   6.2391100e+00   3.4011900e+00   5.6871900e+00   3.4011900e+00  -2.5416700e+07
   6.0252900e+00  -3.9562200e+00   6.2389600e+00   3.4011900e+00   5.6872700e+00   3.4012000e+00  -2.5416700e+07
   6.0252700e+00  -3.9562200e+00   6.2387800e+00   3.4011800e+00   5.6873300e+00   3.4012000e+00  -2.5416700e+07
   6.0252800e+00  -3.9562400e+00   6.2388500e+00   3.4011900e+00   5.6872700e+00   3.4012000e+00  -2.5416700e+07
   6.0253300e+00  -3.9562400e+00   6.2389000e+00   3.4012000e+00   5.6872400e+00   3.4012000e+00  -2.5416700e+07
   6.0253800e+00  -3.9563400e+00   6.2391400e+00   3.4012000e+00   5.6873300e+00   3.4011900e+00  -2.5416700e+07
   6.0253100e+00  -3.9563600e+00   6.2388900e+00   3.4011800e+00   5.6872600e+00   3.4011900e+00  -2.5416700e+07
   6.0254200e+00  -3.9563600e+00   6.2388900e+00   3.4011900e+00   5.6872500e+00   3.4011900e+00  -2.5416700e+07
   6.0254200e+00  -3.9564900e+00   6.2390500e+00   3.4011600e+00   5.6872300e+00   3.4011900e+00  -2.5416700e+07
   6.0253700e+00  -3.9563800e+00   6.2387200e+00   3.4011900e+00   5.6871900e+00   3.4012000e+00  -2.5416700e+07
   6.0254300e+00  -3.9565200e+00   6.2390000e+00   3.4011900e+00   5.6873700e+00   3.4012000e+00  -2.5416700e+07
   6.0255900e+00  -3.9564700e+00   6.2390900e+00   3.4011900e+00   5.6873000e+00   3.4012000e+00  -2.5416700e+07
   6.0253400e+00  -3.9564400e+00   6.2388900e+00   3.4011800e+00   5.6874600e+00   3.4011900e+00  -2.5416700e+07
   6.0251900e+00  -3.9564200e+00   6.2387900e+00   3.4012000e+00   5.6873500e+00   3.4012000e+00  -2.5416700e+07
   6.0254700e+00  -3.9564500e+00   6.2389700e+00   3.4011900e+00   5.6873000e+00   3.4012000e+00  -2.5416700e+07
   6.0254100e+00  -3.9565500e+00   6.2390600e+00   3.4011900e+00   5.6873300e+00   3.4012000e+00  -2.5416700e+07
   6.0255100e+00  -3.9566100e+00   6.2389300e+00   3.4011900e+00   5.6873600e+00   3.4012000e+00  -2.5416700e+07
   6.0256200e+00  -3.9565900e+00   6.2389800e+00   3.4011900e+00   5.6871800e+00   3.4012000e+00  -2.5416700e+07
   6.0254500e+00  -3.9565500e+00   6.2387600e+00   3.4012000e+00   5.6872900e+00   3.4012000e+00  -2.5416700e+07
   6.0252900e+00  -3.9565000e+00   6.2386900e+00   3.4011900e+00   5.6873100e+00   3.4012000e+00  -2.5416700e+07
   6.0254800e+00  -3.9564100e+00   6.2390300e+00   3.4011900e+00   5.6872000e+00   3.4012000e+00  -2.5416700e+07
   6.0253200e+00  -3.9564500e+00   6.2388600e+00   3.4011700e+00   5.6872600e+00   3.4012000e+00  -2.5416700e+07
   6.0252800e+00  -3.9563800e+00   6.2388900e+00   3.4011800e+00   5.6872300e+00   3.4011900e+00  -2.5416700e+07
   6.0254200e+00  -3.9563400e+00   6.2391100e+00   3.4011900e+00   5.6873500e+00   3.4011900e+00  -2.5416700e+07
   6.0251100e+00  -3.9563400e+00   6.2386400e+00   3.4012000e+00   5.6873000e+00   3.4012000e+00  -2.5416700e+07
   6.0252200e+00  -3.9564200e+00   6.2386200e+00   3.4011900e+00   5.6872900e+00   3.4011900e+00  -2.5416700e+07
   6.0253000e+00  -3.9563000e+00   6.2387400e+00   3.4011900e+00   5.6872000e+00   3.4012000e+00  -2.5416700e+07
   6.0251100e+00  -3.9562400e+00   6.2385900e+00   3.4011900e+00   5.6872900e+00   3.4012000e+00  -2.5416700e+07
   6.0252600e+00  -3.9562700e+00   6.2391200e+00   3.4011800e+00   5.6873100e+00   3.4012000e+00  -2.5416700e+07
   6.0253100e+00  -3.9562500e+00   6.2391800e+00   3.4011800e+00   5.6873400e+00   3.4012000e+00  -2.5416700e+07
   6.0253100e+00  -3.9562300e+00   6.2389200e+00   3.4011900e+00   5.6873100e+00   3.4012000e+00  -2.5416700e+07
   6.0253400e+00  -3.9561900e+00   6.2389300e+00   3.4012000e+00   5.6874000e+00   3.4011900e+00  -2.5416700e+07
   6.0252400e+00  -3.9562500e+00   6.2389000e+00   3.4011900e+00   5.6872900e+00   3.4012000e+00  -2.5416700e+07
   6.0253000e+00  -3.9563200e+00   6.2389400e+00   3.4011900e+00   5.6872000e+00   3.4012000e+00  -2.5416700e+07
   6.0252600e+00  -3.9563300e+00   6.2389900e+00   3.4011700e+00   5.6872700e+00   3.4012000e+00  -2.5416700e+07
   6.0253000e+00  -3.9563600e+00   6.2389100e+00   3.4011900e+00   5.6874000e+00   3.4012000e+00  -2.5416700e+07
   6.0252300e+00  -3.9564300e+00   6.2389800e+00   3.4011800e+00   5.6874300e+00   3.4012000e+00  -2.5416700e+07
   6.0251700e+00  -3.9564900e+00   6.2387600e+00   3.4011600e+00   5.6873200e+00   3.4011900e+00  -2.5416700e+07
   6.0253800e+00  -3.9565300e+00   6.2388700e+00   3.4011800e+00   5.6873800e+00   3.4011900e+00  -2.5416700e+07
   6.0254100e+00  -3.9565500e+00   6.2391400e+00   3.4011900e+00   5.6873000e+00   3.4012000e+00  -2.5416700e+07
   6.0255300e+00  -3.9566100e+00   6.2390700e+00   3.4011900e+00   5.6872300e+00   3.4012000e+00  -2.5416700e+07
   6.0254800e+00  -3.9566400e+00   6.2391300e+00   3.4011800e+00   5.6874700e+00   3.4011900e+00  -2.5416700e+07
   6.0254600e+00  -3.9565800e+00   6.2387700e+00   3.4011900e+00   5.6872800e+00   3.4011900e+00  -2.5416700e+07
   6.0254400e+00  -3.9565100e+00   6.2391300e+00   3.4011800e+00   5.6873100e+00   3.4012000e+00  -2.5416700e+07
   6.0254600e+00  -3.9565200e+00   6.2387600e+00   3.4011900e+00   5.6872300e+00   3.4012000e+00  -2.5416700e+07
   6.0252700e+00  -3.9565000e+00   6.2387400e+00   3.4012000e+00   5.6873500e+00   3.4012000e+00  -2.5416700e+07
   6.0252000e+00  -3.9564200e+00   6.2388000e+00   3.4011800e+00   5.6872800e+00   3.4012000e+00  -2.5416700e+07
   6.0253800e+00  -3.9563800e+00   6.2388500e+00   3.4012000e+00   5.6872200e+00   3.4012000e+00  -2.5416700e+07
   6.0254400e+00  -3.9563700e+00   6.2391100e+00   3.4011900e+00   5.6873500e+00   3.4011900e+00  -2.5416700e+07
   6.0251500e+00  -3.9563400e+00   6.2388100e+00   3.4011900e+00   5.6873400e+00   3.4012000e+00  -2.5416700e+07
   6.0252400e+00  -3.9563800e+00   6.2389500e+00   3.4011900e+00   5.6874200e+00   3.4012000e+00  -2.5416700e+07
   6.0255400e+00  -3.9564600e+00   6.2389800e+00   3.4011900e+00   5.6871800e+00   3.4012000e+00  -2.5416700e+07
   6.0254800e+00  -3.9564800e+00   6.2388300e+00   3.4011900e+00   5.6873000e+00   3.4012000e+00  -2.5416700e+07
   6.0252100e+00  -3.9564100e+00   6.2385900e+00   3.4011900e+00   5.6873500e+00   3.4012000e+00  -2.5416700e+07
   6.0254100e+00  -3.9562900e+00   6.2392000e+00   3.4011900e+00   5.6874200e+00   3.4011900e+00  -2.5416700e+07
   6.0251800e+00  -3.9561900e+00   6.2390400e+00   3.4011800e+00   5.6874200e+00   3.4012000e+00  -2.5416700e+07
   6.0252000e+00  -3.9562200e+00   6.2389800e+00   3.4012000e+00   5.6874500e+00   3.4012000e+00  -2.5416700e+07
   6.0253500e+00  -3.9561300e+00   6.2391000e+00   3.4011900e+00   5.6872400e+00   3.4012000e+00  -2.5416700e+07
   6.0251700e+00  -3.9561800e+00   6.2388400e+00   3.4012000e+00   5.6872000e+00   3.4011900e+00  -2.5416700e+07
   6.0252300e+00  -3.9561300e+00   6.2388500e+00   3.4011900e+00   5.6873100e+00   3.4012000e+00  -2.5416700e+07
   6.0250500e+00  -3.9562100e+00   6.2387300e+00   3.4012000e+00   5.6874100e+00   3.4012000e+00  -2.5416700e+07
   6.0250100e+00  -3.9562200e+00   6.2387000e+00   3.4011900e+00   5.6872700e+00   3.4011900e+00  -2.5416700e+07
   6.0253600e+00  -3.9562500e+00   6.2389200e+00   3.4011900e+00   5.6872800e+00   3.4012000e+00  -2.5416700e+07
   6.0252800e+00  -3.9563000e+00   6.2388500e+00   3.4011900e+00   5.6873100e+00   3.4012000e+00  -2.5416700e+07
   6.0253900e+00  -3.9564300e+00   6.2388200e+00   3.4012000e+00   5.6873200e+00   3.4011900e+00  -2.5416700e+07
   6.0253100e+00  -3.9564100e+00   6.2386800e+00   3.4011800e+00   5.6873600e+00   3.4012000e+00  -2.5416700e+07
   6.0254900e+00  -3.9564400e+00   6.2390900e+00   3.4012000e+00   5.6872800e+00   3.4012000e+00  -2.5416700e+07
   6.0253600e+00  -3.9565300e+00   6.2386500e+00   3.4011900e+00   5.6873000e+00   3.4012000e+00  -2.5416700e+07
   6.0254100e+00  -3.9564700e+00   6.2390200e+00   3.4011800e+00   5.6872300e+00   3.4012000e+00  -2.5416700e+07
   6.0256700e+00  -3.9565100e+00   6.2393500e+00   3.4011900e+00   5.6872800e+00   3.4011900e+00  -2.5416700e+07
   6.0251400e+00  -3.9563600e+00   6.2387300e+00   3.4011900e+00   5.6874100e+00   3.4012000e+00  -2.5416700e+07
   6.0252500e+00  -3.9564200e+00   6.2388100e+00   3.4012000e+00   5.6873600e+00   3.4011900e+00  -2.5416700e+07
   6.0251100e+00  -3.9564000e+00   6.2387400e+00   3.4012000e+00   5.6873100e+00   3.4012000e+00  -2.5416700e+07
   6.0252800e+00  -3.9563500e+00   6.2388500e+00   3.4011800e+00   5.6872100e+00   3.4012000e+00  -2.5416700e+07
   6.0252500e+00  -3.9562500e+00   6.2389400e+00   3.4011900e+00   5.6874000e+00   3.4012000e+00  -2.5416700e+07
   6.0251700e+00  -3.9562300e+00   6.2386700e+00   3.4011900e+00   5.6872600e+00   3.4011900e+00  -2.5416700e+07
   6.0252200e+00  -3.9561700e+00   6.2390000e+00   3.4011800e+00   5.6874100e+00   3.4011900e+00  -2.5416700e+07
   6.0254200e+00  -3.9562300e+00   6.2390700e+00   3.4011900e+00   5.6873300e+00   3.4011900e+00  -2.5416700e+07
   6.0251900e+00  -3.9562000e+00   6.2385400e+00   3.4011800e+00   5.6871900e+00   3.4012000e+00  -2.5416700e+07
   6.0253100e+00  -3.9561300e+00   6.2390200e+00   3.4011800e+00   5.6873000e+00   3.4011900e+00  -2.5416700e+07
   6.0251700e+00  -3.9561300e+00   6.2388400e+00   3.4012000e+00   5.6872900e+00   3.4012000e+00  -2.5416700e+07
   6.0251500e+00  -3.9560700e+00   6.2389500e+00   3.4011900e+00   5.6872800e+00   3.4011900e+00  -2.5416700e+07
   6.0250300e+00  -3.9560300e+00   6.2387400e+00   3.4011700e+00   5.6873700e+00   3.4012000e+00  -2.5416700e+07
   6.0253200e+00  -3.9560200e+00   6.2391200e+00   3.4012000e+00   5.6872600e+00   3.4012000e+00  -2.5416700e+07
   6.0252500e+00  -3.9561300e+00   6.2391500e+00   3.4011900e+00   5.6872800e+00   3.4011900e+00  -2.5416700e+07
