4.3851,3.9787,0.65096,15,15,15,15,15,1.4046,2.9162,0.18978,2.9319,15,2.2604,2.7557,0.099844,7.3783,2.7718
1.7208,15,1.484,15,15,2.8559,2.7932,2.4063,2.3056,15,-0.39583,-0.11751,15,1.6843,1.6775,1.2247,15,2.5088
15,2.6155,-1.4395,15,15,15,15,1.6222,2.864,-0.65564,-0.6771,-2.0305,15,1.306,-0.17481,-0.043122,15,1.2566
1.9474,7.0751,0.061491,15,15,2.7313,2.9352,1.2372,1.6436,0.28369,0.45454,0.93647,15,1.3774,0.99397,-0.63922,15,1.5098
0.93816,4.1101,-0.56394,15,15,15,0.72624,2.1443,4.3812,0.69844,-0.49953,0.4967,15,3.1603,1.0881,0.84976,2.8627,1.3749
1.5979,15,1.6744,15,15,7.2879,3.3938,15,1.9753,0.92789,0.43199,2.1867,15,3.2824,0.32191,0.50541,15,1.6173
0.95921,4.1898,-0.87051,15,15,15,2.6007,1.7662,3.4529,2.4198,-0.93469,0.039485,15,4.1712,1.6156,0.10286,9.3108,2.3422
1.7055,4.5469,0.90515,15,15,2.5039,5.3526,3.5155,3.4291,0.77748,0.71687,0.89213,4.5189,5.735,1.5785,0.96245,15,3.9372
4.2863,3.3639,1.3549,15,15,15,1.5554,1.4361,4.595,3.7792,1.4037,3.1556,15,5.4009,1.8834,3.0937,2.3693,2.2525
1.8063,8.3404,0.24883,15,15,2.1193,5.4312,1.1932,2.9028,0.8187,0.97854,0.54019,15,2.7668,0.93158,0.15719,15,3.2496
15,3.1552,-0.59251,15,15,15,15,2.16,15,15,2.1069,1.325,15,1.822,0.11054,0.35942,8.7543,0.93761
-0.30449,1.2077,-0.3005,15,15,15,0.38772,0.0053143,1.7625,0.33456,0.77755,-0.36235,15,1.2873,1.1702,-0.8797,15,1.5295
3.2292,3.5273,1.8984,15,15,15,4.9608,3.2681,6.2834,2.9585,-0.55507,0.64105,15,3.8695,2.2034,1.7211,15,3.1276
3.8277,3.2362,1.8291,15,15,3.6308,15,5.9681,3.9773,2.5351,0.0010718,0.85445,15,4.7674,3.2883,1.8086,4.5462,5.6821
3.3217,3.9747,0.46928,15,15,15,3.2187,15,0.61027,-0.84242,-0.75393,1.6044,15,1.1203,0.67082,-0.12487,15,2.2564
3.9964,3.9465,-0.091983,15,15,6.9439,7.7444,4.9418,3.0898,0.75372,1.2748,0.085011,15,6.0301,2.5865,1.073,15,2.5226
4.1868,3.3559,1.1647,15,15,15,15,3.4299,2.3206,2.0854,-0.84798,1.7812,3.8316,4.9876,3.5813,1.7863,15,2.5678
15,2.4043,0.72063,15,15,15,3.793,15,15,1.5753,0.63807,0.6898,15,1.8016,1.6987,0.0875,2.5391,15
2.1976,3.5416,-0.56428,15,15,15,0.67853,15,1.7597,15,15,1.6178,15,15,15,15,15,2.7485
7.7507,1.9011,0.58447,15,15,2.4472,2.8219,1.4217,0.68873,15,-0.70376,-0.021759,15,1.6817,1.2051,0.41833,15,0.009452
6.3657,4.5553,0.76932,15,15,7.3423,7.7183,6.0206,2.0688,-0.29909,-0.78854,0.88417,15,2.1844,2.8009,0.47742,15,1.5175
0.27058,3.7469,-0.25474,15,15,2.2609,15,2.7246,1.3935,0.18849,0.14479,0.12092,15,3.0349,1.8183,0.74407,3.8762,0.89009
15,2.6659,-1.5039,15,15,15,2.6336,7.3928,-0.12091,7.7945,-1.4016,-0.82296,15,1.738,1.1557,-0.8453,-0.012299,1.8178
0.99763,2.135,1.2133,15,15,15,1.4009,15,1.9464,2.1023,-0.003916,1.871,15,1.4352,1.3918,-0.92803,2.8349,2.2493
2.693,15,0.087899,15,15,15,3.7152,1.3443,1.5739,-0.78891,-1.3956,-0.9132,15,3.372,-0.079154,0.08369,2.3023,0.41516
2.0568,2.5586,-1.7072,15,15,15,15,15,1.0171,-0.23209,-0.53574,3.1126,15,15,-0.41984,1.8136,15,1.7766
1.75,5.0523,-0.1249,15,15,2.2269,2.2895,1.6819,1.5868,1.2456,0.054948,2.1962,15,3.5257,2.7624,0.80806,15,1.8473
15,3.4475,0.77111,15,15,3.2772,3.0644,5.9816,2.5597,15,-0.24151,2.0697,15,2.9247,1.9168,0.80304,15,1.1693
1.519,1.5204,0.48943,15,15,15,2.0377,15,1.4435,2.1481,-0.58595,0.072741,15,2.1851,2.4489,1.0853,15,1.9484
0.56035,2.1013,-0.30323,15,15,2.152,15,1.8338,0.31865,15,-0.35729,-0.017794,15,15,0.27897,-0.23472,4.2849,1.5772
15,2.691,-0.58324,15,15,3.8146,15,15,1.1958,0.35267,0.33966,-0.22522,15,3.8203,1.3248,-0.19392,15,3.9776
2.7521,3.6573,1.1761,15,15,15,3.9992,3.4825,2.9482,1.2585,0.67736,2.1649,15,2.7995,3.176,1.1601,15,2.3379
0.91136,1.1742,-0.11257,15,15,1.8875,4.4104,6.8142,2.3667,0.98912,-0.033301,1.2993,15,3.4397,1.9162,2.5426,15,1.8831
15,6.375,0.49678,15,15,2.206,15,15,1.0994,-0.94925,0.68263,-0.12095,15,3.7987,-0.13371,0.27263,15,2.1003
2.2728,15,0.41071,15,15,15,15,2.107,1.6025,0.59784,0.087288,0.9638,15,4.0606,0.62791,0.24181,3.4754,1.7361
15,15,-0.32366,15,15,0.009163,0.30483,15,4.0064,15,-0.17755,2.2053,15,4.1506,15,0.57533,15,1.768
0.94879,2.6215,0.13873,15,15,1.7386,15,1.4528,-0.36746,0.78763,-1.6351,-0.59205,15,0.47104,-0.76695,-0.89029,15,15
15,4.3379,0.16642,15,15,3.2271,15,15,1.8938,15,-0.40769,1.4334,15,15,1.5966,15,15,2.6417
3.2464,15,-0.58922,15,15,1.5908,1.1368,4.2313,3.3914,1.8454,-0.53436,1.6283,15,15,1.4702,-0.33731,15,2.4548
2.8962,4.0068,1.6811,15,15,15,15,2.1429,3.7491,15,0.42936,3.5213,15,2.5472,1.9895,2.0512,15,3.0586
2.55,2.3867,0.37348,15,15,15,3.4025,15,1.6277,-0.015961,-0.65001,0.78135,15,0.97515,2.4294,0.36163,15,1.0454
15,1.5972,-0.41765,15,15,15,-0.23312,15,0.59217,15,0.32532,2.0436,15,1.6424,0.84343,1.2086,15,0.4974
3.69,3.7607,0.53438,15,15,15,15,1.9677,15,2.0268,0.45549,0.45434,15,4.0681,2.7142,0.64856,7.5911,1.5353
1.9495,4.202,1.3954,15,15,15,15,1.7624,2.4161,-0.41201,2.6916,1.0471,15,15,1.6153,0.83093,8.2491,1.874
2.0216,15,0.33667,15,15,15,15,15,1.0478,0.84745,0.51189,2.2151,15,4.8236,1.8014,0.77157,8.7459,2.1911
2.4152,15,1.5257,15,15,15,3.5975,2.9138,2.9132,2.1562,0.5955,1.7985,15,2.5174,1.5876,0.83921,15,2.7418
3.8339,2.038,0.30842,15,15,2.4391,15,2.2033,15,6.113,-1.5845,-0.71797,15,3.3131,2.1681,-0.25508,15,15
0.67534,4.8819,1.9758,15,15,3.4143,15,15,2.6178,0.94301,0.038918,3.761,15,1.6663,4.0749,-0.42509,15,1.7673
15,1.8854,-0.50549,15,15,2.2782,15,0.31678,3.3343,-0.93381,-1.3385,0.77537,15,2.3426,0.85006,0.31462,1.0405,1.2823
1.4672,2.2441,0.6063,15,15,5.6449,15,3.4127,2.2137,2.2434,0.017523,1.2629,15,3.4838,0.74162,-0.7227,15,1.2249
1.7747,3.257,1.7745,15,15,8.5583,15,1.9993,15,0.58987,0.067955,0.83988,15,15,0.35583,-0.29321,15,3.7899
15,15,-0.070951,15,15,15,15,0.97604,0.5888,-1.081,-1.3465,0.21542,15,2.5906,0.043418,-0.22108,15,3.2422
15,2.7245,-0.15039,15,15,15,2.5603,2.9359,3.528,2.0564,0.1667,1.176,15,2.7046,2.6157,0.23758,3.0843,5.2503
2.4024,4.6027,0.57518,15,15,2.4817,15,3.3325,3.7034,2.4225,0.24738,0.67185,15,3.0699,2.8098,3.3417,7.2558,3.2649
0.41126,3.7747,0.88871,15,15,9.809,15,1.4066,2.3805,1.0315,-0.015123,0.94505,15,4.1953,1.3825,-0.11998,15,1.9859
0.56697,3.2323,-0.46404,15,15,2.461,15,0.28922,15,1.4376,-0.65852,-0.29406,15,1.4154,1.1725,0.067591,15,2.1397
15,2.1325,-0.58336,15,15,1.94,15,2.9489,1.5474,1.2582,-0.25568,0.090027,15,5.1549,0.8843,0.30508,15,1.866
3.529,15,0.37207,15,15,15,2.5816,2.0564,3.6455,1.5372,0.022583,2.3424,15,3.2606,0.49397,1.7835,15,3.1857
2.4298,3.1514,1.5103,15,15,4.2859,4.2372,3.6626,2.9685,6.9383,0.30689,1.8002,4.5286,2.8136,1.6286,1.5159,3.9369,3.0229
0.31616,3.2403,-0.16336,15,15,2.621,15,15,0.77214,-0.6804,-0.34472,0.6197,3.1139,2.2842,1.2922,-0.56747,15,0.55051
2.6095,15,0.24757,15,15,15,0.36157,2.8897,1.4473,3.17,0.54282,3.609,3.6588,4.6,2.0739,-0.1193,15,3.5485
1.1548,4.1868,1.2592,15,2.718,2.8714,15,2.3809,1.6906,15,-1.1134,0.93536,15,2.5312,1.8127,0.66588,2.7204,1.8514
0.49325,15,-0.31965,15,15,7.4575,2.1024,15,2.4903,0.30301,15,1.971,15,15,2.7299,0.64595,15,1.1195
1.0888,1.7304,0.03964,15,15,15,4.1546,3.4688,3.619,2.0391,0.37492,0.533,15,1.871,0.38632,0.076435,4.6697,1.0412
1.202,3.5096,1.0685,15,15,15,3.7079,6.2045,2.6415,-1.2441,-0.60696,0.47658,15,2.491,0.55976,0.25285,15,1.8528
15,2.3718,-0.53073,15,15,15,15,15,1.2698,1.6849,0.52433,2.1294,15,5.6299,0.74431,1.0314,15,1.4781
15,3.6348,1.2109,15,15,15,15,15,15,0.15656,-0.84493,2.7242,15,1.6174,1.9151,-0.51389,15,0.93615
3.38,5.5336,1.4455,15,15,6.0046,5.3766,3.6657,3.0461,15,0.78702,4.2489,15,5.7052,5.1191,2.094,15,3.1439
1.6913,3.0333,0.65725,15,15,15,0.53767,15,2.3959,1.7355,-0.48345,1.3851,15,3.8656,1.7979,0.90143,15,1.9088
2.2897,3.783,1.0056,15,15,2.723,15,2.6417,2.7927,1.6217,0.0045173,0.48204,15,3.2264,1.9892,0.41036,15,2.2022
2.1846,3.0322,0.21269,15,15,2.7154,2.0551,8.1298,0.054567,1.7485,-0.26874,0.28794,15,4.7948,0.19663,0.60371,2.682,1.0617
15,2.2879,0.93913,15,15,15,15,2.5345,2.2255,2.5003,0.51664,1.6472,15,8,0.93903,1.3882,15,1.5748
15,-0.24986,-1.5997,15,15,15,15,1.6057,15,0.23256,0.15985,15,15,15,-0.2912,-1.4279,15,1.0236
1.2014,3.6226,-0.040831,15,15,15,2.5879,2.1806,2.059,15,0.66865,3.7821,15,2.4642,2.7957,0.38151,2.7364,1.6553
2.421,2.4881,-0.66245,15,15,3.0647,15,1.6822,0.99233,15,0.65079,0.70064,15,3.7105,1.3599,-1.7049,3.3351,2.1516
15,2.834,2.058,15,15,3.8176,15,15,2.2143,-0.031147,-0.74747,-0.18133,15,2.6194,0.54236,-0.5475,15,15
15,3.6359,1.8608,15,15,1.5826,2.7314,3.6945,1.3923,15,-0.22086,1.2305,15,3.5626,2.3816,2.5549,15,2.0944
3.9888,3.9049,0.041214,15,15,15,3.0493,2.1357,1.3457,2.663,0.088672,0.40536,5.5448,3.8888,1.255,1.2993,15,3.8721
15,4.9209,0.51008,15,15,15,4.7557,3.0605,2.3145,2.7464,0.77564,2.1377,15,15,1.9578,1.6983,15,2.7534
1.5675,1.0938,-0.54201,15,15,15,15,15,0.63038,-0.6414,0.30462,1.3591,15,2.5289,0.26573,0.45143,15,0.97495
2.8608,8.7783,0.15757,15,15,9.4038,5.3433,2.5242,1.0908,0.73996,-0.68882,0.045612,15,7.777,1.5542,-0.89018,1.9868,2.399
1.861,4.0092,1.0917,15,7.0463,7.6029,1.3819,5.2497,3.0849,3.9209,0.76234,3.4044,15,4.0341,2.5004,0.4248,5.8917,1.7262
1.3995,2.4704,-0.036765,15,3.5172,3.433,4.2068,2.373,1.8104,0.95144,-0.11623,0.84717,6.0743,2.9058,0.91014,0.44284,4.9747,1.7609
1.7996,2.9458,0.91467,15,15,15,15,3.0795,1.1646,15,0.097131,0.21141,3.8623,1.5635,1.97,0.43748,15,2.4758
2.6062,3.0297,1.0145,15,15,6.731,15,15,2.675,1.9599,0.12386,2.27,15,2.1851,1.7105,0.99419,15,2.2603
3.6093,3.1286,0.56712,15,15,9.9114,15,2.761,4.3181,0.49439,1.1022,1.9362,15,2.0262,0.79464,15,3.8548,2.8777
0.76374,5.7809,0.46856,15,15,15,15,3.3743,1.1474,0.71993,0.08824,0.92484,15,1.8859,1.2009,1.2695,15,1.5428
2.9011,3.448,-0.13437,15,15,15,15,1.4944,1.5882,5.6867,0.64244,-0.64197,15,3.8188,1.537,-0.75974,3.1574,2.3293
15,3.5586,0.026965,15,15,15,1.1587,1.0523,1.5872,1.8956,-0.72078,0.30987,15,2.956,1.3388,0.17718,15,1.2282
0.46008,15,0.9653,15,15,9.5635,15,1.612,0.59211,-0.098333,-0.89867,-0.69744,15,2.7563,1.5902,2.0356,15,2.8555
2.5558,2.631,-1.2394,15,15,2.2491,0.55067,15,1.0862,1.4973,-0.94757,0.076764,1.5506,0.15449,0.34251,-0.87332,15,1.1708
1.1304,15,0.073946,15,5.2706,15,4.0091,2.0355,2.0696,-0.90277,0.083196,0.87616,15,2.8348,1.6165,0.23816,15,1.6015
7.6607,3.0156,0.07014,15,15,2.0329,15,15,2.0167,-0.2942,1.0538,0.058693,15,2.1242,1.1787,1.8152,4.9683,1.1262
2.437,3.0443,0.52491,15,15,15,3.0456,15,1.76,2.1769,2.7467,-0.41737,15,2.705,2.3503,1.144,3.8054,2.8288
1.828,2.1485,0.023664,15,15,3.117,3.2478,2.477,15,2.2166,0.15437,0.76451,15,1.7245,2.5849,-0.30183,15,2.9244
15,6.8393,-0.37278,15,15,2.3826,15,15,2.397,15,-1.0485,0.31762,15,3.6811,0.50472,0.41795,15,0.8707
2.7691,2.2442,0.33315,15,15,15,2.0063,15,2.1146,0.030073,-0.17994,1.2016,15,3.5942,0.66216,0.046179,15,1.0389
1.8004,3.3817,0.70614,15,15,15,15,1.9827,2.9427,1.199,0.41843,-0.31126,15,2.7088,1.284,-0.008087,15,15
3.3415,7.8512,0.26913,15,15,6.8754,8.899,15,2.2358,0.41212,0.20839,0.31653,15,3.4763,2.7397,1.9831,2.1275,6.0604
2.801,15,0.42172,15,15,2.3357,15,1.3764,1.8356,15,2.1356,2.4091,15,2.2869,3.0036,-0.23548,15,2.8783
1.1571,0.17478,-0.29925,15,2.5529,15,15,15,0.58034,15,-1.425,-1.7563,15,0.30664,-0.87146,-0.36653,15,15
2.3337,2.5225,0.15763,15,15,7.2282,3.1583,1.3974,0.64405,-0.60507,0.20162,1.2235,15,1.2622,1.2836,15,15,0.46624
3.0823,15,1.5411,15,15,3.7675,15,4.3396,3.1623,3.7005,0.71097,1.1911,15,2.5078,5.5479,2.7058,15,2.7388
4.8535,5.7023,1.5393,15,15,15,4.74,4.4492,4.7761,15,0.80504,1.8625,4.9304,5.7505,3.2841,0.87385,15,4.0321
3.0082,2.8316,-0.037195,15,15,2.8119,1.1819,2.2429,2.0219,-0.27079,-0.478,0.096963,15,4.3638,1.4966,1.2013,1.297,2.005
2.8376,2.8149,0.24287,15,15,15,15,1.3271,2.9392,0.052992,2.1973,-0.36638,15,4.9459,2.1797,-0.34751,15,2.0906
0.69569,2.3199,0.62863,15,15,15,15,1.3238,0.36189,0.50736,0.07301,-0.91181,15,1.8874,-0.68517,0.29778,0.66633,3.0331
4.1527,2.4589,0.31062,15,15,15,3.8352,2.0231,4.4275,15,0.49853,2.7642,15,15,4.0979,15,15,4.0997
15,2.7455,0.67093,15,15,15,15,2.5932,2.9522,1.9088,-0.51702,3.0005,3.3066,3.9689,0.13093,1.194,15,2.0101
2.6176,3.9252,0.085572,15,15,7.3864,3.2401,3.3504,1.3836,1.3347,0.61689,1.2918,15,2.3909,2.7845,0.46501,2.421,1.0834
3.8595,15,1.7397,15,5.7677,15,15,2.338,4.9441,0.62922,0.086366,1.5526,15,4.0578,1.8899,3.1042,3.2495,3.3644
2.3996,2.0717,-0.91475,15,15,15,2.9214,15,0.64996,0.93715,-0.18554,-0.65546,15,4.9585,1.8425,-0.6425,1.8488,1.3454
2.7727,3.0895,0.33808,15,15,2.1662,4.0825,15,3.4623,2.7004,0.52234,0.9917,15,3.6686,2.4023,1.933,4.3723,1.7016
0.40805,2.6846,1.1814,15,15,3.3717,15,15,0.96646,2.4441,0.77857,2.365,15,15,0.63709,0.35501,5.4797,4.8956
0.38134,2.5315,1.6109,15,15,15,2.7977,3.8376,15,0.083494,0.98373,1.5438,15,1.572,-0.47511,0.50857,2.4703,2.6125
2.2354,1.9431,0.17725,15,15,3.1595,0.27112,1.2021,7.9705,0.32702,-1.3569,0.41761,15,1.9735,0.46758,-0.068447,1.9683,0.86898
4.081,2.7122,0.10363,15,15,15,2.2071,2.9177,2.7222,15,0.10872,2.5963,15,1.6685,1.5423,2.1191,15,2.0389
1.213,1.8796,-0.040379,15,15,15,1.0114,15,15,1.499,0.42179,0.32935,15,3.1948,1.3253,-0.2504,4.474,2.4934
15,4.4702,2.0539,15,15,15,15,3.1868,4.2478,15,0.14901,3.7754,3.6075,15,2.8412,2.7155,15,3.0996
4.5091,4.9288,0.77517,15,15,15,15,15,3.427,5.7553,1.5877,1.9111,3.1787,3.8892,1.3177,2.0086,15,2.4433
2.1127,1.4451,1.0018,15,15,2.4519,15,3.4124,0.41297,0.22424,0.1343,0.13234,15,2.4008,0.16122,-0.19627,7.2862,15
1.2283,3.3659,0.34169,15,15,3.4022,1.9329,2.7529,5.5485,2.2783,-0.04977,1.6463,15,3.3153,2.8137,0.5484,15,2.3977
2.8474,3.3595,-0.34693,15,15,4.5088,3.6506,2.0394,1.7434,1.9247,-0.45037,-0.55021,8.8306,2.862,1.8641,0.93309,3.0601,1.7133
3.0002,5.8048,-0.024441,15,15,3.1652,15,5.836,4.1552,1.0109,0.034862,15,3.8462,2.2891,-0.39255,1.4009,4.401,3.6085
15,15,0.91529,15,15,3.2933,15,3.6856,3.202,1.7242,0.455,3.1361,4.4243,2.2246,0.32711,2.9506,1.8075,3.7155
15,15,0.051073,15,3.9618,2.6506,15,2.666,5.4863,0.01774,0.096803,2.3857,15,1.228,0.19705,-0.36883,3.5196,2.0244
3.8408,3.2816,0.59733,15,15,1.6996,15,15,2.8778,-0.080331,0.51535,3.1128,3.7069,1.6909,0.41263,2.5417,15,1.7759
2.5296,15,1.1782,15,15,2.9054,15,2.5824,2.1942,-0.73816,0.084081,3.0859,3.3639,0.47122,-0.05037,1.2516,3.0607,4.6416
15,7.0802,-0.11226,15,15,1.8486,15,4.9802,3.5016,0.89835,-0.34108,3.7767,3.6169,1.3701,0.23461,0.22098,3.9042,2.5548
15,15,0.13431,15,15,1.7942,15,3.7395,4.4967,0.56676,-0.63983,4.4518,4.692,1.2686,0.26564,0.71255,2.7402,2.2352
3.2995,3.2642,0.78877,15,15,15,15,15,15,0.44895,0.49521,3.0751,15,0.52562,-1.6469,0.97395,15,3.8549
2.4081,7.8368,-0.11345,15,5.5777,-0.30969,15,3.6409,2.3026,0.37758,-0.8923,2.3826,15,0.8957,-0.72279,0.20398,2.9617,1.0776
3.3056,3.5896,-0.26814,15,15,1.607,15,15,3.0752,1.4684,-0.42528,3.4243,3.3721,2.0601,0.0031757,1.6004,4.2975,3.4522
15,15,-0.32824,15,15,2.5698,15,0.14195,2.1989,0.014892,-1.1473,15,2.0995,2.3151,-1.4119,-0.95511,2.4124,2.7099
2.6182,4.2929,0.41009,15,4.6071,6.1278,15,3.8785,15,1.0435,0.096827,15,4.2231,1.6242,0.71945,0.62768,15,3.0908
15,3.7479,0.53826,15,15,15,15,2.5873,3.6524,-0.30325,-0.17758,15,3.7953,1.0054,-0.22402,-0.23536,6.0289,15
3.0922,5.759,-0.43983,15,15,0.87551,15,3.7854,2.5242,0.68901,-0.49786,3.6509,4.5475,0.99231,-0.60394,1.7107,15,2.2126
3.2185,3.8867,0.33098,4.2417,15,1.8851,15,2.9212,4.006,8.6045,0.32798,2.8509,4.2701,1.2645,-0.24375,-0.31242,15,2.3683
3.5692,3.2445,0.3632,15,4.8984,2.1384,15,2.4642,2.7204,0.53185,0.64757,2.8475,4.6108,1.6369,0.29183,0.30783,4.2389,2.3592
3.7513,4.1954,0.88004,15,15,2.9362,15,15,3.6033,-0.12494,1.0232,1.9045,2.7997,1.4297,-0.25476,1.747,3.802,2.832
2.9613,5.786,0.32043,15,15,3.1225,15,3.6904,15,2.272,0.76964,4.1365,4.3768,2.0584,-0.67782,1.24,3.921,4.1561
15,2.8063,1.212,15,15,3.3114,15,7.5103,15,1.1885,-0.6254,5.5651,1.991,2.9356,-0.81037,-0.46073,2.4481,3.0259
15,15,-0.17373,3.2198,1.0792,15,15,15,15,3.429,0.7827,1.6972,3.9935,0.59223,1.0895,0.13062,15,3.586
1.9198,4.6209,2.68,15,15,15,15,1.4682,2.3686,0.18504,-0.25684,1.5467,15,1.2161,-0.29483,1.0093,15,5.3907
2.4037,15,0.401,15,4.6198,2.61,15,2.6361,1.9369,0.85495,0.090398,2.5132,3.3468,1.3557,-0.049411,0.57239,15,2.7044
15,2.6984,0.73702,15,15,3.1466,15,15,3.5528,-0.12544,-0.56649,15,15,1.4714,-0.86301,2.3144,3.0106,3.236
4.521,5.7462,0.16666,15,15,2.1418,15,4.7639,3.7253,1.374,0.67754,15,15,1.3752,0.038858,1.9162,4.4361,2.876
15,4.0129,-0.35878,15,3.6649,15,15,0.89604,5.2767,-0.084275,0.42929,1.9266,15,0.44799,-0.97072,-1.5852,1.522,2.6091
15,4.8795,-0.5632,15,15,1.4614,15,2.9828,15,-0.57555,-0.54043,2.4565,3.4394,0.91066,-0.81392,1.5458,3.276,2.1317
2.6428,15,-0.30652,15,3.8917,1.158,15,1.8788,2.1042,-0.14738,-0.84113,15,3.6727,2.1705,-0.29195,0.8579,15,2.5378
15,4.318,-0.32565,15,15,0.17789,15,7.641,3.4583,-0.11075,-0.31822,15,15,2.3223,-0.74084,-0.25867,7.0938,2.5381
15,2.8791,0.3546,15,15,15,15,15,2.0861,1.2364,0.91136,4.8033,15,1.4031,-0.1886,1.7387,15,3.1389
3.6707,15,0.50518,15,15,2.8564,15,4.4958,3.2334,1.4036,-0.45419,15,1.9989,1.3507,-0.51517,1.2922,15,2.4333
3.2376,4.8439,0.52853,15,3.3653,0.86208,15,2.8837,2.8566,0.80359,-0.6319,1.9724,15,1.2045,-0.0219,1.0379,15,2.3092
2.7586,5.1916,0.20363,15,15,4.0603,15,5.0884,1.2903,0.15941,-0.13968,2.3999,3.8959,1.5751,-1.5521,0.95797,15,3.5407
3.8075,15,0.51736,15,15,3.6731,15,15,3.5513,2.0309,0.18615,15,15,2.0692,-0.2177,0.9682,4.5451,3.9884
3.866,15,0.37381,15,15,1.9539,15,2.0163,3.6465,-0.15645,0.56619,15,2.4597,1.4624,-0.081501,0.48072,15,2.3972
15,15,-0.21743,15,15,0.28611,15,2.338,15,0.31627,-0.38691,15,3.0979,0.24775,-0.52433,1.0017,15,1.8294
2.0451,15,-0.70402,15,15,1.4076,15,2.7673,15,1.0169,-1.0008,15,15,2.0045,-1.8519,-0.72594,8.1691,2.6173
3.5106,5.5536,1.208,15,15,3.0882,15,4.2112,4.9763,1.1979,0.4323,4.4775,5.0072,2.0731,0.45639,2.3366,15,3.6209
2.6154,5.0326,-0.30729,15,15,2.303,15,15,4.2529,1.0622,-0.064674,2.7108,15,0.74501,-0.6404,1.6615,3.9529,2.7686
15,15,-0.22631,15,15,1.6448,15,2.8644,1.5256,-0.73446,-0.78713,2.3592,2.7326,0.98927,-1.3553,-0.31693,2.3766,2.2111
2.3038,3.1199,0.5114,15,15,15,15,2.8262,3.616,-0.17009,0.84463,15,2.9617,2.225,-0.30328,2.2442,15,3.2437
4.0136,7.1584,0.76831,15,15,3.7405,15,15,5.2243,1.1757,0.94393,15,3.3788,1.5014,-0.012195,0.99826,6.1469,3.2154
4.3311,4.5193,-0.17451,15,15,1.0915,15,3.9452,3.5162,0.28724,-0.047798,2.3074,15,1.2862,-0.34058,1.0668,4.1239,2.9334
15,6.9916,0.48032,15,15,3.1501,15,3.4317,4.048,3.0242,0.53563,2.2145,15,1.5206,0.68051,1.0377,15,2.0257
3.5561,5.3179,1.2031,15,15,2.4548,15,3.0802,15,-0.022501,-0.4461,2.1403,3.4793,0.91545,-0.28196,1.1121,3.2938,2.2296
3.0127,4.3372,0.041755,15,15,3.1464,15,15,3.1616,0.49858,0.35554,15,15,0.32457,-0.8585,1.0127,1.7349,1.6246
15,3.7492,0.4641,15,15,15,15,15,2.3379,3.8566,-0.94763,2.9951,15,-0.11605,-1.0216,0.44107,15,1.0024
15,3.2209,-0.4299,15,15,15,15,1.8028,1.6037,1.1298,-0.056437,2.0482,3.4491,0.52107,-0.31251,-0.71541,15,1.0953
15,15,-0.86322,3.0974,-0.46855,15,3.273,15,2.4626,3.3428,15,0.72898,15,-0.12591,-0.7178,-1.8334,8.1819,1.5623
4.1849,5.0091,0.61496,15,15,8.2262,15,15,4.4116,0.28901,-0.15825,3.8488,4.3673,1.2685,0.40997,0.13542,2.0717,0.72215
3.6113,5.1008,-0.37216,15,15,0.38814,15,15,1.726,0.12822,0.23531,3.2587,3.3622,2.7019,0.13531,1.5281,4.005,2.0834
15,15,-0.33647,15,15,1.2792,15,3.5065,2.8045,2.8169,0.27333,2.28,3.4439,1.9134,0.18699,0.75707,2.7573,1.9724
4.3693,5.4045,-0.13985,15,4.6797,5.2069,15,15,4.6242,0.18599,0.081074,3.0011,4.5089,1.1953,-1.1002,0.17009,3.9693,2.221
0.58047,3.1654,-1.5333,15,15,-1.6421,15,1.5865,1.4232,-0.88691,-1.7042,15,15,0.047157,-0.63598,1.174,2.0747,0.019061
15,7.4268,0.78916,15,15,8.5622,15,3.0937,3.8357,-0.37191,0.67573,15,2.1524,0.75864,-0.56166,0.4399,1.7078,1.0382
3.3225,15,-0.16744,15,15,15,15,15,15,0.62096,1.1216,2.448,2.6016,1.64,0.063951,-0.40572,15,3.8252
1.6894,15,-1.2508,15,3.0576,0.7819,15,2.4831,2.468,0.73739,-1.2763,2.8787,15,1.2138,-0.4212,0.57304,3.0159,0.49097
15,4.6849,-0.78723,15,15,15,15,3.1975,15,0.51503,2.4965,2.7453,1.6496,1.0198,-0.90313,0.45422,1.7801,1.3864
15,9.2155,0.73913,15,15,1.7133,15,2.3813,2.3373,-0.043343,0.65437,3.3975,4.4212,1.0443,-0.29614,0.0051457,2.6272,1.8542
3.5565,6.1578,0.33051,15,15,1.2121,15,15,1.9273,0.51647,-0.66506,15,15,2.2678,-0.10911,-0.19178,9.1337,3.8607
3.7048,2.8242,-0.037046,15,2.2117,0.024778,15,4.5641,2.6516,-0.42475,-0.41389,1.6069,15,0.26843,-0.75761,-0.15891,2.1896,2.0604
15,2.6132,0.66607,15,15,3.9332,15,15,4.2411,2.0033,0.66023,3.3072,4.8531,2.3324,0.19613,1.9901,9.5883,2.3644
3.9128,3.3935,0.23974,15,15,3.6376,15,8.2233,4.2019,1.2786,2.5306,15,3.9636,3.5818,-0.75016,0.2267,3.4929,2.5396
15,3.9544,-0.37998,15,15,1.2362,15,1.4199,2.0033,1.9612,-0.62594,1.1953,2.332,0.91542,-0.68666,0.10797,2.8551,1.8388
3.2852,15,0.4291,15,15,2.3264,15,15,4.3791,0.67577,0.17914,3.7311,3.433,1.1532,-0.087032,0.66957,15,3.142
15,15,-0.74929,15,15,2.6866,15,15,-0.082108,-1.2371,0.50045,2.4252,15,0.9789,-1.4068,-0.6464,2.4793,2.478
1.5994,3.3841,-0.7347,15,2.9858,-0.52791,15,1.2181,15,-1.0003,-1.413,1.7805,15,1.1705,-0.88922,0.33017,1.257,1.971
3.7392,4.2751,-0.1701,15,15,2.5192,15,2.9591,2.4284,-0.39916,0.69084,3.1892,3.5618,0.97515,-0.28285,-0.31726,4.3752,2.2136
2.4,2.638,-0.45127,15,3.8037,2.1289,15,15,0.91301,-0.023566,-0.052033,15,2.6313,0.66008,-0.69376,0.54338,15,2.2758
3.8467,4.9455,0.075009,15,15,0.81368,15,3.8715,15,0.53886,-0.016663,2.5904,2.4339,1.3003,-0.19518,0.62844,4.5038,2.9488
15,2.8948,-1.2452,15,15,0.59032,15,2.9599,3.0346,-1.0029,-0.43135,15,2.3154,1.2483,-0.51392,0.42381,15,1.8823
3.364,2.9081,-0.025262,15,5.9755,-0.041075,15,2.3942,3.776,-0.58622,-0.18712,1.7931,3.6537,1.5203,-0.43543,1.2193,3.3766,1.6565
15,4.7594,0.52899,15,15,3.9494,15,2.7591,2.9217,1.6514,0.13071,6.031,15,2.1038,-0.27998,0.96683,4.2458,2.218
2.6276,7.7231,-0.29502,15,3.7907,8.129,15,9.1257,15,0.34262,0.60374,15,3.5865,0.88567,-1.3815,0.24983,6.5375,1.5443
15,3.191,-0.76553,15,15,0.82977,15,15,0.92416,-1.6655,-0.0080448,0.793,15,1.9113,-1.2174,0.0055777,3.5249,0.35739
1.9653,3.6486,0.39208,15,15,3.8821,15,4.4559,1.3142,1.4447,0.66001,2.2271,3.0495,1.0052,-0.693,0.17173,4.1629,1.5831
3.5332,7.5025,-0.97905,15,15,-0.24311,15,15,0.92939,-0.25337,-1.2934,2.3722,2.4413,0.46419,-0.92863,-0.13191,15,1.2628
2.7469,4.6919,-0.91827,15,15,-0.32901,15,2.9328,2.2088,0.55345,-0.49781,3.4726,3.6209,2.2206,-1.1824,1.5315,1.2364,2.0347
15,15,0.11701,15,15,3.6955,15,15,3.2737,0.29964,-0.64528,2.4803,4.2093,1.3462,-0.32154,-0.016023,15,1.575
0.97913,5.5082,-0.032163,15,15,15,15,2.4661,1.3258,0.35621,-0.88581,15,1.9524,-0.15199,-1.6955,1.0741,15,3.9776
1.7262,3.8595,-0.31644,15,15,1.8729,15,1.4127,15,0.47555,0.37841,2.6489,2.2772,0.51727,0.3309,-0.28826,15,1.8893
4.5452,15,0.046082,15,15,1.191,15,3.354,2.5427,0.76634,-0.68473,4.4475,4.5134,2.0946,-0.232,1.5314,2.5588,2.4595
15,4.1676,0.21321,15,15,15,15,2.8575,2.6972,1.4921,-0.79172,15,3.7404,1.7966,0.22138,-0.69008,2.9647,1.2287
15,3.2358,2.1669,15,15,3.261,15,2.9353,3.7308,2.9176,0.37009,15,4.5814,2.0808,-0.63843,0.60487,15,2.6281
15,15,0.69019,15,15,0.78939,15,15,15,0.21963,4.3388,3.3595,15,0.58039,-0.69911,0.68225,15,15
15,5.6839,-0.12057,15,15,15,15,15,2.3839,1.6223,-0.30331,15,3.1767,0.38338,-0.88841,0.094503,15,1.6732
3.59,4.5334,0.32266,15,15,0.85666,15,2.1072,15,1.3173,0.45769,15,15,2.8643,-0.097282,1.3363,15,2.6043
5.265,15,0.71567,15,15,3.423,15,2.6567,3.2102,1.3139,0.82455,15,2.9027,1.8277,-0.045509,0.5199,15,2.1544
3.4314,4.2773,-0.10654,1.5658,0.49261,5.8598,15,1.144,1.0177,15,2.5085,0.87411,15,0.34661,0.45253,-1.0915,4.5965,0.11109
3.1649,1.553,-0.71226,1.5234,-2.0598,15,3.5511,15,1.2761,15,-0.14616,6.4583,15,-0.27121,-0.12379,-2.3744,15,0.8594
2.8377,4.7858,0.15414,15,15,3.6356,15,2.4606,15,0.2557,0.21988,15,2.8299,0.56427,-0.19348,-0.2386,3.5183,1.7882
3.6219,15,-0.30658,15,15,2.0521,15,0.95473,15,-0.58206,0.32664,1.9532,2.6579,1.0997,-0.27531,-0.2174,2.1773,1.274
2.6818,5.688,0.19416,15,15,0.69896,15,3.6732,5.8666,-0.22304,-0.3022,3.62,2.2447,1.1836,-0.407,0.047116,15,1.6571
3.8881,15,0.21692,15,15,2.7208,15,3.1083,2.7979,1.6721,-0.608,3.6146,3.673,1.7706,-0.87325,-0.12456,15,1.93
3.6303,4.0798,-0.44848,8.0922,6.9335,-0.12538,15,7.1882,3.7009,-0.24406,-0.3773,7.4344,4.3507,1.2704,-0.8394,0.71536,7.9962,1.9263
4.2409,5.3182,-0.33638,15,15,2.7068,15,1.9932,3.4137,0.6014,-0.10483,15,5.1366,1.6863,0.49043,1.2425,4.908,1.7147
3.9725,5.1087,1.0473,15,15,2.9131,15,3.993,15,0.86702,1.4783,15,4.5421,2.3254,0.69975,0.88684,15,1.9679
1.1395,3.8216,-0.62155,15,15,-0.99402,15,15,1.7192,-1.5775,-1.6265,15,15,0.22648,-1.1337,0.32907,9.7345,1.2149
4.056,5.4051,1.1062,15,15,2.3661,15,15,3.8011,0.81017,1.4998,3.0504,4.0993,2.8042,0.71523,1.0464,4.3473,2.4987
5.4813,5.9279,1.0171,15,15,15,15,15,3.4518,1.782,0.3782,3.8916,4.937,2.4993,0.89522,1.4217,4.8868,2.4566
15,15,1.9997,15,15,15,15,5.8096,6.0426,2.0363,-0.13161,15,5.0699,1.9798,0.19896,1.013,15,2.3953
3.7898,5.8248,0.17776,15,15,3.5426,15,4.3633,2.3954,0.21536,0.528,3.614,3.1218,2.2227,0.79801,0.60186,15,3.7338
4.2496,3.8608,0.077425,15,15,0.56128,15,15,3.4391,1.5077,0.013751,15,15,1.9016,-0.70851,1.1515,15,4.0514
4.8186,3.7539,1.3195,8.0864,2.1335,4.1253,2.7275,3.4858,5.5923,5.261,2.6132,1.6128,15,1.444,1.7286,-0.16988,4.3282,2.3162
3.0265,2.2978,0.42947,15,15,15,15,2.3964,1.7472,-0.27073,-0.5366,3.5803,15,1.4636,-0.63991,0.52021,15,2.0574
15,15,0.261,15,15,2.2453,15,15,4.0476,-0.73683,-0.73537,3.7634,15,1.161,-1.1822,0.1256,15,1.6135
3.6837,5.8306,0.50095,15,15,1.9702,15,4.3338,3.1069,-0.28301,0.75046,15,2.9977,1.8111,-0.10955,-0.58683,4.0286,2.5294
2.4137,2.8656,-0.14217,6.7906,0.1228,15,15,2.2445,2.6105,6.4984,1.1387,0.66185,4.5051,0.35358,1.8302,-1.4429,1.8769,1.9048
15,4.7472,0.11929,15,15,2.0774,15,4.3062,4.3435,0.31274,0.70714,3.9685,3.2085,1.3604,-0.68275,0.29411,6.5106,2.8563
3.7787,2.1006,-1.2324,15,15,0.16517,15,1.6611,3.1637,0.057052,-0.46145,15,15,0.87183,0.089007,0.92075,8.1905,2.1912
1.9675,3.4723,-0.11893,15,15,0.44944,15,15,1.3451,1.1059,-0.7828,2.964,4.1326,0.64718,-0.1086,-0.17843,2.7701,1.1031
5.806,4.8816,1.1171,15,15,4.7424,15,4.2246,4.0543,2.149,0.60975,4.4264,4.5923,2.9719,0.97658,3.5068,5.2445,4.0545
3.5061,15,0.82371,15,15,5.9738,15,2.107,3.7157,0.69715,1.6346,4.235,4.1579,1.7961,0.38843,-0.030306,3.974,2.1615
3.414,3.9688,-0.052768,15,15,15,15,3.7566,1.1506,-0.06707,-0.99464,2.3898,15,1.6129,-0.83772,-0.3116,15,2.0679
2.8902,2.2911,-0.50973,15,15,2.1212,15,5.1303,1.6412,-0.014768,0.6835,1.383,4.788,0.55386,-1.1122,0.64321,8.8465,1.678
3.7973,2.6107,0.34886,15,15,1.1719,15,2.163,3.8809,-0.75632,-0.35349,3.3653,3.7706,1.5848,-0.7192,2.2025,3.4487,1.213
5.3518,4.9515,0.73905,15,15,3.1043,15,8.7317,1.9155,0.15525,0.82467,15,15,1.8087,-0.44556,0.35183,15,2.2042
15,15,-0.036692,15,15,2.3172,15,3.3983,2.2828,0.11015,0.60216,2.2803,15,1.8058,-0.6912,2.46,15,2.7278
2.5112,3.2909,0.48658,15,15,4.3484,15,3.6136,3.551,1.6687,-0.066298,2.5477,4.1655,2.5849,0.52878,0.39104,2.6707,1.9519
15,4.7855,0.67841,15,15,15,15,15,15,-0.1145,0.38824,3.0746,5.639,1.4344,-0.7827,0.71867,15,5.1363
5.0835,15,0.17042,15,4.1203,0.67124,15,2.7508,4.5553,1.5427,-0.43419,2.1341,15,2.2653,-0.086384,1.7802,4.025,3.0276
3.4636,6.9331,0.71997,15,15,2.8219,15,15,4.6693,2.2209,-0.092366,15,4.1945,1.867,-0.22486,0.30091,15,1.9709
3.3909,4.7019,-0.39098,15,3.9635,0.41679,15,4.122,2.5718,-0.055317,-0.58341,3.9717,15,1.2264,-0.99986,1.2425,4.3397,1.565
15,4.6434,0.55888,15,15,15,15,3.8628,3.5072,1.9566,-0.088978,4.1745,3.8211,2.1206,0.0023768,1.5566,15,4.1126
4.3789,5.2522,0.89292,15,15,15,15,15,2.6002,-0.11222,-0.012478,15,4.4296,1.3309,-0.053445,0.64109,3.1491,1.0811
-0.34124,2.2139,-2.1762,15,-0.8367,15,-0.84857,15,0.20101,-2.2065,-1.6035,-2.5728,1.7292,-0.83238,1.3757,-0.5237,-0.48511,0.23447
0.026482,0.95643,-0.46961,15,2.4836,15,15,15,2.0816,-1.3688,-0.218,-1.9061,15,1.6336,3.3232,-0.58152,1.0877,-0.55718
0.20124,3.3074,-0.80877,15,2.9858,1.2733,3.4653,2.7841,2.8113,-1.4035,-0.57655,-2.1759,2.6495,0.1495,0.092674,0.95097,0.91936,1.7092
1.3673,1.2086,-0.047406,1.8422,2.0561,15,15,4.6042,2.6322,-1.0289,-0.92742,-1.4109,15,-0.028061,1.2154,0.72439,1.2926,0.29988
0.54218,15,-1.9064,15,-0.61139,15,-0.43668,0.78536,-1.9051,-0.67981,-1.648,-3.7227,15,0.094691,0.92336,-0.80493,-0.66193,-0.12701
0.5319,0.68704,-1.4627,15,1.0644,15,15,15,0.60554,-2.5639,-1.496,-2.8708,1.6713,-1.0691,-0.39891,0.4227,0.41698,0.38321
15,2.7644,0.38101,15,-0.21265,15,2.9713,15,15,-1.4437,-2.169,-2.6897,15,-1.3622,2.3529,0.8489,0.7915,0.48074
0.86129,0.52418,-1.7134,15,2.2514,15,0.070606,1.2387,0.63431,-2.5799,-1.8919,-2.8235,15,-1.8057,0.12606,-0.90165,1.4375,0.96366
15,2.2879,-1.1364,15,1.5155,15,0.07078,15,0.98318,-1.2584,-0.53409,-1.157,2.4475,-0.20001,0.46196,2.0968,0.54331,2.5935
-1.9206,0.60939,-3.3707,15,-0.45137,15,15,15,-2.5092,-3.5845,-2.7245,-2.566,15,-1.3656,-1.311,-2.4816,-1.6703,-1.4896
-1.6169,15,-3.5158,15,-0.32653,15,0.52579,15,15,-2.5173,-1.2802,-2.4692,1.0339,-1.9845,1.4109,-0.66416,0.014303,-0.24622
15,-0.2258,-1.4243,15,-0.89766,15,15,15,0.12375,3.9675,1.3306,-2.5137,1.8766,-0.21714,2.3408,-1.13,-0.66682,-0.35687
-0.84623,15,-2.5667,15,0.28923,15,15,15,0.17856,-3.4023,-1.7303,-3.1916,15,-0.93757,2.9593,-1.1579,1.0665,-0.50482
-1.7292,15,-1.0475,15,0.88907,15,15,15,0.67954,-2.6218,-0.46003,-2.7647,15,-0.62298,2.6713,-0.33843,15,2.8325
-0.79182,1.3113,-0.11648,15,15,15,0.44541,0.19307,0.27098,-2.6304,-0.8566,-1.1634,15,-0.5372,2.1534,-1.0699,-0.25798,1.267
-2.1473,-0.56863,-1.7652,15,-0.95217,15,0.45693,0.042194,1.0371,-3.1779,-1.2124,-3.4133,0.45727,-1.5008,2.6609,-0.79743,-0.19328,-0.52821
-0.3323,2.2501,0.5979,15,0.20044,15,1.479,15,0.46099,2.0008,0.63674,-2.1742,15,-0.25372,4.8339,-0.29864,0.26534,-0.40337
0.2817,1.6811,-2.6234,15,0.048409,15,-1.6536,15,-0.39352,-3.0574,-2.2781,-2.8706,15,-1.6807,0.35041,-0.60514,1.7393,-0.065702
-0.24934,0.35613,-2.3136,15,-0.039518,15,-0.15246,15,15,-2.3492,-1.4964,-2.6852,0.82619,-1.8984,-0.57073,-0.75597,-0.31921,1.0133
1.0533,15,1.2443,15,3.4712,9.086,15,15,15,-0.79719,-0.29296,0.10555,15,0.94694,3.0963,0.89873,8.7154,15
1.7491,2.9981,-0.29294,15,15,15,15,15,15,15,15,15,15,15,15,15,1.5925,3.3262
0.33499,1.6774,-1.9338,15,1.2343,15,0.93918,15,2.5703,-1.4427,-1.4518,-1.7952,15,-1.212,2.6358,0.78597,6.9205,0.082921
-0.95323,0.69957,-1.9336,15,1.5421,15,15,15,5.5701,-1.5348,-1.1478,-0.10981,15,-1.0872,0.97656,-0.66468,0.77166,0.73786
-0.53311,0.16283,-1.8831,15,-0.033079,15,-0.6729,15,-2.0448,-2.9046,-2.7062,-2.9655,15,-2.0389,-1.9372,-1.5333,0.34074,-0.24816
-0.23367,1.3226,-1.2887,15,0.3074,15,-1.7274,15,1.7125,-2.3588,-2.2532,-1.8243,15,-1.0339,-0.39334,-0.29088,-0.66716,0.16032
-0.41685,0.62561,-0.26935,15,0.32091,15,0.30257,1.152,3.6007,-1.7237,0.46256,-2.1364,15,0.30052,1.946,-0.36182,1.4933,1.2527
0.67866,15,-0.62158,15,-0.79558,15,0.46551,15,0.84392,-2.216,-1.5963,-2.6304,2.2895,-0.68248,2.3799,0.13849,1.5446,0.23669
-0.36807,0.63763,-1.8433,15,-1.429,15,-0.38593,15,0.9091,-3.0742,-1.5224,-3.439,0.68695,-1.0467,0.25574,-1.4089,0.61401,0.36429
0.43479,5.616,-1.2241,15,0.83129,15,1.1012,2.88,2.8792,-0.99991,1.744,-1.7384,15,0.19543,2.7755,-0.28313,2.6309,1.8209
0.82947,-0.90543,-1.632,15,-0.35683,15,2.7648,2.1346,2.0716,-1.1309,-1.3596,-2.6965,15,-0.63337,1.1798,0.037163,-0.030791,-0.30017
0.36221,1.5252,-0.63492,15,1.0579,15,15,2.3395,1.4609,-0.83267,-0.14961,-0.51033,15,0.75072,2.0256,7.9838,1.9967,1.5816
1.1318,0.49257,-2.3343,15,2.4664,15,15,1.0169,1.362,-1.1055,-1.9722,-1.6171,0.56409,-1.1256,0.9902,1.0998,0.88506,0.75736
2.2386,15,-1.6206,15,1.6836,15,15,15,0.28658,-2.2606,-0.67182,-1.4897,15,-0.94549,-0.85204,-0.67267,1.4971,1.8061
-0.10226,1.616,-1.6715,15,1.7489,15,2.1495,15,-0.60716,-1.771,-0.11494,-2.1627,1.3295,0.33033,-0.070319,-1.245,1.1921,-0.36437
0.618,15,-1.5317,15,1.062,15,8.6772,15,-0.9635,-1.1289,-0.27651,-3.0389,15,-0.81194,0.71076,1.1384,2.3399,0.32536
-1.175,1.6553,-2.0172,15,-1.5781,15,15,15,-0.87486,-4.1072,-1.5938,-4.001,15,-1.5405,-0.82282,-0.14839,15,1.2219
15,1.3858,0.39721,15,2.3052,15,3.2388,15,1.4234,-1.9813,0.81957,-0.93781,15,0.51807,3.0143,0.31317,1.1678,0.93703
-0.6506,-0.46984,-1.8769,15,-0.56277,15,15,0.9477,1.8965,-2.9079,-2.3455,-3.0379,1.1885,-2.1232,-0.61522,-1.6528,0.88795,1.3578
-0.8546,0.91508,-1.1459,15,0.59776,15,15,15,0.46891,-3.0119,-1.563,-3.5708,15,-1.3992,0.36078,-1.0959,-0.20259,-0.98168
15,0.4544,-1.709,15,-0.86512,15,0.61877,15,0.76522,-2.1184,-1.4959,-2.2829,1.6358,-0.97962,0.85453,-0.68956,-0.058327,-0.92392
15,15,-0.73073,15,-0.4361,15,-0.050299,15,15,-1.5465,-1.98,-1.6784,15,-0.098436,-0.428,-0.25269,0.56948,1.6632
0.74358,0.044357,-1.6462,15,15,15,1.1511,15,2.2293,-1.5483,-0.90929,-3.1325,15,0.74759,-0.6212,-0.99019,-0.80105,-0.067032
2.2614,2.1675,0.3731,15,1.0713,15,1.0997,15,0.59405,-1.131,-0.9167,-1.0496,15,-0.68678,1.5726,-1.1152,0.9487,0.60276
3.0299,15,-0.60833,15,2.47,15,2.3086,1.4366,3.2118,-2.0419,2.3929,-2.192,15,-0.66362,-0.43207,2.9383,1.6403,2.2911
0.45312,0.6182,-2.7175,15,-0.099785,15,-0.07994,-1.1377,15,-1.4769,-2.4305,-2.0233,15,-0.68437,0.26083,0.054343,1.281,0.94622
1.0654,0.6097,-1.7115,15,15,1.2038,1.4179,15,1.689,-1.8991,-0.57726,-1.4621,1.6103,-0.4577,1.1318,0.56965,-0.55416,0.778
-0.095699,15,-0.44573,15,-0.12038,15,1.3681,15,0.74654,-0.56012,-0.37279,-2.4845,15,-1.012,1.2543,-0.17168,-0.2341,1.344
0.27745,1.1145,-1.8267,0.69834,1.2626,15,-1.2384,15,1.5099,-2.1279,0.42278,-1.6734,15,-0.0064272,1.6371,0.074799,0.50125,-0.67016
-0.26924,0.062562,-1.1949,15,-0.026984,15,-0.34754,1.3373,1.3207,-3.3488,0.5467,-2.6139,1.2494,-1.7551,-1.0501,-1.0686,-0.10256,-0.56251
1.2376,0.89958,-2.5561,15,15,2.0491,0.80492,15,1.114,-2.9621,1.9076,-2.6024,1.8786,-0.3959,15,-0.59774,15,3.0284
-0.57087,1.5804,-1.7915,15,1.1915,15,1.0301,1.1067,-0.22426,-1.8066,-0.60824,-2.3148,15,-0.87916,1.1275,-1.2489,-0.2116,-0.30834
-0.053418,0.06262,-0.8869,15,-0.60725,15,2.2871,15,15,-2.0381,-1.3295,-2.4316,1.4103,-0.095762,0.54723,-1.3171,2.2709,1.2532
-0.38907,5.8566,-0.90222,15,0.72633,15,2.257,15,15,-1.775,-1.3926,-3.1702,15,-0.30525,-0.2088,0.29184,2.8749,0.89988
1.1053,2.6824,1.1048,15,2.1701,15,1.1695,3.5675,1.0251,-1.5276,-1.0966,-2.2317,15,-0.13512,0.22122,-0.24535,0.97316,0.34074
-0.81326,-0.68975,-2.7064,15,-0.74518,15,0.026428,-0.25681,-0.46883,-2.5881,-0.54996,-3.2427,15,-1.1789,15,-1.2124,-0.044988,0.33258
15,2.2118,-2.2985,15,-0.39577,15,0.20355,15,1.8529,-2.0793,-0.69849,-1.5209,15,-0.81593,1.1686,-0.35287,5.027,1.9258
-1.8407,0.69063,-2.8236,15,-1.7474,15,-0.61719,15,-0.0429,3.7672,-0.65283,-3.4364,0.11192,-1.6818,15,-1.3905,0.050945,1.4147
0.60838,0.0081463,-1.3755,15,-2.4265,15,0.52865,-0.014486,0.92031,-1.5359,-1.7051,-3.5714,15,-2.1587,-1.1515,-2.214,-0.62019,-0.42627
1.9089,0.85856,0.31482,15,2.4601,15,3.3943,15,3.2091,-1.2284,0.63893,-1.1233,15,0.3227,3.7706,-0.27343,1.0938,15
2.1928,2.691,0.2918,15,2.2167,15,15,3.9399,4.6766,-0.34749,1.279,-0.86336,15,1.3504,4.5559,0.5486,3.7875,1.3639
1.3868,2.6728,-1.4274,15,0.73239,15,1.6257,15,2.1617,-0.6674,-0.26861,-2.0505,15,-0.42567,1.6814,1.0685,0.24411,-0.34515
1.4114,1.8013,-0.69998,15,-0.78415,15,-0.068207,0.53509,2.0495,-1.3842,-1.8354,-2.6959,15,-0.58937,1.2471,1.1559,-0.40673,-0.2202
0.019142,-0.36085,-2.094,15,0.55486,15,2.4389,1.6216,0.3898,-2.7817,-1.2611,-2.6723,1.7308,-0.66524,1.635,-1.8282,0.95043,-0.086791
-0.62845,15,0.082835,15,15,15,15,15,15,-3.2396,2.6583,-3.887,0.27707,-2.2524,-0.17795,-0.54494,15,-1.1329
0.87163,1.5176,-1.0075,15,0.024068,15,2.243,15,0.89941,-1.2038,-1.2304,-0.86294,15,-1.0402,-0.65069,-0.22839,0.47538,0.51987
0.96009,1.7449,0.13332,15,1.5452,15,1.0701,1.0016,3.7018,-1.8092,0.41016,-1.3058,15,0.35857,1.7755,0.48457,2.4096,0.72174
-0.16268,0.27387,1.2268,15,0.4092,15,0.37112,-0.087686,1.9664,-2.3401,-1.1889,-2.6207,15,-0.88196,-0.17838,-0.54436,0.32906,0.4493
0.96434,0.85619,-1.2199,15,0.34907,15,15,15,0.45672,-1.8885,0.26606,-2.7801,0.90153,0.72562,1.7385,0.12302,0.5131,0.88069
-0.94128,-0.46294,-3.1783,15,0.32195,15,-0.96996,0.87125,0.79446,-3.4383,-1.4813,-3.5512,15,-2.0205,-0.90032,-2.3154,0.54164,15
-0.21141,0.56953,-1.3642,15,0.49236,15,15,15,0.38435,-3.1687,-1.483,-2.4035,15,-0.41006,15,-0.98825,0.1939,0.20627
2.3618,0.080182,0.44984,15,2.2289,15,1.2126,2.8969,15,-0.88202,0.24849,-1.7352,1.6648,0.5744,0.87147,0.032822,0.42997,1.5931
0.11151,1.6845,-2.2484,15,0.16059,15,-0.74371,15,15,-1.7377,-1.8535,-2.0608,1.9244,0.33021,0.68024,-1.9199,1.1276,0.34796
-0.98257,0.58457,-1.2776,2.2169,-0.57719,15,-0.30639,15,-0.83722,-0.32048,-1.5859,-2.503,1.6567,-0.22835,1.0934,-1.8931,-0.9034,0.4212
-1.0957,-0.51098,-3.1019,15,-0.74559,15,15,-0.18568,0.68149,-2.9817,-3.3636,-3.2902,15,-2.0533,15,-1.3412,-1.1832,15
-0.36862,0.20588,-2.128,15,1.7635,-1.4714,1.8778,15,1.3174,-1.9696,-1.0177,-2.2587,15,-0.78358,0.81732,-1.4807,1.2569,1.3368
2.4479,15,0.82805,15,1.0078,15,15,15,1.958,-2.2783,-0.23214,-1.433,15,0.70797,2.72,0.66369,1.217,1.5819
-0.15443,-1.1452,-1.4291,15,-0.58417,15,1.7725,0.32552,1.7728,-3.6367,-1.9185,-3.0174,15,-2.494,-0.80142,-0.73282,15,0.49665
0.58717,0.58767,-1.3862,15,-0.6717,15,15,15,0.93797,-3.6859,-0.80352,-2.4643,15,-1.3475,-0.55521,-0.32495,0.42407,2.6065
15,0.34906,-1.2109,15,-1.4517,15,1.2371,15,3.7156,-2.441,-1.4941,-2.8336,15,-1.2363,1.7519,-0.098513,0.88375,-0.93388
-0.629,0.16826,-1.0516,15,0.82608,15,2.0935,0.31693,-0.28932,-2.1281,-0.81341,-1.9586,15,-0.4564,1.7364,-0.79169,1.0783,1.6002
1.2919,1.9136,-0.22223,15,2.759,15,2.1272,15,15,0.30679,0.57472,-1.5841,15,1.0268,2.7873,1.9613,0.98812,2.5586
1.9124,0.26445,0.17778,15,2.3507,15,-1.6804,15,-0.23439,-0.62666,-1.6117,-2.6316,15,-0.92032,-0.12256,0.20157,1.3765,0.68425
0.99114,0.47042,-0.17695,15,0.080645,15,15,15,0.91137,-2.713,15,-2.0315,15,0.15636,0.82055,0.56592,-0.56394,15
7.5436,-0.65714,-2.6813,15,15,-1.0031,0.86074,15,-0.9303,-4.2072,-2.83,-4.6027,15,-3.0483,0.37421,-1.4777,15,-0.77559
-1.1117,-0.71102,-2.3132,1.1752,-2.0569,15,-0.66343,0.98448,-0.81707,-1.9514,-0.35268,-3.9063,0.68966,-2.4307,-0.78519,-2.8806,3.6558,0.18735
1.6445,1.8366,-0.027269,15,-0.04915,15,3.5132,15,2.8898,-2.3972,-1.3636,-1.7497,2.62,-0.73673,0.98264,-0.086971,2.0494,0.32746
1.2995,0.37389,-1.7708,15,-1.3894,15,-1.1409,0.82188,0.059174,-2.5628,-2.8,-2.2488,0.9,-1.3882,0.26528,-1.7651,0.71466,-0.31681
15,1.4914,-1.1471,15,1.968,15,15,15,0.48478,-0.9265,-0.90992,-2.3915,15,-1.0056,0.71122,-0.76628,15,0.78204
-0.038139,1.0047,-0.34013,15,3.0601,15,2.8873,15,2.3692,-1.4106,-0.50807,-1.6068,15,0.22026,15,-0.40477,0.70736,1.0618
-1.5878,0.64008,-2.7672,15,-0.46645,15,0.51559,3.1218,15,-2.6665,-0.95648,-2.6215,15,-2.2711,1.4517,-0.41057,4.0388,0.094534
0.20725,3.4725,0.46892,15,0.25439,15,0.33302,15,-0.17904,-3.3291,-2.1104,-2.4539,15,-0.96283,0.84421,-0.2221,-0.32394,0.012577
2.0032,1.7832,0.7285,15,0.45384,15,3.8202,15,-0.0084818,-1.0521,-0.039403,-1.3452,15,-0.88015,-0.112,-1.3126,1.5085,0.29753
15,1.9675,0.47581,15,2.531,15,1.7329,-0.18354,1.611,-2.0456,-0.50154,-1.9909,15,-0.081823,2.4661,0.80026,0.38482,0.94079
-0.36723,1.3364,0.10016,15,0.83457,15,1.1612,15,15,-0.60383,-1.604,-1.91,2.1045,1.0187,15,0.87175,-0.14049,-0.16188
-0.21691,2.655,-1.3637,15,1.3886,0.58411,2.6262,1.0983,-0.53162,-0.45897,-1.8927,-2.2962,15,-1.4004,-0.030444,-0.74182,15,1.0872
2.2175,1.244,-1.5038,15,1.1547,15,15,15,15,-1.5052,-0.9549,-1.9795,15,-0.76473,1.8539,-1.3754,5.9767,0.66058
0.63321,-0.45913,-2.3489,15,0.3723,15,-2.2009,-1.204,-1.451,-2.5767,-0.85807,-1.9711,15,-0.68328,0.86413,-2.2284,15,-0.068525
1.6134,3.1014,-1.0626,15,2.1839,15,1.9416,3.2924,1.0459,-0.52825,-0.0009125,-0.94611,15,0.7384,1.9786,1.97,15,1.2195
-1.4655,0.21595,0.94987,15,-0.76199,15,-1.1076,0.11407,-1.4232,-3.3809,-2.0945,-4.4695,15,-1.0651,-1.0741,-2.5177,-1.794,-1.42
0.39916,-0.28452,-1.9329,15,0.084854,15,0.25874,15,-0.1192,-0.66703,-1.1463,-3.2642,0.19499,-1.6784,1.2651,-1.4618,15,-0.69722
1.5246,1.586,-1.8682,15,0.66614,15,15,1.3062,2.3513,-2.1671,-1.2101,-3.1248,1.6395,-0.46595,1.0964,-0.9868,0.048163,2.197
2.7385,3.5819,-1.2359,15,2.1827,15,1.2361,15,1.91,-1.1071,-1.0253,-2.1994,15,-0.34563,1.0018,-0.88592,1.0735,1.0684
0.87128,3.4982,-0.3238,15,15,15,2.9583,2.1094,1.4905,-1.0153,-0.44566,-0.49827,15,-0.33974,-0.47344,-0.96992,2.0824,1.6348
1.1255,3.0861,-1.9478,15,15,15,0.28367,15,2.1283,-1.5743,-1.0862,-2.4104,15,0.22959,15,-0.58207,-0.98553,1.8749
2.0242,1.2057,-0.73334,15,0.23703,15,15,15,15,-1.3146,-1.1859,-1.0217,1.9973,-1.167,0.57684,0.38947,1.496,2.1192
1.2755,1.6314,-1.7535,15,0.039684,15,3.039,1.704,0.78512,-1.5325,-0.61911,-3.3168,8.3029,-0.92514,1.0346,-0.99519,1.971,1.8752
1.6447,15,0.44365,15,15,15,2.315,15,2.2273,-2.5095,-0.84122,-2.1282,1.9359,0.65994,15,-1.7357,1.4154,-0.34746
0.31306,1.2009,-0.80086,15,1.62,15,15,15,2.2012,-2.3642,-1.3761,-2.2461,15,-1.1722,1.3247,-1.2424,0.575,0.25416
-0.29106,1.3943,-2.4874,15,0.45826,15,1.3223,2.2672,0.46332,-2.0356,-0.50579,-3.8823,15,-1.3644,1.2351,-0.63445,0.22235,-0.904
0.10525,0.010391,-1.766,15,1.1475,15,0.35736,15,1.7585,-1.4424,-0.23483,-3.5303,15,-1.5921,0.36913,-0.20816,1.6107,0.07164
0.41711,2.5904,-1.8119,15,1.9468,15,15,0.86205,-0.8058,-2.2079,-1.5579,-2.1847,15,-0.83318,1.6475,0.41268,15,0.43031
1.6391,1.4075,-2.4206,15,2.3078,15,1.7507,2.0638,-0.028847,-0.96567,-0.16154,-2.0985,15,-0.69697,15,0.43521,-0.19033,0.5006
2.093,15,0.41053,15,3.9406,15,2.8802,1.6221,1.2472,-2.0217,-0.56231,-1.097,15,-1.2898,-0.41995,1.2471,1.8116,2.0828
0.17674,1.748,-0.99359,15,0.89966,15,2.7523,15,7.4427,-2.201,-1.6147,-2.5605,15,-0.010866,1.5021,0.025379,1.1325,0.59474
0.0024125,2.9185,-0.93585,15,-1.1088,15,0.2767,15,-0.6911,-2.4524,-1.7304,-1.6174,15,-0.62752,1.1156,-0.81709,1.3285,1.263
0.26112,-0.33554,-1.0552,15,0.6314,15,0.34746,15,15,-2.9736,-1.2683,-2.8311,1.1388,-0.72109,-0.47206,-0.76929,-0.50612,0.46829
1.3756,1.1536,-1.8033,1.8459,-0.36575,15,0.40943,0.65379,1.4168,-2.6956,0.35842,-3.1602,1.4277,-1.4522,-0.046024,-0.72163,-1.1745,-0.59868
-0.42879,-0.29553,-1.0906,15,1.4658,15,0.5367,4.9131,0.47783,-1.4375,-1.5903,-1.8428,15,-1.683,0.9596,-0.90841,-1.2759,15
-0.26803,-0.20467,-3.4943,1.172,-2.3875,15,15,-0.020901,-0.071471,-3.2392,-2.7418,-3.044,15,-3.3469,1.2383,-2.8716,-1.7416,-1.2928
0.8356,-0.20844,-0.48192,15,-1.0276,15,1.4624,0.15651,0.90818,-3.0838,-2.8743,-3.6098,-0.30352,-1.6955,-0.16667,-2.3332,-0.6494,-0.47809
15,2.8481,-1.0609,15,0.30932,15,2.3774,15,15,-1.8954,-0.33967,-2.5535,2.553,-0.67181,0.36643,-0.0089311,-0.35062,-0.085696
0.46074,0.76475,-1.7412,15,15,-0.28597,15,15,1.4319,-3.0895,-1.8184,-2.3036,15,1.1788,-0.53921,1.3402,1.1319,1.2373
1.1669,3.799,1.1332,15,3.5824,6.0091,15,1.4323,0.81371,-1.2437,0.015352,-0.11589,15,0.54597,1.5542,15,2.1239,1.312
0.73192,2.1239,-0.52602,15,15,1.0054,15,15,0.68491,-2.0843,-1.4721,-1.4597,15,-0.95008,0.041363,-0.035457,2.9787,0.38648
1.9853,1.3583,0.0029815,15,15,15,15,1.5114,15,-1.2506,-1.6122,-1.4836,15,-0.55562,0.46829,-0.22954,1.9527,0.43784
15,3.5224,0.61755,15,15,15,15,15,1.5145,1.7338,2.9844,-0.56138,15,1.8028,0.94409,1.3598,15,3.9228
0.2882,1.9018,-1.2317,15,15,0.95047,5.666,15,1.5703,-0.84178,-2.1477,-2.4477,1.3553,-0.097,-0.71302,-1.0752,15,0.74309
15,15,-0.17598,15,15,15,15,15,-0.055042,-1.6549,0.50994,-1.9209,15,0.33091,-0.79643,-0.89074,15,2.5496
0.32357,3.6895,-0.60928,15,15,1.0602,15,2.1523,2.2176,-2.7124,-0.36833,-1.4448,15,-0.088897,0.78696,1.1769,0.001031,0.12284
-0.39593,3.8273,-0.78551,15,15,15,15,15,0.86404,-2.6295,-0.48966,-1.7947,15,-0.13302,0.1567,-1.0426,15,-0.038909
0.78464,2.7557,-0.082544,15,1.2726,0.82777,15,15,1.3012,-2.4018,-1.7561,-2.5091,15,0.059388,0.52281,-0.84803,15,0.43591
1.7617,15,1.2597,15,15,2.3572,0.73245,15,0.54881,-1.5066,-0.6984,-2.5964,15,-0.11607,0.21092,0.20802,1.0801,-0.24533
0.92142,2.2991,-0.75142,15,15,2.2503,15,1.2851,2.3418,-1.8974,-0.52752,-2.0458,15,-0.24616,0.88917,1.4638,15,1.092
0.39704,15,-0.59786,15,2.2244,15,15,15,0.45256,-1.8719,-1.4187,1.7651,15,0.4303,0.35498,-0.84464,15,2.1955
7.524,1.8177,0.2275,15,15,1.9155,15,7.7414,0.94839,-1.3955,-1.269,-1.0661,2.3869,0.42207,-0.61288,-0.42473,0.19137,-0.23726
-1.3247,1.9291,0.25938,15,15,-0.074205,15,0.78924,0.44498,-3.3743,-1.5421,-1.6326,15,-1.0375,-0.27763,-1.2082,1.2557,-1.0869
2.2644,4.6026,0.69284,15,4.2913,2.1957,15,3.2389,1.0023,-0.41328,-0.089149,-0.27045,15,2.1579,0.30753,1.0897,2.9569,1.107
0.31407,-0.2836,0.75805,15,2.1794,3.1847,-0.17017,15,1.9595,-2.1008,-2.6754,-1.7036,2.0846,-1.3847,-0.4891,-0.34717,15,3.1254
2.0514,0.34065,0.37327,15,15,2.0825,15,1.87,2.0906,-1.4434,-0.77441,-0.8073,15,-0.60009,1.1681,-0.48948,2.8299,0.59643
-0.010107,5.2322,-0.41699,15,15,1.9364,3.2088,15,1.6165,-2.5416,-1.1036,-0.97687,2.5129,0.46341,0.73897,0.13068,15,0.53077
2.1595,2.4049,0.086591,15,3.814,15,4.833,2.3411,1.7362,-0.72431,-0.91773,-0.18086,15,0.47901,-0.41485,-0.45803,15,1.231
0.39831,4.3738,-0.49331,15,1.5285,2.4981,15,15,1.8038,-0.89021,1.0979,-1.7355,15,-0.14002,1.8662,-0.11976,2.7475,1.55
-0.28755,2.5413,-0.24698,15,15,15,15,1.6861,-0.78131,-1.6022,-1.1546,-2.1534,0.79641,0.90998,0.59565,0.4878,15,0.38049
0.6051,4.5001,-0.63619,15,0.89196,15,15,15,1.9124,-2.3172,-0.92023,-1.8266,15,0.95569,-0.0022725,-1.1786,15,2.1114
15,2.6091,-0.56206,15,2.2478,0.19797,0.69852,1.7917,1.2599,-2.6311,-0.63628,-1.9612,1.3468,0.9971,-0.67221,1.1762,-0.35158,1.1678
1.065,2.08,-1.4508,15,15,1.145,1.7296,0.40638,-0.97159,-3.0812,-1.9113,-2.1621,1.0244,-1.6258,-0.99196,-1.5164,0.77526,-0.026412
2.0852,15,1.9975,15,2.1273,1.0798,15,2.6247,-0.022705,-2.5079,-1.9031,-1.6456,2.3248,-0.55399,-0.031446,-0.4307,15,1.7512
0.5843,-0.18377,-1.1208,15,0.57875,-1.0804,-0.29627,15,0.96936,-3.5607,-0.8818,-2.3304,15,-2.4087,-0.87864,0.85386,5.0032,-0.79458
15,2.321,1.3651,15,15,2.3064,3.1794,15,1.7403,-1.7615,-0.61156,-1.2731,15,1.6656,0.47733,-1.1995,15,2.2191
1.3412,1.8494,0.75211,15,15,2.1241,15,1.9773,15,-1.8788,-0.1294,-0.62251,15,0.9991,0.0036442,15,15,15
-0.16266,1.3353,-0.080559,15,15,2.5878,15,15,3.066,-0.81927,0.87195,-0.2743,15,2.08,-0.4033,1.4916,15,1.807
1.9917,15,0.31424,15,2.1906,0.50152,2.5026,1.7007,15,-2.0331,-0.33692,0.80734,15,-0.64944,-0.20845,0.74164,15,15
1.5772,2.5701,-0.11145,15,15,1.502,2.4318,0.87958,15,-2.5577,-1.9769,-2.0272,15,0.7019,-1.6814,-1.7111,15,-1.018
1.041,1.7912,-0.63955,15,2.7949,15,15,15,2.5316,-1.3867,-1.5438,-0.24747,15,1.1259,1.9696,0.24592,15,1.0697
1.2928,2.285,-0.092172,15,6.5194,5.5061,3.7115,3.1746,2.0772,-1.8119,-0.52558,-1.5507,15,0.099381,-0.14346,-0.43255,15,1.2496
15,2.2575,0.19282,15,2.7525,15,15,1.712,1.8888,-2.3535,-1.578,-0.34549,15,0.094971,0.71051,0.063958,15,0.24079
-0.20066,-0.47888,-1.2256,15,-0.86014,1.5075,15,15,-0.64219,-1.8462,-1.6788,-2.4648,0.86558,-1.8225,-1.3271,0.67553,15,-0.36404
2.2879,2.0809,0.50669,15,15,3.6141,2.3545,5.0545,1.2999,0.30242,-0.40467,-0.1048,4.0736,2.0345,2.4628,1.8787,15,3.2714
2.2529,15,2.0215,15,15,1.8024,15,1.7053,0.53211,-2.265,-0.19317,0.74661,15,-0.69125,1.348,2.1636,15,15
0.94665,2.4982,-2.2539,15,15,1.4352,15,15,-0.52913,-3.2302,-1.6543,-2.0322,15,0.020135,-2.1504,-1.9396,-0.48056,0.36856
2.2053,2.5469,0.29211,15,3.8214,9.6107,15,15,1.6107,-0.74703,2.6674,-0.30049,3.4329,0.52965,1.3154,0.76829,2.6882,1.5927
1.3056,15,-1.692,15,15,1.502,15,15,-1.233,-1.7237,-0.25043,-2.5592,15,1.6296,-0.30888,-1.769,15,-0.3669
0.13216,2.1465,0.59002,15,2.4059,15,15,0.91597,1.7244,-1.9282,0.1164,-1.433,15,0.78815,-0.50766,0.65933,1.6383,1.0175
15,0.61558,-1.4562,15,15,0.67149,15,0.82808,2.4374,-2.1706,-1.257,-1.5931,15,-0.96115,-0.78009,-0.029907,15,-0.41304
0.52082,15,-0.25638,15,15,15,15,0.43404,2.3028,-0.3451,-0.70119,-0.59466,15,0.3597,2.2228,1.855,2.936,0.67838
1.4787,2.5961,2.0856,15,2.8589,2.9237,15,4.6017,1.5617,-0.91323,-0.94541,-1.0437,15,0.78695,-0.80378,0.97256,2.0299,0.14314
0.3023,2.5654,-0.10511,15,15,1.661,15,1.1656,2.5402,-1.9423,-0.78242,-0.89419,15,1.1692,0.43894,-0.95146,9.1428,1.2283
2.4183,1.6901,-1.0145,15,15,1.954,15,0.4899,1.0754,-1.6654,-1.1125,-0.77609,1.9952,6.4553,0.23134,0.45889,1.5567,0.45162
15,0.91113,-1.3071,15,15,1.0981,15,0.065073,0.35933,-2.9455,-1.6411,-1.8406,1.7165,-0.54998,0.039502,-0.064046,15,0.30619
1.1142,4.3384,-0.80598,15,15,15,15,15,1.8183,-1.8528,0.33746,-1.8404,15,-0.90525,-0.47826,-0.30064,1.4602,0.87091
3.1841,3.3223,2.2264,15,6.4582,0.87392,15,2.5399,2.4044,-0.3268,-0.69899,-0.020405,15,1.4702,0.38672,0.19385,15,0.67815
1.6716,1.566,1.4127,15,15,15,3.3426,2.7715,1.2311,-1.633,1.5895,-0.2729,2.6194,0.5999,0.74741,0.96551,15,1.0045
1.4466,2.5116,-0.85986,15,15,2.3498,3.2577,1.8631,2.6729,2.2721,-0.17909,-0.095495,15,1.9736,1.3232,-0.079235,15,1.3265
1.2853,2.1097,0.10525,15,15,1.5256,4.0941,15,3.8592,-1.515,1.5427,-0.26938,15,0.86067,1.038,-0.019754,15,0.97604
-0.075851,2.7192,-1.847,15,1.616,15,0.083648,-0.55182,0.39268,-1.8034,-1.0543,-1.7333,2.1101,-0.89135,-1.2783,0.15834,1.5824,0.29465
-0.45755,-0.77692,-1.3902,15,0.85032,-1.3175,15,-0.17526,15,-3.4632,-2.7699,-2.5736,15,-1.41,-0.7401,-1.3361,15,-0.16534
1.8535,2.6814,-1.0637,15,15,15,2.3707,15,15,-1.8132,0.0092203,-1.6644,15,0.55935,-0.22976,-0.30635,15,1.1238
1.747,-0.050175,0.38448,15,15,0.14664,2.3562,6.7713,-0.36357,-1.3357,-1.8489,1.8087,15,-0.13815,-0.76839,-1.8202,15,0.75106
3.7753,2.643,0.13681,15,15,15,2.663,2.7732,3.0908,0.12174,-0.42348,0.22877,15,0.91493,0.83037,1.1508,15,2.0518
-1.3857,0.038983,-1.6103,15,15,0.28857,15,1.044,-0.29758,-1.0874,-2.2915,-1.8968,15,15,-1.2345,-1.1279,15,1.6541
0.53318,1.1091,-0.50772,15,15,15,15,-0.063654,3.3988,-1.026,-0.94833,-0.1292,2.095,-0.086326,1.6963,-0.52053,15,0.083899
1.9207,2.0523,1.1255,15,1.7148,15,2.5369,2.265,4.4552,-1.5397,0.97646,0.25888,15,0.62545,0.91458,1.4523,15,1.2914
3.0365,3.2671,0.30528,15,3.8251,15,15,1.8653,1.3306,-1.6684,-1.3147,-0.62483,15,0.73054,0.0866,0.63926,15,1.8865
2.2353,1.8586,0.43259,15,15,1.4481,1.0673,15,0.047259,-1.8446,-1.1396,0.0065868,15,1.1391,-0.86372,1.5562,15,2.5708
0.36702,2.1563,-0.798,15,15,0.082324,1.1434,15,0.96877,-0.12474,-0.60774,-1.6695,15,0.65102,-0.83963,-0.9055,0.25547,0.35206
0.91312,3.6034,-0.009876,15,4.2001,3.1896,2.8294,2.1478,4.6262,-0.69268,-0.6168,-0.29003,2.6908,0.58684,1.9987,0.87357,2.7641,1.7147
-0.21518,1.9637,-0.85435,15,15,-0.081757,15,0.67569,2.3905,1.5544,-0.69986,-0.24953,1.9191,15,0.039843,-0.51844,15,0.093254
0.97853,1.4741,-0.0078866,15,15,0.63726,15,1.535,0.5634,-1.1341,-1.8154,-0.82852,15,0.1738,0.28892,0.35551,6.4621,-0.0039309
0.62512,1.2629,-0.99134,15,3.1508,2.2778,15,15,2.0539,-2.0103,-1.7262,-1.8829,15,3.0403,-0.166,-0.81916,15,0.4533
1.904,1.7717,0.53505,15,15,1.5067,2.2989,1.1464,1.5937,-0.61005,-2.092,-2.3174,1.5167,-0.54957,-0.13234,0.57156,15,0.14177
1.5776,15,0.65552,15,3.1683,1.2636,15,2.1602,0.36232,-2.0165,-0.71781,-1.7603,2.5111,1.2702,0.045351,1.485,15,1.5429
0.99531,2.8795,0.59747,15,3.163,15,15,15,2.4106,-1.1458,-0.85442,-0.33122,15,1.8692,0.46461,-0.8807,1.926,1.4243
15,1.291,-0.7813,15,2.4373,-0.17514,2.7416,1.8256,1.2422,-1.5811,-1.0682,-1.28,2.0098,0.47327,0.98222,1.9162,1.5693,0.13611
2.3303,2.8299,1.4094,15,3.5129,3.3183,15,4.2026,3.4547,-0.40082,1.1082,0.099808,15,1.7865,1.5454,1.0664,3.634,1.3041
15,1.8206,-0.43668,15,15,0.46089,15,15,0.79248,-1.0197,-0.8387,-1.4377,1.5172,1.7627,-0.31249,-0.40586,15,2.7177
1.8733,15,-0.45975,15,15,15,15,1.5555,2.3154,-1.7199,0.45401,-0.67003,2.0123,1.2074,1.0977,-0.80149,15,15
-0.0059755,15,0.25488,15,2.4353,1.4917,15,15,1.9404,-1.5691,0.5379,-2.195,15,-0.32214,1.337,-0.79661,15,0.74902
0.64787,1.7937,0.042925,15,4.0172,2.3747,15,1.7876,1.6361,-1.6856,-0.13218,-0.49009,15,2.1229,0.037604,-0.073072,15,0.48236
1.4225,1.3777,-0.3012,15,15,0.7949,0.81572,1.5252,3.0903,-0.4857,-0.80088,-1.0636,2.994,0.69853,0.60845,0.35196,2.5964,0.51002
15,1.1173,0.27388,15,3.0711,2.1859,3.2575,1.1667,1.2702,-1.1578,-0.42803,-1.7018,15,0.11822,0.35874,-0.33245,0.41001,0.36212
2.265,4.6166,1.9009,15,15,15,15,3.1979,1.3723,-0.89644,1.0234,0.20478,3.7239,3.9304,1.162,2.1741,15,2.6988
-0.34384,2.2649,-1.2773,15,3.9885,1.5612,15,1.8248,2.4032,-2.181,-0.26337,-1.8362,1.7713,-0.15711,0.62534,0.89047,2.6935,1.3181
-1.5343,0.86181,-0.83141,15,15,1.2125,6.8899,0.51725,1.0721,-2.6865,-1.1598,-2.2614,1.3225,-1.396,-1.2022,-0.77897,15,1.749
-0.15322,1.9439,-0.86404,15,2.2396,15,15,15,0.22217,-1.4472,0.28056,-0.87887,15,0.66034,0.0064794,0.2592,15,-0.15179
2.0515,3.6071,0.034171,15,15,2.1329,15,15,1.1528,0.76698,0.47118,-1.7209,15,1.2741,1.6605,0.86255,1.3059,2.7099
-0.15221,1.8866,0.13193,15,1.6546,-1.545,0.82046,15,-0.73192,-2.6126,-2.3532,-1.654,15,-0.42268,-0.73731,-0.5225,15,0.26366
1.8283,2.1096,0.63966,15,15,1.579,15,1.1592,1.1483,-1.2687,-0.2193,-1.1227,15,0.2024,0.041108,1.047,2.3772,1.2553
1.3864,15,-0.25981,15,15,15,15,1.6284,0.48595,0.70731,15,-1.4992,15,2.2269,-0.86267,0.19217,15,3.1588
1.435,3.8461,-0.2215,15,9.6565,1.8844,5.6236,1.2546,2.3284,-1.0031,0.069335,-0.61041,6.0916,1.1916,0.69102,0.65465,15,1.988
15,1.2393,-0.79383,15,15,2.1248,2.7439,1.9678,1.8464,0.34768,0.40803,1.6223,1.7466,3.0658,0.22468,1.8602,15,2.97
1.9692,0.075039,-0.42819,15,15,15,15,15,2.2373,-1.6414,-0.16067,-1.2455,15,0.57611,-0.90394,1.3112,15,1.6925
2.0941,2.6023,-0.31277,15,0.55357,15,15,15,0.88561,-1.9066,1.4821,-1.4294,15,-0.58562,0.54124,-0.66409,1.5912,1.959
0.6514,0.81081,-1.428,15,2.6032,15,15,2.3548,-0.19419,-2.7278,-1.5188,-1.0413,2.2723,-0.75552,-0.59368,0.080023,1.3459,0.12522
1.3299,15,-0.11511,15,15,1.8887,3.1618,0.67406,2.5507,-0.80545,-0.53312,0.34937,15,1.7242,-0.13445,-0.50162,15,-0.037551
1.0202,7.1699,1.2459,15,15,2.1119,1.6143,4.3061,1.5264,-0.21367,0.5622,0.76721,15,1.7669,0.96802,0.76559,15,1.7479
0.5301,3.8732,-1.2214,15,3.0995,1.3529,15,15,0.81893,-3.3372,0.81663,-1.1888,15,2.7183,-0.30299,-0.90043,15,-0.17726
1.5035,2.1605,-0.11237,15,15,15,15,1.5439,0.31165,-1.1985,1.0334,-0.22687,15,3.6699,0.026404,0.055631,15,1.7344
0.44505,1.8749,-1.9515,15,15,1.2321,-1.2653,-0.14684,-0.68367,-3.2892,-1.6608,-2.2752,2.5249,0.0561,-1.459,-1.0222,15,-0.31443
3.1317,3.0934,0.54554,15,15,2.9229,4.0345,0.84964,0.39845,-0.35701,-1.934,-0.13537,15,1.1878,-0.19943,0.050504,15,2.0762
0.97897,0.36438,-0.60824,15,15,15,15,15,15,-0.69638,-0.53606,-0.522,15,0.37914,0.15409,0.66195,15,1.9095
0.80868,2.6242,1.703,15,3.8448,3.2626,4.139,2.1678,1.3816,-2.0755,-1.3755,-1.4193,15,0.54871,0.5187,-0.23214,15,0.86177
1.1847,1.752,-0.56628,15,2.7744,1.7879,15,15,0.37372,-0.67384,0.7148,-0.97905,15,0.28216,0.40693,1.5035,1.7669,1.4127
1.4858,2.8432,-1.6469,15,15,-0.3087,15,6.5804,-0.73642,-3.084,-1.861,-1.6725,2.1353,-1.2466,-1.2763,-0.2934,15,1.0573
1.2331,2.6647,2.8594,15,1.2214,15,15,15,15,-0.04137,1.3168,15,15,1.2184,0.11654,-0.0055106,15,0.11047
-0.45522,2.7362,0.19894,15,15,0.15022,1.241,0.41748,15,-2.1675,-1.7585,-1.1251,15,0.69721,-0.59187,0.049039,15,0.29482
4.0962,3.6593,0.42818,15,15,15,4.0022,15,1.9174,2.1554,1.0714,1.7551,4.548,5.1382,0.80672,0.83823,3.546,2.5345
2.6693,3.6378,0.90385,15,15,2.3986,2.0578,2.8363,2.9043,-1.359,-0.57387,0.62893,15,1.6854,2.914,3.247,15,1.8475
15,2.5512,-0.76577,15,15,1.4646,2.6863,1.1009,0.74985,-2.5201,0.4311,-1.249,15,0.16335,0.87283,-0.27549,1.4719,0.50277
2.4705,3.7233,2.2907,15,15,4.3371,0.81764,2.9974,1.73,1.2835,0.80359,1.0173,15,3.0089,1.7462,1.1393,15,2.2457
0.066247,1.7623,-0.048367,15,15,2.4409,15,15,2.5419,-2.5032,-1.0297,-0.28919,15,-0.56287,1.9351,-0.10978,15,0.26151
2.2784,15,0.56745,15,2.2791,2.1892,15,1.6811,15,-2.1789,-0.51799,-1.4129,15,1.0726,0.84391,0.46849,15,0.67281
2.3851,8.2541,0.29578,15,15,2.0284,15,0.66972,1.3028,-2.1015,-1.2322,-0.66052,15,0.76039,0.056094,0.75154,2.3979,0.61732
1.0515,15,-0.46777,15,15,1.6042,2.6662,1.5576,0.62625,-1.2492,-0.65315,-0.3583,15,0.46095,-0.41012,-0.22398,15,0.61889
15,3.1732,-1.8455,15,0.33448,1.0601,15,15,-0.39761,-3.1282,-2.1607,-2.6976,0.97256,-1.9028,1.3858,-2.1185,15,0.74028
2.4711,2.4996,0.38011,15,1.9278,1.9014,15,15,15,-1.1327,-0.27542,-0.47429,15,1.2641,0.7839,0.89793,2.5121,2.2228
3.2954,1.968,0.31771,15,15,15,4.3748,5.1521,0.92248,-0.45595,-0.27135,1.3723,15,1.456,2.0618,0.85568,15,1.5573
0.47566,15,-2.4383,15,15,15,15,15,-0.4268,-2.8434,-3.0365,-2.4128,15,-0.77765,-2.3946,-2.1006,15,0.20603
15,3.6958,2.2542,15,1.0144,15,-0.89398,15,-0.12758,1.2333,-1.1181,2.2947,15,-0.89102,2.9552,2.2394,1.2691,2.9837
2.687,1.7773,1.6058,1.8802,1.161,15,1.4314,4.6894,1.9858,0.59924,15,-1.3666,15,0.0027345,1.5798,1.6261,9.8671,1.5582
15,0.16581,-0.24862,15,-1.698,15,15,2.1881,-0.4843,1.5851,15,0.014343,15,-1.5638,2.0811,-0.40389,1.366,0.58368
15,1.0093,-2.201,15,-1.3281,15,-0.38833,15,15,-2.2759,15,-0.52214,15,-0.29951,15,0.9653,-0.69016,-0.69937
1.8117,2.381,0.7132,0.80475,-0.13556,15,0.039033,15,0.70251,-0.61967,1.2588,-0.97877,15,0.27507,15,1.4116,15,1.4002
0.94421,1.893,-0.053803,15,1.276,15,2.501,1.6249,0.18616,0.14095,-1.5903,0.1672,15,-0.8942,15,-0.21802,1.9249,3.1181
15,0.49994,-0.86091,15,-1.0256,15,-1.2199,15,-0.28223,-0.48515,15,-0.57738,15,-2.2543,1.2622,-2.2037,1.6259,-0.0052779
0.98991,0.099592,0.29514,1.2014,0.13988,15,1.3142,1.9661,0.38555,-1.061,-1.2016,-2.161,15,-1.5973,1.0886,1.4553,1.785,1.8954
15,-0.28008,-0.71145,0.43711,0.8149,15,-1.6035,-1.8237,-0.84744,-1.86,-1.8444,-2.4169,15,-2.5781,0.63104,-1.379,0.3017,-0.10043
15,0.67463,0.69234,15,1.6657,15,0.66504,1.1361,-0.45136,15,15,-0.42673,1.5534,0.28052,0.9512,-0.6528,-0.74779,2.153
-1.2544,-1.6316,-2.4562,15,-1.9936,15,-3.1758,15,-3.099,-3.2983,15,-0.15189,15,-1.9502,-1.0641,-0.7312,-1.0991,0.5035
15,-0.28792,-0.30272,1.2128,-0.53511,15,-1.917,-0.43167,-0.094157,-2.0657,-2.8723,-0.61047,15,-2.8648,-0.20526,-0.21044,-1.7339,1.3107
2.8443,1.8882,-0.28724,3.1901,2.8043,15,0.86977,3.043,2.9926,-0.88066,1.2757,-0.80133,15,-0.0081461,1.2664,1.1473,5.1031,1.431
2.6323,1.0355,-0.99438,1.9205,0.79054,15,-0.017804,15,-1.3354,-0.53104,-0.45588,-0.26126,15,-0.96471,0.98892,-0.0013572,5.7848,2.1142
15,2.4918,1.3379,15,-1.7359,15,1.1598,15,0.76753,5.3486,0.69238,2.2412,15,-1.7061,1.7452,-0.45739,15,1.1941
3.3818,2.5643,-0.34401,2.1721,-0.47877,15,0.18727,15,-0.64549,5.9637,1.1688,15,15,-1.015,1.8233,-0.52269,15,2.038
15,0.51666,-0.27675,0.8852,-0.4056,15,-1.2956,15,15,6.4103,15,-1.1102,15,-2.2453,1.4592,-1.1047,0.2979,0.54784
15,-0.11696,-0.74119,15,-0.67807,15,0.2737,15,-0.67997,-0.99685,-0.5739,-1.4801,15,-1.6118,15,-1.406,0.28205,1.6804
15,1.646,1.4985,2.9496,1.5818,15,1.0913,1.0166,1.2133,0.53663,-0.57739,15,15,0.87937,15,0.13515,0.84051,2.5853
15,1.7847,-1.5594,3.0613,0.26402,15,0.81382,15,0.4838,-0.28485,15,-0.91644,15,0.70883,3.6188,-0.64622,0.40507,2.3151
2.2833,1.8377,-0.13893,3.4798,1.3912,15,15,2.2358,1.8073,-0.14128,2.4264,-0.26677,2.8267,-0.2399,3.7866,0.65458,1.4159,3.485
2.9101,2.9982,-1.1149,3.6772,2.3772,15,15,3.4258,15,-0.50835,0.47373,-1.4647,15,-0.44814,3.9748,0.20791,2.8702,1.0061
15,-0.078029,-0.42473,15,-0.45069,15,1.56,0.17337,15,-0.42885,-1.3116,1.5412,15,-1.1165,1.2004,-0.43564,1.3406,2.2435
1.1988,2.1296,-0.026484,3.4271,1.6032,15,3.206,0.064426,-0.39625,-1.0448,1.4113,-0.23723,15,-0.80053,1.9446,-0.54506,1.0957,1.5412
15,1.5026,-0.083826,1.0876,2.8743,15,-1.9749,15,2.7125,-1.3352,-0.14412,0.17853,15,-1.363,3.1595,1.568,15,3.0569
1.8551,1.2796,-0.82671,2.2029,-1.4892,15,15,15,0.14557,-0.76359,0.20974,-0.50098,15,-0.81231,1.0039,0.71119,15,1.9356
15,0.14754,-0.90507,15,0.58363,15,0.98962,-0.44143,0.16714,-1.027,-0.92902,-1.9121,15,-0.41382,1.3014,-1.0391,1.8311,1.2378
15,1.0261,-1.6437,15,15,15,2.5936,15,15,-1.4211,15,-2.0032,15,-0.79673,2.4272,0.2247,0.92498,15
15,-0.16622,0.3034,15,-0.76917,15,0.41398,15,-0.21494,-2.0609,1.0884,-0.63732,15,-1.4963,0.8614,-1.2793,15,1.8113
15,1.1251,-0.4204,15,-0.85607,15,-1.8695,15,-0.88452,-0.94406,-2.7194,0.15597,15,-1.6203,2.2548,-0.13822,15,0.93291
0.075978,1.182,-2.349,15,-0.32736,15,-0.020187,0.53296,1.3556,-0.77449,15,-1.9055,15,-1.4071,1.7797,-1.0939,1.4706,0.92696
15,0.29487,0.25816,15,0.50183,15,-2.1931,0.0064418,-1.3793,5.8345,-0.34682,0.34595,15,-1.794,1.9806,-0.99901,-0.75867,2.547
-1.0671,-1.0152,-0.83139,0.56481,-1.9687,15,0.26608,-0.40392,0.26834,-2.8261,15,-2.067,15,-2.3922,-0.033541,0.60711,-0.1141,-0.7051
0.43158,1.2942,-3.4765,1.6057,1.8063,15,2.3029,15,1.8286,-1.8283,15,-3.3939,15,0.18554,2.7583,-1.0538,-0.022295,1.323
1.1646,0.1676,-1.7479,15,-0.35561,15,1.9392,3.3592,0.95015,-1.0018,0.41975,-1.5576,15,-0.8984,0.59202,-0.84533,1.7884,1.1906
1.4223,0.054892,-0.24073,15,1.7808,15,3.1711,15,2.4634,-0.25439,0.15949,-1.8507,15,-0.13497,1.4177,2.3652,1.1735,15
1.0071,2.4408,15,-0.11296,-0.90743,15,0.75874,0.31173,-1.0214,-0.85478,1.404,1.1084,15,-1.2276,2.3732,0.48868,1.7939,1.9868
15,1.1555,1.7228,15,0.543,15,0.33668,0.95466,2.0274,-0.76092,0.47745,2.4623,15,0.20074,15,0.16652,1.5093,2.6917
0.56057,-0.71281,-1.7081,0.71582,-1.1933,15,0.27079,15,1.6699,-1.5508,-1.6365,-2.2611,15,-1.7084,1.4478,-0.94611,15,0.88646
1.8398,1.0769,1.7106,15,0.2389,15,1.2366,0.74723,-0.42733,15,3.2857,-1.0862,15,0.40074,2.2994,0.6319,-0.0059713,15
15,0.42551,2.1226,1.6474,0.34189,15,-0.28806,5.6893,-0.14323,-0.28211,1.4514,-1.5824,15,0.019839,3.6225,0.32967,2.7613,1.7894
1.8917,3.5051,1.7486,2.835,-0.34998,15,2.3094,0.48565,0.76259,-0.64667,0.77815,-0.17997,15,0.16715,2.1386,-0.46938,1.2161,1.1563
2.5827,2.3085,0.2406,2.974,1.1714,15,1.5505,1.9333,1.5303,1.3216,0.92924,0.11501,15,0.43023,2.9337,0.11908,0.22044,1.0281
15,-0.14198,-0.59089,1.4486,0.018465,15,-0.075213,15,1.072,-1.4334,-0.19304,-0.74807,15,-1.5025,2.7318,-0.61179,0.53194,1.3638
3.2078,15,-0.3616,3.1367,0.048789,15,3.6348,2.135,2.1297,-0.35359,15,0.081238,15,0.17758,2.6904,-0.084604,15,1.9287
15,1.504,-0.13206,2.5364,1.9209,15,3.6718,1.218,1.2655,-0.53654,15,-0.61302,15,0.38172,2.6414,-0.40895,1.8987,1.4588
15,-1.4448,-0.52078,0.92098,-1.5065,15,-0.93292,0.2573,-1.8168,-0.61371,5.9684,-2.5859,15,-2.1488,1.4696,-1.1032,5.8735,-0.45818
15,-0.19213,-0.74065,0.6833,-1.6241,15,-1.9565,0.95475,-0.50317,0.63368,1.3693,-0.4439,15,-0.89237,15,-0.098127,0.71196,2.3612
2.6262,1.5031,-0.27642,15,1.3778,15,1.4268,15,3.1683,0.86142,0.29226,-0.63744,15,0.10675,2.0065,-0.33621,2.5676,2.8968
0.62291,1.2302,-0.27876,2.171,-1.0669,15,2.3353,15,0.8572,0.38023,0.57417,-1.5972,1.351,-0.99974,2.2035,-0.94476,15,1.3644
2.6264,1.076,0.51121,2.4088,-0.41782,15,3.3359,15,0.41929,-0.21613,1.0741,-0.31471,15,2.515,15,2.4575,3.0927,1.9601
15,15,-0.64884,15,-0.33303,15,-0.1589,15,1.0473,-1.9414,0.24627,-0.30005,15,-0.81974,0.51537,-0.47853,-0.3266,0.98465
15,2.2952,15,-0.34353,2.0145,15,-1.2843,0.90982,0.88742,-1.3065,-0.58429,1.2282,15,-0.48782,1.1382,-0.083373,-0.23766,2.2512
1.8051,0.63524,0.94361,2.1798,-0.40673,15,-0.28124,1.5869,-1.2123,-1.0788,-1.08,0.018702,15,-0.17869,15,0.23297,1.7649,15
15,2.71,0.32326,15,0.67012,15,0.71704,15,15,-1.1828,0.054809,-1.4197,1.8702,-0.82796,1.4654,0.29107,-0.67462,0.69187
15,2.778,0.36358,3.2476,0.83836,15,3.7584,15,2.8815,1.7629,2.3351,-1.3124,15,0.67889,2.3688,0.5103,2.4921,1.0453
1.853,-0.15392,-0.22239,2.4309,-1.2776,15,-0.45956,15,2.2387,-0.63318,1.3344,-0.0012128,15,-0.75575,2.5667,-0.18809,0.40085,1.3733
15,-0.25074,0.057223,-0.24272,-0.89983,15,15,1.0961,0.064634,-1.6006,0.17836,-0.87922,15,-1.1695,-0.0066466,-0.51343,0.45487,2.1366
15,-0.215,0.6976,2.1337,-0.53525,15,-0.87725,1.4338,1.8383,-1.3937,15,1.4834,15,-0.88743,1.9065,-0.043945,1.4088,1.6341
15,2.0611,1.0668,3.9161,5.7643,15,0.60918,15,0.87149,0.79168,0.54388,0.34189,15,0.85178,3.811,-0.052146,2.1482,3.9648
15,0.39121,-0.23179,0.64031,-0.61587,15,1.6787,1.8986,1.2721,-0.67623,0.29741,-1.3423,15,-0.88458,0.93821,-0.77619,1.5375,3.1601
15,1.169,1.0199,15,-0.073766,15,1.0399,15,1.1866,0.83824,2.3396,-0.84372,15,-1.0342,1.1554,0.62866,1.7809,2.1793
1.9292,1.4422,15,15,-0.12953,15,-0.053597,2.36,1.4742,0.07327,1.3947,-0.28179,15,0.41124,0.73664,0.85638,1.5771,1.0386
15,1.6138,-0.84108,0.13802,-0.90729,15,-1.0779,1.5956,-0.74404,0.61869,-0.77906,0.93783,15,-0.51089,2.738,1.1976,1.5633,2.9325
15,0.54148,-0.62134,-0.18756,-1.2786,15,-1.8343,15,-0.05666,0.82901,-2.2296,15,15,-1.8175,3.6211,15,0.14529,2.2701
15,1.9359,0.41198,5.0695,-0.57782,15,-1.3717,15,-1.3612,-1.6954,0.79937,8.4663,15,-1.0605,15,-0.10957,0.70849,15
15,-0.12569,-0.98793,0.83368,-1.5972,15,1.6378,-1.3166,0.76457,-2.5926,-0.045198,-2.094,15,-2.5013,1.1556,15,-1.2877,15
15,1.4055,0.91863,1.4161,1.2792,15,2.6121,1.7202,0.92056,0.073181,1.6919,-0.15231,15,-0.069896,2.053,-0.036915,1.7985,1.6106
1.4311,0.28708,0.32322,15,-0.52635,15,-0.48604,1.057,-0.29505,-1.2051,0.15725,-2.4295,15,-1.1845,2.8399,-1.3654,0.16272,1.4757
15,2.1047,-1.3283,2.1255,2.2788,15,15,0.44388,3.7298,-1.1937,15,-2.5004,15,0.19911,6.794,0.063448,6.1314,0.81317
1.787,9.1004,0.6651,8.356,0.58084,15,-0.81147,1.9367,15,-2.4979,1.1307,0.70283,15,-0.39828,0.78384,-0.74287,0.62255,1.7328
6.3695,2.2249,3.0243,5.3271,-0.42716,15,0.37436,5.288,0.25922,0.33002,1.4982,-1.2357,15,-0.46615,2.5074,-0.74063,1.3168,0.68704
1.5559,1.1391,-0.60568,15,-1.2716,15,0.047798,15,0.50634,3.5376,15,-1.3699,15,-1.6151,2.2555,-1.2507,1.9837,2.6436
15,1.4033,0.80386,0.8948,7.14,15,1.6284,15,1.3739,0.43905,-0.31001,-0.8682,15,-1.2047,2.4534,-0.21579,2.44,0.50058
1.6179,3.517,0.38582,15,-0.60118,15,1.0288,15,0.22836,-0.153,1.9991,0.80247,15,0.13625,15,-0.16075,0.65522,2.6982
5.7953,2.2573,0.45083,2.5843,0.65076,15,-0.75087,15,1.7659,1.3101,2.1939,15,15,0.56158,15,-0.16767,0.19686,1.6264
15,-1.967,-3.7447,15,-2.3357,15,0.73417,-1.543,-1.1877,-4.184,15,-4.0364,15,-2.0932,-1.7666,-3.2152,-2.4583,-2.2766
0.61182,2.6415,-0.056891,1.6206,0.9465,15,1.361,1.4007,-0.033992,-1.0413,-0.22196,-1.0593,15,-1.4095,1.9369,15,1.555,15
2.6476,1.472,1.4356,3.0197,1.8785,15,1.5214,1.0951,3.0238,-0.28863,0.66002,-1.0225,15,-0.77525,1.8014,-0.16052,8.4717,2.9355
15,3.6004,2.1213,15,0.5786,15,-0.21177,1.6107,0.36543,-1.9895,0.59131,-0.15909,15,0.079368,2.5245,7.8877,0.7364,1.2669
7.7752,0.13173,-0.054917,1.2748,-0.86627,15,0.48955,15,0.2647,-0.62679,-1.336,0.22408,15,-0.1043,8.0215,-0.92838,1.5969,2.1048
15,1.3851,-0.090236,1.9477,-0.11151,15,-1.2176,6.5604,1.0697,-2.3432,0.080085,-0.60508,15,-0.13137,15,-0.43176,1.6068,1.7988
0.70969,0.49946,-0.5462,0.40217,-1.3255,15,-1.0438,15,15,-2.03,-1.9628,0.29505,15,-2.1045,1.071,-1.6374,-0.63353,1.775
1.122,1.7909,0.99787,3.371,0.64096,15,1.0171,15,3.157,-1.2605,1.7066,-0.88852,15,-0.51926,2.0657,0.83783,2.2682,2.1271
15,0.24715,-0.5363,0.073213,-1.4752,15,-1.7498,2.218,-0.6739,-1.7035,-1.7412,-0.81065,15,-1.9853,-0.25568,-1.9013,-0.20588,1.2945
15,0.0097803,0.88413,15,1.8539,15,-1.6018,15,0.18532,-0.59784,-1.678,15,15,0.60254,1.6404,0.38441,0.00034376,15
2.3675,0.065499,0.96064,1.6599,-0.18585,15,-0.54242,15,0.67132,-1.6112,-0.49095,1.283,15,-0.3935,1.6495,2.0893,0.73087,1.2314
0.68121,0.97078,-0.36498,15,-0.01424,15,-1.5495,15,0.81879,-2.2835,-1.7648,-2.6915,15,-1.8893,0.69118,-2.0557,15,15
1.5611,0.26058,-0.88924,0.69159,15,15,0.79263,-0.25837,0.39936,-1.2762,-1.1113,-1.7856,15,-0.81652,15,-0.72153,1.4736,1.5638
1.8419,1.4765,0.1544,1.9777,-0.97321,15,0.72874,0.93317,-0.37469,-0.35052,0.16555,-0.067416,15,0.30014,2.3741,1.6215,-0.38155,1.99
15,1.5983,1.4362,1.8778,-0.81269,15,-0.67708,15,-1.2234,-1.8239,15,-0.87863,15,0.099976,2.7889,0.34496,-0.54316,2.752
2.255,1.5177,-1.8866,15,0.48126,15,0.89225,15,2.1707,-0.93646,0.24219,-2.3906,15,-0.43756,0.91864,-0.10006,-0.23702,1.0409
15,0.10371,-0.29397,2.2924,0.34577,15,-1.4383,2.8093,-0.89085,-1.2277,-0.13158,1.7272,15,-1.2194,2.1972,0.1971,-0.054213,15
15,0.45499,-1.0502,-0.58366,-0.15694,15,0.89518,15,-1.1324,-2.3243,-2.1211,-1.7863,15,-1.7942,0.29495,-0.39701,-0.51864,1.2639
15,1.359,15,-0.031085,0.58601,15,-0.51982,15,-0.029442,-1.5774,-0.52269,15,15,0.077187,15,0.33919,1.359,3.298
15,-0.20778,-1.0499,15,0.58779,15,0.57871,-0.18112,1.9037,-0.6551,0.75308,-1.179,15,-1.1457,2.4113,0.45292,2.5336,2.4106
1.7369,2.2903,-0.62308,15,15,15,0.25579,15,0.68569,-2.0716,-0.16514,-2.2021,15,-0.62906,15,-1.7647,-2.0584,0.1644
4.1267,1.3549,0.9821,2.6814,0.45172,15,0.67345,15,3.061,-0.98436,1.9596,-1.3728,15,-0.57345,3.4574,0.82712,1.5735,1.0081
1.8205,1.03,15,0.29445,-0.78594,15,0.70568,15,0.76522,-1.6217,-0.94333,0.20185,15,-0.74597,2.0469,-1.0248,5.6246,1.512
15,-0.41125,-0.80605,2.2699,0.75184,15,15,15,1.0162,0.22616,15,-0.47129,15,-0.93764,2.1632,-0.42827,1.5481,1.7781
15,1.5397,-1.839,0.8497,15,15,15,15,15,-1.5229,15,-0.55139,15,-0.25639,1.1157,-2.908,-1.3251,1.8232
15,0.46987,-0.089711,15,-0.16979,15,2.9035,-0.78112,0.42611,1.2019,1.4489,-0.35571,15,0.45435,2.5834,0.48761,2.1044,0.90323
15,3.79,2.8755,15,1.8678,15,0.84699,1.6971,2.3605,-0.82971,1.8136,2.9355,15,0.98493,3.534,1.3079,2.7211,2.9722
15,1.1561,0.89595,2.3716,0.23054,15,-1.2969,15,0.6874,-1.2303,-0.60571,1.7489,15,-0.1953,15,-0.19258,-0.14582,3.2992
15,-0.16028,0.97739,15,0.44049,15,0.034253,15,0.85787,-1.0413,0.41393,-0.67282,15,-0.31772,2.5467,0.82555,-0.79843,2.3429
1.7147,-0.0032706,0.49339,1.7443,1.9176,15,-0.308,1.6987,0.30096,-0.37177,2.0743,0.4509,15,-1.0185,0.94875,-0.53075,0.40096,2.8802
0.47257,3.2826,1.5875,15,15,15,-0.57848,-0.34917,-0.95963,-2.1029,-1.0657,0.20848,15,-1.08,1.9614,-0.20856,1.0328,2.4522
2.268,2.0024,1.2192,2.6763,0.80363,15,0.0039729,15,2.5653,0.9291,-0.045348,1.0982,15,-0.50292,2.8855,0.96076,0.095657,1.2806
-0.050799,0.10211,0.49761,0.5258,-0.14166,15,-0.37456,-0.086651,0.11961,-1.9116,-1.5478,-1.2874,15,-1.7693,15,-0.38745,15,2.3666
1.925,2.2614,2.8752,2.5374,1.1213,15,1.7301,0.84633,6.4631,1.5167,-0.078994,0.031973,15,1.3685,5.0339,-0.42829,0.96695,3.2758
0.51315,-0.22248,-1.4749,15,-2.0471,15,1.3294,-0.45195,-1.441,-3.0987,-0.21006,-3.6796,0.92446,-1.9943,-0.3977,-2.1114,-1.142,0.84553
15,1.1009,-0.79327,0.42434,-2.4608,15,-0.31662,2.4846,0.029125,15,15,15,15,-0.38291,2.3033,1.6729,0.94946,15
15,0.69663,15,2.0847,15,15,-0.46926,15,1.4305,-0.75132,15,1.2014,15,0.88965,2.1122,1.7917,1.1872,1.4203
