5.8609
5.7763
4.845
5.0678
2.5584
3.1841
5.1743
5.9564
3.8073
4.8042
5.7727
4.9339
5.6488
5.6712
4.8667
6.1395
5.8514
6.3215
6.4517
5.9094
2.8017
4.7606
4.4626
6.3383
5.31
5.867
3.862
4.1082
5.1543
6.6569
4.4374
5.7499
6.0378
5.1345
4.5777
4.4553
4.4988
4.5097
4.6685
4.8875
4.7949
5.3641
5.1731
13.991
21.545
18.439
18.855
16.737
18.492
18.535
17.804
18.647
18.508
21.317
18.94
20.31
17.625
18.565
18.474
18.995
19.126
17.888
19.329
15.663
18.111
18.493
18.421
17.75
19.211
18.909
19.711
17.755
20.082
20.309
17.674
16.305
16.051
19.551
15.94
17.634
17.39
17.481
19.124
20.329
17.279
16.853
17.095
19.822
16.689
17.858
17.178
20.994
17.948
18.151
21.642
18.287
16.739
18.721
16.364
18.206
17.293
18.03
