21.028
20.366
20.607
20.027
20.327
19.369
19.678
19.542
20.745
19.174
19.693
19.169
21.429
19.691
17.771
17.469
21.109
17.54
20.837
18.455
18.251
22.387
19.268
20.12
19.919
19.274
20.213
17.53
19.402
20.672
17.516
18.458
16.929
19.446
18.942
20.584
17.014
18.236
16.179
16.186
21.578
17.76
19.108
17.776
19.111
18.471
18.053
17.226
18.072
4.6833
5.2417
6.4169
5.6191
4.4052
4.7238
6.4166
3.2156
5.3183
6.5468
5.0114
5.1988
5.9661
7.3077
5.9552
4.4342
5.0056
4.3141
5.0108
2.5609
3.9937
5.5598
5.478
3.6691
5.5121
5.2008
6.045
5.2
4.0574
4.1033
3.7626
5.2386
5.8457
4.5746
4.6764
4.4513
2.7996
3.7369
4.5836
5.3269
4.1559
3.7858
3.8938
5.7967
5.2774
5.1436
5.7804
5.8574
4.3744
3.2771
3.5422
5.9008
5.4708
3.6064
4.5853
4.9359
5.118
4.9388
4.169
6.1035
4.5001
4.0506
3.0387
3.7243
7.7566
4.4028
