18.839
19.474
20.617
19.653
19.534
19.974
19.484
18.374
19.723
20.068
19.716
19.471
16.18
19.629
17.873
20.05
19.796
17.029
21.238
18.763
19.929
16.761
16.727
21.141
20.348
19.916
16.742
17.273
19.301
15.167
17.258
18.849
4.4521
6.1058
5.1803
4.1272
3.6983
5.7571
5.6921
6.9702
5.9173
3.8981
4.7203
4.5245
4.3855
5.2336
2.7402
5.0324
4.5804
5.0821
5.5102
3.8202
5.7085
5.812
5.0704
3.6022
4.3835
4.2204
3.6036
6.9446
3.0229
5.9762
4.0419
6.0259
3.4306
4.2957
3.5898
6.12
4.9177
4.7997
3.754
4.4603
5.9302
4.1914
4.4794
4.8328
5.4909
6.0144
4.4325
4.217
3.6844
4.3702
4.2868
5.8399
7.4387
4.1195
4.6669
4.3081
5.6609
3.9745
4.082
6.8336
5.5884
5.4062
4.471
5.0006
3.0159
6.0489
4.2682
5.2231
3.8395
5.737
4.3275
4.8604
5.7669
4.1393
4.188
4.5581
3.6447
